 [Fe/H] = -2.50 [alpha/Fe] = 0.00 BC value = F444W
  3.5106  3.4321  3.3637  3.2996  3.2431  3.1954  3.1750  3.1363  3.0903  3.0330
  2.9652  2.8955  2.8152  2.7389  2.6644  2.4900  2.3243  2.1528  1.9981
  3.5771  3.4971  3.4168  3.3363  3.2589  3.1914  3.1331  3.0806  3.0303  2.9793
  2.9222  2.8571  2.7862  2.7131  2.6398  2.4616  2.2938  2.1342  1.9706  1.8115
  3.5662  3.4912  3.4156  3.3405  3.2664  3.1929  3.1207  3.0553  2.9963  2.9408
  2.8870  2.8296  2.7646  2.6941  2.6221  2.4450  2.2765  2.1163  1.9531  1.7943
  1.6428
  3.5415  3.4732  3.4030  3.3319  3.2607  3.1905  3.1217  3.0531  2.9850  2.9205
  2.8591  2.8023  2.7436  2.6785  2.6091  2.4339  2.2645  2.1028  1.9401  1.7817
  1.6304  1.4860
  3.5011  3.4415  3.3789  3.3135  3.2464  3.1787  3.1115  3.0454  2.9797  2.9133
  2.8471  2.7832  2.7235  2.6616  2.5965  2.4261  2.2570  2.0936  1.9308  1.7724
  1.6213  1.4770  1.3392  1.2069
  3.4442  3.3940  3.3408  3.2837  3.2229  3.1595  3.0949  3.0305  2.9664  2.9025
  2.8382  2.7729  2.7108  2.6483  2.5841  2.4192  2.2525  2.0887  1.9253  1.7661
  1.6146  1.4703  1.3326  1.2006  1.0738  0.9514  0.8330  0.7180  0.6059  0.4964
  3.3754  3.3308  3.2872  3.2400  3.1879  3.1312  3.0714  3.0101  2.9481  2.8860
  2.8239  2.7612  2.6994  2.6382  2.5749  2.4126  2.2490  2.0869  1.9238  1.7631
  1.6102  1.4654  1.3275  1.1956  1.0692  0.9475  0.8300  0.7162  0.6056  0.4978
  0.3919
  3.2961  3.2562  3.2185  3.1804  3.1385  3.0908  3.0384  2.9824  2.9241  2.8648
  2.8049  2.7446  2.6845  2.6254  2.5647  2.4069  2.2460  2.0864  1.9256  1.7640
  1.6088  1.4625  1.3239  1.1918  1.0653  0.9440  0.8272  0.7143  0.6047  0.4981
  0.3941
  3.2116  3.1736  3.1383  3.1055  3.0724  3.0349  2.9918  2.9435  2.8914  2.8365
  2.7801  2.7225  2.6647  2.6073  2.5492  2.3981  2.2418  2.0843  1.9264  1.7660
  1.6086  1.4595  1.3193  1.1863  1.0594  0.9378  0.8210  0.7083  0.5992  0.4936
  0.3912
  3.1221  3.0830  3.0538  3.0222  2.9933  2.9642  2.9309  2.8922  2.8484  2.8005
  2.7496  2.6963  2.6417  2.5865  2.5309  2.3872  2.2377  2.0843  1.9295  1.7724
  1.6154  1.4638  1.3208  1.1861  1.0582  0.9361  0.8190  0.7065  0.5956  0.4907
  0.3893
  3.0273  2.9844  2.9650  2.9369  2.9063  2.8799  2.8542  2.8249  2.7907  2.7517
  2.7085  2.6617  2.6121  2.5607  2.5082  2.3716  2.2300  2.0824  1.9312  1.7778
  1.6234  1.4717  1.3261  1.1885  1.0587  0.9354  0.8176  0.7047  0.5961  0.4913
  0.3899
  2.9275  2.8778  2.8719  2.8507  2.8176  2.7894  2.7655  2.7425  2.7169  2.6874
  2.6536  2.6153  2.5731  2.5277  2.4811  2.3513  2.2187  2.0786  1.9315
 [Fe/H] = -2.00 [alpha/Fe] = 0.00 BC value = F444W
  3.5276  3.4578  3.3958  3.3376  3.2830  3.2308  3.1856  3.1316  3.0736  3.0109
  2.9432  2.8730  2.7979  2.7236  2.6501  2.4741  2.3089  2.1466  1.9946
  3.5615  3.4745  3.3897  3.3144  3.2479  3.1883  3.1337  3.0816  3.0282  2.9714
  2.9095  2.8416  2.7697  2.6963  2.6233  2.4466  2.2818  2.1243  1.9707  1.8167
  3.5739  3.4912  3.4090  3.3282  3.2484  3.1742  3.1089  3.0500  2.9945  2.9402
  2.8834  2.8213  2.7526  2.6803  2.6073  2.4305  2.2640  2.1064  1.9523  1.7963
  1.6452
  3.5735  3.4951  3.4161  3.3380  3.2618  3.1883  3.1154  3.0446  2.9797  2.9192
  2.8615  2.8031  2.7399  2.6704  2.5988  2.4210  2.2522  2.0935  1.9387  1.7837
  1.6330  1.4887
  3.5597  3.4871  3.4129  3.3382  3.2640  3.1914  3.1213  3.0530  2.9840  2.9152
  2.8494  2.7878  2.7271  2.6622  2.5926  2.4160  2.2455  2.0847  1.9290  1.7745
  1.6241  1.4800  1.3421  1.2096
  3.5300  3.4654  3.3981  3.3288  3.2583  3.1877  3.1181  3.0502  2.9839  2.9175
  2.8494  2.7815  2.7175  2.6534  2.5869  2.4138  2.2426  2.0798  1.9228  1.7681
  1.6176  1.4734  1.3357  1.2036  1.0766  0.9540  0.8351  0.7197  0.6076  0.4984
  3.4829  3.4276  3.3692  3.3075  3.2430  3.1765  3.1093  3.0422  2.9762  2.9113
  2.8463  2.7799  2.7139  2.6486  2.5819  2.4123  2.2421  2.0784  1.9202  1.7647
  1.6135  1.4688  1.3308  1.1988  1.0722  0.9503  0.8324  0.7183  0.6075  0.4996
  0.3937
  3.4214  3.3734  3.3242  3.2719  3.2156  3.1556  3.0929  3.0289  2.9643  2.9001
  2.8365  2.7728  2.7092  2.6449  2.5792  2.4110  2.2428  2.0793  1.9208  1.7647
  1.6120  1.4660  1.3275  1.1952  1.0686  0.9470  0.8297  0.7164  0.6067  0.5000
  0.3959
  3.3501  3.3057  3.2635  3.2203  3.1731  3.1214  3.0656  3.0067  2.9456  2.8835
  2.8213  2.7591  2.6974  2.6357  2.5727  2.4084  2.2421  2.0794  1.9214  1.7655
  1.6113  1.4632  1.3230  1.1900  1.0629  0.9412  0.8241  0.7111  0.6019  0.4961
  0.3931
  3.2768  3.2320  3.1922  3.1550  3.1165  3.0739  3.0266  2.9751  2.9199  2.8621
  2.8028  2.7429  2.6829  2.6230  2.5627  2.4053  2.2431  2.0822  1.9255  1.7712
  1.6172  1.4671  1.3246  1.1899  1.0619  0.9397  0.8224  0.7096  0.6008  0.4955
  0.3913
  3.2052  3.1573  3.1154  3.0795  3.0462  3.0117  2.9731  2.9300  2.8825  2.8313
  2.7770  2.7208  2.6634  2.6056  2.5474  2.3974  2.2416  2.0842  1.9291  1.7768
  1.6247  1.4744  1.3296  1.1923  1.0626  0.9392  0.8212  0.7080  0.5992  0.4941
  0.3924
  3.1389  3.0851  3.0392  3.0003  2.9668  2.9366  2.9051  2.8701  2.8309  2.7876
  2.7405  2.6901  2.6384  2.5839  2.5268  2.3847  2.2376  2.0854  1.9322
 [Fe/H] = -1.50 [alpha/Fe] = 0.00 BC value = F444W
  3.5508  3.4865  3.4276  3.3716  3.3159  3.2584  3.1969  3.1309  3.0629  2.9943
  2.9248  2.8539  2.7820  2.7093  2.6369  2.4608  2.2959  2.1394  1.9899
  3.5355  3.4593  3.3907  3.3281  3.2692  3.2113  3.1518  3.0897  3.0260  2.9615
  2.8953  2.8261  2.7541  2.6811  2.6084  2.4325  2.2686  2.1137  1.9646  1.8154
  3.5606  3.4740  3.3892  3.3119  3.2429  3.1798  3.1199  3.0601  2.9995  2.9383
  2.8757  2.8098  2.7395  2.6666  2.5936  2.4173  2.2511  2.0954  1.9464  1.7973
  1.6486
  3.5793  3.4959  3.4134  3.3320  3.2521  3.1750  3.1052  3.0416  2.9805  2.9203
  2.8598  2.7975  2.7308  2.6595  2.5866  2.4093  2.2406  2.0829  1.9330  1.7842
  1.6365  1.4926
  3.5859  3.5058  3.4253  3.3453  3.2675  3.1918  3.1177  3.0452  2.9753  2.9103
  2.8482  2.7865  2.7233  2.6555  2.5838  2.4060  2.2352  2.0750  1.9235  1.7748
  1.6277  1.4842  1.3463  1.2136
  3.5810  3.5053  3.4283  3.3508  3.2739  3.1987  3.1259  3.0558  2.9863  2.9156
  2.8462  2.7801  2.7161  2.6512  2.5826  2.4056  2.2334  2.0708  1.9173  1.7682
  1.6214  1.4781  1.3403  1.2081  1.0808  0.9576  0.8383  0.7226  0.6103  0.5011
  3.5625  3.4931  3.4214  3.3481  3.2741  3.2004  3.1278  3.0573  2.9887  2.9211
  2.8526  2.7830  2.7147  2.6478  2.5804  2.4068  2.2341  2.0697  1.9142  1.7642
  1.6173  1.4738  1.3359  1.2037  1.0768  0.9545  0.8362  0.7215  0.6104  0.5024
  0.3967
  3.5277  3.4665  3.4021  3.3349  3.2659  3.1957  3.1252  3.0552  2.9864  2.9189
  2.8524  2.7853  2.7176  2.6496  2.5810  2.4085  2.2365  2.0710  1.9139  1.7629
  1.6154  1.4713  1.3329  1.2005  1.0736  0.9517  0.8340  0.7201  0.6099  0.5029
  0.3988
  3.4764  3.4237  3.3675  3.3081  3.2458  3.1811  3.1147  3.0473  2.9796  2.9125
  2.8462  2.7804  2.7148  2.6489  2.5816  2.4094  2.2379  2.0720  1.9138  1.7619
  1.6135  1.4683  1.3288  1.1956  1.0683  0.9463  0.8287  0.7153  0.6056  0.4993
  0.3961
  3.4144  3.3670  3.3185  3.2676  3.2134  3.1561  3.0959  3.0333  2.9689  2.9037
  2.8385  2.7736  2.7092  2.6450  2.5803  2.4127  2.2426  2.0768  1.9181  1.7661
  1.6176  1.4714  1.3303  1.1958  1.0676  0.9451  0.8275  0.7142  0.6049  0.4991
  0.3946
  3.3478  3.3010  3.2570  3.2130  3.1667  3.1174  3.0648  3.0088  2.9499  2.8887
  2.8262  2.7630  2.6999  2.6371  2.5740  2.4128  2.2467  2.0822  1.9234  1.7714
  1.6236  1.4774  1.3347  1.1982  1.0685  0.9450  0.8266  0.7131  0.6038  0.4982
  0.3961
  3.2811  3.2320  3.1880  3.1477  3.1073  3.0651  3.0202  2.9718  2.9198  2.8646
  2.8067  2.7469  2.6854  2.6242  2.5627  2.4097  2.2502  2.0882  1.9297
 [Fe/H] = -1.00 [alpha/Fe] = 0.00 BC value = F444W
  3.5803  3.5181  3.4592  3.4016  3.3419  3.2782  3.2089  3.1342  3.0582  2.9832
  2.9100  2.8383  2.7674  2.6961  2.6249  2.4502  2.2853  2.1312  1.9840
  3.5480  3.4806  3.4179  3.3584  3.2995  3.2382  3.1719  3.1006  3.0279  2.9553
  2.8837  2.8125  2.7408  2.6685  2.5963  2.4208  2.2567  2.1020  1.9560  1.8128
  3.5387  3.4623  3.3934  3.3300  3.2698  3.2100  3.1470  3.0793  3.0096  2.9395
  2.8697  2.7995  2.7281  2.6555  2.5827  2.4063  2.2400  2.0840  1.9374  1.7944
  1.6514
  3.5657  3.4789  3.3954  3.3193  3.2514  3.1887  3.1272  3.0627  2.9959  2.9284
  2.8606  2.7922  2.7221  2.6500  2.5771  2.3996  2.2311  2.0729  1.9246  1.7812
  1.6389  1.4979
  3.5875  3.5036  3.4215  3.3414  3.2629  3.1870  3.1167  3.0507  2.9851  2.9192
  2.8530  2.7865  2.7187  2.6482  2.5758  2.3976  2.2271  2.0665  1.9161  1.7719
  1.6301  1.4897  1.3524  1.2196
  3.5972  3.5168  3.4364  3.3566  3.2793  3.2041  3.1302  3.0568  2.9842  2.9147
  2.8477  2.7816  2.7152  2.6472  2.5765  2.3982  2.2264  2.0636  1.9109  1.7656
  1.6238  1.4839  1.3470  1.2147  1.0871  0.9635  0.8434  0.7269  0.6140  0.5050
  3.5973  3.5202  3.4426  3.3646  3.2868  3.2105  3.1365  3.0649  2.9944  2.9233
  2.8515  2.7810  2.7127  2.6454  2.5771  2.4004  2.2278  2.0633  1.9084  1.7616
  1.6195  1.4799  1.3432  1.2110  1.0838  0.9610  0.8420  0.7266  0.6146  0.5063
  0.4011
  3.5877  3.5150  3.4411  3.3659  3.2901  3.2145  3.1400  3.0674  2.9968  2.9275
  2.8585  2.7883  2.7173  2.6469  2.5773  2.4035  2.2307  2.0649  1.9081  1.7598
  1.6171  1.4774  1.3407  1.2085  1.0813  0.9588  0.8404  0.7258  0.6148  0.5072
  0.4031
  3.5647  3.4983  3.4296  3.3587  3.2862  3.2129  3.1397  3.0672  2.9959  2.9262
  2.8577  2.7895  2.7209  2.6513  2.5809  2.4050  2.2325  2.0658  1.9076  1.7578
  1.6142  1.4740  1.3369  1.2042  1.0766  0.9541  0.8359  0.7218  0.6113  0.5043
  0.4005
  3.5279  3.4686  3.4071  3.3422  3.2749  3.2058  3.1356  3.0651  2.9947  2.9250
  2.8564  2.7886  2.7213  2.6539  2.5857  2.4115  2.2381  2.0706  1.9116  1.7607
  1.6163  1.4758  1.3382  1.2046  1.0765  0.9535  0.8353  0.7214  0.6113  0.5047
  0.4015
  3.4781  3.4253  3.3709  3.3130  3.2523  3.1890  3.1237  3.0570  2.9892  2.9211
  2.8532  2.7857  2.7189  2.6525  2.5862  2.4172  2.2454  2.0770  1.9167  1.7651
  1.6202  1.4795  1.3414  1.2069  1.0776  0.9538  0.8350  0.7209  0.6108  0.5045
  0.4017
  3.4197  3.3714  3.3224  3.2710  3.2169  3.1604  3.1013  3.0400  2.9767  2.9119
  2.8462  2.7802  2.7142  2.6486  2.5824  2.4221  2.2544  2.0850  1.9229
 [Fe/H] = -0.75 [alpha/Fe] = 0.00 BC value = F444W
  3.5974  3.5350  3.4749  3.4151  3.3523  3.2852  3.2129  3.1358  3.0572  2.9798
  2.9047  2.8318  2.7606  2.6899  2.6193  2.4459  2.2809  2.1267  1.9806
  3.5618  3.4955  3.4329  3.3726  3.3118  3.2482  3.1796  3.1054  3.0293  2.9534
  2.8791  2.8064  2.7346  2.6628  2.5912  2.4160  2.2518  2.0977  1.9510  1.8100
  3.5434  3.4720  3.4061  3.3440  3.2840  3.2233  3.1585  3.0879  3.0145  2.9405
  2.8671  2.7947  2.7228  2.6505  2.5781  2.4017  2.2354  2.0787  1.9325  1.7913
  1.6513
  3.5529  3.4688  3.3934  3.3256  3.2632  3.2030  3.1416  3.0748  3.0047  2.9331
  2.8612  2.7896  2.7179  2.6456  2.5730  2.3954  2.2270  2.0683  1.9202  1.7783
  1.6387  1.5001
  3.5732  3.4910  3.4141  3.3334  3.2579  3.1898  3.1271  3.0630  2.9958  2.9269
  2.8571  2.7869  2.7163  2.6447  2.5722  2.3938  2.2237  2.0628  1.9123  1.7693
  1.6297  1.4919  1.3559  1.2233
  3.5929  3.5165  3.4353  3.3555  3.2782  3.2034  3.1302  3.0589  2.9895  2.9213
  2.8531  2.7844  2.7153  2.6451  2.5735  2.3948  2.2234  2.0606  1.9077  1.7633
  1.6235  1.4861  1.3508  1.2188  1.0910  0.9671  0.8468  0.7299  0.6165  0.5073
  3.6040  3.5249  3.4460  3.3674  3.2897  3.2141  3.1411  3.0696  2.9977  2.9247
  2.8526  2.7826  2.7139  2.6451  2.5753  2.3974  2.2252  2.0607  1.9057  1.7596
  1.6193  1.4821  1.3471  1.2155  1.0882  0.9651  0.8457  0.7299  0.6175  0.5087
  0.4036
  3.6015  3.5255  3.4494  3.3727  3.2960  3.2198  3.1454  3.0730  3.0022  2.9319
  2.8609  2.7887  2.7165  2.6457  2.5761  2.4010  2.2282  2.0626  1.9059  1.7581
  1.6170  1.4796  1.3448  1.2132  1.0861  0.9634  0.8446  0.7296  0.6181  0.5100
  0.4056
  3.5895  3.5178  3.4451  3.3713  3.2966  3.2215  3.1469  3.0735  3.0017  2.9314
  2.8620  2.7925  2.7221  2.6507  2.5791  2.4028  2.2302  2.0636  1.9054  1.7561
  1.6138  1.4760  1.3411  1.2092  1.0818  0.9591  0.8406  0.7260  0.6151  0.5075
  0.4034
  3.5669  3.5004  3.4332  3.3636  3.2924  3.2199  3.1469  3.0742  3.0023  2.9315
  2.8620  2.7932  2.7248  2.6559  2.5861  2.4092  2.2355  2.0684  1.9093  1.7587
  1.6154  1.4771  1.3420  1.2098  1.0819  0.9588  0.8403  0.7261  0.6156  0.5085
  0.4048
  3.5309  3.4711  3.4095  3.3460  3.2797  3.2113  3.1416  3.0712  3.0006  2.9304
  2.8609  2.7922  2.7243  2.6567  2.5889  2.4169  2.2433  2.0743  1.9142  1.7627
  1.6186  1.4798  1.3445  1.2118  1.0831  0.9593  0.8404  0.7259  0.6156  0.5088
  0.4054
  3.4826  3.4288  3.3738  3.3165  3.2562  3.1934  3.1284  3.0619  2.9943  2.9261
  2.8578  2.7897  2.7222  2.6552  2.5875  2.4259  2.2536  2.0813  1.9201
 [Fe/H] = -0.50 [alpha/Fe] = 0.00 BC value = F444W
  3.6144  3.5516  3.4901  3.4275  3.3612  3.2905  3.2154  3.1365  3.0564  2.9776
  2.9008  2.8266  2.7546  2.6841  2.6143  2.4423  2.2774  2.1232  1.9768
  3.5768  3.5109  3.4478  3.3859  3.3226  3.2563  3.1851  3.1086  3.0300  2.9518
  2.8754  2.8012  2.7289  2.6576  2.5865  2.4120  2.2475  2.0921  1.9461  1.8069
  3.5541  3.4849  3.4199  3.3579  3.2969  3.2344  3.1677  3.0946  3.0183  2.9412
  2.8650  2.7905  2.7178  2.6457  2.5739  2.3978  2.2314  2.0742  1.9276  1.7880
  1.6502
  3.5472  3.4713  3.4019  3.3376  3.2766  3.2165  3.1542  3.0854  3.0122  2.9370
  2.8617  2.7872  2.7140  2.6415  2.5692  2.3918  2.2235  2.0644  1.9160  1.7751
  1.6375  1.5015
  3.5737  3.4865  3.4040  3.3292  3.2623  3.2006  3.1406  3.0762  3.0068  2.9345
  2.8609  2.7872  2.7141  2.6414  2.5688  2.3905  2.2206  2.0596  1.9088  1.7664
  1.6287  1.4932  1.3594  1.2275
  3.5970  3.5134  3.4311  3.3511  3.2740  3.2003  3.1321  3.0673  3.0004  2.9310
  2.8598  2.7878  2.7155  2.6432  2.5708  2.3919  2.2208  2.0580  1.9049  1.7608
  1.6226  1.4874  1.3543  1.2232  1.0956  0.9716  0.8509  0.7334  0.6196  0.5101
  3.6072  3.5267  3.4467  3.3678  3.2908  3.2165  3.1446  3.0735  3.0012  2.9291
  2.8580  2.7873  2.7164  2.6453  2.5737  2.3949  2.2228  2.0586  1.9035  1.7577
  1.6186  1.4834  1.3508  1.2202  1.0931  0.9699  0.8503  0.7340  0.6210  0.5117
  0.4064
  3.6091  3.5312  3.4537  3.3764  3.2995  3.2241  3.1508  3.0796  3.0088  2.9370
  2.8638  2.7901  2.7175  2.6465  2.5760  2.3988  2.2261  2.0607  1.9041  1.7565
  1.6164  1.4810  1.3485  1.2183  1.0914  0.9686  0.8496  0.7342  0.6221  0.5135
  0.4085
  3.6039  3.5288  3.4538  3.3785  3.3029  3.2274  3.1528  3.0800  3.0084  2.9378
  2.8671  2.7957  2.7232  2.6502  2.5778  2.4012  2.2282  2.0619  1.9039  1.7547
  1.6133  1.4773  1.3446  1.2145  1.0876  0.9648  0.8460  0.7311  0.6196  0.5115
  0.4068
  3.5924  3.5204  3.4489  3.3765  3.3031  3.2290  3.1549  3.0814  3.0090  2.9379
  2.8677  2.7979  2.7279  2.6573  2.5859  2.4069  2.2335  2.0668  1.9078  1.7573
  1.6147  1.4780  1.3451  1.2149  1.0878  0.9649  0.8462  0.7316  0.6207  0.5131
  0.4089
  3.5702  3.5034  3.4358  3.3677  3.2976  3.2261  3.1538  3.0813  3.0091  2.9377
  2.8673  2.7977  2.7287  2.6599  2.5908  2.4157  2.2408  2.0723  1.9126  1.7611
  1.6174  1.4800  1.3468  1.2164  1.0890  0.9656  0.8466  0.7320  0.6212  0.5140
  0.4101
  3.5354  3.4747  3.4129  3.3494  3.2842  3.2166  3.1474  3.0773  3.0067  2.9362
  2.8662  2.7968  2.7281  2.6600  2.5925  2.4276  2.2501  2.0784  1.9183
 [Fe/H] = -0.25 [alpha/Fe] = 0.00 BC value = F444W
  3.6300  3.5664  3.5029  3.4374  3.3676  3.2936  3.2161  3.1359  3.0550  2.9757
  2.8981  2.8227  2.7498  2.6791  2.6098  2.4396  2.2751  2.1207  1.9736
  3.5911  3.5253  3.4612  3.3972  3.3312  3.2617  3.1879  3.1095  3.0293  2.9499
  2.8722  2.7968  2.7238  2.6525  2.5822  2.4090  2.2442  2.0885  1.9418  1.8034
  3.5663  3.4982  3.4334  3.3706  3.3077  3.2428  3.1737  3.0985  3.0198  2.9406
  2.8626  2.7867  2.7130  2.6410  2.5699  2.3947  2.2281  2.0706  1.9232  1.7843
  1.6484
  3.5522  3.4805  3.4135  3.3501  3.2889  3.2276  3.1636  3.0928  3.0170  2.9391
  2.8612  2.7846  2.7101  2.6373  2.5654  2.3888  2.2205  2.0611  1.9121  1.7717
  1.6356  1.5017
  3.5604  3.4778  3.4033  3.3355  3.2727  3.2126  3.1525  3.0871  3.0154  2.9400
  2.8632  2.7867  2.7116  2.6379  2.5654  2.3876  2.2179  2.0569  1.9057  1.7635
  1.6268  1.4933  1.3618  1.2318
  3.5919  3.5062  3.4225  3.3424  3.2684  3.2016  3.1404  3.0789  3.0117  2.9400
  2.8656  2.7902  2.7152  2.6411  2.5680  2.3892  2.2183  2.0558  1.9025  1.7584
  1.6210  1.4875  1.3566  1.2273  1.1003  0.9763  0.8554  0.7376  0.6233  0.5135
  3.6079  3.5260  3.4450  3.3658  3.2891  3.2151  3.1438  3.0756  3.0074  2.9376
  2.8660  2.7927  2.7188  2.6451  2.5719  2.3924  2.2205  2.0568  1.9017  1.7558
  1.6173  1.4836  1.3530  1.2244  1.0981  0.9750  0.8552  0.7386  0.6252  0.5153
  0.4097
  3.6135  3.5343  3.4557  3.3778  3.3013  3.2270  3.1553  3.0854  3.0147  2.9418
  2.8678  2.7940  2.7210  2.6484  2.5760  2.3967  2.2239  2.0592  1.9027  1.7550
  1.6153  1.4812  1.3507  1.2225  1.0967  0.9741  0.8549  0.7392  0.6269  0.5177
  0.4120
  3.6124  3.5351  3.4586  3.3825  3.3066  3.2316  3.1582  3.0867  3.0162  2.9452
  2.8729  2.7991  2.7247  2.6506  2.5777  2.3996  2.2263  2.0605  1.9027  1.7535
  1.6125  1.4775  1.3467  1.2187  1.0931  0.9707  0.8519  0.7367  0.6249  0.5163
  0.4110
  3.6071  3.5320  3.4578  3.3837  3.3094  3.2350  3.1609  3.0880  3.0162  2.9452
  2.8744  2.8032  2.7313  2.6587  2.5856  2.4051  2.2317  2.0654  1.9067  1.7563
  1.6139  1.4780  1.3469  1.2189  1.0934  0.9712  0.8526  0.7378  0.6265  0.5185
  0.4137
  3.5957  3.5235  3.4518  3.3804  3.3083  3.2353  3.1620  3.0888  3.0163  2.9447
  2.8739  2.8035  2.7334  2.6630  2.5923  2.4141  2.2383  2.0708  1.9115  1.7600
  1.6165  1.4796  1.3480  1.2199  1.0944  0.9720  0.8534  0.7386  0.6276  0.5200
  0.4156
  3.5745  3.5070  3.4393  3.3709  3.3020  3.2315  3.1600  3.0879  3.0158  2.9442
  2.8732  2.8030  2.7335  2.6643  2.5978  2.4266  2.2461  2.0767  1.9171
 [Fe/H] =  0.00 [alpha/Fe] = 0.00 BC value = F444W
  3.6455  3.5810  3.5154  3.4468  3.3745  3.2978  3.2179  3.1363  3.0548  2.9752
  2.8970  2.8205  2.7463  2.6748  2.6052  2.4366  2.2730  2.1184  1.9713
  3.6056  3.5396  3.4744  3.4083  3.3398  3.2675  3.1910  3.1106  3.0292  2.9492
  2.8708  2.7943  2.7202  2.6483  2.5780  2.4060  2.2411  2.0855  1.9382  1.7998
  3.5794  3.5122  3.4473  3.3835  3.3188  3.2515  3.1797  3.1021  3.0214  2.9409
  2.8618  2.7846  2.7099  2.6373  2.5663  2.3920  2.2253  2.0676  1.9195  1.7807
  1.6465
  3.5618  3.4924  3.4268  3.3638  3.3019  3.2391  3.1728  3.0998  3.0214  2.9413
  2.8616  2.7836  2.7078  2.6343  2.5623  2.3864  2.2179  2.0586  1.9090  1.7687
  1.6338  1.5017
  3.5629  3.4809  3.4118  3.3473  3.2860  3.2259  3.1646  3.0976  3.0234  2.9452
  2.8659  2.7873  2.7105  2.6358  2.5628  2.3854  2.2156  2.0548  1.9033  1.7611
  1.6254  1.4934  1.3639  1.2358
  3.5810  3.4939  3.4129  3.3396  3.2734  3.2121  3.1532  3.0920  3.0234  2.9489
  2.8714  2.7932  2.7158  2.6401  2.5662  2.3872  2.2163  2.0542  1.9008  1.7567
  1.6200  1.4878  1.3587  1.2315  1.1057  0.9821  0.8610  0.7427  0.6281  0.5177
  3.6054  3.5221  3.4400  3.3602  3.2834  3.2112  3.1450  3.0836  3.0193  2.9495
  2.8754  2.7989  2.7220  2.6460  2.5713  2.3908  2.2187  2.0554  1.9006  1.7547
  1.6166  1.4841  1.3551  1.2286  1.1038  0.9812  0.8613  0.7443  0.6304  0.5200
  0.4137
  3.6154  3.5351  3.4557  3.3775  3.3014  3.2280  3.1571  3.0884  3.0198  2.9491
  2.8765  2.8024  2.7272  2.6519  2.5771  2.3955  2.2224  2.0580  1.9018  1.7543
  1.6150  1.4818  1.3528  1.2266  1.1025  0.9806  0.8616  0.7456  0.6327  0.5229
  0.4165
  3.6170  3.5387  3.4613  3.3846  3.3088  3.2347  3.1629  3.0933  3.0242  2.9533
  2.8800  2.8050  2.7296  2.6547  2.5806  2.3990  2.2250  2.0595  1.9021  1.7530
  1.6122  1.4781  1.3487  1.2227  1.0990  0.9775  0.8590  0.7436  0.6314  0.5222
  0.4162
  3.6150  3.5385  3.4629  3.3879  3.3132  3.2390  3.1659  3.0945  3.0243  2.9542
  2.8830  2.8103  2.7365  2.6619  2.5874  2.4051  2.2306  2.0644  1.9061  1.7559
  1.6136  1.4784  1.3487  1.2227  1.0993  0.9783  0.8601  0.7453  0.6337  0.5252
  0.4197
  3.6098  3.5346  3.4609  3.3875  3.3143  3.2410  3.1677  3.0952  3.0235  2.9526
  2.8820  2.8110  2.7395  2.6674  2.5950  2.4136  2.2371  2.0699  1.9109  1.7596
  1.6162  1.4799  1.3494  1.2232  1.1000  0.9792  0.8612  0.7466  0.6354  0.5273
  0.4223
  3.5993  3.5267  3.4549  3.3836  3.3123  3.2404  3.1680  3.0955  3.0232  2.9516
  2.8806  2.8101  2.7398  2.6694  2.6034  2.4245  2.2445  2.0760  1.9165
 [Fe/H] =  0.25 [alpha/Fe] = 0.00 BC value = F444W
  3.6588  3.5930  3.5247  3.4529  3.3777  3.2998  3.2195  3.1373  3.0545  2.9747
  2.8965  2.8194  2.7442  2.6714  2.6016  2.4340  2.2719  2.1167  1.9702
  3.6183  3.5517  3.4848  3.4163  3.3453  3.2706  3.1922  3.1106  3.0284  2.9481
  2.8696  2.7926  2.7175  2.6448  2.5743  2.4035  2.2389  2.0833  1.9354  1.7961
  3.5914  3.5245  3.4590  3.3937  3.3270  3.2574  3.1831  3.1036  3.0215  2.9402
  2.8608  2.7831  2.7075  2.6342  2.5629  2.3898  2.2231  2.0655  1.9166  1.7773
  1.6437
  3.5718  3.5040  3.4390  3.3757  3.3127  3.2480  3.1793  3.1041  3.0235  2.9419
  2.8614  2.7826  2.7060  2.6317  2.5595  2.3844  2.2160  2.0567  1.9065  1.7659
  1.6319  1.5011
  3.5594  3.4887  3.4223  3.3592  3.2982  3.2373  3.1743  3.1052  3.0286  2.9481
  2.8672  2.7873  2.7095  2.6339  2.5605  2.3835  2.2138  2.0532  1.9015  1.7590
  1.6239  1.4930  1.3649  1.2388
  3.5658  3.4856  3.4127  3.3459  3.2836  3.2241  3.1651  3.1026  3.0321  2.9551
  2.8752  2.7949  2.7161  2.6393  2.5646  2.3854  2.2146  2.0528  1.8996  1.7553
  1.6188  1.4875  1.3597  1.2343  1.1105  0.9878  0.8669  0.7485  0.6336  0.5229
  3.5984  3.5125  3.4297  3.3507  3.2786  3.2134  3.1532  3.0947  3.0309  2.9594
  2.8825  2.8033  2.7243  2.6465  2.5707  2.3892  2.2172  2.0543  1.8997  1.7537
  1.6158  1.4839  1.3561  1.2312  1.1084  0.9869  0.8675  0.7505  0.6363  0.5255
  0.4188
  3.6145  3.5332  3.4530  3.3744  3.2983  3.2249  3.1548  3.0895  3.0262  2.9591
  2.8867  2.8103  2.7323  2.6545  2.5780  2.3943  2.2209  2.0569  1.9012  1.7538
  1.6145  1.4817  1.3537  1.2291  1.1069  0.9865  0.8681  0.7523  0.6392  0.5289
  0.4220
  3.6192  3.5402  3.4621  3.3850  3.3096  3.2364  3.1657  3.0973  3.0294  2.9600
  2.8877  2.8129  2.7366  2.6599  2.5836  2.3985  2.2237  2.0584  1.9015  1.7527
  1.6119  1.4781  1.3497  1.2251  1.1034  0.9836  0.8659  0.7508  0.6385  0.5290
  0.4224
  3.6194  3.5420  3.4657  3.3901  3.3153  3.2417  3.1700  3.1004  3.0321  2.9631
  2.8921  2.8184  2.7430  2.6669  2.5910  2.4057  2.2297  2.0634  1.9055  1.7556
  1.6135  1.4786  1.3495  1.2249  1.1035  0.9844  0.8673  0.7529  0.6414  0.5326
  0.4266
  3.6169  3.5405  3.4657  3.3915  3.3178  3.2444  3.1719  3.1006  3.0307  2.9614
  2.8915  2.8200  2.7471  2.6732  2.5988  2.4141  2.2364  2.0690  1.9102  1.7593
  1.6161  1.4800  1.3502  1.2252  1.1039  0.9852  0.8685  0.7546  0.6436  0.5354
  0.4299
  3.6123  3.5370  3.4631  3.3906  3.3180  3.2455  3.1731  3.1010  3.0297  2.9591
  2.8889  2.8185  2.7475  2.6758  2.6070  2.4237  2.2438  2.0752  1.9156
 [Fe/H] =  0.50 [alpha/Fe] = 0.00 BC value = F444W
  3.6706  3.6077  3.5394  3.4665  3.3895  3.3089  3.2250  3.1390  3.0545  2.9743
  2.8963  2.8190  2.7431  2.6694  2.5982  2.4313  2.2705  2.1152  1.9685
  3.6296  3.5624  3.4932  3.4223  3.3493  3.2734  3.1940  3.1113  3.0280  2.9473
  2.8689  2.7917  2.7160  2.6425  2.5712  2.4010  2.2372  2.0816  1.9355  1.7966
  3.6021  3.5356  3.4689  3.4019  3.3332  3.2616  3.1855  3.1045  3.0215  2.9398
  2.8602  2.7823  2.7061  2.6321  2.5603  2.3877  2.2216  2.0640  1.9146  1.7744
  1.6408
  3.5814  3.5147  3.4499  3.3859  3.3216  3.2552  3.1844  3.1072  3.0249  2.9424
  2.8615  2.7823  2.7051  2.6301  2.5573  2.3826  2.2148  2.0554  1.9048  1.7636
  1.6299  1.5003
  3.5656  3.4976  3.4328  3.3704  3.3092  3.2472  3.1824  3.1113  3.0324  2.9502
  2.8683  2.7878  2.7092  2.6330  2.5589  2.3820  2.2127  2.0521  1.9003  1.7574
  1.6224  1.4924  1.3655  1.2409
  3.5594  3.4865  3.4188  3.3553  3.2948  3.2357  3.1759  3.1118  3.0391  2.9597
  2.8779  2.7966  2.7168  2.6391  2.5637  2.3841  2.2135  2.0519  1.8988  1.7543
  1.6179  1.4872  1.3604  1.2363  1.1143  0.9933  0.8732  0.7550  0.6400  0.5289
  3.5818  3.5024  3.4187  3.3474  3.2825  3.2223  3.1645  3.1061  3.0410  2.9673
  2.8880  2.8069  2.7264  2.6475  2.5707  2.3881  2.2161  2.0534  1.8992  1.7532
  1.6153  1.4838  1.3568  1.2330  1.1119  0.9924  0.8739  0.7572  0.6429  0.5319
  0.4248
  3.6097  3.5273  3.4459  3.3664  3.2906  3.2199  3.1554  3.0961  3.0364  2.9699
  2.8956  2.8167  2.7366  2.6571  2.5793  2.3936  2.2199  2.0560  1.9009  1.7537
  1.6143  1.4817  1.3544  1.2308  1.1103  0.9918  0.8746  0.7593  0.6463  0.5358
  0.4285
  3.6186  3.5391  3.4605  3.3833  3.3082  3.2355  3.1651  3.0973  3.0322  2.9670
  2.8972  2.8221  2.7438  2.6648  2.5866  2.3986  2.2228  2.0575  1.9012  1.7527
  1.6120  1.4783  1.3504  1.2268  1.1065  0.9887  0.8725  0.7582  0.6462  0.5365
  0.4295
  3.6210  3.5432  3.4665  3.3906  3.3161  3.2434  3.1730  3.1049  3.0379  2.9705
  2.9006  2.8274  2.7513  2.6739  2.5961  2.4068  2.2292  2.0624  1.9050  1.7556
  1.6138  1.4790  1.3503  1.2265  1.1065  0.9894  0.8740  0.7606  0.6494  0.5407
  0.4344
  3.6197  3.5433  3.4679  3.3933  3.3195  3.2465  3.1750  3.1055  3.0376  2.9701
  2.9014  2.8300  2.7562  2.6808  2.6047  2.4161  2.2364  2.0682  1.9096  1.7592
  1.6163  1.4804  1.3509  1.2268  1.1068  0.9899  0.8751  0.7624  0.6520  0.5440
  0.4385
  3.6177  3.5415  3.4672  3.3937  3.3208  3.2482  3.1763  3.1053  3.0355  2.9668
  2.8981  2.8283  2.7570  2.6841  2.6124  2.4265  2.2444  2.0749  1.9150
 [Fe/H] =  0.75 [alpha/Fe] = 0.00 BC value = F444W
  3.6812  3.6155  3.5451  3.4707  3.3927  3.3116  3.2278  3.1415  3.0548  2.9736
  2.8957  2.8185  2.7422  2.6675  2.5955  2.4280  2.2679  2.1134  1.9662
  3.6396  3.5713  3.5000  3.4266  3.3530  3.2774  3.1976  3.1131  3.0282  2.9467
  2.8683  2.7911  2.7152  2.6410  2.5689  2.3982  2.2358  2.0800  1.9316  1.7908
  3.6109  3.5435  3.4772  3.4084  3.3378  3.2644  3.1874  3.1060  3.0220  2.9397
  2.8599  2.7820  2.7056  2.6310  2.5585  2.3857  2.2206  2.0628  1.9132  1.7722
  1.6393
  3.5899  3.5240  3.4592  3.3944  3.3287  3.2605  3.1880  3.1094  3.0263  2.9431
  2.8618  2.7825  2.7050  2.6295  2.5561  2.3812  2.2141  2.0546  1.9038  1.7619
  1.6281  1.4994
  3.5719  3.5058  3.4422  3.3800  3.3183  3.2553  3.1890  3.1160  3.0354  2.9521
  2.8695  2.7887  2.7097  2.6329  2.5583  2.3808  2.2122  2.0515  1.8997  1.7564
  1.6213  1.4919  1.3659  1.2426
  3.5593  3.4908  3.4261  3.3646  3.3050  3.2459  3.1852  3.1195  3.0447  2.9634
  2.8805  2.7983  2.7180  2.6398  2.5637  2.3832  2.2130  2.0513  1.8985  1.7539
  1.6173  1.4870  1.3610  1.2379  1.1173  0.9980  0.8794  0.7618  0.6471  0.5359
  3.5651  3.4873  3.4163  3.3512  3.2905  3.2325  3.1755  3.1164  3.0497  2.9738
  2.8925  2.8101  2.7287  2.6491  2.5715  2.3875  2.2155  2.0528  1.8991  1.7532
  1.6152  1.4839  1.3576  1.2347  1.1147  0.9969  0.8800  0.7641  0.6501  0.5392
  0.4317
  3.5992  3.5137  3.4324  3.3554  3.2846  3.2212  3.1627  3.1066  3.0471  2.9794
  2.9029  2.8220  2.7405  2.6599  2.5811  2.3937  2.2194  2.0554  1.9007  1.7538
  1.6145  1.4821  1.3553  1.2325  1.1130  0.9961  0.8806  0.7664  0.6538  0.5433
  0.4359
  3.6145  3.5345  3.4554  3.3780  3.3029  3.2301  3.1611  3.0975  3.0380  2.9764
  2.9070  2.8302  2.7500  2.6695  2.5899  2.3995  2.2225  2.0569  1.9010  1.7530
  1.6125  1.4789  1.3513  1.2283  1.1091  0.9928  0.8783  0.7653  0.6540  0.5446
  0.4374
  3.6197  3.5419  3.4649  3.3891  3.3151  3.2434  3.1740  3.1066  3.0405  2.9752
  2.9087  2.8370  2.7602  2.6808  2.6012  2.4087  2.2292  2.0619  1.9046  1.7558
  1.6143  1.4797  1.3513  1.2280  1.1090  0.9932  0.8796  0.7677  0.6575  0.5492
  0.4429
  3.6199  3.5433  3.4678  3.3933  3.3196  3.2475  3.1774  3.1097  3.0434  2.9773
  2.9100  2.8399  2.7662  2.6898  2.6121  2.4190  2.2370  2.0678  1.9091  1.7591
  1.6167  1.4811  1.3519  1.2282  1.1091  0.9935  0.8805  0.7694  0.6602  0.5528
  0.4475
  3.6183  3.5425  3.4681  3.3945  3.3216  3.2494  3.1782  3.1088  3.0410  2.9742
  2.9073  2.8386  2.7675  2.6939  2.6226  2.4304  2.2459  2.0746  1.9145
 [Fe/H] =  1.00 [alpha/Fe] = 0.00 BC value = F444W
  3.6898  3.6228  3.5512  3.4756  3.3965  3.3143  3.2294  3.1421  3.0543  2.9718
  2.8934  2.8167  2.7403  2.6652  2.5922  2.4230  2.2638  2.1109  1.9633
  3.6485  3.5726  3.4975  3.4231  3.3495  3.2767  3.2014  3.1149  3.0285  2.9460
  2.8671  2.7904  2.7145  2.6399  2.5671  2.3950  2.2339  2.0787  1.9298  1.7883
  3.6196  3.5476  3.4842  3.4137  3.3411  3.2661  3.1906  3.1086  3.0232  2.9401
  2.8598  2.7820  2.7056  2.6307  2.5576  2.3838  2.2195  2.0620  1.9121  1.7706
  1.6369
  3.5974  3.5322  3.4672  3.4014  3.3342  3.2645  3.1906  3.1119  3.0281  2.9444
  2.8626  2.7830  2.7056  2.6298  2.5559  2.3801  2.2137  2.0543  1.9033  1.7610
  1.6264  1.4979
  3.5772  3.5130  3.4503  3.3882  3.3259  3.2618  3.1941  3.1198  3.0383  2.9543
  2.8713  2.7901  2.7110  2.6339  2.5588  2.3804  2.2122  2.0515  1.8996  1.7559
  1.6203  1.4912  1.3661  1.2437
  3.5605  3.4952  3.4329  3.3727  3.3137  3.2543  3.1929  3.1259  3.0495  2.9669
  2.8833  2.8007  2.7199  2.6414  2.5648  2.3831  2.2131  2.0515  1.8986  1.7539
  1.6170  1.4869  1.3614  1.2393  1.1199  1.0021  0.8851  0.7689  0.6548  0.5435
  3.5537  3.4834  3.4179  3.3567  3.2985  3.2418  3.1850  3.1253  3.0571  2.9794
  2.8967  2.8135  2.7315  2.6514  2.5733  2.3880  2.2156  2.0529  1.8992  1.7536
  1.6154  1.4842  1.3584  1.2363  1.1174  1.0008  0.8854  0.7708  0.6576  0.5470
  0.4394
  3.5801  3.4946  3.4177  3.3485  3.2855  3.2272  3.1718  3.1168  3.0570  2.9877
  2.9093  2.8271  2.7445  2.6632  2.5838  2.3948  2.2195  2.0554  1.9008  1.7543
  1.6151  1.4827  1.3563  1.2341  1.1154  0.9996  0.8857  0.7730  0.6612  0.5512
  0.4440
  3.6057  3.5250  3.4451  3.3670  3.2920  3.2227  3.1602  3.1030  3.0476  2.9866
  2.9160  2.8374  2.7558  2.6742  2.5937  2.4014  2.2229  2.0568  1.9010  1.7536
  1.6133  1.4798  1.3525  1.2300  1.1115  0.9962  0.8832  0.7718  0.6616  0.5528
  0.4459
  3.6152  3.5373  3.4602  3.3846  3.3112  3.2401  3.1710  3.1044  3.0415  2.9810
  2.9180  2.8463  2.7680  2.6871  2.6065  2.4116  2.2302  2.0618  1.9044  1.7560
  1.6150  1.4806  1.3525  1.2297  1.1112  0.9964  0.8842  0.7738  0.6650  0.5577
  0.4518
  3.6169  3.5407  3.4654  3.3909  3.3179  3.2468  3.1783  3.1121  3.0471  2.9820
  2.9166  2.8491  2.7764  2.6989  2.6192  2.4229  2.2386  2.0679  1.9087  1.7591
  1.6172  1.4820  1.3530  1.2297  1.1112  0.9966  0.8848  0.7754  0.6676  0.5613
  0.4567
  3.6157  3.5406  3.4664  3.3930  3.3205  3.2489  3.1791  3.1115  3.0458  2.9810
  2.9155  2.8483  2.7783  2.7049  2.6318  2.4353  2.2481  2.0751  1.9139
