 [Fe/H] = -4.00 [alpha/Fe] = 0.40 BC value = F547M
 -1.5210  0.0832  1.2961  0.5599 -2.2088 -6.7625 -5.3053 -3.1853 -2.0920 -2.1183
 -1.9639 -1.8426 -2.2426 -2.7252 -2.7595 -2.1422
 -4.6310 -3.7763 -2.8854 -2.8307 -3.6566 -5.5929 -4.8914 -3.8570 -3.1392 -2.8597
 -2.5992 -2.4452 -2.5433 -2.6870 -2.6337 -2.0968 -1.7579 -1.5628 -1.5361
 -5.5830 -5.1930 -4.6396 -4.2589 -4.1011 -4.4648 -4.2032 -3.8373 -3.4616 -3.1363
 -2.8855 -2.7263 -2.6461 -2.5804 -2.4666 -2.0272 -1.7229 -1.5422 -1.4546 -1.3815
 -1.2493
 -4.3770 -4.1669 -3.9665 -3.7247 -3.5424 -3.3782 -3.2407 -3.1263 -3.0593 -2.9481
 -2.8227 -2.6858 -2.5509 -2.4053 -2.2582 -1.9334 -1.6970 -1.5331 -1.4180 -1.3346
 -1.2698 -1.2162 -1.1697
 -3.9868 -3.8305 -3.6743 -3.4978 -3.3355 -3.1787 -3.0350 -2.9077 -2.7953 -2.6918
 -2.5874 -2.4767 -2.3638 -2.2491 -2.1339 -1.8690 -1.6688 -1.5287 -1.4278 -1.3515
 -1.2908 -1.2401 -1.1958 -1.1574 -1.1251
 -3.6113 -3.4998 -3.3830 -3.2578 -3.1242 -2.9873 -2.8527 -2.7269 -2.6128 -2.5095
 -2.4140 -2.3213 -2.2268 -2.1334 -2.0381 -1.8189 -1.6461 -1.5237 -1.4349 -1.3662
 -1.3104 -1.2632 -1.2216 -1.1844 -1.1509 -1.1222
 -3.2505 -3.1748 -3.0926 -3.0047 -2.9086 -2.8040 -2.6938 -2.5839 -2.4790 -2.3815
 -2.2919 -2.2084 -2.1285 -2.0504 -1.9708 -1.7831 -1.6289 -1.5181 -1.4393 -1.3787
 -1.3286 -1.2855 -1.2472 -1.2122 -1.1800 -1.1508 -1.1252 -1.1079 -1.1022 -1.1053
 -2.9045 -2.8555 -2.8031 -2.7477 -2.6866 -2.6176 -2.5398 -2.4557 -2.3691 -2.2843
 -2.2035 -2.1275 -2.0562 -1.9880 -1.9212 -1.7583 -1.6183 -1.5124 -1.4389 -1.3855
 -1.3423 -1.3047 -1.2708 -1.2395 -1.2098 -1.1819 -1.1552 -1.1337 -1.1215 -1.1210
 -1.1301
 -2.5894 -2.5599 -2.5302 -2.5003 -2.4674 -2.4292 -2.3836 -2.3291 -2.2668 -2.2002
 -2.1322 -2.0656 -2.0017 -1.9407 -1.8815 -1.7392 -1.6108 -1.5087 -1.4354 -1.3855
 -1.3486 -1.3178 -1.2898 -1.2635 -1.2381 -1.2133 -1.1898 -1.1670 -1.1491 -1.1409
 -1.1453
 -2.3084 -2.2953 -2.2836 -2.2732 -2.2615 -2.2469 -2.2270 -2.1995 -2.1628 -2.1173
 -2.0656 -2.0109 -1.9556 -1.9012 -1.8481 -1.7205 -1.6023 -1.5042 -1.4310 -1.3804
 -1.3468 -1.3222 -1.3014 -1.2815 -1.2618 -1.2417 -1.2218 -1.2025 -1.1850 -1.1724
 -1.1651
 -2.0638 -2.0645 -2.0663 -2.0691 -2.0726 -2.0747 -2.0735 -2.0670 -2.0531 -2.0294
 -1.9965 -1.9567 -1.9126 -1.8662 -1.8191 -1.7031 -1.5946 -1.5001 -1.4273 -1.3750
 -1.3408 -1.3193 -1.3044 -1.2917 -1.2789 -1.2652 -1.2507 -1.2356 -1.2207 -1.2072
 -1.1943
 -1.8657 -1.8675 -1.8750 -1.8875 -1.9017 -1.9150 -1.9270 -1.9354 -1.9383 -1.9316
 -1.9158 -1.8926 -1.8632 -1.8290 -1.7910 -1.6879 -1.5856 -1.4953 -1.4228 -1.3698
 -1.3339 -1.3120 -1.2999 -1.2930 -1.2873 -1.2808 -1.2730 -1.2639 -1.2537 -1.2433
 -1.2339
 -1.7140 -1.7044 -1.7097 -1.7284 -1.7488 -1.7678 -1.7890 -1.8077 -1.8221 -1.8293
 -1.8291 -1.8221 -1.8089 -1.7896 -1.7638 -1.6750 -1.5753 -1.4898 -1.4175
 [Fe/H] = -3.00 [alpha/Fe] = 0.40 BC value = F547M
 -4.5742 -4.2276 -3.9973 -3.8780 -3.8752 -4.2915 -4.0392 -3.8015 -3.6109 -3.4454
 -3.2139 -2.9807 -2.8624 -2.7925 -2.6710 -2.2022
 -4.4395 -4.1041 -3.8622 -3.7052 -3.6343 -3.7999 -3.6460 -3.4880 -3.3411 -3.1992
 -3.0295 -2.8567 -2.7246 -2.6104 -2.4760 -2.0839 -1.7806 -1.5677 -1.4203
 -4.2906 -3.9732 -3.7296 -3.5490 -3.4293 -3.4195 -3.3219 -3.2148 -3.0997 -2.9782
 -2.8517 -2.7211 -2.5875 -2.4517 -2.3145 -1.9854 -1.7298 -1.5462 -1.4167 -1.3228
 -1.2510
 -4.1275 -3.8349 -3.5995 -3.4094 -3.2603 -3.1503 -3.0669 -2.9820 -2.8867 -2.7825
 -2.6805 -2.5738 -2.4510 -2.3164 -2.1865 -1.9067 -1.6898 -1.5313 -1.4174 -1.3328
 -1.2667 -1.2126 -1.1658
 -3.9502 -3.6892 -3.4719 -3.2864 -3.1272 -2.9923 -2.8810 -2.7895 -2.7021 -2.6120
 -2.5160 -2.4149 -2.3152 -2.2045 -2.0920 -1.8478 -1.6606 -1.5230 -1.4224 -1.3457
 -1.2845 -1.2335 -1.1897 -1.1517 -1.1198
 -3.7587 -3.5361 -3.3468 -3.1800 -3.0300 -2.8952 -2.7749 -2.6693 -2.5759 -2.4898
 -2.4023 -2.3092 -2.2179 -2.1236 -2.0247 -1.8060 -1.6388 -1.5172 -1.4284 -1.3594
 -1.3032 -1.2556 -1.2141 -1.1773 -1.1445 -1.1160
 -3.5502 -3.3657 -3.2086 -3.0673 -2.9364 -2.8135 -2.6984 -2.5916 -2.4940 -2.4040
 -2.3182 -2.2334 -2.1479 -2.0666 -1.9794 -1.7786 -1.6231 -1.5113 -1.4319 -1.3709
 -1.3205 -1.2772 -1.2390 -1.2043 -1.1727 -1.1443 -1.1195 -1.1030 -1.0978 -1.1011
 -3.3375 -3.1843 -3.0559 -2.9415 -2.8333 -2.7287 -2.6266 -2.5279 -2.4334 -2.3445
 -2.2603 -2.1789 -2.0986 -2.0223 -1.9451 -1.7618 -1.6132 -1.5052 -1.4310 -1.3771
 -1.3336 -1.2958 -1.2621 -1.2311 -1.2020 -1.1749 -1.1506 -1.1294 -1.1168 -1.1168
 -1.1261
 -2.9966 -2.9623 -2.8971 -2.8043 -2.7178 -2.6332 -2.5479 -2.4624 -2.3775 -2.2944
 -2.2139 -2.1366 -2.0614 -1.9883 -1.9173 -1.7485 -1.6078 -1.5007 -1.4252 -1.3768
 -1.3366 -1.3087 -1.2808 -1.2549 -1.2300 -1.2059 -1.1832 -1.1653 -1.1527 -1.1449
 -1.1413
 -2.9016 -2.8006 -2.7217 -2.6626 -2.5919 -2.5248 -2.4570 -2.3871 -2.3151 -2.2419
 -2.1687 -2.0968 -2.0268 -1.9586 -1.8922 -1.7344 -1.6009 -1.4968 -1.4217 -1.3715
 -1.3380 -1.3133 -1.2924 -1.2728 -1.2536 -1.2342 -1.2150 -1.1964 -1.1796 -1.1665
 -1.1610
 -2.7500 -2.6577 -2.5836 -2.5260 -2.4653 -2.4090 -2.3557 -2.3010 -2.2436 -2.1833
 -2.1206 -2.0568 -1.9932 -1.9308 -1.8696 -1.7224 -1.5950 -1.4933 -1.4180 -1.3658
 -1.3320 -1.3107 -1.2958 -1.2833 -1.2709 -1.2577 -1.2438 -1.2294 -1.2151 -1.2023
 -1.1900
 -2.6054 -2.5334 -2.4653 -2.4009 -2.3482 -2.3031 -2.2610 -2.2035 -2.1596 -2.1129
 -2.0629 -2.0100 -1.9552 -1.8997 -1.8444 -1.7099 -1.5881 -1.4891 -1.4139 -1.3605
 -1.3250 -1.3036 -1.2918 -1.2850 -1.2796 -1.2735 -1.2663 -1.2577 -1.2481 -1.2383
 -1.2294
 -2.4679 -2.4278 -2.3668 -2.2872 -2.2407 -2.2072 -2.1518 -2.1165 -2.0813 -2.0303
 -1.9929 -1.9525 -1.9087 -1.8625 -1.8166 -1.6969 -1.5802 -1.4842 -1.4094
 [Fe/H] = -2.50 [alpha/Fe] = 0.40 BC value = F547M
 -5.4540 -5.1910 -5.0242 -4.7323 -4.3107 -3.9746 -3.8638 -3.8506 -3.7658 -3.5719
 -3.3477 -3.1161 -2.9104 -2.7349 -2.5636 -2.1668
 -4.9481 -4.6079 -4.3719 -4.1219 -3.8496 -3.6326 -3.5162 -3.4447 -3.3490 -3.2094
 -3.0501 -2.8763 -2.7026 -2.5403 -2.3868 -2.0473 -1.7717 -1.5643 -1.4031
 -4.5618 -4.1760 -3.8956 -3.6703 -3.4889 -3.3455 -3.2294 -3.1274 -3.0277 -2.9224
 -2.8063 -2.6752 -2.5305 -2.3836 -2.2458 -1.9516 -1.7187 -1.5416 -1.4083 -1.3116
 -1.2468
 -4.2951 -3.8953 -3.5953 -3.3775 -3.2286 -3.1133 -3.0034 -2.8987 -2.8019 -2.7109
 -2.6163 -2.5128 -2.3941 -2.2648 -2.1406 -1.8797 -1.6787 -1.5258 -1.4129 -1.3282
 -1.2616 -1.2075 -1.1621
 -4.1480 -3.7658 -3.4710 -3.2435 -3.0687 -2.9360 -2.8382 -2.7586 -2.6716 -2.5749
 -2.4801 -2.3891 -2.2934 -2.1839 -2.0712 -1.8316 -1.6517 -1.5169 -1.4168 -1.3401
 -1.2788 -1.2277 -1.1839 -1.1450 -1.1127
 -4.0332 -3.6770 -3.3987 -3.1786 -3.0015 -2.8580 -2.7410 -2.6446 -2.5640 -2.4881
 -2.4015 -2.3080 -2.2188 -2.1258 -2.0256 -1.8014 -1.6338 -1.5113 -1.4217 -1.3526
 -1.2964 -1.2489 -1.2075 -1.1709 -1.1385 -1.1105
 -3.9111 -3.5879 -3.3329 -3.1277 -2.9583 -2.8153 -2.6930 -2.5876 -2.4951 -2.4117
 -2.3331 -2.2524 -2.1680 -2.0840 -1.9936 -1.7829 -1.6222 -1.5064 -1.4246 -1.3631
 -1.3128 -1.2696 -1.2315 -1.1973 -1.1661 -1.1382 -1.1141 -1.0982 -1.0933 -1.0967
 -3.7731 -3.4844 -3.2556 -3.0700 -2.9139 -2.7786 -2.6590 -2.5518 -2.4553 -2.3670
 -2.2840 -2.2041 -2.1247 -2.0485 -1.9688 -1.7715 -1.6148 -1.5017 -1.4238 -1.3686
 -1.3250 -1.2875 -1.2540 -1.2233 -1.1948 -1.1682 -1.1446 -1.1241 -1.1121 -1.1124
 -1.1219
 -3.6295 -3.3704 -3.1650 -2.9987 -2.8582 -2.7348 -2.6228 -2.5195 -2.4238 -2.3349
 -2.2512 -2.1710 -2.0932 -2.0175 -1.9447 -1.7629 -1.6107 -1.4975 -1.4201 -1.3682
 -1.3307 -1.2999 -1.2722 -1.2465 -1.2221 -1.1986 -1.1766 -1.1568 -1.1407 -1.1319
 -1.1371
 -3.4873 -3.2536 -3.0661 -2.9146 -2.7878 -2.6766 -2.5749 -2.4795 -2.3891 -2.3032
 -2.2214 -2.1430 -2.0672 -1.9934 -1.9226 -1.7516 -1.6062 -1.4939 -1.4147 -1.3629
 -1.3290 -1.3043 -1.2836 -1.2642 -1.2454 -1.2265 -1.2079 -1.1901 -1.1740 -1.1616
 -1.1567
 -3.3648 -3.1511 -2.9739 -2.8299 -2.7111 -2.6087 -2.5168 -2.4304 -2.3478 -2.2680
 -2.1908 -2.1162 -2.0438 -1.9736 -1.9055 -1.7425 -1.6021 -1.4917 -1.4112 -1.3570
 -1.3231 -1.3018 -1.2870 -1.2747 -1.2625 -1.2498 -1.2365 -1.2228 -1.2092 -1.1970
 -1.1855
 -3.2665 -3.0660 -2.8952 -2.7522 -2.6339 -2.5349 -2.4486 -2.3698 -2.2953 -2.2232
 -2.1528 -2.0840 -2.0167 -1.9511 -1.8869 -1.7332 -1.5973 -1.4885 -1.4078 -1.3517
 -1.3158 -1.2948 -1.2832 -1.2766 -1.2714 -1.2656 -1.2589 -1.2509 -1.2419 -1.2328
 -1.2246
 -3.1925 -2.9983 -2.8332 -2.6878 -2.5655 -2.4633 -2.3767 -2.3012 -2.2323 -2.1674
 -2.1046 -2.0430 -1.9825 -1.9228 -1.8668 -1.7237 -1.5918 -1.4843 -1.4045
 [Fe/H] = -2.00 [alpha/Fe] = 0.40 BC value = F547M
 -6.2720 -5.7647 -5.3554 -5.0529 -4.7475 -4.4562 -4.1679 -3.8920 -3.6350 -3.4057
 -3.1931 -2.9931 -2.8067 -2.6349 -2.4309 -2.0960
 -5.8596 -5.3383 -4.8958 -4.5249 -4.2159 -3.9514 -3.7150 -3.4956 -3.2948 -3.1132
 -2.9411 -2.7718 -2.6055 -2.4490 -2.2907 -1.9906 -1.7493 -1.5570 -1.4130
 -5.4446 -4.9206 -4.4756 -4.1091 -3.8121 -3.5706 -3.3690 -3.1893 -3.0283 -2.8820
 -2.7420 -2.6005 -2.4551 -2.3130 -2.1820 -1.9092 -1.6979 -1.5326 -1.4070 -1.3126
 -1.2392
 -5.0270 -4.5116 -4.0948 -3.8055 -3.5361 -3.3137 -3.1299 -2.9731 -2.8355 -2.7121
 -2.5958 -2.4792 -2.3555 -2.2269 -2.1048 -1.8518 -1.6616 -1.5161 -1.4052 -1.3206
 -1.2532 -1.1997 -1.1551
 -4.7169 -4.2100 -3.8161 -3.5205 -3.2968 -3.1201 -2.9695 -2.8307 -2.7037 -2.5897
 -2.4860 -2.3871 -2.2849 -2.1726 -2.0591 -1.8184 -1.6404 -1.5075 -1.4076 -1.3309
 -1.2696 -1.2186 -1.1750 -1.1366 -1.1050
 -4.5894 -4.0826 -3.6830 -3.3785 -3.1484 -2.9728 -2.8349 -2.7208 -2.6188 -2.5189
 -2.4165 -2.3200 -2.2287 -2.1343 -2.0316 -1.8005 -1.6289 -1.5035 -1.4114 -1.3418
 -1.2857 -1.2384 -1.1975 -1.1614 -1.1297 -1.1024
 -4.5224 -4.0203 -3.6238 -3.3159 -3.0766 -2.8890 -2.7409 -2.6222 -2.5256 -2.4456
 -2.3678 -2.2806 -2.1911 -2.1029 -2.0116 -1.7916 -1.6230 -1.5013 -1.4144 -1.3508
 -1.3005 -1.2578 -1.2202 -1.1866 -1.1562 -1.1291 -1.1060 -1.0909 -1.0863 -1.0895
 -4.4588 -3.9770 -3.5902 -3.2882 -3.0517 -2.8639 -2.7118 -2.5866 -2.4816 -2.3904
 -2.3092 -2.2341 -2.1578 -2.0785 -1.9949 -1.7868 -1.6201 -1.4994 -1.4149 -1.3559
 -1.3115 -1.2744 -1.2415 -1.2115 -1.1837 -1.1580 -1.1354 -1.1160 -1.1047 -1.1052
 -1.1147
 -4.3819 -3.9264 -3.5568 -3.2650 -3.0349 -2.8504 -2.6986 -2.5706 -2.4608 -2.3647
 -2.2776 -2.1967 -2.1203 -2.0476 -1.9749 -1.7824 -1.6187 -1.4974 -1.4129 -1.3561
 -1.3168 -1.2859 -1.2588 -1.2338 -1.2101 -1.1874 -1.1664 -1.1476 -1.1327 -1.1246
 -1.1301
 -4.2830 -3.8572 -3.5102 -3.2319 -3.0108 -2.8325 -2.6843 -2.5575 -2.4464 -2.3476
 -2.2578 -2.1745 -2.0955 -2.0204 -1.9497 -1.7736 -1.6163 -1.4945 -1.4087 -1.3518
 -1.3153 -1.2901 -1.2695 -1.2508 -1.2325 -1.2144 -1.1968 -1.1801 -1.1652 -1.1538
 -1.1497
 -4.1762 -3.7919 -3.4666 -3.1998 -2.9849 -2.8109 -2.6665 -2.5425 -2.4329 -2.3342
 -2.2439 -2.1600 -2.0809 -2.0054 -1.9335 -1.7647 -1.6148 -1.4939 -1.4059 -1.3467
 -1.3099 -1.2877 -1.2729 -1.2608 -1.2492 -1.2372 -1.2247 -1.2120 -1.1996 -1.1885
 -1.1781
 -4.0780 -3.7303 -3.4274 -3.1713 -2.9599 -2.7866 -2.6428 -2.5205 -2.4131 -2.3163
 -2.2273 -2.1447 -2.0670 -1.9929 -1.9218 -1.7564 -1.6113 -1.4929 -1.4037 -1.3418
 -1.3030 -1.2809 -1.2692 -1.2627 -1.2579 -1.2527 -1.2467 -1.2396 -1.2317 -1.2236
 -1.2165
 -3.9918 -3.6776 -3.4000 -3.1562 -2.9453 -2.7672 -2.6196 -2.4949 -2.3871 -2.2917
 -2.2048 -2.1244 -2.0491 -1.9777 -1.9146 -1.7487 -1.6058 -1.4915 -1.4021
 [Fe/H] = -1.50 [alpha/Fe] = 0.40 BC value = F547M
 -7.2142 -6.8396 -6.4708 -6.0938 -5.7191 -5.2937 -4.7932 -4.2243 -3.7459 -3.3810
 -3.0984 -2.8699 -2.6775 -2.5103 -2.3615 -2.0497
 -6.7757 -6.3038 -5.8699 -5.4634 -5.0791 -4.6888 -4.2633 -3.8107 -3.4326 -3.1356
 -2.8972 -2.6965 -2.5212 -2.3663 -2.2285 -1.9449 -1.7233 -1.5456 -1.4062
 -6.4149 -5.8871 -5.4103 -4.9812 -4.5915 -4.2285 -3.8653 -3.5014 -3.1957 -2.9486
 -2.7446 -2.5679 -2.4088 -2.2648 -2.1356 -1.8719 -1.6728 -1.5179 -1.3965 -1.3025
 -1.2283
 -6.1318 -5.5895 -5.0920 -4.6472 -4.2564 -3.9128 -3.5992 -3.2964 -3.0352 -2.8200
 -2.6406 -2.4841 -2.3403 -2.2058 -2.0828 -1.8307 -1.6440 -1.5026 -1.3935 -1.3088
 -1.2419 -1.1869 -1.1418
 -5.7375 -5.2028 -4.7763 -4.3802 -4.0147 -3.6883 -3.4037 -3.1457 -2.9173 -2.7249
 -2.5634 -2.4236 -2.2952 -2.1718 -2.0549 -1.8101 -1.6296 -1.4958 -1.3947 -1.3171
 -1.2556 -1.2047 -1.1617 -1.1242 -1.0935
 -5.3866 -4.8464 -4.4002 -4.0312 -3.7237 -3.4644 -3.2384 -3.0248 -2.8270 -2.6529
 -2.5037 -2.3749 -2.2596 -2.1492 -2.0402 -1.8019 -1.6240 -1.4941 -1.3981 -1.3259
 -1.2694 -1.2226 -1.1822 -1.1470 -1.1163 -1.0909
 -5.2535 -4.6757 -4.1957 -3.8046 -3.4884 -3.2324 -3.0268 -2.8620 -2.7221 -2.5916
 -2.4618 -2.3398 -2.2297 -2.1288 -2.0301 -1.8002 -1.6232 -1.4947 -1.4017 -1.3336
 -1.2819 -1.2396 -1.2029 -1.1703 -1.1411 -1.1154 -1.0939 -1.0802 -1.0761 -1.0788
 -5.2245 -4.6210 -4.1158 -3.7074 -3.3813 -3.1213 -2.9131 -2.7443 -2.6058 -2.4925
 -2.3970 -2.3051 -2.2088 -2.1125 -2.0196 -1.8010 -1.6248 -1.4959 -1.4042 -1.3388
 -1.2914 -1.2542 -1.2222 -1.1933 -1.1668 -1.1426 -1.1215 -1.1044 -1.0938 -1.0944
 -1.1032
 -5.2287 -4.6200 -4.1006 -3.6768 -3.3402 -3.0744 -2.8629 -2.6920 -2.5520 -2.4346
 -2.3340 -2.2469 -2.1687 -2.0903 -2.0083 -1.8016 -1.6274 -1.4972 -1.4048 -1.3408
 -1.2935 -1.2643 -1.2378 -1.2139 -1.1915 -1.1703 -1.1509 -1.1326 -1.1188 -1.1134
 -1.1189
 -5.2085 -4.6189 -4.1003 -3.6724 -3.3288 -3.0576 -2.8426 -2.6690 -2.5262 -2.4064
 -2.3032 -2.2117 -2.1289 -2.0534 -1.9818 -1.7973 -1.6280 -1.4970 -1.4031 -1.3388
 -1.2963 -1.2682 -1.2474 -1.2295 -1.2125 -1.1958 -1.1798 -1.1647 -1.1515 -1.1418
 -1.1385
 -5.1562 -4.6010 -4.1064 -3.6826 -3.3368 -3.0612 -2.8424 -2.6657 -2.5200 -2.3969
 -2.2906 -2.1966 -2.1112 -2.0322 -1.9588 -1.7888 -1.6293 -1.4986 -1.4023 -1.3359
 -1.2929 -1.2667 -1.2506 -1.2388 -1.2282 -1.2174 -1.2064 -1.1952 -1.1844 -1.1751
 -1.1663
 -5.0786 -4.5686 -4.1071 -3.6959 -3.3528 -3.0738 -2.8502 -2.6697 -2.5210 -2.3952
 -2.2861 -2.1896 -2.1023 -2.0220 -1.9468 -1.7777 -1.6277 -1.4999 -1.4019 -1.3326
 -1.2876 -1.2612 -1.2475 -1.2407 -1.2364 -1.2322 -1.2275 -1.2217 -1.2152 -1.2088
 -1.2033
 -4.9815 -4.5253 -4.1028 -3.7158 -3.3799 -3.0982 -2.8675 -2.6798 -2.5255 -2.3960
 -2.2843 -2.1858 -2.0971 -2.0158 -1.9458 -1.7640 -1.6232 -1.5009 -1.4019
 [Fe/H] = -1.00 [alpha/Fe] = 0.40 BC value = F547M
 -7.8681 -7.5531 -7.2622 -6.9823 -6.7690 -6.4256 -5.8113 -4.9164 -4.1904 -3.4799
 -3.0804 -2.8025 -2.5936 -2.4231 -2.2775 -1.9844
 -7.4100 -7.0389 -6.7083 -6.4050 -6.1280 -5.7725 -5.2260 -4.4802 -3.8004 -3.2895
 -2.9306 -2.6727 -2.4758 -2.3152 -2.1777 -1.9022 -1.6939 -1.5274 -1.3927
 -7.0720 -6.6477 -6.2723 -5.9355 -5.6132 -5.2556 -4.7766 -4.1585 -3.5971 -3.1551
 -2.8276 -2.5845 -2.3961 -2.2422 -2.1104 -1.8470 -1.6512 -1.5011 -1.3824 -1.2884
 -1.2143
 -6.8541 -6.3795 -5.9542 -5.5738 -5.2245 -4.8748 -4.4631 -3.9513 -3.4712 -3.0767
 -2.7714 -2.5379 -2.3545 -2.2041 -2.0756 -1.8188 -1.6299 -1.4883 -1.3789 -1.2928
 -1.2246 -1.1691 -1.1241
 -6.6600 -6.1722 -5.7187 -5.3031 -4.9236 -4.5700 -4.2122 -3.7915 -3.3774 -3.0227
 -2.7375 -2.5131 -2.3340 -2.1863 -2.0601 -1.8072 -1.6210 -1.4836 -1.3798 -1.2992
 -1.2359 -1.1846 -1.1419 -1.1053 -1.0760
 -6.2544 -5.8342 -5.4437 -5.0629 -4.6872 -4.3293 -3.9927 -3.6477 -3.2936 -2.9762
 -2.7114 -2.4971 -2.3234 -2.1790 -2.0550 -1.8052 -1.6195 -1.4836 -1.3830 -1.3065
 -1.2472 -1.1997 -1.1598 -1.1257 -1.0960 -1.0723
 -5.9001 -5.4156 -5.0104 -4.6642 -4.3546 -4.0639 -3.7767 -3.4905 -3.2000 -2.9248
 -2.6840 -2.4823 -2.3153 -2.1754 -2.0545 -1.8081 -1.6224 -1.4861 -1.3869 -1.3132
 -1.2574 -1.2137 -1.1775 -1.1462 -1.1186 -1.0950 -1.0762 -1.0642 -1.0615 -1.0645
 -5.7683 -5.2168 -4.7473 -4.3541 -4.0228 -3.7351 -3.4788 -3.2482 -3.0325 -2.8289
 -2.6370 -2.4611 -2.3054 -2.1712 -2.0543 -1.8130 -1.6275 -1.4899 -1.3906 -1.3185
 -1.2655 -1.2256 -1.1936 -1.1661 -1.1414 -1.1194 -1.1005 -1.0859 -1.0777 -1.0793
 -1.0875
 -5.7764 -5.1763 -4.6535 -4.2120 -3.8442 -3.5380 -3.2784 -3.0534 -2.8539 -2.6774
 -2.5269 -2.3975 -2.2777 -2.1620 -2.0523 -1.8181 -1.6336 -1.4943 -1.3936 -1.3218
 -1.2708 -1.2342 -1.2067 -1.1839 -1.1633 -1.1443 -1.1274 -1.1128 -1.1027 -1.0973
 -1.1017
 -5.8380 -5.2140 -4.6555 -4.1738 -3.7711 -3.4404 -3.1687 -2.9425 -2.7504 -2.5846
 -2.4406 -2.3175 -2.2135 -2.1222 -2.0343 -1.8196 -1.6376 -1.4975 -1.3948 -1.3223
 -1.2723 -1.2382 -1.2149 -1.1972 -1.1819 -1.1673 -1.1537 -1.1412 -1.1306 -1.1234
 -1.1221
 -5.8971 -5.2816 -4.7090 -4.2029 -3.7724 -3.4168 -3.1278 -2.8930 -2.6995 -2.5372
 -2.3986 -2.2787 -2.1742 -2.0828 -2.0018 -1.8167 -1.6429 -1.5024 -1.3974 -1.3226
 -1.2719 -1.2389 -1.2185 -1.2056 -1.1959 -1.1869 -1.1781 -1.1692 -1.1610 -1.1544
 -1.1506
 -5.9134 -5.3201 -4.7664 -4.2555 -3.8098 -3.4354 -3.1296 -2.8824 -2.6818 -2.5168
 -2.3780 -2.2592 -2.1554 -2.0634 -1.9805 -1.8036 -1.6448 -1.5069 -1.4002 -1.3226
 -1.2698 -1.2365 -1.2175 -1.2081 -1.2035 -1.2004 -1.1974 -1.1938 -1.1897 -1.1858
 -1.1829
 -5.8882 -5.3382 -4.8067 -4.3127 -3.8654 -3.4808 -3.1611 -2.9003 -2.6893 -2.5172
 -2.3742 -2.2529 -2.1477 -2.0548 -1.9704 -1.7803 -1.6433 -1.5110 -1.4032
 [Fe/H] = -0.75 [alpha/Fe] = 0.30 BC value = F547M
 -8.0307 -7.7283 -7.4511 -7.1921 -7.0305 -6.7180 -6.0816 -5.1190 -4.3005 -3.5212
 -3.0864 -2.7903 -2.5729 -2.3996 -2.2533 -1.9618
 -7.5724 -7.2195 -6.9102 -6.6345 -6.3983 -6.0719 -5.5145 -4.7036 -3.9325 -3.3510
 -2.9521 -2.6739 -2.4674 -2.3029 -2.1638 -1.8880 -1.6810 -1.5185 -1.3864
 -7.2366 -6.8331 -6.4825 -6.1759 -5.8875 -5.5566 -5.0726 -4.3954 -3.7498 -3.2371
 -2.8654 -2.5985 -2.3982 -2.2388 -2.1044 -1.8388 -1.6428 -1.4937 -1.3758 -1.2814
 -1.2062
 -7.0233 -6.5691 -6.1680 -5.8163 -5.4981 -5.1722 -4.7559 -4.1944 -3.6418 -3.1795
 -2.8263 -2.5641 -2.3653 -2.2073 -2.0751 -1.8142 -1.6233 -1.4813 -1.3716 -1.2848
 -1.2158 -1.1601 -1.1153
 -6.8561 -6.3757 -5.9371 -5.5426 -5.1874 -4.8530 -4.4948 -4.0347 -3.5597 -3.1433
 -2.8091 -2.5518 -2.3531 -2.1951 -2.0635 -1.8051 -1.6156 -1.4766 -1.3718 -1.2902
 -1.2258 -1.1740 -1.1302 -1.0941 -1.0663
 -6.5235 -6.1077 -5.7059 -5.3170 -4.9440 -4.5936 -4.2574 -3.8850 -3.4811 -3.1097
 -2.7979 -2.5485 -2.3516 -2.1933 -2.0619 -1.8050 -1.6152 -1.4766 -1.3744 -1.2964
 -1.2357 -1.1875 -1.1476 -1.1138 -1.0854 -1.0626
 -6.0913 -5.6438 -5.2735 -4.9523 -4.6517 -4.3491 -4.0371 -3.7237 -3.3902 -3.0670
 -2.7823 -2.5455 -2.3530 -2.1962 -2.0653 -1.8095 -1.6192 -1.4795 -1.3780 -1.3024
 -1.2448 -1.2001 -1.1636 -1.1326 -1.1058 -1.0826 -1.0650 -1.0550 -1.0531 -1.0568
 -5.9017 -5.3760 -4.9327 -4.5665 -4.2560 -3.9797 -3.7245 -3.4800 -3.2324 -2.9831
 -2.7460 -2.5335 -2.3518 -2.1991 -2.0699 -1.8160 -1.6256 -1.4840 -1.3817 -1.3073
 -1.2522 -1.2107 -1.1782 -1.1509 -1.1269 -1.1059 -1.0884 -1.0748 -1.0683 -1.0708
 -1.0795
 -5.8818 -5.2992 -4.7937 -4.3676 -4.0135 -3.7153 -3.4560 -3.2226 -3.0067 -2.8082
 -2.6342 -2.4782 -2.3323 -2.1962 -2.0729 -1.8230 -1.6330 -1.4896 -1.3852 -1.3107
 -1.2572 -1.2185 -1.1899 -1.1670 -1.1472 -1.1292 -1.1135 -1.1003 -1.0906 -1.0877
 -1.0944
 -5.9450 -5.3269 -4.7758 -4.3014 -3.9035 -3.5742 -3.2999 -3.0661 -2.8613 -2.6782
 -2.5165 -2.3787 -2.2628 -2.1599 -2.0606 -1.8272 -1.6387 -1.4940 -1.3875 -1.3118
 -1.2589 -1.2224 -1.1974 -1.1792 -1.1643 -1.1507 -1.1383 -1.1271 -1.1177 -1.1123
 -1.1126
 -6.0267 -5.4077 -4.8308 -4.3225 -3.8883 -3.5275 -3.2316 -2.9878 -2.7838 -2.6091
 -2.4572 -2.3247 -2.2102 -2.1119 -2.0259 -1.8281 -1.6459 -1.5006 -1.3915 -1.3132
 -1.2594 -1.2237 -1.2012 -1.1871 -1.1773 -1.1690 -1.1613 -1.1537 -1.1469 -1.1419
 -1.1395
 -6.0738 -5.4734 -4.9047 -4.3815 -3.9247 -3.5383 -3.2201 -2.9612 -2.7495 -2.5738
 -2.4250 -2.2968 -2.1849 -2.0864 -1.9991 -1.8158 -1.6504 -1.5069 -1.3959 -1.3146
 -1.2585 -1.2223 -1.2009 -1.1898 -1.1846 -1.1818 -1.1795 -1.1770 -1.1742 -1.1717
 -1.1704
 -6.0800 -5.5118 -4.9647 -4.4534 -3.9889 -3.5865 -3.2497 -2.9736 -2.7495 -2.5663
 -2.4140 -2.2849 -2.1732 -2.0750 -1.9802 -1.7903 -1.6522 -1.5129 -1.4007
 [Fe/H] = -0.50 [alpha/Fe] = 0.20 BC value = F547M
 -8.1886 -7.8961 -7.6287 -7.3842 -7.2576 -6.9576 -6.2983 -5.3862 -4.3979 -3.6434
 -3.0963 -2.7823 -2.5546 -2.3765 -2.2300 -1.9408
 -7.7298 -7.3898 -7.0957 -6.8409 -6.6350 -6.3298 -5.7643 -4.9033 -4.0553 -3.4131
 -2.9763 -2.6780 -2.4610 -2.2913 -2.1504 -1.8739 -1.6689 -1.5096 -1.3801
 -7.3947 -7.0057 -6.6732 -6.3906 -6.1304 -5.8252 -5.3413 -4.6174 -3.8983 -3.3180
 -2.9048 -2.6145 -2.4020 -2.2363 -2.0987 -1.8300 -1.6336 -1.4857 -1.3688 -1.2740
 -1.1977
 -7.1833 -6.7438 -6.3612 -6.0333 -5.7439 -5.4437 -5.0293 -4.4298 -3.8101 -3.2816
 -2.8818 -2.5918 -2.3776 -2.2115 -2.0749 -1.8091 -1.6160 -1.4736 -1.3640 -1.2764
 -1.2063 -1.1500 -1.1046
 -7.0328 -6.5600 -6.1344 -5.7591 -5.4284 -5.1175 -4.7650 -4.2748 -3.7439 -3.2653
 -2.8815 -2.5916 -2.3736 -2.2049 -2.0676 -1.8025 -1.6095 -1.4689 -1.3634 -1.2807
 -1.2150 -1.1624 -1.1192 -1.0837 -1.0556
 -6.7770 -6.3438 -5.9298 -5.5412 -5.1797 -4.8450 -4.5171 -4.1231 -3.6735 -3.2470
 -2.8864 -2.6012 -2.3809 -2.2090 -2.0698 -1.8044 -1.6103 -1.4690 -1.3654 -1.2860
 -1.2237 -1.1744 -1.1341 -1.1004 -1.0724 -1.0505
 -6.2991 -5.8860 -5.5412 -5.2311 -4.9252 -4.6103 -4.2882 -3.9582 -3.5865 -3.2153
 -2.8846 -2.6107 -2.3920 -2.2182 -2.0772 -1.8110 -1.6156 -1.4722 -1.3686 -1.2913
 -1.2318 -1.1855 -1.1484 -1.1175 -1.0911 -1.0689 -1.0527 -1.0440 -1.0431 -1.0476
 -6.0431 -5.5407 -5.1259 -4.7880 -4.5009 -4.2411 -3.9892 -3.7283 -3.4446 -3.1470
 -2.8623 -2.6113 -2.4009 -2.2284 -2.0867 -1.8195 -1.6235 -1.4776 -1.3724 -1.2958
 -1.2385 -1.1950 -1.1613 -1.1339 -1.1104 -1.0903 -1.0741 -1.0621 -1.0570 -1.0606
 -1.0701
 -5.9874 -5.4204 -4.9331 -4.5268 -4.1907 -3.9062 -3.6529 -3.4168 -3.1875 -2.9665
 -2.7618 -2.5709 -2.3931 -2.2339 -2.0955 -1.8286 -1.6324 -1.4845 -1.3765 -1.2992
 -1.2433 -1.2022 -1.1719 -1.1484 -1.1288 -1.1118 -1.0973 -1.0854 -1.0777 -1.0763
 -1.0842
 -6.0407 -5.4307 -4.8896 -4.4252 -4.0372 -3.7150 -3.4434 -3.2061 -2.9902 -2.7899
 -2.6099 -2.4560 -2.3246 -2.2050 -2.0901 -1.8355 -1.6400 -1.4907 -1.3800 -1.3010
 -1.2452 -1.2060 -1.1787 -1.1594 -1.1444 -1.1315 -1.1202 -1.1105 -1.1031 -1.0991
 -1.1011
 -6.1382 -5.5141 -4.9393 -4.4326 -3.9996 -3.6392 -3.3415 -3.0929 -2.8802 -2.6933
 -2.5266 -2.3804 -2.2548 -2.1485 -2.0554 -1.8405 -1.6493 -1.4990 -1.3856 -1.3035
 -1.2465 -1.2079 -1.1827 -1.1668 -1.1564 -1.1483 -1.1415 -1.1354 -1.1301 -1.1267
 -1.1262
 -6.2107 -5.6011 -5.0242 -4.4929 -4.0296 -3.6364 -3.3114 -3.0448 -2.8245 -2.6394
 -2.4800 -2.3412 -2.2199 -2.1141 -2.0218 -1.8300 -1.6565 -1.5073 -1.3917 -1.3064
 -1.2468 -1.2074 -1.1831 -1.1697 -1.1632 -1.1602 -1.1585 -1.1571 -1.1558 -1.1549
 -1.1551
 -6.2430 -5.6606 -5.0998 -4.5758 -4.0971 -3.6830 -3.3339 -3.0467 -2.8124 -2.6199
 -2.4589 -2.3218 -2.2028 -2.0985 -1.9893 -1.8040 -1.6616 -1.5156 -1.3983
 [Fe/H] = -0.25 [alpha/Fe] = 0.10 BC value = F547M
 -8.3619 -8.0699 -7.8051 -7.5681 -7.4501 -7.1383 -6.4578 -5.4586 -4.4769 -3.6840
 -3.1585 -2.8081 -2.5621 -2.3724 -2.2068 -1.9178
 -7.9007 -7.5650 -7.2782 -7.0357 -6.8450 -6.5456 -5.9636 -5.0608 -4.1638 -3.4699
 -3.0014 -2.6841 -2.4561 -2.2810 -2.1369 -1.8585 -1.6558 -1.4995 -1.3728
 -7.5644 -7.1819 -6.8592 -6.5915 -6.3505 -6.0614 -5.5673 -4.8098 -4.0285 -3.3924
 -2.9427 -2.6312 -2.4069 -2.2341 -2.0928 -1.8202 -1.6234 -1.4766 -1.3612 -1.2662
 -1.1892
 -7.3530 -6.9206 -6.5481 -6.2355 -5.9665 -5.6857 -5.2689 -4.6406 -3.9638 -3.3753
 -2.9338 -2.6187 -2.3902 -2.2158 -2.0745 -1.8029 -1.6075 -1.4649 -1.3557 -1.2676
 -1.1964 -1.1391 -1.0929
 -7.2120 -6.7427 -6.3241 -5.9613 -5.6493 -5.3589 -5.0094 -4.4960 -3.9152 -3.3783
 -2.9489 -2.6294 -2.3939 -2.2149 -2.0715 -1.7990 -1.6024 -1.4604 -1.3545 -1.2709
 -1.2038 -1.1500 -1.1063 -1.0704 -1.0430
 -7.0109 -6.5594 -6.1365 -5.7490 -5.3985 -5.0791 -4.7598 -4.3477 -3.8569 -3.3777
 -2.9697 -2.6507 -2.4092 -2.2244 -2.0777 -1.8033 -1.6044 -1.4607 -1.3558 -1.2752
 -1.2114 -1.1607 -1.1196 -1.0857 -1.0580 -1.0369
 -6.5331 -6.1438 -5.8058 -5.4859 -5.1669 -4.8457 -4.5248 -4.1821 -3.7764 -3.3588
 -2.9827 -2.6726 -2.4293 -2.2399 -2.0891 -1.8119 -1.6112 -1.4644 -1.3587 -1.2798
 -1.2185 -1.1705 -1.1324 -1.1010 -1.0749 -1.0538 -1.0385 -1.0312 -1.0313 -1.0368
 -6.2059 -5.7232 -5.3326 -5.0188 -4.7523 -4.5055 -4.2511 -3.9698 -3.6511 -3.3067
 -2.9759 -2.6864 -2.4479 -2.2569 -2.1033 -1.8227 -1.6209 -1.4707 -1.3627 -1.2840
 -1.2246 -1.1790 -1.1438 -1.1156 -1.0922 -1.0727 -1.0572 -1.0471 -1.0438 -1.0485
 -1.0590
 -6.1109 -5.5546 -5.0806 -4.6924 -4.3754 -4.1066 -3.8632 -3.6288 -3.3880 -3.1418
 -2.8986 -2.6663 -2.4540 -2.2710 -2.1178 -1.8343 -1.6319 -1.4791 -1.3677 -1.2878
 -1.2292 -1.1857 -1.1532 -1.1285 -1.1087 -1.0921 -1.0787 -1.0682 -1.0622 -1.0628
 -1.0719
 -6.1485 -5.5423 -5.0065 -4.5516 -4.1740 -3.8614 -3.5956 -3.3575 -3.1326 -2.9169
 -2.7203 -2.5482 -2.3958 -2.2544 -2.1211 -1.8439 -1.6414 -1.4871 -1.3724 -1.2901
 -1.2315 -1.1894 -1.1595 -1.1383 -1.1226 -1.1099 -1.0995 -1.0912 -1.0854 -1.0833
 -1.0874
 -6.2538 -5.6221 -5.0469 -4.5406 -4.1101 -3.7523 -3.4556 -3.2049 -2.9852 -2.7861
 -2.6047 -2.4447 -2.3083 -2.1928 -2.0903 -1.8534 -1.6529 -1.4976 -1.3798 -1.2939
 -1.2336 -1.1918 -1.1636 -1.1453 -1.1335 -1.1252 -1.1189 -1.1139 -1.1103 -1.1087
 -1.1103
 -6.3432 -5.7234 -5.1338 -4.5981 -4.1292 -3.7321 -3.4030 -3.1315 -2.9047 -2.7107
 -2.5408 -2.3909 -2.2597 -2.1465 -2.0490 -1.8462 -1.6629 -1.5080 -1.3879 -1.2985
 -1.2352 -1.1924 -1.1648 -1.1485 -1.1400 -1.1361 -1.1345 -1.1339 -1.1340 -1.1349
 -1.1371
 -6.3979 -5.7999 -5.2250 -4.6866 -4.1966 -3.7718 -3.4144 -3.1191 -2.8769 -2.6765
 -2.5076 -2.3623 -2.2357 -2.1248 -1.9972 -1.8223 -1.6714 -1.5183 -1.3967
 [Fe/H] =  0.00 [alpha/Fe] = 0.00 BC value = F547M
 -8.6545 -8.3423 -8.0505 -7.7526 -7.3934 -6.9212 -6.2947 -5.4805 -4.5266 -3.7178
 -3.1707 -2.8048 -2.5404 -2.3521 -2.1959 -1.8951
 -8.1214 -7.7751 -7.4800 -7.2348 -7.0077 -6.6947 -6.0981 -5.1576 -4.2395 -3.5150
 -3.0226 -2.6899 -2.4531 -2.2711 -2.1242 -1.8432 -1.6418 -1.4884 -1.3646
 -7.7807 -7.3904 -7.0626 -6.7953 -6.5588 -6.2688 -5.7420 -4.9477 -4.1252 -3.4507
 -2.9741 -2.6455 -2.4105 -2.2315 -2.0863 -1.8096 -1.6123 -1.4666 -1.3527 -1.2582
 -1.1808
 -7.5675 -7.1287 -6.7523 -6.4406 -6.1778 -5.9011 -5.4648 -4.8050 -4.0816 -3.4485
 -2.9758 -2.6413 -2.4006 -2.2188 -2.0727 -1.7953 -1.5979 -1.4554 -1.3468 -1.2588
 -1.1864 -1.1277 -1.0807
 -7.4302 -6.9539 -6.5306 -6.1673 -5.8608 -5.5783 -5.2185 -4.6782 -4.0534 -3.4686
 -3.0029 -2.6605 -2.4108 -2.2229 -2.0738 -1.7940 -1.5940 -1.4510 -1.3450 -1.2610
 -1.1927 -1.1374 -1.0927 -1.0566 -1.0296
 -7.1822 -6.7893 -6.3537 -5.9596 -5.6112 -5.2975 -4.9773 -4.5413 -4.0117 -3.4853
 -3.0373 -2.6912 -2.4327 -2.2374 -2.0839 -1.8006 -1.5972 -1.4514 -1.3458 -1.2644
 -1.1992 -1.1468 -1.1047 -1.0703 -1.0420 -1.0218
 -6.8056 -6.4206 -6.0676 -5.7261 -5.3919 -5.0647 -4.7430 -4.3827 -3.9429 -3.4817
 -3.0644 -2.7239 -2.4602 -2.2580 -2.0993 -1.8115 -1.6055 -1.4556 -1.3485 -1.2683
 -1.2054 -1.1555 -1.1160 -1.0839 -1.0576 -1.0365 -1.0224 -1.0167 -1.0177 -1.0244
 -6.4111 -5.9367 -5.5595 -5.2592 -5.0029 -4.7563 -4.4911 -4.1874 -3.8339 -3.4461
 -3.0727 -2.7491 -2.4872 -2.2810 -2.1176 -1.8248 -1.6171 -1.4629 -1.3526 -1.2722
 -1.2109 -1.1632 -1.1262 -1.0968 -1.0730 -1.0533 -1.0386 -1.0301 -1.0286 -1.0344
 -1.0462
 -6.2776 -5.7182 -5.2498 -4.8713 -4.5667 -4.3095 -4.0754 -3.8430 -3.5888 -3.3115
 -3.0250 -2.7498 -2.5058 -2.3025 -2.1369 -1.8389 -1.6302 -1.4728 -1.3583 -1.2762
 -1.2154 -1.1694 -1.1346 -1.1082 -1.0875 -1.0708 -1.0579 -1.0489 -1.0444 -1.0470
 -1.0575
 -6.2988 -5.6832 -5.1441 -4.6901 -4.3176 -4.0112 -3.7492 -3.5100 -3.2772 -3.0495
 -2.8374 -2.6451 -2.4673 -2.3008 -2.1486 -1.8514 -1.6420 -1.4829 -1.3643 -1.2792
 -1.2179 -1.1731 -1.1405 -1.1170 -1.0997 -1.0866 -1.0765 -1.0693 -1.0651 -1.0649
 -1.0713
 -6.4043 -5.7582 -5.1725 -4.6592 -4.2260 -3.8677 -3.5707 -3.3170 -3.0899 -2.8788
 -2.6846 -2.5133 -2.3673 -2.2415 -2.1273 -1.8653 -1.6561 -1.4958 -1.3736 -1.2844
 -1.2210 -1.1761 -1.1448 -1.1236 -1.1096 -1.1003 -1.0940 -1.0898 -1.0876 -1.0882
 -1.0916
 -6.5037 -5.8656 -5.2586 -4.7106 -4.2316 -3.8277 -3.4938 -3.2174 -2.9843 -2.7816
 -2.6011 -2.4408 -2.3012 -2.1818 -2.0794 -1.8632 -1.6690 -1.5087 -1.3840 -1.2906
 -1.2239 -1.1777 -1.1467 -1.1271 -1.1158 -1.1102 -1.1081 -1.1079 -1.1090 -1.1116
 -1.1159
 -6.5690 -5.9532 -5.3582 -4.7998 -4.2958 -3.8585 -3.4914 -3.1888 -2.9397 -2.7323
 -2.5557 -2.4026 -2.2687 -2.1520 -2.0049 -1.8451 -1.6807 -1.5216 -1.3955
 [Fe/H] =  0.25 [alpha/Fe] = 0.00 BC value = F547M
 -8.6113 -8.3365 -8.1002 -7.7735 -7.2459 -6.5780 -6.0234 -5.6335 -4.7406 -3.8980
 -3.2758 -2.8619 -2.5749 -2.3518 -2.1897 -1.8867
 -8.1561 -7.8508 -7.6048 -7.3707 -7.0835 -6.6861 -6.1325 -5.3859 -4.4861 -3.6960
 -3.1328 -2.7521 -2.4863 -2.2893 -2.1313 -1.8407 -1.6349 -1.4810 -1.3581
 -7.8223 -7.4764 -7.2004 -6.9907 -6.8119 -6.5629 -6.0613 -5.2413 -4.3917 -3.6451
 -3.0960 -2.7176 -2.4520 -2.2553 -2.1001 -1.8125 -1.6097 -1.4607 -1.3455 -1.2508
 -1.1713
 -7.6099 -7.2133 -6.8870 -6.6335 -6.4310 -6.2084 -5.8097 -5.1357 -4.3669 -3.6603
 -3.1143 -2.7258 -2.4513 -2.2488 -2.0909 -1.8011 -1.5973 -1.4504 -1.3397 -1.2503
 -1.1755 -1.1139 -1.0654
 -7.4815 -7.0397 -6.6588 -6.3479 -6.1018 -5.8783 -5.5650 -5.0285 -4.3615 -3.7015
 -3.1609 -2.7600 -2.4719 -2.2599 -2.0964 -1.8018 -1.5947 -1.4467 -1.3378 -1.2519
 -1.1816 -1.1240 -1.0777 -1.0407 -1.0127
 -7.3749 -6.9130 -6.4972 -6.1363 -5.8380 -5.5821 -5.3137 -4.8988 -4.3384 -3.7422
 -3.2168 -2.8081 -2.5061 -2.2826 -2.1116 -1.8099 -1.5992 -1.4477 -1.3386 -1.2548
 -1.1873 -1.1325 -1.0884 -1.0529 -1.0247 -1.0044
 -7.1095 -6.7039 -6.3167 -5.9564 -5.6285 -5.3351 -5.0638 -4.7338 -4.2799 -3.7595
 -3.2660 -2.8603 -2.5477 -2.3128 -2.1333 -1.8226 -1.6087 -1.4528 -1.3415 -1.2584
 -1.1931 -1.1406 -1.0986 -1.0651 -1.0381 -1.0172 -1.0036 -0.9992 -1.0011 -1.0092
 -6.6043 -6.2207 -5.9023 -5.6334 -5.3735 -5.1091 -4.8349 -4.5411 -4.1771 -3.7399
 -3.2959 -2.9053 -2.5904 -2.3471 -2.1592 -1.8379 -1.6214 -1.4614 -1.3462 -1.2624
 -1.1983 -1.1478 -1.1080 -1.0766 -1.0517 -1.0320 -1.0178 -1.0099 -1.0102 -1.0170
 -1.0301
 -6.3562 -5.8627 -5.4652 -5.1564 -4.9126 -4.7052 -4.5055 -4.2822 -4.0033 -3.6630
 -3.2899 -2.9329 -2.6273 -2.3810 -2.1870 -1.8549 -1.6359 -1.4728 -1.3531 -1.2668
 -1.2029 -1.1538 -1.1159 -1.0869 -1.0645 -1.0470 -1.0341 -1.0259 -1.0230 -1.0277
 -1.0394
 -6.3169 -5.7537 -5.2714 -4.8772 -4.5618 -4.3064 -4.0862 -3.8790 -3.6613 -3.4172
 -3.1539 -2.8870 -2.6312 -2.4029 -2.2106 -1.8710 -1.6492 -1.4844 -1.3606 -1.2709
 -1.2059 -1.1576 -1.1215 -1.0948 -1.0751 -1.0605 -1.0501 -1.0434 -1.0406 -1.0425
 -1.0512
 -6.4076 -5.8009 -5.2573 -4.7908 -4.4028 -4.0845 -3.8198 -3.5878 -3.3684 -3.1474
 -2.9294 -2.7233 -2.5368 -2.3677 -2.2126 -1.8904 -1.6652 -1.4990 -1.3719 -1.2777
 -1.2101 -1.1614 -1.1262 -1.1013 -1.0840 -1.0725 -1.0653 -1.0613 -1.0602 -1.0623
 -1.0683
 -6.5356 -5.9167 -5.3381 -4.8210 -4.3741 -3.9981 -3.6852 -3.4216 -3.1913 -2.9798
 -2.7793 -2.5927 -2.4264 -2.2829 -2.1588 -1.8975 -1.6809 -1.5137 -1.3844 -1.2862
 -1.2149 -1.1644 -1.1292 -1.1054 -1.0903 -1.0816 -1.0778 -1.0772 -1.0790 -1.0830
 -1.0896
 -6.6435 -6.0356 -5.4549 -4.9093 -4.4252 -4.0037 -3.6474 -3.3495 -3.0986 -2.8829
 -2.6914 -2.5187 -2.3639 -2.2280 -2.0492 -1.8923 -1.6963 -1.5285 -1.3981
 [Fe/H] =  0.50 [alpha/Fe] = 0.00 BC value = F547M
 -8.5689 -9.7212-10.0531 -9.6371 -8.5945 -7.3863 -6.3888 -5.7365 -4.9392 -4.0980
 -3.4139 -2.9472 -2.6264 -2.3888 -2.1934 -1.8764
 -8.1359 -8.3439 -8.3230 -8.0968 -7.6862 -7.1095 -6.3828 -5.5491 -4.7149 -3.9027
 -3.2739 -2.8404 -2.5409 -2.3221 -2.1532 -1.8462 -1.6348 -1.4774 -1.3541
 -7.8140 -7.5202 -7.2991 -7.1467 -7.0348 -6.8020 -6.2837 -5.4567 -4.6322 -3.8564
 -3.2451 -2.8146 -2.5133 -2.2941 -2.1255 -1.8225 -1.6126 -1.4585 -1.3371 -1.2394
 -1.1606
 -7.6032 -7.2501 -6.9815 -6.7868 -6.6402 -6.4639 -6.0915 -5.4037 -4.6240 -3.8823
 -3.2769 -2.8344 -2.5212 -2.2937 -2.1203 -1.8135 -1.6017 -1.4491 -1.3351 -1.2438
 -1.1671 -1.1036 -1.0533
 -7.4766 -7.0748 -6.7417 -6.4864 -6.2988 -6.1278 -5.8524 -5.3256 -4.6354 -3.9382
 -3.3375 -2.8823 -2.5522 -2.3118 -2.1302 -1.8154 -1.6001 -1.4459 -1.3331 -1.2449
 -1.1722 -1.1123 -1.0637 -1.0253 -0.9971
 -7.3976 -6.9600 -6.5764 -6.2589 -6.0158 -5.8157 -5.5936 -5.2070 -4.6323 -3.9943
 -3.4108 -2.9461 -2.5989 -2.3432 -2.1510 -1.8250 -1.6053 -1.4474 -1.3339 -1.2473
 -1.1773 -1.1199 -1.0733 -1.0362 -1.0072 -0.9869
 -7.2624 -6.8345 -6.4412 -6.0911 -5.7923 -5.5466 -5.3286 -5.0354 -4.5864 -4.0306
 -3.4808 -3.0153 -2.6550 -2.3840 -2.1798 -1.8395 -1.6155 -1.4532 -1.3368 -1.2506
 -1.1824 -1.1272 -1.0827 -1.0472 -1.0191 -0.9977 -0.9843 -0.9800 -0.9831 -0.9926
 -6.8533 -6.4513 -6.1855 -5.8846 -5.5982 -5.3306 -5.0842 -4.8309 -4.4850 -4.0268
 -3.5309 -3.0804 -2.7133 -2.4302 -2.2144 -1.8575 -1.6292 -1.4627 -1.3421 -1.2545
 -1.1874 -1.1340 -1.0913 -1.0577 -1.0311 -1.0105 -0.9961 -0.9887 -0.9903 -0.9982
 -1.0126
 -6.4383 -6.0182 -5.6942 -5.4461 -5.2406 -5.0470 -4.8420 -4.6118 -4.3314 -3.9683
 -3.5442 -3.1272 -2.7665 -2.4776 -2.2521 -1.8781 -1.6447 -1.4753 -1.3499 -1.2592
 -1.1920 -1.1398 -1.0989 -1.0671 -1.0425 -1.0235 -1.0099 -1.0019 -1.0001 -1.0066
 -1.0194
 -6.3117 -5.8045 -5.3852 -5.0545 -4.8000 -4.5990 -4.4279 -4.2617 -4.0657 -3.8051
 -3.4822 -3.1308 -2.7986 -2.5152 -2.2861 -1.8984 -1.6595 -1.4880 -1.3587 -1.2642
 -1.1954 -1.1437 -1.1043 -1.0744 -1.0519 -1.0351 -1.0236 -1.0166 -1.0146 -1.0181
 -1.0290
 -6.3610 -5.7972 -5.3034 -4.8905 -4.5562 -4.2893 -4.0710 -3.8794 -3.6932 -3.4908
 -3.2605 -3.0123 -2.7628 -2.5268 -2.3154 -1.9236 -1.6776 -1.5039 -1.3717 -1.2725
 -1.2005 -1.1480 -1.1092 -1.0807 -1.0602 -1.0458 -1.0367 -1.0319 -1.0311 -1.0345
 -1.0426
 -6.4946 -5.8997 -5.3575 -4.8809 -4.4773 -4.1429 -3.8676 -3.6355 -3.4280 -3.2274
 -3.0227 -2.8174 -2.6209 -2.4414 -2.2794 -1.9431 -1.6964 -1.5203 -1.3861 -1.2830
 -1.2069 -1.1522 -1.1130 -1.0853 -1.0664 -1.0542 -1.0478 -1.0457 -1.0473 -1.0521
 -1.0604
 -6.6296 -6.0384 -5.4741 -4.9604 -4.5052 -4.1150 -3.7864 -3.5107 -3.2754 -3.0662
 -2.8707 -2.6838 -2.5077 -2.3487 -2.1781 -1.9569 -1.7159 -1.5372 -1.4019
 [Fe/H] =  0.75 [alpha/Fe] = 0.00 BC value = F547M
 -8.4660 -8.9392 -8.8795 -8.2767 -7.3796 -6.5597 -6.0566 -5.8011 -5.0942 -4.3058
 -3.5779 -3.0573 -2.6987 -2.4437 -2.2386 -1.8917
 -8.0623 -8.0951 -7.9788 -7.7288 -7.3589 -6.8810 -6.3058 -5.6427 -4.8994 -4.1155
 -3.4421 -2.9552 -2.6169 -2.3743 -2.1888 -1.8609 -1.6416 -1.4790 -1.3525
 -7.7564 -7.5220 -7.3668 -7.2731 -7.1704 -6.9203 -6.3930 -5.5939 -4.8311 -4.0725
 -3.4206 -2.9376 -2.5964 -2.3505 -2.1650 -1.8418 -1.6221 -1.4619 -1.3401 -1.2417
 -1.1581
 -7.5483 -7.2199 -7.0436 -6.9096 -6.8143 -6.6774 -6.3181 -5.5975 -4.8359 -4.1017
 -3.4594 -2.9676 -2.6126 -2.3559 -2.1634 -1.8344 -1.6129 -1.4533 -1.3347 -1.2407
 -1.1622 -1.0966 -1.0437
 -7.4213 -7.0671 -6.7892 -6.5939 -6.4630 -6.3380 -6.0992 -5.5744 -4.8654 -4.1639
 -3.5297 -3.0272 -2.6538 -2.3814 -2.1779 -1.8372 -1.6118 -1.4504 -1.3327 -1.2413
 -1.1659 -1.1032 -1.0520 -1.0118 -0.9828
 -7.3526 -6.9514 -6.6114 -6.3456 -6.1597 -6.0122 -5.8312 -5.4693 -4.8826 -4.2280
 -3.6141 -3.1037 -2.7127 -2.4219 -2.2048 -1.8478 -1.6172 -1.4521 -1.3332 -1.2431
 -1.1702 -1.1099 -1.0606 -1.0211 -0.9910 -0.9705
 -7.2843 -6.8656 -6.4903 -6.1694 -5.9132 -5.7204 -5.5510 -5.2921 -4.8542 -4.2796
 -3.6957 -3.1870 -2.7822 -2.4737 -2.2416 -1.8643 -1.6276 -1.4581 -1.3361 -1.2459
 -1.1748 -1.1165 -1.0691 -1.0312 -1.0014 -0.9792 -0.9658 -0.9617 -0.9645 -0.9752
 -7.0385 -6.6749 -6.3332 -6.0144 -5.7293 -5.4864 -5.2847 -5.0736 -4.7534 -4.2898
 -3.7611 -3.2658 -2.8538 -2.5322 -2.2857 -1.8857 -1.6417 -1.4680 -1.3416 -1.2497
 -1.1792 -1.1227 -1.0770 -1.0407 -1.0121 -0.9903 -0.9752 -0.9679 -0.9697 -0.9783
 -0.9942
 -6.5436 -6.2149 -5.9390 -5.7061 -5.4900 -5.2711 -5.0564 -4.8453 -4.5924 -4.2380
 -3.7889 -3.3285 -2.9236 -2.5927 -2.3338 -1.9110 -1.6585 -1.4811 -1.3501 -1.2546
 -1.1837 -1.1282 -1.0842 -1.0494 -1.0223 -1.0017 -0.9870 -0.9784 -0.9770 -0.9843
 -0.9981
 -6.3038 -5.8602 -5.5096 -5.2409 -5.0406 -4.8820 -4.7371 -4.5804 -4.3822 -4.1096
 -3.7536 -3.3522 -2.9697 -2.6427 -2.3784 -1.9365 -1.6749 -1.4947 -1.3598 -1.2602
 -1.1873 -1.1321 -1.0893 -1.0562 -1.0308 -1.0118 -0.9985 -0.9906 -0.9884 -0.9928
 -1.0052
 -6.2872 -5.7734 -5.3355 -4.9791 -4.7014 -4.4875 -4.3179 -4.1731 -4.0305 -3.8560
 -3.6154 -3.3137 -2.9891 -2.6851 -2.4243 -1.9680 -1.6957 -1.5117 -1.3739 -1.2697
 -1.1932 -1.1368 -1.0944 -1.0624 -1.0386 -1.0214 -1.0099 -1.0035 -1.0021 -1.0061
 -1.0153
 -6.3969 -5.8408 -5.3410 -4.9114 -4.5558 -4.2688 -4.0385 -3.8477 -3.6778 -3.5096
 -3.3248 -3.1124 -2.8818 -2.6499 -2.4320 -1.9983 -1.7179 -1.5296 -1.3897 -1.2818
 -1.2010 -1.1420 -1.0989 -1.0674 -1.0448 -1.0292 -1.0198 -1.0154 -1.0156 -1.0205
 -1.0301
 -6.5516 -5.9793 -5.4448 -4.9652 -4.5477 -4.1960 -3.9043 -3.6623 -3.4558 -3.2691
 -3.0871 -2.9002 -2.7124 -2.5289 -2.4015 -2.0274 -1.7415 -1.5484 -1.4072
 [Fe/H] =  1.00 [alpha/Fe] = 0.00 BC value = F547M
 -8.3310 -7.3527 -6.2161 -5.8286 -5.7866 -5.9822 -6.1035 -5.8187 -5.2237 -4.4921
 -3.7587 -3.1862 -2.7879 -2.5051 -2.2954 -1.9146
 -7.9513 -7.9783 -7.8694 -7.6389 -7.2991 -6.8610 -6.3343 -5.7275 -5.0494 -4.3225
 -3.6282 -3.0933 -2.7144 -2.4433 -2.2401 -1.8886 -1.6554 -1.4862 -1.3534
 -7.6559 -8.0408 -8.1569 -8.0317 -7.6896 -7.1520 -6.4526 -5.6956 -4.9940 -4.2808
 -3.6117 -3.0843 -2.7018 -2.4258 -2.2200 -1.8723 -1.6397 -1.4715 -1.3448 -1.2432
 -1.1581
 -7.4448 -7.5402 -7.0785 -7.0072 -6.9583 -6.8552 -6.4585 -5.7230 -5.0064 -4.3055
 -3.6549 -3.1233 -2.7267 -2.4376 -2.2226 -1.8657 -1.6324 -1.4644 -1.3400 -1.2419
 -1.1608 -1.0921 -1.0367
 -7.3128 -7.0170 -6.8043 -6.6746 -6.5986 -6.5141 -6.3047 -5.7659 -5.0544 -4.3677
 -3.7302 -3.1928 -2.7777 -2.4708 -2.2422 -1.8691 -1.6315 -1.4617 -1.3380 -1.2422
 -1.1641 -1.0982 -1.0438 -1.0013 -0.9711
 -7.2472 -6.8928 -6.6069 -6.4019 -6.2754 -6.1773 -6.0322 -5.6922 -5.0949 -4.4371
 -3.8163 -3.2770 -2.8475 -2.5207 -2.2758 -1.8808 -1.6364 -1.4632 -1.3382 -1.2439
 -1.1677 -1.1040 -1.0515 -1.0094 -0.9776 -0.9564
 -7.2108 -6.8216 -6.4818 -6.2058 -6.0035 -5.8651 -5.7398 -5.5119 -5.0833 -4.4987
 -3.9041 -3.3692 -2.9279 -2.5833 -2.3211 -1.8998 -1.6467 -1.4689 -1.3407 -1.2461
 -1.1715 -1.1098 -1.0592 -1.0183 -0.9860 -0.9630 -0.9494 -0.9439 -0.9465 -0.9578
 -7.0946 -6.7175 -6.3744 -6.0663 -5.8071 -5.6052 -5.4522 -5.2805 -4.9844 -4.5201
 -3.9770 -3.4580 -3.0108 -2.6535 -2.3751 -1.9252 -1.6613 -1.4788 -1.3461 -1.2493
 -1.1752 -1.1153 -1.0663 -1.0269 -0.9956 -0.9721 -0.9565 -0.9490 -0.9499 -0.9586
 -0.9753
 -6.6751 -6.3960 -6.1272 -5.8690 -5.6254 -5.4014 -5.2057 -5.0335 -4.8126 -4.4746
 -4.0160 -3.5293 -3.0905 -2.7255 -2.4338 -1.9562 -1.6793 -1.4923 -1.3547 -1.2542
 -1.1793 -1.1204 -1.0729 -1.0349 -1.0052 -0.9825 -0.9662 -0.9568 -0.9553 -0.9623
 -0.9766
 -6.3019 -5.9297 -5.6491 -5.4378 -5.2713 -5.1180 -4.9594 -4.7916 -4.6006 -4.3441
 -3.9883 -3.5639 -3.1479 -2.7856 -2.4886 -1.9878 -1.6980 -1.5062 -1.3650 -1.2600
 -1.1828 -1.1240 -1.0777 -1.0411 -1.0128 -0.9914 -0.9762 -0.9667 -0.9637 -0.9682
 -0.9810
 -6.2006 -5.7461 -5.3675 -5.0710 -4.8490 -4.6837 -4.5565 -4.4461 -4.3261 -4.1556
 -3.8960 -3.5568 -3.1877 -2.8424 -2.5458 -2.0263 -1.7219 -1.5242 -1.3798 -1.2703
 -1.1892 -1.1289 -1.0828 -1.0472 -1.0201 -1.0000 -0.9861 -0.9777 -0.9748 -0.9783
 -0.9880
 -6.2648 -5.7558 -5.3062 -4.9285 -4.6240 -4.3857 -4.2012 -4.0539 -3.9272 -3.8014
 -3.6474 -3.4302 -3.1540 -2.8592 -2.5834 -2.0650 -1.7481 -1.5437 -1.3965 -1.2836
 -1.1980 -1.1347 -1.0877 -1.0524 -1.0262 -1.0073 -0.9949 -0.9879 -0.9862 -0.9899
 -0.9991
 -6.4146 -5.8754 -5.3801 -4.9406 -4.5661 -4.2569 -4.0060 -3.8024 -3.6322 -3.4788
 -3.3274 -3.1625 -2.9726 -2.7627 -2.6014 -2.1039 -1.7766 -1.5647 -1.4151
