 [Fe/H] = -2.50 [alpha/Fe] = 0.00 BC value = F460M
 -4.5932 -4.6685 -4.7376 -4.8050 -4.8701 -4.9276 -4.9540 -4.9912 -5.0341 -5.0880
 -5.1508 -5.2267 -5.2979 -5.3657 -5.4351 -5.5929 -5.7213 -5.8974 -6.0483
 -4.5044 -4.5831 -4.6647 -4.7488 -4.8319 -4.9067 -4.9717 -5.0291 -5.0817 -5.1324
 -5.1870 -5.2488 -5.3163 -5.3858 -5.4546 -5.6167 -5.7614 -5.8974 -6.0558 -6.2151
 -4.5049 -4.5788 -4.6540 -4.7300 -4.8065 -4.8843 -4.9624 -5.0350 -5.1005 -5.1598
 -5.2137 -5.2685 -5.3301 -5.3974 -5.4658 -5.6289 -5.7786 -5.9168 -6.0744 -6.2330
 -6.3846
 -4.5213 -4.5887 -4.6581 -4.7288 -4.8003 -4.8721 -4.9439 -5.0168 -5.0905 -5.1612
 -5.2274 -5.2849 -5.3416 -5.4041 -5.4707 -5.6353 -5.7896 -5.9324 -6.0882 -6.2461
 -6.3975 -6.5421
 -4.5539 -4.6132 -4.6753 -4.7400 -4.8066 -4.8744 -4.9425 -5.0107 -5.0795 -5.1500
 -5.2209 -5.2885 -5.3487 -5.4102 -5.4741 -5.6374 -5.7955 -5.9434 -6.0983 -6.2557
 -6.4070 -6.5515 -6.6895 -6.8219
 -4.6034 -4.6538 -4.7068 -4.7635 -4.8237 -4.8867 -4.9512 -5.0163 -5.0819 -5.1480
 -5.2153 -5.2840 -5.3472 -5.4102 -5.4751 -5.6380 -5.7976 -5.9497 -6.1048 -6.2623
 -6.4140 -6.5585 -6.6965 -6.8286 -6.9554 -7.0777 -7.1961 -7.3111 -7.4231 -7.5325
 -4.6653 -4.7106 -4.7544 -4.8014 -4.8531 -4.9093 -4.9687 -5.0300 -5.0925 -5.1557
 -5.2196 -5.2845 -5.3474 -5.4086 -5.4728 -5.6368 -5.7977 -5.9518 -6.1071 -6.2658
 -6.4186 -6.5637 -6.7018 -6.8340 -6.9606 -7.0824 -7.1999 -7.3138 -7.4243 -7.5320
 -7.6377
 -4.7385 -4.7794 -4.8176 -4.8558 -4.8973 -4.9446 -4.9965 -5.0523 -5.1106 -5.1704
 -5.2312 -5.2929 -5.3538 -5.4126 -5.4739 -5.6347 -5.7960 -5.9512 -6.1056 -6.2651
 -6.4202 -6.5667 -6.7056 -6.8381 -6.9649 -7.0865 -7.2035 -7.3165 -7.4261 -7.5326
 -7.6365
 -4.8172 -4.8568 -4.8930 -4.9261 -4.9589 -4.9959 -5.0385 -5.0863 -5.1383 -5.1932
 -5.2501 -5.3084 -5.3667 -5.4241 -5.4824 -5.6368 -5.7950 -5.9506 -6.1041 -6.2631
 -6.4207 -6.5699 -6.7104 -6.8437 -6.9711 -7.0930 -7.2103 -7.3234 -7.4327 -7.5383
 -7.6406
 -4.9014 -4.9428 -4.9731 -5.0053 -5.0343 -5.0629 -5.0955 -5.1337 -5.1770 -5.2246
 -5.2757 -5.3293 -5.3843 -5.4397 -5.4955 -5.6419 -5.7939 -5.9472 -6.0996 -6.2559
 -6.4138 -6.5659 -6.7091 -6.8441 -6.9723 -7.0949 -7.2124 -7.3254 -7.4369 -7.5422
 -7.6436
 -4.9912 -5.0374 -5.0579 -5.0865 -5.1178 -5.1440 -5.1692 -5.1976 -5.2312 -5.2697
 -5.3126 -5.3596 -5.4095 -5.4612 -5.5139 -5.6525 -5.7967 -5.9455 -6.0960 -6.2493
 -6.4049 -6.5579 -6.7041 -6.8419 -6.9720 -7.0957 -7.2140 -7.3274 -7.4365 -7.5419
 -7.6438
 -5.0865 -5.1406 -5.1474 -5.1683 -5.2026 -5.2313 -5.2550 -5.2774 -5.3022 -5.3311
 -5.3645 -5.4025 -5.4449 -5.4907 -5.5376 -5.6686 -5.8034 -5.9455 -6.0933
 [Fe/H] = -2.00 [alpha/Fe] = 0.00 BC value = F460M
 -4.5816 -4.6502 -4.7127 -4.7720 -4.8291 -4.8846 -4.9326 -4.9882 -5.0481 -5.1124
 -5.1805 -5.2539 -5.3259 -5.3962 -5.4661 -5.6280 -5.7631 -5.9095 -6.0435
 -4.5315 -4.6187 -4.7061 -4.7859 -4.8573 -4.9215 -4.9800 -5.0352 -5.0911 -5.1499
 -5.2121 -5.2787 -5.3486 -5.4193 -5.4888 -5.6517 -5.7911 -5.9254 -6.0588 -6.2048
 -4.5092 -4.5898 -4.6723 -4.7558 -4.8404 -4.9212 -4.9934 -5.0578 -5.1173 -5.1737
 -5.2312 -5.2921 -5.3582 -5.4276 -5.4972 -5.6610 -5.8077 -5.9434 -6.0796 -6.2314
 -6.3823
 -4.5024 -4.5783 -4.6560 -4.7344 -4.8127 -4.8902 -4.9684 -5.0458 -5.1176 -5.1833
 -5.2431 -5.3012 -5.3620 -5.4284 -5.4964 -5.6631 -5.8168 -5.9565 -6.0952 -6.2449
 -6.3950 -6.5395
 -4.5097 -4.5801 -4.6527 -4.7267 -4.8012 -4.8752 -4.9481 -5.0203 -5.0942 -5.1687
 -5.2400 -5.3042 -5.3647 -5.4272 -5.4939 -5.6609 -5.8201 -5.9654 -6.1067 -6.2548
 -6.4043 -6.5486 -6.6866 -6.8192
 -4.5321 -4.5955 -4.6617 -4.7303 -4.8002 -4.8709 -4.9415 -5.0111 -5.0801 -5.1499
 -5.2220 -5.2939 -5.3598 -5.4243 -5.4900 -5.6561 -5.8191 -5.9700 -6.1145 -6.2620
 -6.4111 -6.5554 -6.6934 -6.8257 -6.9527 -7.0754 -7.1942 -7.3094 -7.4214 -7.5305
 -4.5714 -4.6263 -4.6844 -4.7458 -4.8099 -4.8760 -4.9433 -5.0108 -5.0780 -5.1447
 -5.2120 -5.2810 -5.3487 -5.4148 -5.4823 -5.6505 -5.8153 -5.9706 -6.1184 -6.2662
 -6.4156 -6.5603 -6.6985 -6.8308 -6.9576 -7.0797 -7.1976 -7.3117 -7.4224 -7.5302
 -7.6360
 -4.6250 -4.6733 -4.7229 -4.7753 -4.8315 -4.8913 -4.9538 -5.0178 -5.0827 -5.1476
 -5.2123 -5.2776 -5.3421 -5.4068 -5.4730 -5.6430 -5.8099 -5.9680 -6.1184 -6.2671
 -6.4174 -6.5632 -6.7021 -6.8347 -6.9616 -7.0835 -7.2010 -7.3144 -7.4241 -7.5307
 -7.6347
 -4.6891 -4.7342 -4.7772 -4.8209 -4.8682 -4.9199 -4.9756 -5.0344 -5.0955 -5.1577
 -5.2205 -5.2835 -5.3456 -5.4073 -5.4704 -5.6372 -5.8049 -5.9652 -6.1174 -6.2668
 -6.4185 -6.5663 -6.7066 -6.8401 -6.9676 -7.0897 -7.2072 -7.3205 -7.4299 -7.5357
 -7.6387
 -4.7560 -4.8017 -4.8425 -4.8805 -4.9194 -4.9621 -5.0093 -5.0607 -5.1158 -5.1735
 -5.2330 -5.2930 -5.3533 -5.4133 -5.4737 -5.6333 -5.7979 -5.9586 -6.1118 -6.2610
 -6.4128 -6.5627 -6.7053 -6.8403 -6.9686 -7.0914 -7.2091 -7.3224 -7.4316 -7.5373
 -7.6416
 -4.8220 -4.8709 -4.9140 -4.9509 -4.9849 -5.0195 -5.0581 -5.1010 -5.1483 -5.1994
 -5.2535 -5.3096 -5.3671 -5.4251 -5.4835 -5.6354 -5.7939 -5.9523 -6.1057 -6.2546
 -6.4049 -6.5554 -6.7006 -6.8381 -6.9681 -7.0919 -7.2104 -7.3241 -7.4335 -7.5392
 -7.6414
 -4.8833 -4.9383 -4.9855 -5.0257 -5.0599 -5.0906 -5.1220 -5.1568 -5.1957 -5.2387
 -5.2855 -5.3358 -5.3895 -5.4440 -5.4998 -5.6435 -5.7929 -5.9463 -6.0991
 [Fe/H] = -1.50 [alpha/Fe] = 0.00 BC value = F460M
 -4.5658 -4.6301 -4.6889 -4.7444 -4.7988 -4.8554 -4.9172 -4.9855 -5.0572 -5.1296
 -5.2026 -5.2763 -5.3497 -5.4221 -5.4929 -5.6587 -5.8001 -5.9297 -6.0517
 -4.5728 -4.6491 -4.7181 -4.7813 -4.8410 -4.8997 -4.9606 -5.0263 -5.0944 -5.1632
 -5.2326 -5.3038 -5.3762 -5.4483 -5.5189 -5.6844 -5.8264 -5.9535 -6.0792 -6.2138
 -4.5349 -4.6211 -4.7072 -4.7872 -4.8592 -4.9250 -4.9874 -5.0505 -5.1154 -5.1808
 -5.2466 -5.3140 -5.3841 -5.4555 -5.5262 -5.6910 -5.8397 -5.9720 -6.0989 -6.2344
 -6.3793
 -4.5075 -4.5876 -4.6694 -4.7521 -4.8354 -4.9173 -4.9925 -5.0611 -5.1264 -5.1906
 -5.2543 -5.3180 -5.3842 -5.4537 -5.5240 -5.6899 -5.8448 -5.9834 -6.1137 -6.2494
 -6.3923 -6.5356
 -4.4958 -4.5714 -4.6492 -4.7284 -4.8075 -4.8862 -4.9646 -5.0425 -5.1186 -5.1892
 -5.2553 -5.3192 -5.3824 -5.4484 -5.5173 -5.6848 -5.8445 -5.9896 -6.1244 -6.2605
 -6.4019 -6.5444 -6.6824 -6.8151
 -4.4963 -4.5677 -4.6414 -4.7170 -4.7935 -4.8697 -4.9447 -5.0181 -5.0918 -5.1672
 -5.2419 -5.3122 -5.3784 -5.4430 -5.5095 -5.6773 -5.8406 -5.9916 -6.1314 -6.2686
 -6.4089 -6.5510 -6.6887 -6.8212 -6.9485 -7.0716 -7.1909 -7.3066 -7.4188 -7.5278
 -4.5093 -4.5753 -4.6442 -4.7155 -4.7882 -4.8616 -4.9348 -5.0069 -5.0778 -5.1481
 -5.2198 -5.2930 -5.3643 -5.4334 -5.5012 -5.6688 -5.8343 -5.9901 -6.1347 -6.2739
 -6.4139 -6.5557 -6.6935 -6.8259 -6.9530 -7.0754 -7.1938 -7.3085 -7.4196 -7.5274
 -7.6330
 -4.5367 -4.5957 -4.6583 -4.7240 -4.7920 -4.8614 -4.9318 -5.0021 -5.0718 -5.1406
 -5.2089 -5.2779 -5.3474 -5.4169 -5.4870 -5.6597 -5.8267 -5.9859 -6.1347 -6.2764
 -6.4167 -6.5585 -6.6968 -6.8295 -6.9566 -7.0788 -7.1967 -7.3107 -7.4210 -7.5279
 -7.6319
 -4.5798 -4.6312 -4.6864 -4.7452 -4.8069 -4.8712 -4.9373 -5.0045 -5.0723 -5.1399
 -5.2069 -5.2736 -5.3400 -5.4065 -5.4744 -5.6488 -5.8199 -5.9818 -6.1338 -6.2779
 -6.4194 -6.5619 -6.7011 -6.8346 -6.9622 -7.0847 -7.2026 -7.3163 -7.4263 -7.5327
 -7.6358
 -4.6334 -4.6800 -4.7283 -4.7793 -4.8334 -4.8908 -4.9509 -5.0134 -5.0777 -5.1428
 -5.2082 -5.2733 -5.3380 -5.4024 -5.4672 -5.6365 -5.8085 -5.9734 -6.1279 -6.2739
 -6.4161 -6.5592 -6.6998 -6.8344 -6.9630 -7.0860 -7.2041 -7.3178 -7.4276 -7.5337
 -7.6384
 -4.6925 -4.7387 -4.7829 -4.8273 -4.8740 -4.9237 -4.9765 -5.0326 -5.0915 -5.1526
 -5.2150 -5.2780 -5.3411 -5.4039 -5.4670 -5.6294 -5.7979 -5.9633 -6.1203 -6.2678
 -6.4104 -6.5536 -6.6957 -6.8322 -6.9622 -7.0862 -7.2051 -7.3192 -7.4291 -7.5352
 -7.6378
 -4.7528 -4.8014 -4.8456 -4.8865 -4.9276 -4.9703 -5.0157 -5.0643 -5.1164 -5.1716
 -5.2293 -5.2890 -5.3514 -5.4125 -5.4738 -5.6275 -5.7881 -5.9515 -6.1110
 [Fe/H] = -1.00 [alpha/Fe] = 0.00 BC value = F460M
 -4.5459 -4.6081 -4.6663 -4.7223 -4.7791 -4.8401 -4.9078 -4.9831 -5.0614 -5.1396
 -5.2171 -5.2939 -5.3694 -5.4435 -5.5156 -5.6850 -5.8323 -5.9577 -6.0728
 -4.5719 -4.6393 -4.7018 -4.7607 -4.8185 -4.8786 -4.9443 -5.0179 -5.0939 -5.1701
 -5.2459 -5.3216 -5.3970 -5.4711 -5.5432 -5.7122 -5.8584 -5.9888 -6.1057 -6.2280
 -4.5733 -4.6497 -4.7189 -4.7822 -4.8419 -4.9012 -4.9643 -5.0347 -5.1080 -5.1820
 -5.2558 -5.3297 -5.4038 -5.4775 -5.5497 -5.7181 -5.8692 -6.0045 -6.1256 -6.2492
 -6.3804
 -4.5335 -4.6203 -4.7051 -4.7830 -4.8525 -4.9158 -4.9776 -5.0444 -5.1148 -5.1863
 -5.2578 -5.3294 -5.4015 -5.4743 -5.5462 -5.7150 -5.8709 -6.0119 -6.1386 -6.2643
 -6.3948 -6.5310
 -4.5030 -4.5841 -4.6651 -4.7460 -4.8266 -4.9057 -4.9790 -5.0480 -5.1173 -5.1872
 -5.2570 -5.3264 -5.3959 -5.4668 -5.5380 -5.7078 -5.8674 -6.0142 -6.1468 -6.2750
 -6.4054 -6.5401 -6.6762 -6.8090
 -4.4896 -4.5648 -4.6414 -4.7194 -4.7970 -4.8742 -4.9512 -5.0285 -5.1056 -5.1803
 -5.2520 -5.3216 -5.3900 -5.4584 -5.5280 -5.6987 -5.8609 -6.0127 -6.1512 -6.2825
 -6.4132 -6.5468 -6.6822 -6.8144 -6.9421 -7.0657 -7.1858 -7.3023 -7.4151 -7.5240
 -4.4875 -4.5588 -4.6315 -4.7062 -4.7824 -4.8588 -4.9341 -5.0081 -5.0819 -5.1569
 -5.2333 -5.3085 -5.3807 -5.4499 -5.5182 -5.6886 -5.8527 -6.0086 -6.1523 -6.2871
 -6.4188 -6.5517 -6.6865 -6.8185 -6.9459 -7.0689 -7.1879 -7.3034 -7.4154 -7.5236
 -7.6288
 -4.4941 -4.5618 -4.6308 -4.7020 -4.7752 -4.8495 -4.9239 -4.9973 -5.0696 -5.1412
 -5.2129 -5.2862 -5.3607 -5.4345 -5.5064 -5.6780 -5.8435 -6.0025 -6.1507 -6.2890
 -6.4223 -6.5551 -6.6894 -6.8215 -6.9489 -7.0716 -7.1902 -7.3049 -7.4161 -7.5237
 -7.6277
 -4.5114 -4.5742 -4.6389 -4.7063 -4.7761 -4.8475 -4.9198 -4.9921 -5.0638 -5.1345
 -5.2043 -5.2740 -5.3444 -5.4161 -5.4888 -5.6677 -5.8357 -5.9971 -6.1488 -6.2906
 -6.4259 -6.5593 -6.6936 -6.8260 -6.9539 -7.0768 -7.1954 -7.3098 -7.4206 -7.5278
 -7.6315
 -4.5404 -4.5973 -4.6561 -4.7185 -4.7838 -4.8511 -4.9201 -4.9899 -5.0600 -5.1298
 -5.1988 -5.2672 -5.3352 -5.4035 -5.4727 -5.6501 -5.8242 -5.9882 -6.1426 -6.2873
 -6.4245 -6.5585 -6.6928 -6.8257 -6.9541 -7.0776 -7.1964 -7.3107 -7.4213 -7.5282
 -7.6317
 -4.5814 -4.6326 -4.6853 -4.7416 -4.8010 -4.8634 -4.9279 -4.9940 -5.0613 -5.1291
 -5.1968 -5.2642 -5.3311 -5.3977 -5.4644 -5.6350 -5.8091 -5.9776 -6.1348 -6.2819
 -6.4209 -6.5556 -6.6901 -6.8237 -6.9531 -7.0774 -7.1968 -7.3115 -7.4221 -7.5290
 -7.6324
 -4.6313 -4.6784 -4.7262 -4.7767 -4.8301 -4.8864 -4.9453 -5.0064 -5.0694 -5.1339
 -5.1992 -5.2650 -5.3307 -5.3962 -5.4639 -5.6224 -5.7904 -5.9653 -6.1254
 [Fe/H] = -0.75 [alpha/Fe] = 0.00 BC value = F460M
 -4.5344 -4.5964 -4.6554 -4.7133 -4.7733 -4.8376 -4.9076 -4.9838 -5.0634 -5.1433
 -5.2226 -5.3009 -5.3777 -5.4525 -5.5254 -5.6965 -5.8466 -5.9747 -6.0882
 -4.5637 -4.6300 -4.6924 -4.7520 -4.8116 -4.8739 -4.9411 -5.0164 -5.0945 -5.1732
 -5.2514 -5.3289 -5.4055 -5.4806 -5.5537 -5.7248 -5.8732 -6.0029 -6.1227 -6.2392
 -4.5753 -4.6466 -4.7125 -4.7742 -4.8335 -4.8933 -4.9574 -5.0299 -5.1057 -5.1827
 -5.2595 -5.3360 -5.4119 -5.4868 -5.5599 -5.7309 -5.8831 -6.0208 -6.1415 -6.2604
 -6.3858
 -4.5553 -4.6400 -4.7163 -4.7848 -4.8473 -4.9069 -4.9677 -5.0361 -5.1091 -5.1838
 -5.2588 -5.3338 -5.4086 -5.4829 -5.5559 -5.7273 -5.8836 -6.0263 -6.1528 -6.2751
 -6.4007 -6.5306
 -4.5253 -4.6048 -4.6811 -4.7639 -4.8418 -4.9118 -4.9748 -5.0402 -5.1102 -5.1823
 -5.2552 -5.3283 -5.4013 -5.4745 -5.5470 -5.7194 -5.8788 -6.0266 -6.1594 -6.2851
 -6.4113 -6.5402 -6.6731 -6.8052
 -4.4987 -4.5689 -4.6476 -4.7271 -4.8060 -4.8834 -4.9592 -5.0334 -5.1065 -5.1786
 -5.2504 -5.3221 -5.3933 -5.4647 -5.5362 -5.7094 -5.8712 -6.0235 -6.1621 -6.2916
 -6.4190 -6.5474 -6.6790 -6.8103 -6.9381 -7.0621 -7.1824 -7.2993 -7.4126 -7.5217
 -4.4840 -4.5573 -4.6315 -4.7073 -4.7840 -4.8603 -4.9350 -5.0090 -5.0843 -5.1615
 -5.2383 -5.3127 -5.3847 -5.4552 -5.5252 -5.6984 -5.8621 -6.0180 -6.1618 -6.2953
 -6.4242 -6.5527 -6.6834 -6.8142 -6.9415 -7.0647 -7.1841 -7.3001 -7.4125 -7.5212
 -7.6263
 -4.4856 -4.5557 -4.6263 -4.6985 -4.7725 -4.8474 -4.9220 -4.9955 -5.0683 -5.1413
 -5.2156 -5.2918 -5.3680 -5.4424 -5.5141 -5.6868 -5.8521 -6.0108 -6.1589 -6.2963
 -6.4274 -6.5563 -6.6864 -6.8169 -6.9441 -7.0670 -7.1859 -7.3011 -7.4128 -7.5209
 -7.6253
 -4.4947 -4.5615 -4.6291 -4.6981 -4.7692 -4.8419 -4.9154 -4.9885 -5.0610 -5.1326
 -5.2038 -5.2756 -5.3486 -5.4229 -5.4975 -5.6767 -5.8436 -6.0045 -6.1561 -6.2973
 -6.4308 -6.5608 -6.6908 -6.8212 -6.9487 -7.0718 -7.1907 -7.3056 -7.4168 -7.5246
 -7.6288
 -4.5114 -4.5746 -4.6377 -4.7032 -4.7710 -4.8408 -4.9121 -4.9836 -5.0553 -5.1263
 -5.1964 -5.2662 -5.3359 -5.4063 -5.4780 -5.6592 -5.8324 -5.9950 -6.1492 -6.2935
 -6.4295 -6.5606 -6.6906 -6.8209 -6.9488 -7.0723 -7.1913 -7.3061 -7.4171 -7.5245
 -7.6285
 -4.5393 -4.5970 -4.6558 -4.7164 -4.7800 -4.8462 -4.9142 -4.9833 -5.0531 -5.1229
 -5.1922 -5.2611 -5.3294 -5.3976 -5.4661 -5.6410 -5.8168 -5.9848 -6.1412 -6.2880
 -6.4263 -6.5586 -6.6888 -6.8194 -6.9477 -7.0719 -7.1914 -7.3065 -7.4175 -7.5248
 -7.6287
 -4.5787 -4.6310 -4.6843 -4.7397 -4.7982 -4.8596 -4.9234 -4.9890 -5.0558 -5.1234
 -5.1912 -5.2590 -5.3263 -5.3933 -5.4618 -5.6221 -5.7968 -5.9739 -6.1321
 [Fe/H] = -0.50 [alpha/Fe] = 0.00 BC value = F460M
 -4.5232 -4.5852 -4.6452 -4.7055 -4.7693 -4.8374 -4.9096 -4.9860 -5.0660 -5.1468
 -5.2273 -5.3068 -5.3847 -5.4605 -5.5342 -5.7069 -5.8597 -5.9894 -6.1059
 -4.5546 -4.6205 -4.6832 -4.7444 -4.8067 -4.8720 -4.9413 -5.0174 -5.0966 -5.1765
 -5.2563 -5.3353 -5.4129 -5.4889 -5.5629 -5.7365 -5.8873 -6.0222 -6.1409 -6.2516
 -4.5707 -4.6397 -4.7046 -4.7664 -4.8270 -4.8886 -4.9543 -5.0280 -5.1054 -5.1843
 -5.2632 -5.3417 -5.4190 -5.4949 -5.5690 -5.7428 -5.8967 -6.0362 -6.1583 -6.2731
 -6.3938
 -4.5695 -4.6455 -4.7152 -4.7796 -4.8404 -4.8998 -4.9610 -5.0307 -5.1056 -5.1826
 -5.2603 -5.3379 -5.4147 -5.4904 -5.5644 -5.7388 -5.8962 -6.0402 -6.1678 -6.2871
 -6.4087 -6.5332
 -4.5294 -4.6174 -4.7017 -4.7783 -4.8465 -4.9084 -4.9675 -5.0322 -5.1035 -5.1779
 -5.2538 -5.3300 -5.4059 -5.4811 -5.5550 -5.7302 -5.8903 -6.0388 -6.1723 -6.2962
 -6.4191 -6.5433 -6.6709 -6.8012
 -4.4963 -4.5771 -4.6590 -4.7407 -4.8206 -4.8971 -4.9667 -5.0324 -5.1015 -5.1734
 -5.2470 -5.3213 -5.3957 -5.4699 -5.5433 -5.7194 -5.8816 -6.0341 -6.1733 -6.3016
 -6.4262 -6.5507 -6.6771 -6.8061 -6.9334 -7.0575 -7.1782 -7.2956 -7.4095 -7.5190
 -4.4828 -4.5581 -4.6345 -4.7119 -4.7894 -4.8656 -4.9395 -5.0128 -5.0881 -5.1641
 -5.2389 -5.3127 -5.3860 -5.4587 -5.5312 -5.7074 -5.8716 -6.0273 -6.1714 -6.3041
 -6.4309 -6.5560 -6.6818 -6.8098 -6.9365 -7.0598 -7.1795 -7.2959 -7.4090 -7.5183
 -7.6236
 -4.4807 -4.5524 -4.6246 -4.6980 -4.7727 -4.8477 -4.9217 -4.9943 -5.0672 -5.1420
 -5.2189 -5.2967 -5.3732 -5.4473 -5.5195 -5.6950 -5.8609 -6.0191 -6.1671 -6.3041
 -6.4335 -6.5596 -6.6852 -6.8124 -6.9387 -7.0617 -7.1809 -7.2965 -7.4088 -7.5175
 -7.6225
 -4.4856 -4.5547 -4.6240 -4.6941 -4.7659 -4.8391 -4.9127 -4.9856 -5.0580 -5.1303
 -5.2032 -5.2775 -5.3533 -5.4298 -5.5054 -5.6843 -5.8516 -6.0118 -6.1632 -6.3041
 -6.4363 -6.5639 -6.6898 -6.8168 -6.9431 -7.0661 -7.1852 -7.3005 -7.4122 -7.5206
 -7.6255
 -4.4942 -4.5615 -4.6278 -4.6951 -4.7640 -4.8348 -4.9068 -4.9791 -5.0512 -5.1229
 -5.1940 -5.2653 -5.3371 -5.4100 -5.4839 -5.6682 -5.8400 -6.0017 -6.1554 -6.2995
 -6.4347 -6.5638 -6.6902 -6.8168 -6.9431 -7.0662 -7.1854 -7.3005 -7.4119 -7.5199
 -7.6245
 -4.5102 -4.5739 -4.6377 -4.7015 -4.7675 -4.8356 -4.9054 -4.9761 -5.0472 -5.1181
 -5.1886 -5.2586 -5.3283 -5.3982 -5.4688 -5.6480 -5.8252 -5.9912 -6.1468 -6.2936
 -6.4314 -6.5623 -6.6893 -6.8159 -6.9421 -7.0656 -7.1852 -7.3005 -7.4119 -7.5197
 -7.6242
 -4.5366 -4.5953 -4.6547 -4.7152 -4.7773 -4.8421 -4.9090 -4.9773 -5.0465 -5.1161
 -5.1855 -5.2547 -5.3234 -5.3918 -5.4601 -5.6237 -5.8072 -5.9803 -6.1374
 [Fe/H] = -0.25 [alpha/Fe] = 0.00 BC value = F460M
 -4.5135 -4.5760 -4.6376 -4.7008 -4.7685 -4.8401 -4.9142 -4.9905 -5.0703 -5.1510
 -5.2320 -5.3125 -5.3912 -5.4680 -5.5423 -5.7168 -5.8721 -6.0037 -6.1233
 -4.5465 -4.6124 -4.6760 -4.7392 -4.8045 -4.8732 -4.9451 -5.0218 -5.1012 -5.1815
 -5.2620 -5.3420 -5.4205 -5.4972 -5.5720 -5.7480 -5.9020 -6.0380 -6.1595 -6.2678
 -4.5646 -4.6327 -4.6975 -4.7602 -4.8228 -4.8874 -4.9554 -5.0301 -5.1085 -5.1882
 -5.2683 -5.3479 -5.4262 -5.5030 -5.5780 -5.7548 -5.9111 -6.0518 -6.1762 -6.2886
 -6.4043
 -4.5716 -4.6432 -4.7102 -4.7736 -4.8347 -4.8956 -4.9588 -5.0295 -5.1058 -5.1843
 -5.2637 -5.3429 -5.4212 -5.4980 -5.5730 -5.7505 -5.9097 -6.0548 -6.1838 -6.3014
 -6.4191 -6.5397
 -4.5527 -4.6361 -4.7116 -4.7801 -4.8433 -4.9033 -4.9624 -5.0276 -5.1003 -5.1765
 -5.2546 -5.3331 -5.4110 -5.4877 -5.5629 -5.7412 -5.9029 -6.0518 -6.1864 -6.3091
 -6.4291 -6.5499 -6.6720 -6.7973
 -4.5068 -4.5919 -4.6773 -4.7603 -4.8371 -4.9057 -4.9669 -5.0278 -5.0960 -5.1690
 -5.2447 -5.3218 -5.3988 -5.4752 -5.5503 -5.7294 -5.8933 -6.0457 -6.1854 -6.3132
 -6.4356 -6.5572 -6.6788 -6.8034 -6.9289 -7.0529 -7.1738 -7.2916 -7.4058 -7.5157
 -4.4843 -4.5622 -4.6412 -4.7210 -4.8000 -4.8771 -4.9509 -5.0203 -5.0904 -5.1625
 -5.2362 -5.3113 -5.3868 -5.4623 -5.5369 -5.7165 -5.8823 -6.0376 -6.1819 -6.3144
 -6.4396 -6.5621 -6.6839 -6.8073 -6.9320 -7.0549 -7.1747 -7.2914 -7.4049 -7.5148
 -7.6205
 -4.4776 -4.5509 -4.6250 -4.7002 -4.7760 -4.8513 -4.9247 -4.9962 -5.0691 -5.1449
 -5.2224 -5.2996 -5.3753 -5.4500 -5.5238 -5.7031 -5.8707 -6.0283 -6.1763 -6.3131
 -6.4414 -6.5653 -6.6875 -6.8102 -6.9342 -7.0565 -7.1757 -7.2915 -7.4041 -7.5134
 -7.6191
 -4.4797 -4.5505 -4.6211 -4.6926 -4.7653 -4.8388 -4.9120 -4.9839 -5.0557 -5.1285
 -5.2034 -5.2803 -5.3583 -5.4359 -5.5117 -5.6915 -5.8605 -6.0201 -6.1711 -6.3119
 -6.4434 -6.5693 -6.6923 -6.8149 -6.9384 -7.0606 -7.1796 -7.2951 -7.4072 -7.5160
 -7.6214
 -4.4849 -4.5541 -4.6224 -4.6909 -4.7606 -4.8318 -4.9039 -4.9759 -5.0477 -5.1193
 -5.1914 -5.2645 -5.3388 -5.4143 -5.4904 -5.6766 -5.8480 -6.0091 -6.1624 -6.3063
 -6.4411 -6.5690 -6.6929 -6.8155 -6.9385 -7.0604 -7.1793 -7.2946 -7.4063 -7.5147
 -7.6199
 -4.4932 -4.5609 -4.6275 -4.6937 -4.7609 -4.8298 -4.9001 -4.9712 -5.0426 -5.1139
 -5.1850 -5.2561 -5.3275 -5.3994 -5.4721 -5.6558 -5.8340 -5.9981 -6.1531 -6.2996
 -6.4373 -6.5674 -6.6924 -6.8151 -6.9379 -7.0597 -7.1787 -7.2941 -7.4057 -7.5140
 -7.6189
 -4.5080 -4.5725 -4.6366 -4.7008 -4.7654 -4.8320 -4.9002 -4.9697 -5.0400 -5.1105
 -5.1809 -5.2511 -5.3210 -5.3908 -5.4568 -5.6291 -5.8185 -5.9871 -6.1432
 [Fe/H] =  0.00 [alpha/Fe] = 0.00 BC value = F460M
 -4.5042 -4.5672 -4.6307 -4.6969 -4.7668 -4.8407 -4.9163 -4.9928 -5.0728 -5.1530
 -5.2343 -5.3155 -5.3954 -5.4730 -5.5484 -5.7244 -5.8817 -6.0156 -6.1366
 -4.5387 -4.6045 -4.6692 -4.7347 -4.8026 -4.8741 -4.9479 -5.0251 -5.1047 -5.1847
 -5.2654 -5.3459 -5.4253 -5.5030 -5.5786 -5.7568 -5.9141 -6.0508 -6.1747 -6.2841
 -4.5581 -4.6254 -4.6904 -4.7541 -4.8188 -4.8860 -4.9564 -5.0321 -5.1112 -5.1911
 -5.2714 -5.3516 -5.4308 -5.5085 -5.5842 -5.7637 -5.9231 -6.0646 -6.1912 -6.3037
 -6.4146
 -4.5688 -4.6380 -4.7037 -4.7667 -4.8287 -4.8915 -4.9570 -5.0290 -5.1063 -5.1857
 -5.2657 -5.3458 -5.4250 -5.5027 -5.5787 -5.7591 -5.9212 -6.0668 -6.1975 -6.3147
 -6.4289 -6.5462
 -4.5573 -4.6414 -4.7108 -4.7756 -4.8371 -4.8970 -4.9576 -5.0239 -5.0978 -5.1755
 -5.2548 -5.3346 -5.4137 -5.4917 -5.5679 -5.7491 -5.9136 -6.0628 -6.1983 -6.3208
 -6.4381 -6.5560 -6.6746 -6.7952
 -4.5264 -4.6148 -4.6981 -4.7734 -4.8412 -4.9030 -4.9614 -5.0217 -5.0904 -5.1648
 -5.2424 -5.3212 -5.4001 -5.4781 -5.5545 -5.7366 -5.9030 -6.0554 -6.1956 -6.3232
 -6.4437 -6.5627 -6.6815 -6.8011 -6.9238 -7.0467 -7.1678 -7.2861 -7.4008 -7.5113
 -4.4904 -4.5714 -4.6538 -4.7363 -4.8167 -4.8923 -4.9606 -5.0217 -5.0863 -5.1567
 -5.2312 -5.3082 -5.3860 -5.4636 -5.5400 -5.7229 -5.8912 -6.0462 -6.1905 -6.3230
 -6.4468 -6.5672 -6.6864 -6.8055 -6.9267 -7.0481 -7.1681 -7.2854 -7.3994 -7.5099
 -7.6163
 -4.4769 -4.5520 -4.6282 -4.7055 -4.7829 -4.8591 -4.9329 -5.0035 -5.0739 -5.1466
 -5.2212 -5.2968 -5.3731 -5.4495 -5.5255 -5.7087 -5.8786 -6.0360 -6.1837 -6.3204
 -6.4477 -6.5699 -6.6898 -6.8087 -6.9290 -7.0498 -7.1688 -7.2850 -7.3980 -7.5080
 -7.6145
 -4.4760 -4.5478 -4.6198 -4.6928 -4.7668 -4.8409 -4.9139 -4.9847 -5.0553 -5.1282
 -5.2041 -5.2820 -5.3602 -5.4374 -5.5133 -5.6962 -5.8675 -6.0270 -6.1775 -6.3180
 -6.4490 -6.5735 -6.6944 -6.8136 -6.9334 -7.0536 -7.1722 -7.2879 -7.4004 -7.5098
 -7.6161
 -4.4798 -4.5495 -4.6189 -4.6886 -4.7592 -4.8310 -4.9030 -4.9741 -5.0447 -5.1158
 -5.1885 -5.2633 -5.3397 -5.4171 -5.4946 -5.6814 -5.8540 -6.0153 -6.1679 -6.3116
 -6.4459 -6.5729 -6.6950 -6.8145 -6.9337 -7.0534 -7.1716 -7.2869 -7.3989 -7.5078
 -7.6138
 -4.4848 -4.5542 -4.6218 -4.6894 -4.7575 -4.8269 -4.8973 -4.9681 -5.0389 -5.1097
 -5.1808 -5.2528 -5.3258 -5.3998 -5.4746 -5.6619 -5.8402 -6.0036 -6.1579 -6.3040
 -6.4414 -6.5710 -6.6946 -6.8146 -6.9336 -7.0528 -7.1708 -7.2859 -7.3978 -7.5065
 -7.6121
 -4.4919 -4.5602 -4.6270 -4.6931 -4.7593 -4.8266 -4.8953 -4.9650 -5.0353 -5.1058
 -5.1764 -5.2470 -5.3179 -5.3892 -5.4533 -5.6377 -5.8261 -5.9919 -6.1475
 [Fe/H] =  0.25 [alpha/Fe] = 0.00 BC value = F460M
 -4.4972 -4.5613 -4.6274 -4.6956 -4.7663 -4.8397 -4.9159 -4.9951 -5.0763 -5.1563
 -5.2370 -5.3185 -5.3993 -5.4781 -5.5540 -5.7318 -5.8908 -6.0281 -6.1479
 -4.5329 -4.5994 -4.6658 -4.7339 -4.8044 -4.8779 -4.9532 -5.0300 -5.1098 -5.1894
 -5.2696 -5.3504 -5.4305 -5.5090 -5.5854 -5.7656 -5.9263 -6.0642 -6.1896 -6.3018
 -4.5530 -4.6201 -4.6858 -4.7514 -4.8183 -4.8881 -4.9607 -5.0367 -5.1161 -5.1958
 -5.2758 -5.3561 -5.4359 -5.5143 -5.5909 -5.7726 -5.9356 -6.0780 -6.2063 -6.3202
 -6.4299
 -4.5654 -4.6333 -4.6986 -4.7621 -4.8255 -4.8906 -4.9586 -5.0316 -5.1099 -5.1895
 -5.2696 -5.3497 -5.4294 -5.5080 -5.5848 -5.7676 -5.9332 -6.0797 -6.2116 -6.3296
 -6.4409 -6.5545
 -4.5704 -4.6410 -4.7076 -4.7709 -4.8322 -4.8932 -4.9559 -5.0237 -5.0988 -5.1775
 -5.2573 -5.3375 -5.4173 -5.4960 -5.5732 -5.7569 -5.9247 -6.0747 -6.2109 -6.3338
 -6.4490 -6.5640 -6.6799 -6.7962
 -4.5524 -4.6338 -4.7078 -4.7756 -4.8385 -4.8983 -4.9570 -5.0185 -5.0883 -5.1640
 -5.2428 -5.3227 -5.4024 -5.4814 -5.5589 -5.7436 -5.9132 -6.0663 -6.2067 -6.3346
 -6.4536 -6.5702 -6.6866 -6.8027 -6.9205 -7.0412 -7.1616 -7.2801 -7.3951 -7.5060
 -4.5035 -4.5898 -4.6748 -4.7573 -4.8326 -4.9001 -4.9609 -5.0184 -5.0818 -5.1527
 -5.2287 -5.3073 -5.3866 -5.4656 -5.5433 -5.7291 -5.9002 -6.0560 -6.2002 -6.3327
 -6.4556 -6.5741 -6.6913 -6.8075 -6.9241 -7.0430 -7.1620 -7.2790 -7.3934 -7.5043
 -7.6112
 -4.4801 -4.5573 -4.6362 -4.7160 -4.7954 -4.8729 -4.9467 -5.0138 -5.0775 -5.1449
 -5.2174 -5.2935 -5.3714 -5.4497 -5.5273 -5.7140 -5.8866 -6.0448 -6.1921 -6.3288
 -6.4556 -6.5764 -6.6945 -6.8109 -6.9269 -7.0445 -7.1623 -7.2781 -7.3914 -7.5019
 -7.6090
 -4.4745 -4.5474 -4.6209 -4.6957 -4.7711 -4.8462 -4.9195 -4.9903 -5.0602 -5.1314
 -5.2056 -5.2820 -5.3592 -5.4367 -5.5137 -5.7005 -5.8746 -6.0350 -6.1850 -6.3253
 -6.4559 -6.5794 -6.6988 -6.8158 -6.9316 -7.0484 -7.1654 -7.2806 -7.3932 -7.5030
 -7.6099
 -4.4764 -4.5468 -4.6169 -4.6877 -4.7596 -4.8321 -4.9041 -4.9747 -5.0441 -5.1144
 -5.1872 -5.2630 -5.3406 -5.4190 -5.4969 -5.6849 -5.8601 -6.0225 -6.1746 -6.3178
 -6.4519 -6.5783 -6.6992 -6.8166 -6.9323 -7.0484 -7.1646 -7.2792 -7.3912 -7.5005
 -7.6069
 -4.4809 -4.5505 -4.6187 -4.6869 -4.7558 -4.8258 -4.8964 -4.9667 -5.0365 -5.1062
 -5.1768 -5.2495 -5.3240 -5.4000 -5.4767 -5.6669 -5.8456 -6.0099 -6.1639 -6.3094
 -6.4465 -6.5758 -6.6985 -6.8167 -6.9325 -7.0480 -7.1638 -7.2779 -7.3896 -7.4985
 -7.6045
 -4.4851 -4.5546 -4.6225 -4.6889 -4.7561 -4.8239 -4.8928 -4.9624 -5.0322 -5.1019
 -5.1719 -5.2426 -5.3144 -5.3872 -5.4531 -5.6465 -5.8311 -5.9972 -6.1529
 [Fe/H] =  0.50 [alpha/Fe] = 0.00 BC value = F460M
 -4.4920 -4.5519 -4.6168 -4.6860 -4.7590 -4.8354 -4.9147 -4.9967 -5.0799 -5.1601
 -5.2402 -5.3216 -5.4029 -5.4826 -5.5597 -5.7388 -5.8998 -6.0400 -6.1601
 -4.5289 -4.5960 -4.6650 -4.7357 -4.8081 -4.8819 -4.9571 -5.0342 -5.1148 -5.1944
 -5.2741 -5.3547 -5.4352 -5.5145 -5.5916 -5.7736 -5.9373 -6.0772 -6.1983 -6.3091
 -4.5495 -4.6166 -4.6837 -4.7512 -4.8205 -4.8922 -4.9658 -5.0419 -5.1214 -5.2010
 -5.2805 -5.3606 -5.4407 -5.5197 -5.5969 -5.7805 -5.9468 -6.0909 -6.2203 -6.3362
 -6.4459
 -4.5629 -4.6300 -4.6953 -4.7598 -4.8248 -4.8919 -4.9617 -5.0356 -5.1143 -5.1941
 -5.2737 -5.3538 -5.4337 -5.5127 -5.5902 -5.7750 -5.9438 -6.0921 -6.2249 -6.3442
 -6.4542 -6.5640
 -4.5714 -4.6395 -4.7045 -4.7673 -4.8291 -4.8915 -4.9561 -5.0254 -5.1014 -5.1807
 -5.2606 -5.3408 -5.4207 -5.4999 -5.5777 -5.7636 -5.9345 -6.0865 -6.2231 -6.3468
 -6.4609 -6.5729 -6.6862 -6.7999
 -4.5685 -4.6418 -4.7100 -4.7741 -4.8351 -4.8945 -4.9541 -5.0172 -5.0881 -5.1651
 -5.2446 -5.3248 -5.4049 -5.4843 -5.5625 -5.7495 -5.9220 -6.0771 -6.2176 -6.3459
 -6.4642 -6.5785 -6.6926 -6.8065 -6.9200 -7.0364 -7.1553 -7.2733 -7.3885 -7.4998
 -4.5305 -4.6100 -4.6976 -4.7713 -4.8380 -4.8994 -4.9572 -5.0147 -5.0788 -5.1509
 -5.2282 -5.3078 -5.3878 -5.4674 -5.5459 -5.7342 -5.9081 -6.0658 -6.2099 -6.3426
 -6.4650 -6.5818 -6.6969 -6.8112 -6.9243 -7.0389 -7.1557 -7.2721 -7.3865 -7.4977
 -7.6051
 -4.4889 -4.5693 -4.6516 -4.7344 -4.8147 -4.8896 -4.9569 -5.0165 -5.0755 -5.1411
 -5.2140 -5.2914 -5.3706 -5.4501 -5.5288 -5.7183 -5.8936 -6.0537 -6.2008 -6.3373
 -6.4638 -6.5834 -6.6998 -6.8146 -6.9276 -7.0410 -7.1561 -7.2710 -7.3841 -7.4949
 -7.6024
 -4.4764 -4.5505 -4.6260 -4.7026 -4.7797 -4.8560 -4.9306 -5.0017 -5.0688 -5.1349
 -5.2048 -5.2792 -5.3566 -5.4352 -5.5136 -5.7039 -5.8807 -6.0429 -6.1927 -6.3327
 -6.4630 -6.5857 -6.7038 -6.8192 -6.9324 -7.0453 -7.1594 -7.2733 -7.3855 -7.4954
 -7.6028
 -4.4753 -4.5461 -4.6172 -4.6892 -4.7622 -4.8355 -4.9078 -4.9782 -5.0474 -5.1169
 -5.1884 -5.2632 -5.3402 -5.4184 -5.4965 -5.6870 -5.8652 -6.0295 -6.1816 -6.3243
 -6.4581 -6.5838 -6.7038 -6.8199 -6.9332 -7.0455 -7.1587 -7.2717 -7.3832 -7.4924
 -7.5990
 -4.4795 -4.5486 -4.6172 -4.6860 -4.7557 -4.8264 -4.8971 -4.9670 -5.0358 -5.1044
 -5.1743 -5.2471 -5.3225 -5.3996 -5.4774 -5.6695 -5.8498 -6.0159 -6.1701 -6.3152
 -6.4518 -6.5806 -6.7027 -6.8198 -6.9334 -7.0456 -7.1581 -7.2704 -7.3812 -7.4899
 -7.5960
 -4.4833 -4.5528 -4.6202 -4.6873 -4.7547 -4.8230 -4.8921 -4.9614 -5.0304 -5.0990
 -5.1679 -5.2382 -5.3105 -5.3846 -5.4563 -5.6514 -5.8345 -6.0021 -6.1582
 [Fe/H] =  0.75 [alpha/Fe] = 0.00 BC value = F460M
 -4.4885 -4.5468 -4.6110 -4.6802 -4.7540 -4.8319 -4.9133 -4.9978 -5.0835 -5.1648
 -5.2446 -5.3255 -5.4070 -5.4874 -5.5656 -5.7462 -5.9092 -6.0515 -6.1733
 -4.5265 -4.5948 -4.6663 -4.7397 -4.8117 -4.8838 -4.9583 -5.0370 -5.1193 -5.1997
 -5.2791 -5.3594 -5.4398 -5.5195 -5.5975 -5.7813 -5.9469 -6.0898 -6.2162 -6.3326
 -4.5486 -4.6176 -4.6836 -4.7533 -4.8247 -4.8981 -4.9713 -5.0464 -5.1262 -5.2061
 -5.2855 -5.3653 -5.4453 -5.5246 -5.6024 -5.7877 -5.9564 -6.1034 -6.2333 -6.3510
 -6.4575
 -4.5617 -4.6283 -4.6940 -4.7597 -4.8266 -4.8955 -4.9665 -5.0406 -5.1189 -5.1988
 -5.2782 -5.3579 -5.4377 -5.5170 -5.5950 -5.7814 -5.9528 -6.1041 -6.2375 -6.3581
 -6.4679 -6.5747
 -4.5722 -4.6386 -4.7029 -4.7657 -4.8283 -4.8921 -4.9582 -5.0285 -5.1049 -5.1845
 -5.2644 -5.3442 -5.4240 -5.5034 -5.5817 -5.7693 -5.9426 -6.0977 -6.2349 -6.3593
 -6.4732 -6.5827 -6.6932 -6.8043
 -4.5769 -4.6456 -4.7106 -4.7727 -4.8328 -4.8926 -4.9533 -5.0175 -5.0896 -5.1674
 -5.2472 -5.3274 -5.4074 -5.4869 -5.5655 -5.7545 -5.9293 -6.0873 -6.2284 -6.3570
 -6.4751 -6.5875 -6.6991 -6.8111 -6.9221 -7.0345 -7.1494 -7.2663 -7.3811 -7.4927
 -4.5583 -4.6378 -4.7103 -4.7767 -4.8384 -4.8971 -4.9543 -5.0123 -5.0775 -5.1507
 -5.2290 -5.3090 -5.3892 -5.4690 -5.5480 -5.7383 -5.9146 -6.0750 -6.2196 -6.3523
 -6.4746 -6.5900 -6.7030 -6.8155 -6.9266 -7.0373 -7.1504 -7.2651 -7.3791 -7.4903
 -7.5981
 -4.5061 -4.5926 -4.6767 -4.7577 -4.8324 -4.8985 -4.9583 -5.0139 -5.0723 -5.1383
 -5.2123 -5.2907 -5.3707 -5.4506 -5.5298 -5.7214 -5.8993 -6.0618 -6.2095 -6.3459
 -6.4723 -6.5908 -6.7055 -6.8186 -6.9299 -7.0399 -7.1513 -7.2641 -7.3765 -7.4872
 -7.5949
 -4.4829 -4.5589 -4.6369 -4.7159 -4.7950 -4.8726 -4.9463 -5.0129 -5.0730 -5.1338
 -5.2015 -5.2763 -5.3546 -5.4341 -5.5134 -5.7060 -5.8855 -6.0501 -6.2005 -6.3402
 -6.4703 -6.5922 -6.7090 -6.8230 -6.9346 -7.0445 -7.1550 -7.2665 -7.3776 -7.4873
 -7.5948
 -4.4771 -4.5485 -4.6208 -4.6942 -4.7684 -4.8425 -4.9154 -4.9865 -5.0557 -5.1234
 -5.1908 -5.2621 -5.3379 -5.4161 -5.4950 -5.6881 -5.8692 -6.0358 -6.1887 -6.3310
 -6.4644 -6.5895 -6.7086 -6.8236 -6.9354 -7.0451 -7.1547 -7.2651 -7.3752 -7.4837
 -7.5905
 -4.4799 -4.5490 -4.6178 -4.6873 -4.7578 -4.8290 -4.8999 -4.9693 -5.0376 -5.1058
 -5.1750 -5.2465 -5.3212 -5.3982 -5.4764 -5.6700 -5.8526 -6.0212 -6.1765 -6.3212
 -6.4573 -6.5855 -6.7070 -6.8233 -6.9355 -7.0453 -7.1545 -7.2640 -7.3731 -7.4810
 -7.5870
 -4.4847 -4.5531 -4.6203 -4.6874 -4.7550 -4.8237 -4.8930 -4.9619 -5.0299 -5.0974
 -5.1653 -5.2350 -5.3071 -5.3819 -5.4576 -5.6517 -5.8357 -6.0063 -6.1639
 [Fe/H] =  1.00 [alpha/Fe] = 0.00 BC value = F460M
 -4.4876 -4.5461 -4.6106 -4.6804 -4.7550 -4.8337 -4.9160 -5.0017 -5.0888 -5.1718
 -5.2516 -5.3318 -5.4130 -5.4937 -5.5727 -5.7555 -5.9190 -6.0630 -6.1874
 -4.5257 -4.6099 -4.6884 -4.7617 -4.8303 -4.8944 -4.9594 -5.0400 -5.1240 -5.2057
 -5.2853 -5.3648 -5.4450 -5.5248 -5.6033 -5.7889 -5.9558 -6.1004 -6.2288 -6.3464
 -4.5479 -4.6270 -4.6854 -4.7572 -4.8307 -4.9052 -4.9746 -5.0494 -5.1304 -5.2112
 -5.2909 -5.3702 -5.4498 -5.5292 -5.6074 -5.7941 -5.9647 -6.1146 -6.2453 -6.3639
 -6.4723
 -4.5618 -4.6281 -4.6944 -4.7616 -4.8302 -4.9007 -4.9724 -5.0450 -5.1231 -5.2031
 -5.2828 -5.3623 -5.4417 -5.5208 -5.5991 -5.7868 -5.9602 -6.1146 -6.2490 -6.3700
 -6.4815 -6.5869
 -4.5740 -4.6391 -4.7028 -4.7659 -4.8297 -4.8948 -4.9619 -5.0325 -5.1087 -5.1881
 -5.2679 -5.3477 -5.4272 -5.5064 -5.5849 -5.7738 -5.9491 -6.1073 -6.2457 -6.3708
 -6.4853 -6.5933 -6.7008 -6.8100
 -4.5830 -4.6487 -4.7117 -4.7726 -4.8326 -4.8929 -4.9545 -5.0193 -5.0920 -5.1700
 -5.2499 -5.3299 -5.4098 -5.4891 -5.5679 -5.7581 -5.9350 -6.0960 -6.2385 -6.3674
 -6.4859 -6.5970 -6.7067 -6.8160 -6.9248 -7.0340 -7.1451 -7.2592 -7.3732 -7.4848
 -4.5797 -4.6510 -4.7174 -4.7796 -4.8387 -4.8961 -4.9532 -5.0117 -5.0776 -5.1516
 -5.2304 -5.3106 -5.3906 -5.4704 -5.5495 -5.7410 -5.9195 -6.0827 -6.2289 -6.3616
 -6.4841 -6.5985 -6.7096 -6.8201 -6.9289 -7.0373 -7.1470 -7.2588 -7.3714 -7.4822
 -7.5902
 -4.5352 -4.6237 -4.7036 -4.7759 -4.8414 -4.9013 -4.9574 -5.0117 -5.0700 -5.1369
 -5.2117 -5.2908 -5.3709 -5.4510 -5.5303 -5.7232 -5.9034 -6.0686 -6.2180 -6.3543
 -6.4806 -6.5985 -6.7115 -6.8229 -6.9328 -7.0408 -7.1489 -7.2583 -7.3691 -7.4791
 -7.5866
 -4.4960 -4.5746 -4.6558 -4.7377 -4.8179 -4.8922 -4.9583 -5.0168 -5.0712 -5.1308
 -5.1988 -5.2743 -5.3533 -5.4331 -5.5129 -5.7068 -5.8888 -6.0560 -6.2081 -6.3476
 -6.4775 -6.5989 -6.7145 -6.8270 -6.9373 -7.0454 -7.1528 -7.2612 -7.3702 -7.4790
 -7.5862
 -4.4831 -4.5554 -4.6290 -4.7041 -4.7798 -4.8550 -4.9291 -5.0002 -5.0660 -5.1278
 -5.1899 -5.2591 -5.3350 -5.4138 -5.4932 -5.6879 -5.8715 -6.0408 -6.1954 -6.3378
 -6.4707 -6.5954 -6.7135 -6.8273 -6.9380 -7.0460 -7.1529 -7.2601 -7.3679 -7.4752
 -7.5816
 -4.4832 -4.5522 -4.6215 -4.6918 -4.7631 -4.8347 -4.9056 -4.9749 -5.0430 -5.1112
 -5.1790 -5.2473 -5.3193 -5.3955 -5.4739 -5.6690 -5.8540 -6.0252 -6.1824 -6.3273
 -6.4630 -6.5906 -6.7113 -6.8268 -6.9381 -7.0463 -7.1529 -7.2593 -7.3660 -7.4725
 -7.5777
 -4.4882 -4.5557 -4.6227 -4.6898 -4.7577 -4.8266 -4.8957 -4.9640 -5.0310 -5.0976
 -5.1650 -5.2339 -5.3050 -5.3791 -5.4550 -5.6501 -5.8363 -6.0092 -6.1691
