 [Fe/H] = -4.00 [alpha/Fe] = 0.40 BC value = F480M
 -3.9217 -3.7715 -3.7758 -4.2317 -5.1975 -6.1230 -6.3223 -6.2244 -5.9652 -5.6721
 -5.8385 -6.0521 -5.9166 -5.6289 -5.5021 -5.6656
 -4.3948 -4.3116 -4.2753 -4.4356 -4.8427 -5.2757 -5.4403 -5.5187 -5.5301 -5.5064
 -5.6091 -5.6988 -5.6493 -5.5411 -5.5046 -5.6847 -5.8596 -6.0381 -6.3053
 -4.6376 -4.6316 -4.6165 -4.6500 -4.7577 -4.9054 -5.0272 -5.1623 -5.2848 -5.3811
 -5.4488 -5.4859 -5.4961 -5.4999 -5.5259 -5.7036 -5.8732 -6.0768 -6.2774 -6.4632
 -6.5395
 -4.6501 -4.7315 -4.7994 -4.8749 -4.9423 -5.0121 -5.0830 -5.1551 -5.2292 -5.2964
 -5.3575 -5.4132 -5.4570 -5.5053 -5.5660 -5.7223 -5.9103 -6.0842 -6.2525 -6.4130
 -6.5651 -6.7104 -6.8490
 -4.7483 -4.8035 -4.8548 -4.9124 -4.9720 -5.0360 -5.1029 -5.1714 -5.2406 -5.3091
 -5.3745 -5.4359 -5.4903 -5.5417 -5.5957 -5.7428 -5.9195 -6.0977 -6.2663 -6.4261
 -6.5779 -6.7226 -6.8608 -6.9934 -7.1214
 -4.8492 -4.8869 -4.9256 -4.9684 -5.0175 -5.0726 -5.1326 -5.1955 -5.2600 -5.3248
 -5.3889 -5.4512 -5.5105 -5.5625 -5.6186 -5.7615 -5.9275 -6.1062 -6.2761 -6.4362
 -6.5880 -6.7325 -6.8704 -7.0025 -7.1294 -7.2520
 -4.9528 -4.9817 -5.0118 -5.0429 -5.0788 -5.1219 -5.1721 -5.2274 -5.2861 -5.3464
 -5.4074 -5.4675 -5.5260 -5.5798 -5.6347 -5.7784 -5.9343 -6.1097 -6.2819 -6.4433
 -6.5954 -6.7401 -6.8779 -7.0097 -7.1360 -7.2576 -7.3753 -7.4896 -7.6009 -7.7099
 -5.0590 -5.0879 -5.1134 -5.1358 -5.1595 -5.1885 -5.2249 -5.2692 -5.3196 -5.3737
 -5.4300 -5.4872 -5.5439 -5.5979 -5.6506 -5.7900 -5.9422 -6.1098 -6.2827 -6.4469
 -6.6005 -6.7456 -6.8837 -7.0155 -7.1416 -7.2627 -7.3795 -7.4925 -7.6022 -7.7092
 -7.8145
 -5.1626 -5.1963 -5.2225 -5.2418 -5.2577 -5.2744 -5.2959 -5.3254 -5.3637 -5.4087
 -5.4580 -5.5103 -5.5641 -5.6178 -5.6691 -5.8017 -5.9487 -6.1099 -6.2791 -6.4458
 -6.6024 -6.7490 -6.8878 -7.0200 -7.1463 -7.2673 -7.3836 -7.4957 -7.6043 -7.7099
 -7.8131
 -5.2572 -5.3004 -5.3326 -5.3549 -5.3690 -5.3780 -5.3875 -5.4019 -5.4246 -5.4565
 -5.4957 -5.5402 -5.5886 -5.6393 -5.6894 -5.8164 -5.9570 -6.1124 -6.2766 -6.4427
 -6.6026 -6.7523 -6.8927 -7.0259 -7.1527 -7.2740 -7.3905 -7.5025 -7.6106 -7.7153
 -7.8170
 -5.3492 -5.3955 -5.4323 -5.4605 -5.4775 -5.4869 -5.4911 -5.4946 -5.5022 -5.5187
 -5.5453 -5.5798 -5.6199 -5.6633 -5.7086 -5.8301 -5.9652 -6.1141 -6.2723 -6.4345
 -6.5949 -6.7481 -6.8915 -7.0263 -7.1542 -7.2762 -7.3930 -7.5051 -7.6131 -7.7174
 -7.8202
 -5.4236 -5.4816 -5.5261 -5.5583 -5.5808 -5.5943 -5.5989 -5.5989 -5.5975 -5.6026
 -5.6155 -5.6356 -5.6622 -5.6950 -5.7333 -5.8472 -5.9775 -6.1178 -6.2703 -6.4275
 -6.5853 -6.7395 -6.8862 -7.0241 -7.1539 -7.2771 -7.3948 -7.5075 -7.6156 -7.7200
 -7.8208
 -5.4805 -5.5588 -5.6140 -5.6483 -5.6789 -5.7002 -5.7042 -5.7055 -5.7024 -5.7011
 -5.7029 -5.7076 -5.7148 -5.7344 -5.7633 -5.8675 -5.9939 -6.1235 -6.2706
 [Fe/H] = -3.00 [alpha/Fe] = 0.40 BC value = F480M
 -4.7471 -4.8304 -4.9154 -5.0059 -5.1047 -5.1686 -5.1451 -5.1298 -5.1488 -5.2161
 -5.3437 -5.4624 -5.5091 -5.5126 -5.5325 -5.6972
 -4.7067 -4.7890 -4.8723 -4.9586 -5.0494 -5.1233 -5.1524 -5.1794 -5.2160 -5.2695
 -5.3463 -5.4220 -5.4738 -5.5115 -5.5580 -5.7268 -5.8854 -6.0415 -6.2015
 -4.6858 -4.7651 -4.8451 -4.9265 -5.0099 -5.0882 -5.1505 -5.2060 -5.2570 -5.3060
 -5.3548 -5.4053 -5.4587 -5.5163 -5.5791 -5.7501 -5.9086 -6.0659 -6.2303 -6.3927
 -6.5447
 -4.6844 -4.7587 -4.8338 -4.9096 -4.9861 -5.0633 -5.1394 -5.2094 -5.2718 -5.3255
 -5.3693 -5.4121 -5.4637 -5.5271 -5.5958 -5.7671 -5.9268 -6.0853 -6.2515 -6.4110
 -6.5628 -6.7077 -6.8473
 -4.7025 -4.7698 -4.8384 -4.9079 -4.9780 -5.0486 -5.1191 -5.1897 -5.2604 -5.3281
 -5.3897 -5.4425 -5.4888 -5.5438 -5.6081 -5.7778 -5.9400 -6.0997 -6.2650 -6.4244
 -6.5760 -6.7207 -6.8589 -6.9917 -7.1200
 -4.7401 -4.7984 -4.8589 -4.9214 -4.9856 -5.0511 -5.1173 -5.1835 -5.2500 -5.3166
 -5.3838 -5.4496 -5.5053 -5.5589 -5.6203 -5.7848 -5.9484 -6.1096 -6.2748 -6.4342
 -6.5859 -6.7303 -6.8683 -7.0005 -7.1276 -7.2505
 -4.7979 -4.8468 -4.8969 -4.9501 -5.0067 -5.0663 -5.1278 -5.1905 -5.2539 -5.3176
 -5.3819 -5.4470 -5.5112 -5.5654 -5.6271 -5.7907 -5.9532 -6.1150 -6.2807 -6.4411
 -6.5931 -6.7377 -6.8755 -7.0074 -7.1339 -7.2558 -7.3738 -7.4883 -7.5997 -7.7087
 -4.8717 -4.9139 -4.9549 -4.9970 -5.0432 -5.0944 -5.1494 -5.2073 -5.2671 -5.3281
 -5.3896 -5.4519 -5.5147 -5.5719 -5.6310 -5.7933 -5.9560 -6.1164 -6.2822 -6.4447
 -6.5979 -6.7430 -6.8811 -7.0130 -7.1393 -7.2607 -7.3777 -7.4909 -7.6008 -7.7080
 -7.8134
 -4.9166 -4.9814 -5.0297 -5.0631 -5.0982 -5.1383 -5.1840 -5.2347 -5.2892 -5.3461
 -5.4045 -5.4640 -5.5243 -5.5832 -5.6386 -5.7951 -5.9562 -6.1158 -6.2830 -6.4440
 -6.5991 -6.7463 -6.8851 -7.0174 -7.1439 -7.2650 -7.3816 -7.4943 -7.6034 -7.7092
 -7.8118
 -5.0454 -5.0735 -5.1074 -5.1462 -5.1733 -5.2020 -5.2365 -5.2771 -5.3234 -5.3741
 -5.4278 -5.4836 -5.5409 -5.5983 -5.6528 -5.8013 -5.9577 -6.1161 -6.2773 -6.4415
 -6.6004 -6.7497 -6.8900 -7.0232 -7.1502 -7.2717 -7.3884 -7.5006 -7.6090 -7.7138
 -7.8157
 -5.1191 -5.1611 -5.2002 -5.2369 -5.2603 -5.2831 -5.3066 -5.3356 -5.3711 -5.4126
 -5.4591 -5.5093 -5.5621 -5.6164 -5.6702 -5.8108 -5.9597 -6.1144 -6.2725 -6.4335
 -6.5932 -6.7458 -6.8888 -7.0236 -7.1516 -7.2738 -7.3908 -7.5032 -7.6113 -7.7158
 -7.8189
 -5.1911 -5.2439 -5.2874 -5.3223 -5.3464 -5.3630 -5.3796 -5.4133 -5.4369 -5.4671
 -5.5035 -5.5454 -5.5916 -5.6408 -5.6919 -5.8251 -5.9658 -6.1149 -6.2692 -6.4264
 -6.5839 -6.7376 -6.8840 -7.0216 -7.1514 -7.2747 -7.3926 -7.5054 -7.6138 -7.7183
 -7.8193
 -5.2614 -5.3222 -5.3687 -5.4023 -5.4316 -5.4416 -5.4778 -5.4907 -5.5069 -5.5399
 -5.5648 -5.5958 -5.6326 -5.6743 -5.7179 -5.8442 -5.9760 -6.1176 -6.2674
 [Fe/H] = -2.50 [alpha/Fe] = 0.40 BC value = F480M
 -4.8173 -4.9201 -5.0065 -5.0437 -5.0245 -4.9833 -4.9632 -4.9843 -5.0504 -5.1569
 -5.2585 -5.3506 -5.4295 -5.4937 -5.5596 -5.7230
 -4.7602 -4.8549 -4.9425 -5.0062 -5.0418 -5.0621 -5.0842 -5.1179 -5.1683 -5.2360
 -5.3058 -5.3773 -5.4489 -5.5175 -5.5865 -5.7534 -5.9058 -6.0537 -6.1915
 -4.7198 -4.8074 -4.8940 -4.9734 -5.0435 -5.1040 -5.1562 -5.2029 -5.2484 -5.2955
 -5.3463 -5.4032 -5.4672 -5.5363 -5.6066 -5.7762 -5.9311 -6.0768 -6.2266 -6.3824
 -6.5430
 -4.6961 -4.7776 -4.8610 -4.9453 -5.0296 -5.1090 -5.1792 -5.2393 -5.2907 -5.3354
 -5.3800 -5.4283 -5.4844 -5.5501 -5.6199 -5.7914 -5.9497 -6.0958 -6.2513 -6.4094
 -6.5611 -6.7060 -6.8450
 -4.6891 -4.7655 -4.8435 -4.9219 -5.0001 -5.0771 -5.1532 -5.2271 -5.2952 -5.3557
 -5.4069 -5.4526 -5.5005 -5.5589 -5.6264 -5.7990 -5.9616 -6.1107 -6.2655 -6.4228
 -6.5742 -6.7188 -6.8570 -6.9898 -7.1182
 -4.6979 -4.7684 -4.8407 -4.9139 -4.9873 -5.0600 -5.1312 -5.2006 -5.2698 -5.3391
 -5.4061 -5.4663 -5.5168 -5.5686 -5.6307 -5.8018 -5.9680 -6.1215 -6.2760 -6.4326
 -6.5838 -6.7283 -6.8662 -6.9985 -7.1258 -7.2490
 -4.7244 -4.7871 -4.8522 -4.9192 -4.9873 -5.0559 -5.1241 -5.1910 -5.2565 -5.3217
 -5.3883 -5.4562 -5.5193 -5.5745 -5.6348 -5.8021 -5.9701 -6.1277 -6.2829 -6.4394
 -6.5908 -6.7354 -6.8733 -7.0053 -7.1320 -7.2540 -7.3723 -7.4870 -7.5984 -7.7075
 -4.7703 -4.8243 -4.8803 -4.9390 -5.0001 -5.0631 -5.1274 -5.1918 -5.2557 -5.3189
 -5.3819 -5.4464 -5.5127 -5.5725 -5.6329 -5.8011 -5.9693 -6.1296 -6.2859 -6.4432
 -6.5955 -6.7405 -6.8787 -7.0107 -7.1372 -7.2587 -7.3760 -7.4894 -7.5995 -7.7068
 -7.8122
 -4.8331 -4.8806 -4.9276 -4.9761 -5.0280 -5.0832 -5.1415 -5.2016 -5.2628 -5.3244
 -5.3858 -5.4474 -5.5103 -5.5725 -5.6306 -5.7975 -5.9662 -6.1279 -6.2850 -6.4432
 -6.5974 -6.7437 -6.8825 -7.0149 -7.1415 -7.2629 -7.3797 -7.4924 -7.6014 -7.7073
 -7.8107
 -4.9065 -4.9519 -4.9937 -5.0330 -5.0746 -5.1199 -5.1697 -5.2232 -5.2797 -5.3381
 -5.3975 -5.4573 -5.5177 -5.5784 -5.6354 -5.7963 -5.9633 -6.1260 -6.2835 -6.4419
 -6.5984 -6.7471 -6.8873 -7.0206 -7.1477 -7.2694 -7.3863 -7.4987 -7.6073 -7.7123
 -7.8145
 -4.9813 -5.0286 -5.0702 -5.1056 -5.1385 -5.1740 -5.2133 -5.2577 -5.3068 -5.3595
 -5.4149 -5.4719 -5.5298 -5.5882 -5.6454 -5.7974 -5.9592 -6.1206 -6.2780 -6.4349
 -6.5920 -6.7435 -6.8862 -7.0209 -7.1490 -7.2713 -7.3886 -7.5011 -7.6095 -7.7142
 -7.8175
 -5.0553 -5.1064 -5.1500 -5.1870 -5.2181 -5.2458 -5.2757 -5.3098 -5.3492 -5.3935
 -5.4422 -5.4942 -5.5485 -5.6040 -5.6599 -5.8046 -5.9590 -6.1166 -6.2728 -6.4279
 -6.5833 -6.7359 -6.8816 -7.0190 -7.1487 -7.2721 -7.3902 -7.5033 -7.6119 -7.7166
 -7.8178
 -5.1286 -5.1853 -5.2293 -5.2710 -5.3039 -5.3307 -5.3549 -5.3801 -5.4096 -5.4440
 -5.4835 -5.5279 -5.5761 -5.6272 -5.6789 -5.8179 -5.9627 -6.1140 -6.2679
 [Fe/H] = -2.00 [alpha/Fe] = 0.40 BC value = F480M
 -4.6878 -4.7292 -4.7736 -4.8299 -4.8789 -4.9319 -4.9909 -5.0573 -5.1290 -5.2021
 -5.2766 -5.3509 -5.4232 -5.4948 -5.5898 -5.7550
 -4.7454 -4.8056 -4.8605 -4.9112 -4.9602 -5.0109 -5.0665 -5.1284 -5.1935 -5.2591
 -5.3259 -5.3950 -5.4658 -5.5374 -5.6162 -5.7837 -5.9312 -6.0729 -6.2096
 -4.7604 -4.8334 -4.8993 -4.9594 -5.0154 -5.0694 -5.1246 -5.1832 -5.2433 -5.3031
 -5.3634 -5.4266 -5.4938 -5.5641 -5.6347 -5.8042 -5.9568 -6.0986 -6.2362 -6.3888
 -6.5384
 -4.7328 -4.8126 -4.8900 -4.9745 -5.0446 -5.1074 -5.1652 -5.2217 -5.2784 -5.3341
 -5.3891 -5.4457 -5.5072 -5.5749 -5.6453 -5.8165 -5.9743 -6.1182 -6.2573 -6.4079
 -6.5578 -6.7032 -6.8427
 -4.6978 -4.7780 -4.8607 -4.9449 -5.0279 -5.1067 -5.1790 -5.2438 -5.3029 -5.3582
 -5.4110 -5.4627 -5.5170 -5.5792 -5.6480 -5.8206 -5.9837 -6.1317 -6.2729 -6.4218
 -6.5714 -6.7158 -6.8541 -6.9872 -7.1159
 -4.6862 -4.7618 -4.8396 -4.9190 -4.9987 -5.0774 -5.1542 -5.2282 -5.2988 -5.3648
 -5.4239 -5.4776 -5.5290 -5.5833 -5.6476 -5.8202 -5.9874 -6.1404 -6.2842 -6.4319
 -6.5809 -6.7251 -6.8631 -6.9955 -7.1231 -7.2467
 -4.6889 -4.7596 -4.8326 -4.9076 -4.9835 -5.0590 -5.1326 -5.2035 -5.2727 -5.3422
 -5.4116 -5.4773 -5.5357 -5.5902 -5.6483 -5.8172 -5.9870 -6.1448 -6.2920 -6.4392
 -6.5877 -6.7319 -6.8699 -7.0020 -7.1289 -7.2513 -7.3700 -7.4851 -7.5966 -7.7053
 -4.7046 -4.7701 -4.8378 -4.9077 -4.9791 -5.0510 -5.1224 -5.1921 -5.2595 -5.3251
 -5.3909 -5.4586 -5.5260 -5.5874 -5.6475 -5.8133 -5.9840 -6.1454 -6.2961 -6.4439
 -6.5923 -6.7368 -6.8750 -7.0072 -7.1338 -7.2556 -7.3733 -7.4872 -7.5975 -7.7047
 -7.8100
 -4.7369 -4.7949 -4.8560 -4.9197 -4.9854 -5.0525 -5.1204 -5.1880 -5.2546 -5.3195
 -5.3831 -5.4469 -5.5126 -5.5773 -5.6390 -5.8081 -5.9792 -6.1428 -6.2965 -6.4456
 -6.5946 -6.7398 -6.8786 -7.0111 -7.1379 -7.2595 -7.3767 -7.4898 -7.5992 -7.7053
 -7.8086
 -4.7876 -4.8372 -4.8905 -4.9465 -5.0052 -5.0660 -5.1286 -5.1924 -5.2568 -5.3209
 -5.3840 -5.4466 -5.5093 -5.5728 -5.6338 -5.8012 -5.9744 -6.1400 -6.2961 -6.4465
 -6.5966 -6.7433 -6.8832 -7.0165 -7.1438 -7.2657 -7.3829 -7.4957 -7.6047 -7.7101
 -7.8124
 -4.8503 -4.8956 -4.9417 -4.9895 -5.0396 -5.0923 -5.1477 -5.2056 -5.2655 -5.3268
 -5.3884 -5.4501 -5.5116 -5.5731 -5.6337 -5.7940 -5.9653 -6.1323 -6.2903 -6.4417
 -6.5920 -6.7403 -6.8822 -7.0168 -7.1449 -7.2674 -7.3849 -7.4978 -7.6066 -7.7117
 -7.8153
 -4.9180 -4.9651 -5.0077 -5.0491 -5.0915 -5.1355 -5.1823 -5.2320 -5.2853 -5.3413
 -5.3995 -5.4589 -5.5189 -5.5788 -5.6386 -5.7922 -5.9581 -6.1238 -6.2831 -6.4352
 -6.5851 -6.7340 -6.8781 -7.0149 -7.1445 -7.2680 -7.3863 -7.4997 -7.6086 -7.7138
 -7.8153
 -4.9892 -5.0379 -5.0816 -5.1210 -5.1582 -5.1954 -5.2340 -5.2750 -5.3197 -5.3682
 -5.4202 -5.4752 -5.5320 -5.5898 -5.6485 -5.7958 -5.9528 -6.1145 -6.2745
 [Fe/H] = -1.50 [alpha/Fe] = 0.40 BC value = F480M
 -4.6647 -4.7180 -4.7658 -4.8100 -4.8561 -4.9091 -4.9746 -5.0504 -5.1311 -5.2121
 -5.2913 -5.3691 -5.4442 -5.5173 -5.5887 -5.7581
 -4.7237 -4.7797 -4.8309 -4.8783 -4.9256 -4.9779 -5.0399 -5.1127 -5.1885 -5.2642
 -5.3393 -5.4142 -5.4887 -5.5622 -5.6340 -5.8039 -5.9550 -6.0910 -6.2251
 -4.7573 -4.8195 -4.8762 -4.9283 -4.9782 -5.0304 -5.0893 -5.1583 -5.2298 -5.3011
 -5.3722 -5.4436 -5.5161 -5.5890 -5.6609 -5.8316 -5.9847 -6.1241 -6.2555 -6.3904
 -6.5347
 -4.7655 -4.8374 -4.9017 -4.9600 -5.0140 -5.0666 -5.1228 -5.1872 -5.2550 -5.3228
 -5.3900 -5.4573 -5.5264 -5.5977 -5.6694 -5.8412 -5.9996 -6.1433 -6.2762 -6.4116
 -6.5555 -6.6985 -6.8376
 -4.7342 -4.8134 -4.8964 -4.9703 -5.0354 -5.0939 -5.1498 -5.2099 -5.2742 -5.3390
 -5.4029 -5.4662 -5.5306 -5.5985 -5.6692 -5.8422 -6.0055 -6.1544 -6.2907 -6.4267
 -6.5689 -6.7117 -6.8499 -6.9832 -7.1122
 -4.6955 -4.7757 -4.8578 -4.9395 -5.0186 -5.0933 -5.1620 -5.2251 -5.2885 -5.3520
 -5.4143 -5.4751 -5.5352 -5.5978 -5.6655 -5.8389 -6.0058 -6.1600 -6.3007 -6.4377
 -6.5786 -6.7207 -6.8585 -6.9911 -7.1190 -7.2429
 -4.6822 -4.7566 -4.8330 -4.9111 -4.9896 -5.0662 -5.1406 -5.2132 -5.2839 -5.3524
 -5.4184 -5.4812 -5.5411 -5.5998 -5.6622 -5.8334 -6.0028 -6.1615 -6.3069 -6.4455
 -6.5858 -6.7273 -6.8649 -6.9971 -7.1244 -7.2472 -7.3664 -7.4821 -7.5941 -7.7025
 -4.6828 -4.7529 -4.8243 -4.8981 -4.9735 -5.0493 -5.1236 -5.1951 -5.2643 -5.3330
 -5.4028 -5.4722 -5.5387 -5.6013 -5.6618 -5.8272 -5.9978 -6.1600 -6.3098 -6.4508
 -6.5909 -6.7320 -6.8696 -7.0019 -7.1288 -7.2510 -7.3692 -7.4837 -7.5947 -7.7020
 -7.8067
 -4.6928 -4.7591 -4.8265 -4.8959 -4.9675 -5.0404 -5.1134 -5.1850 -5.2543 -5.3212
 -5.3871 -5.4539 -5.5222 -5.5899 -5.6557 -5.8214 -5.9917 -6.1562 -6.3097 -6.4534
 -6.5969 -6.7350 -6.8729 -7.0054 -7.1324 -7.2543 -7.3720 -7.4858 -7.5958 -7.7023
 -7.8055
 -4.7147 -4.7752 -4.8379 -4.9032 -4.9707 -5.0400 -5.1102 -5.1803 -5.2494 -5.3167
 -5.3821 -5.4465 -5.5113 -5.5771 -5.6432 -5.8147 -5.9871 -6.1530 -6.3093 -6.4558
 -6.5977 -6.7388 -6.8772 -7.0104 -7.1379 -7.2601 -7.3778 -7.4911 -7.6007 -7.7068
 -7.8094
 -4.7494 -4.8033 -4.8595 -4.9192 -4.9817 -5.0465 -5.1127 -5.1797 -5.2469 -5.3136
 -5.3791 -5.4434 -5.5068 -5.5703 -5.6340 -5.8016 -5.9772 -6.1457 -6.3040 -6.4528
 -6.5957 -6.7372 -6.8764 -7.0105 -7.1387 -7.2615 -7.3794 -7.4927 -7.6021 -7.7077
 -7.8120
 -4.7971 -4.8453 -4.8957 -4.9484 -5.0047 -5.0635 -5.1244 -5.1869 -5.2506 -5.3150
 -5.3793 -5.4432 -5.5064 -5.5690 -5.6314 -5.7920 -5.9648 -6.1356 -6.2968 -6.4476
 -6.5915 -6.7332 -6.8732 -7.0087 -7.1381 -7.2618 -7.3804 -7.4942 -7.6036 -7.7093
 -7.8114
 -4.8580 -4.9026 -4.9476 -4.9936 -5.0426 -5.0944 -5.1487 -5.2050 -5.2633 -5.3234
 -5.3847 -5.4468 -5.5091 -5.5712 -5.6354 -5.7859 -5.9499 -6.1227 -6.2877
 [Fe/H] = -1.00 [alpha/Fe] = 0.40 BC value = F480M
 -4.6363 -4.6851 -4.7310 -4.7781 -4.8295 -4.8906 -4.9642 -5.0443 -5.1037 -5.2153
 -5.2990 -5.3800 -5.4587 -5.5346 -5.6074 -5.7794
 -4.6950 -4.7485 -4.7986 -4.8474 -4.8985 -4.9558 -5.0227 -5.1000 -5.1821 -5.2649
 -5.3468 -5.4273 -5.5059 -5.5822 -5.6558 -5.8288 -5.9835 -6.1183 -6.2445
 -4.7366 -4.7948 -4.8488 -4.8996 -4.9503 -5.0041 -5.0649 -5.1382 -5.2164 -5.2964
 -5.3762 -5.4554 -5.5333 -5.6095 -5.6835 -5.8575 -6.0127 -6.1526 -6.2804 -6.4050
 -6.5364
 -4.7611 -4.8240 -4.8816 -4.9347 -4.9849 -5.0354 -5.0908 -5.1589 -5.2331 -5.3098
 -5.3872 -5.4643 -5.5409 -5.6165 -5.6905 -5.8655 -6.0249 -6.1699 -6.3007 -6.4268
 -6.5575 -6.6937 -6.8315
 -4.7664 -4.8375 -4.9015 -4.9592 -5.0118 -5.0617 -5.1125 -5.1738 -5.2436 -5.3167
 -5.3910 -5.4656 -5.5400 -5.6143 -5.6880 -5.8641 -6.0273 -6.1776 -6.3132 -6.4418
 -6.5722 -6.7076 -6.8441 -6.9772 -7.1065
 -4.7291 -4.8155 -4.8961 -4.9676 -5.0295 -5.0840 -5.1345 -5.1890 -5.2536 -5.3226
 -5.3936 -5.4652 -5.5369 -5.6090 -5.6814 -5.8582 -6.0243 -6.1795 -6.3205 -6.4521
 -6.5828 -6.7170 -6.8524 -6.9847 -7.1130 -7.2375
 -4.6908 -4.7718 -4.8540 -4.9353 -5.0129 -5.0844 -5.1470 -5.2030 -5.2639 -5.3297
 -5.3976 -5.4662 -5.5350 -5.6040 -5.6741 -5.8503 -6.0186 -6.1777 -6.3238 -6.4589
 -6.5905 -6.7238 -6.8584 -6.9902 -7.1177 -7.2410 -7.3609 -7.4773 -7.5903 -7.6991
 -4.6768 -4.7511 -4.8271 -4.9045 -4.9820 -5.0573 -5.1284 -5.1947 -5.2602 -5.3287
 -5.3982 -5.4671 -5.5348 -5.6015 -5.6687 -5.8417 -6.0114 -6.1735 -6.3241 -6.4628
 -6.5958 -6.7289 -6.8627 -6.9943 -7.1214 -7.2441 -7.3629 -7.4782 -7.5902 -7.6985
 -7.8030
 -4.6778 -4.7477 -4.8184 -4.8908 -4.9647 -5.0391 -5.1119 -5.1813 -5.2478 -5.3146
 -5.3839 -5.4555 -5.5272 -5.5973 -5.6651 -5.8336 -6.0037 -6.1678 -6.3219 -6.4643
 -6.5991 -6.7323 -6.8658 -6.9972 -7.1243 -7.2467 -7.3651 -7.4795 -7.5904 -7.6981
 -7.8041
 -4.6858 -4.7542 -4.8214 -4.8895 -4.9594 -5.0310 -5.1031 -5.1739 -5.2427 -5.3095
 -5.3757 -5.4430 -5.5122 -5.5833 -5.6546 -5.8283 -5.9978 -6.1633 -6.3200 -6.4658
 -6.6029 -6.7367 -6.8701 -7.0018 -7.1292 -7.2519 -7.3701 -7.4842 -7.5946 -7.7016
 -7.8051
 -4.6992 -4.7647 -4.8291 -4.8940 -4.9604 -5.0286 -5.0983 -5.1684 -5.2378 -5.3058
 -5.3722 -5.4377 -5.5033 -5.5701 -5.6386 -5.8154 -5.9895 -6.1557 -6.3141 -6.4626
 -6.6020 -6.7366 -6.8700 -7.0017 -7.1296 -7.2527 -7.3711 -7.4851 -7.5951 -7.7017
 -7.8048
 -4.7190 -4.7807 -4.8422 -4.9038 -4.9669 -5.0319 -5.0988 -5.1667 -5.2351 -5.3031
 -5.3700 -5.4357 -5.5005 -5.5651 -5.6303 -5.8000 -5.9764 -6.1474 -6.3072 -6.4578
 -6.5993 -6.7350 -6.8685 -7.0004 -7.1289 -7.2527 -7.3716 -7.4859 -7.5960 -7.7025
 -7.8054
 -4.7513 -4.8082 -4.8644 -4.9218 -4.9805 -5.0417 -5.1052 -5.1701 -5.2362 -5.3026
 -5.3689 -5.4346 -5.4995 -5.5637 -5.6297 -5.7821 -5.9585 -6.1384 -6.2993
 [Fe/H] = -0.75 [alpha/Fe] = 0.30 BC value = F480M
 -4.6284 -4.6770 -4.7238 -4.7739 -4.8287 -4.8928 -4.9675 -5.0486 -5.1074 -5.2210
 -5.3052 -5.3878 -5.4675 -5.5444 -5.6187 -5.7911
 -4.6867 -4.7404 -4.7913 -4.8421 -4.8959 -4.9559 -5.0246 -5.1029 -5.1863 -5.2705
 -5.3540 -5.4362 -5.5162 -5.5937 -5.6683 -5.8424 -5.9976 -6.1319 -6.2557
 -4.7287 -4.7870 -4.8415 -4.8934 -4.9460 -5.0019 -5.0647 -5.1390 -5.2189 -5.3008
 -5.3829 -5.4642 -5.5439 -5.6215 -5.6964 -5.8718 -6.0272 -6.1665 -6.2925 -6.4134
 -6.5404
 -4.7544 -4.8168 -4.8744 -4.9278 -4.9790 -5.0309 -5.0878 -5.1569 -5.2328 -5.3119
 -5.3919 -5.4718 -5.5506 -5.6278 -5.7030 -5.8793 -6.0383 -6.1828 -6.3123 -6.4353
 -6.5612 -6.6941 -6.8296
 -4.7648 -4.8334 -4.8958 -4.9525 -5.0049 -5.0550 -5.1065 -5.1688 -5.2401 -5.3155
 -5.3928 -5.4706 -5.5480 -5.6244 -5.6994 -5.8769 -6.0394 -6.1890 -6.3236 -6.4499
 -6.5762 -6.7069 -6.8397 -6.9721 -7.1025
 -4.7397 -4.8238 -4.8994 -4.9658 -5.0243 -5.0768 -5.1264 -5.1812 -5.2468 -5.3179
 -5.3917 -5.4668 -5.5421 -5.6171 -5.6914 -5.8698 -6.0351 -6.1894 -6.3296 -6.4595
 -6.5868 -6.7167 -6.8494 -6.9812 -7.1094 -7.2341
 -4.6941 -4.7774 -4.8615 -4.9431 -5.0188 -5.0859 -5.1429 -5.1955 -5.2557 -5.3223
 -5.3923 -5.4641 -5.5366 -5.6093 -5.6821 -5.8605 -6.0281 -6.1863 -6.3317 -6.4655
 -6.5943 -6.7237 -6.8554 -6.9864 -7.1138 -7.2374 -7.3576 -7.4744 -7.5878 -7.6969
 -4.6739 -4.7499 -4.8276 -4.9065 -4.9846 -5.0596 -5.1299 -5.1938 -5.2573 -5.3245
 -5.3935 -5.4633 -5.5334 -5.6035 -5.6739 -5.8506 -6.0199 -6.1809 -6.3308 -6.4686
 -6.5993 -6.7289 -6.8597 -6.9902 -7.1172 -7.2401 -7.3593 -7.4750 -7.5873 -7.6961
 -7.8009
 -4.6710 -4.7422 -4.8143 -4.8879 -4.9629 -5.0376 -5.1099 -5.1781 -5.2437 -5.3112
 -5.3824 -5.4553 -5.5278 -5.5987 -5.6680 -5.8410 -6.0112 -6.1742 -6.3275 -6.4692
 -6.6022 -6.7323 -6.8628 -6.9929 -7.1197 -7.2424 -7.3610 -7.4758 -7.5872 -7.6952
 -7.7996
 -4.6779 -4.7462 -4.8144 -4.8838 -4.9547 -5.0269 -5.0992 -5.1695 -5.2375 -5.3041
 -5.3715 -5.4410 -5.5129 -5.5861 -5.6592 -5.8344 -6.0043 -6.1688 -6.3248 -6.4700
 -6.6056 -6.7368 -6.8672 -6.9973 -7.1243 -7.2471 -7.3656 -7.4800 -7.5909 -7.6983
 -7.8024
 -4.6872 -4.7544 -4.8198 -4.8859 -4.9533 -5.0224 -5.0927 -5.1630 -5.2324 -5.3003
 -5.3670 -5.4337 -5.5012 -5.5705 -5.6415 -5.8221 -5.9953 -6.1605 -6.3182 -6.4662
 -6.6045 -6.7369 -6.8674 -6.9973 -7.1245 -7.2476 -7.3662 -7.4805 -7.5910 -7.6980
 -7.8016
 -4.7006 -4.7654 -4.8292 -4.8925 -4.9571 -5.0233 -5.0911 -5.1599 -5.2289 -5.2974
 -5.3648 -5.4312 -5.4971 -5.5633 -5.6305 -5.8050 -5.9828 -6.1521 -6.3110 -6.4610
 -6.6017 -6.7356 -6.8664 -6.9963 -7.1238 -7.2474 -7.3664 -7.4810 -7.5915 -7.6983
 -7.8016
 -4.7228 -4.7837 -4.8440 -4.9046 -4.9658 -5.0290 -5.0941 -5.1606 -5.2281 -5.2958
 -5.3631 -5.4297 -5.4955 -5.5608 -5.6262 -5.7831 -5.9668 -6.1436 -6.3032
 [Fe/H] = -0.50 [alpha/Fe] = 0.20 BC value = F480M
 -4.6207 -4.6697 -4.7183 -4.7708 -4.8293 -4.8963 -4.9719 -5.0229 -5.1115 -5.1980
 -5.3113 -5.3950 -5.4759 -5.5540 -5.6291 -5.8028
 -4.6784 -4.7327 -4.7848 -4.8378 -4.8945 -4.9572 -5.0280 -5.1073 -5.1915 -5.2765
 -5.3612 -5.4447 -5.5260 -5.6046 -5.6802 -5.8557 -6.0115 -6.1454 -6.2677
 -4.7203 -4.7790 -4.8342 -4.8878 -4.9426 -5.0010 -5.0662 -5.1415 -5.2228 -5.3062
 -5.3899 -5.4728 -5.5540 -5.6328 -5.7088 -5.8858 -6.0418 -6.1803 -6.3053 -6.4228
 -6.5457
 -4.7464 -4.8086 -4.8665 -4.9208 -4.9736 -5.0276 -5.0865 -5.1568 -5.2344 -5.3153
 -5.3974 -5.4793 -5.5599 -5.6386 -5.7149 -5.8931 -6.0520 -6.1958 -6.3244 -6.4446
 -6.5666 -6.6938 -6.8265
 -4.7596 -4.8268 -4.8884 -4.9450 -4.9979 -5.0491 -5.1022 -5.1658 -5.2386 -5.3161
 -5.3958 -5.4762 -5.5559 -5.6342 -5.7104 -5.8897 -6.0520 -6.2006 -6.3343 -6.4586
 -6.5817 -6.7079 -6.8385 -6.9704 -7.0997
 -4.7463 -4.8259 -4.8970 -4.9604 -5.0173 -5.0693 -5.1193 -5.1751 -5.2421 -5.3152
 -5.3916 -5.4696 -5.5478 -5.6252 -5.7012 -5.8815 -6.0465 -6.1996 -6.3389 -6.4674
 -6.5921 -6.7179 -6.8470 -6.9774 -7.1054 -7.2302
 -4.6974 -4.7832 -4.8683 -4.9487 -5.0207 -5.0830 -5.1364 -5.1878 -5.2484 -5.3163
 -5.3886 -5.4634 -5.5392 -5.6150 -5.6902 -5.8711 -6.0383 -6.1952 -6.3397 -6.4725
 -6.5991 -6.7251 -6.8531 -6.9824 -7.1095 -7.2333 -7.3537 -7.4709 -7.5846 -7.6941
 -4.6708 -4.7485 -4.8280 -4.9083 -4.9870 -5.0620 -5.1312 -5.1923 -5.2533 -5.3192
 -5.3883 -5.4598 -5.5327 -5.6061 -5.6795 -5.8598 -6.0290 -6.1887 -6.3376 -6.4747
 -6.6036 -6.7302 -6.8575 -6.9860 -7.1125 -7.2355 -7.3550 -7.4710 -7.5838 -7.6931
 -7.7983
 -4.6639 -4.7363 -4.8099 -4.8849 -4.9607 -5.0357 -5.1076 -5.1749 -5.2403 -5.3088
 -5.3809 -5.4543 -5.5272 -5.5994 -5.6709 -5.8487 -6.0192 -6.1811 -6.3334 -6.4744
 -6.6060 -6.7336 -6.8607 -6.9885 -7.1147 -7.2374 -7.3562 -7.4714 -7.5832 -7.6918
 -7.7967
 -4.6683 -4.7376 -4.8070 -4.8775 -4.9495 -5.0223 -5.0946 -5.1644 -5.2316 -5.2985
 -5.3676 -5.4396 -5.5140 -5.5890 -5.6630 -5.8404 -6.0113 -6.1749 -6.3299 -6.4743
 -6.6089 -6.7379 -6.8653 -6.9929 -7.1191 -7.2417 -7.3604 -7.4752 -7.5864 -7.6943
 -7.7990
 -4.6758 -4.7437 -4.8105 -4.8776 -4.9459 -5.0158 -5.0866 -5.1570 -5.2261 -5.2939
 -5.3612 -5.4295 -5.4995 -5.5714 -5.6449 -5.8285 -6.0014 -6.1658 -6.3226 -6.4699
 -6.6074 -6.7379 -6.8657 -6.9931 -7.1191 -7.2419 -7.3606 -7.4752 -7.5861 -7.6935
 -7.7976
 -4.6851 -4.7520 -4.8175 -4.8820 -4.9477 -5.0148 -5.0834 -5.1528 -5.2222 -5.2910
 -5.3587 -5.4260 -5.4934 -5.5616 -5.6312 -5.8105 -5.9894 -6.1569 -6.3149 -6.4643
 -6.6043 -6.7367 -6.8651 -6.9924 -7.1184 -7.2415 -7.3605 -7.4753 -7.5861 -7.6933
 -7.7971
 -4.6995 -4.7639 -4.8272 -4.8902 -4.9532 -5.0179 -5.0842 -5.1518 -5.2202 -5.2887
 -5.3568 -5.4242 -5.4910 -5.5576 -5.6219 -5.7864 -5.9753 -6.1482 -6.3068
 [Fe/H] = -0.25 [alpha/Fe] = 0.10 BC value = F480M
 -4.6136 -4.6639 -4.7144 -4.7697 -4.8319 -4.9018 -4.9784 -5.0271 -5.1163 -5.2028
 -5.2881 -5.3720 -5.4538 -5.5319 -5.6391 -5.8126
 -4.6706 -4.7259 -4.7797 -4.8351 -4.8948 -4.9604 -5.0331 -5.1131 -5.1978 -5.2831
 -5.3684 -5.4528 -5.5352 -5.6149 -5.6914 -5.8680 -6.0245 -6.1580 -6.2794
 -4.7118 -4.7712 -4.8277 -4.8832 -4.9404 -5.0016 -5.0693 -5.1461 -5.2284 -5.3125
 -5.3972 -5.4812 -5.5634 -5.6433 -5.7204 -5.8992 -6.0558 -6.1935 -6.3179 -6.4331
 -6.5513
 -4.7372 -4.7998 -4.8584 -4.9140 -4.9687 -5.0253 -5.0870 -5.1589 -5.2379 -5.3201
 -5.4036 -5.4869 -5.5689 -5.6488 -5.7261 -5.9062 -6.0655 -6.2084 -6.3364 -6.4545
 -6.5733 -6.6962 -6.8241
 -4.7514 -4.8180 -4.8796 -4.9367 -4.9908 -5.0439 -5.0994 -5.1649 -5.2394 -5.3186
 -5.4002 -5.4823 -5.5637 -5.6435 -5.7209 -5.9022 -6.0647 -6.2122 -6.3451 -6.4676
 -6.5882 -6.7105 -6.8367 -6.9657 -7.0949
 -4.7460 -4.8219 -4.8905 -4.9526 -5.0092 -5.0617 -5.1130 -5.1710 -5.2397 -5.3147
 -5.3934 -5.4737 -5.5540 -5.6332 -5.7106 -5.8930 -6.0582 -6.2099 -6.3482 -6.4754
 -6.5981 -6.7207 -6.8456 -6.9735 -7.1009 -7.2258
 -4.6994 -4.7871 -4.8718 -4.9492 -5.0172 -5.0763 -5.1287 -5.1808 -5.2427 -5.3125
 -5.3872 -5.4646 -5.5430 -5.6212 -5.6982 -5.8814 -6.0489 -6.2043 -6.3477 -6.4796
 -6.6046 -6.7278 -6.8520 -6.9785 -7.1048 -7.2284 -7.3491 -7.4667 -7.5808 -7.6907
 -4.6666 -4.7460 -4.8272 -4.9087 -4.9880 -5.0630 -5.1304 -5.1886 -5.2481 -5.3136
 -5.3840 -5.4578 -5.5334 -5.6097 -5.6856 -5.8690 -6.0385 -6.1968 -6.3445 -6.4808
 -6.6085 -6.7326 -6.8566 -6.9821 -7.1075 -7.2303 -7.3499 -7.4663 -7.5796 -7.6893
 -7.7951
 -4.6558 -4.7295 -4.8042 -4.8805 -4.9572 -5.0325 -5.1044 -5.1717 -5.2375 -5.3068
 -5.3790 -5.4525 -5.5262 -5.6003 -5.6744 -5.8564 -6.0277 -6.1883 -6.3394 -6.4797
 -6.6103 -6.7358 -6.8599 -6.9847 -7.1095 -7.2318 -7.3508 -7.4663 -7.5785 -7.6876
 -7.7932
 -4.6577 -4.7280 -4.7984 -4.8700 -4.9430 -5.0164 -5.0887 -5.1580 -5.2253 -5.2933
 -5.3647 -5.4391 -5.5153 -5.5913 -5.6661 -5.8465 -6.0187 -6.1813 -6.3351 -6.4788
 -6.6126 -6.7398 -6.8645 -6.9892 -7.1136 -7.2358 -7.3545 -7.4695 -7.5812 -7.6896
 -7.7948
 -4.6638 -4.7322 -4.8000 -4.8680 -4.9374 -5.0081 -5.0793 -5.1497 -5.2186 -5.2867
 -5.3553 -5.4258 -5.4985 -5.5730 -5.6486 -5.8344 -6.0077 -6.1715 -6.3272 -6.4737
 -6.6105 -6.7397 -6.8651 -6.9896 -7.1137 -7.2357 -7.3543 -7.4691 -7.5803 -7.6882
 -7.7928
 -4.6705 -4.7387 -4.8050 -4.8709 -4.9375 -5.0055 -5.0749 -5.1448 -5.2145 -5.2835
 -5.3519 -5.4205 -5.4899 -5.5605 -5.6324 -5.8162 -5.9959 -6.1619 -6.3190 -6.4676
 -6.6070 -6.7384 -6.8647 -6.9893 -7.1131 -7.2351 -7.3538 -7.4687 -7.5798 -7.6874
 -7.7917
 -4.6799 -4.7465 -4.8119 -4.8765 -4.9409 -5.0067 -5.0741 -5.1426 -5.2118 -5.2810
 -5.3498 -5.4181 -5.4862 -5.5545 -5.6175 -5.7919 -5.9833 -6.1525 -6.3105
 [Fe/H] =  0.00 [alpha/Fe] = 0.00 BC value = F480M
 -4.5932 -4.6423 -4.6924 -4.7468 -4.8072 -4.8746 -4.9497 -5.0332 -5.1226 -5.2087
 -5.2940 -5.3785 -5.4600 -5.5398 -5.6152 -5.7844
 -4.6639 -4.7206 -4.7767 -4.8348 -4.8969 -4.9649 -5.0395 -5.1205 -5.2054 -5.2905
 -5.3760 -5.4610 -5.5443 -5.6247 -5.7021 -5.8797 -6.0357 -6.1690 -6.2896
 -4.7034 -4.7641 -4.8223 -4.8802 -4.9399 -5.0040 -5.0743 -5.1527 -5.2356 -5.3199
 -5.4048 -5.4895 -5.5726 -5.6534 -5.7313 -5.9116 -6.0688 -6.2053 -6.3294 -6.4434
 -6.5577
 -4.7271 -4.7906 -4.8506 -4.9079 -4.9650 -5.0244 -5.0892 -5.1633 -5.2436 -5.3265
 -5.4106 -5.4946 -5.5775 -5.6584 -5.7365 -5.9185 -6.0785 -6.2201 -6.3475 -6.4645
 -6.5806 -6.6999 -6.8232
 -4.7405 -4.8074 -4.8697 -4.9281 -4.9838 -5.0394 -5.0982 -5.1662 -5.2426 -5.3232
 -5.4059 -5.4891 -5.5716 -5.6524 -5.7307 -5.9139 -6.0770 -6.2232 -6.3552 -6.4766
 -6.5951 -6.7145 -6.8364 -6.9626 -7.0905
 -4.7293 -4.8129 -4.8806 -4.9425 -4.9998 -5.0539 -5.1078 -5.1688 -5.2397 -5.3167
 -5.3972 -5.4790 -5.5607 -5.6412 -5.7197 -5.9040 -6.0697 -6.2199 -6.3571 -6.4833
 -6.6044 -6.7245 -6.8458 -6.9700 -7.0958 -7.2208
 -4.6970 -4.7856 -4.8687 -4.9432 -5.0089 -5.0671 -5.1201 -5.1749 -5.2392 -5.3112
 -5.3882 -5.4678 -5.5481 -5.6279 -5.7063 -5.8915 -6.0596 -6.2134 -6.3555 -6.4864
 -6.6103 -6.7313 -6.8524 -6.9754 -7.0999 -7.2231 -7.3439 -7.4618 -7.5763 -7.6866
 -4.6592 -4.7400 -4.8226 -4.9052 -4.9853 -5.0597 -5.1253 -5.1823 -5.2424 -5.3092
 -5.3817 -5.4579 -5.5360 -5.6145 -5.6922 -5.8780 -6.0482 -6.2050 -6.3513 -6.4866
 -6.6135 -6.7359 -6.8572 -6.9793 -7.1026 -7.2246 -7.3442 -7.4610 -7.5746 -7.6848
 -7.7910
 -4.6453 -4.7198 -4.7958 -4.8731 -4.9505 -5.0262 -5.0988 -5.1674 -5.2348 -5.3046
 -5.3769 -5.4509 -5.5262 -5.6025 -5.6789 -5.8643 -6.0363 -6.1957 -6.3453 -6.4846
 -6.6146 -6.7387 -6.8604 -6.9821 -7.1046 -7.2260 -7.3447 -7.4604 -7.5730 -7.6826
 -7.7887
 -4.6451 -4.7160 -4.7874 -4.8600 -4.9339 -5.0078 -5.0801 -5.1498 -5.2183 -5.2889
 -5.3629 -5.4394 -5.5167 -5.5935 -5.6690 -5.8529 -6.0263 -6.1879 -6.3403 -6.4830
 -6.6162 -6.7424 -6.8650 -6.9867 -7.1087 -7.2297 -7.3481 -7.4632 -7.5751 -7.6840
 -7.7897
 -4.6497 -4.7185 -4.7871 -4.8562 -4.9265 -4.9980 -5.0697 -5.1402 -5.2097 -5.2791
 -5.3499 -5.4232 -5.4986 -5.5755 -5.6528 -5.8399 -6.0142 -6.1775 -6.3319 -6.4774
 -6.6136 -6.7419 -6.8655 -6.9872 -7.1087 -7.2294 -7.3475 -7.4622 -7.5737 -7.6820
 -7.7871
 -4.6548 -4.7237 -4.7906 -4.8576 -4.9252 -4.9942 -5.0644 -5.1348 -5.2050 -5.2748
 -5.3446 -5.4153 -5.4871 -5.5603 -5.6346 -5.8222 -6.0020 -6.1672 -6.3232 -6.4708
 -6.6096 -6.7403 -6.8651 -6.9871 -7.1084 -7.2287 -7.3467 -7.4614 -7.5726 -7.6806
 -7.7854
 -4.6607 -4.7290 -4.7957 -4.8614 -4.9272 -4.9941 -5.0625 -5.1320 -5.2020 -5.2721
 -5.3419 -5.4116 -5.4815 -5.5519 -5.6144 -5.7998 -5.9897 -6.1570 -6.3142
 [Fe/H] =  0.25 [alpha/Fe] = 0.00 BC value = F480M
 -4.5953 -4.6474 -4.7039 -4.7653 -4.8330 -4.9053 -4.9814 -5.0289 -5.1204 -5.2069
 -5.2918 -5.3769 -5.4605 -5.5394 -5.6163 -5.7898
 -4.6530 -4.7097 -4.7676 -4.8283 -4.8932 -4.9630 -5.0386 -5.1203 -5.2068 -5.2921
 -5.3775 -5.4629 -5.5470 -5.6288 -5.7072 -5.8877 -6.0457 -6.1819 -6.3005
 -4.6945 -4.7546 -4.8135 -4.8731 -4.9349 -5.0011 -5.0737 -5.1534 -5.2377 -5.3223
 -5.4073 -5.4924 -5.5763 -5.6582 -5.7374 -5.9209 -6.0816 -6.2192 -6.3438 -6.4582
 -6.5684
 -4.7198 -4.7821 -4.8416 -4.8996 -4.9581 -5.0196 -5.0868 -5.1625 -5.2446 -5.3284
 -5.4128 -5.4973 -5.5811 -5.6630 -5.7424 -5.9277 -6.0913 -6.2337 -6.3618 -6.4785
 -6.5922 -6.7070 -6.8253
 -4.7361 -4.8008 -4.8615 -4.9191 -4.9752 -5.0321 -5.0931 -5.1627 -5.2412 -5.3234
 -5.4070 -5.4910 -5.5744 -5.6563 -5.7360 -5.9226 -6.0891 -6.2359 -6.3684 -6.4891
 -6.6052 -6.7217 -6.8394 -6.9602 -7.0853
 -4.7432 -4.8120 -4.8757 -4.9350 -4.9907 -5.0448 -5.1000 -5.1624 -5.2352 -5.3144
 -5.3964 -5.4795 -5.5625 -5.6443 -5.7241 -5.9118 -6.0808 -6.2315 -6.3687 -6.4943
 -6.6136 -6.7313 -6.8490 -6.9685 -7.0912 -7.2149
 -4.7247 -4.8057 -4.8787 -4.9444 -5.0040 -5.0587 -5.1108 -5.1660 -5.2313 -5.3055
 -5.3847 -5.4663 -5.5484 -5.6299 -5.7097 -5.8984 -6.0695 -6.2237 -6.3654 -6.4959
 -6.6185 -6.7377 -6.8557 -6.9745 -7.0954 -7.2172 -7.3377 -7.4558 -7.5706 -7.6813
 -4.6733 -4.7598 -4.8449 -4.9272 -5.0015 -5.0665 -5.1230 -5.1748 -5.2328 -5.3002
 -5.3748 -5.4537 -5.5342 -5.6148 -5.6944 -5.8839 -6.0568 -6.2140 -6.3597 -6.4947
 -6.6208 -6.7417 -6.8605 -6.9790 -7.0985 -7.2189 -7.3379 -7.4545 -7.5685 -7.6791
 -7.7859
 -4.6486 -4.7255 -4.8043 -4.8843 -4.9636 -5.0404 -5.1125 -5.1765 -5.2359 -5.2993
 -5.3690 -5.4438 -5.5216 -5.6005 -5.6793 -5.8690 -6.0437 -6.2036 -6.3526 -6.4915
 -6.6211 -6.7441 -6.8636 -6.9821 -7.1009 -7.2201 -7.3380 -7.4535 -7.5663 -7.6763
 -7.7831
 -4.6433 -4.7154 -4.7885 -4.8631 -4.9385 -5.0132 -5.0857 -5.1547 -5.2221 -5.2904
 -5.3622 -5.4369 -5.5132 -5.5902 -5.6675 -5.8563 -6.0325 -6.1947 -6.3465 -6.4888
 -6.6218 -6.7472 -6.8680 -6.9868 -7.1052 -7.2237 -7.3410 -7.4558 -7.5678 -7.6770
 -7.7834
 -4.6462 -4.7156 -4.7849 -4.8553 -4.9269 -4.9991 -5.0708 -5.1403 -5.2082 -5.2764
 -5.3469 -5.4211 -5.4978 -5.5756 -5.6534 -5.8421 -6.0192 -6.1834 -6.3373 -6.4823
 -6.6183 -6.7463 -6.8684 -6.9874 -7.1055 -7.2234 -7.3401 -7.4544 -7.5658 -7.6743
 -7.7801
 -4.6516 -4.7203 -4.7876 -4.8552 -4.9236 -4.9932 -5.0635 -5.1334 -5.2022 -5.2705
 -5.3395 -5.4105 -5.4839 -5.5591 -5.6355 -5.8261 -6.0063 -6.1722 -6.3278 -6.4750
 -6.6136 -6.7441 -6.8678 -6.9875 -7.1054 -7.2228 -7.3392 -7.4532 -7.5642 -7.6724
 -7.7776
 -4.6558 -4.7248 -4.7921 -4.8579 -4.9245 -4.9918 -5.0604 -5.1296 -5.1989 -5.2679
 -5.3368 -5.4063 -5.4769 -5.5488 -5.6138 -5.8083 -5.9938 -6.1611 -6.3180
 [Fe/H] =  0.50 [alpha/Fe] = 0.00 BC value = F480M
 -4.5834 -4.5969 -4.6353 -4.6962 -4.7763 -4.8678 -4.9638 -5.0252 -5.1188 -5.2060
 -5.2907 -5.3760 -5.4606 -5.5420 -5.6171 -5.7919
 -4.6433 -4.6870 -4.7404 -4.8026 -4.8724 -4.9492 -5.0321 -5.1199 -5.2085 -5.2942
 -5.3792 -5.4647 -5.5494 -5.6320 -5.7119 -5.8951 -6.0557 -6.1944 -6.3128
 -4.6867 -4.7462 -4.8068 -4.8683 -4.9315 -4.9988 -5.0727 -5.1542 -5.2400 -5.3251
 -5.4100 -5.4951 -5.5795 -5.6622 -5.7424 -5.9290 -6.0932 -6.2326 -6.3551 -6.4688
 -6.5795
 -4.7136 -4.7746 -4.8344 -4.8934 -4.9535 -5.0168 -5.0856 -5.1629 -5.2464 -5.3308
 -5.4153 -5.5000 -5.5841 -5.6668 -5.7472 -5.9356 -6.1029 -6.2468 -6.3756 -6.4925
 -6.6045 -6.7160 -6.8299
 -4.7320 -4.7947 -4.8543 -4.9117 -4.9685 -5.0267 -5.0894 -5.1609 -5.2413 -5.3247
 -5.4086 -5.4930 -5.5769 -5.6595 -5.7402 -5.9299 -6.0999 -6.2484 -6.3812 -6.5019
 -6.6160 -6.7298 -6.8444 -6.9607 -7.0809
 -4.7438 -4.8091 -4.8702 -4.9278 -4.9828 -5.0372 -5.0938 -5.1577 -5.2325 -5.3136
 -5.3967 -5.4805 -5.5641 -5.6467 -5.7275 -5.9183 -6.0907 -6.2431 -6.3803 -6.5056
 -6.6234 -6.7389 -6.8539 -6.9696 -7.0877 -7.2089
 -4.7419 -4.8139 -4.8801 -4.9409 -4.9972 -5.0503 -5.1024 -5.1586 -5.2254 -5.3018
 -5.3829 -5.4657 -5.5488 -5.6313 -5.7123 -5.9041 -6.0783 -6.2341 -6.3755 -6.5056
 -6.6272 -6.7447 -6.8604 -6.9760 -7.0927 -7.2116 -7.3311 -7.4490 -7.5639 -7.6750
 -4.7020 -4.7811 -4.8688 -4.9414 -5.0058 -5.0632 -5.1152 -5.1660 -5.2242 -5.2931
 -5.3701 -5.4509 -5.5329 -5.6149 -5.6958 -5.8886 -6.0645 -6.2233 -6.3685 -6.5031
 -6.6284 -6.7482 -6.8649 -6.9806 -7.0964 -7.2136 -7.3313 -7.4475 -7.5616 -7.6725
 -7.7797
 -4.6580 -4.7382 -4.8208 -4.9037 -4.9836 -5.0573 -5.1217 -5.1766 -5.2298 -5.2905
 -5.3610 -5.4380 -5.5179 -5.5988 -5.6792 -5.8727 -6.0503 -6.2117 -6.3602 -6.4986
 -6.6277 -6.7499 -6.8679 -6.9839 -7.0992 -7.2152 -7.3313 -7.4462 -7.5589 -7.6693
 -7.7764
 -4.6451 -4.7185 -4.7937 -4.8705 -4.9476 -5.0234 -5.0967 -5.1657 -5.2295 -5.2914
 -5.3579 -5.4305 -5.5073 -5.5862 -5.6655 -5.8587 -6.0379 -6.2017 -6.3530 -6.4948
 -6.6275 -6.7524 -6.8719 -6.9885 -7.1038 -7.2190 -7.3343 -7.4482 -7.5599 -7.6693
 -7.7761
 -4.6448 -4.7146 -4.7850 -4.8567 -4.9296 -5.0027 -5.0744 -5.1435 -5.2106 -5.2774
 -5.3462 -5.4190 -5.4950 -5.5727 -5.6509 -5.8430 -6.0233 -6.1893 -6.3430 -6.4874
 -6.6230 -6.7507 -6.8719 -6.9891 -7.1043 -7.2189 -7.3334 -7.4465 -7.5575 -7.6660
 -7.7720
 -4.6504 -4.7182 -4.7859 -4.8540 -4.9234 -4.9938 -5.0642 -5.1334 -5.2009 -5.2677
 -5.3354 -5.4064 -5.4805 -5.5570 -5.6346 -5.8274 -6.0093 -6.1770 -6.3328 -6.4794
 -6.6176 -6.7478 -6.8709 -6.9890 -7.1043 -7.2186 -7.3325 -7.4451 -7.5555 -7.6635
 -7.7689
 -4.6550 -4.7235 -4.7900 -4.8563 -4.9231 -4.9910 -5.0597 -5.1286 -5.1969 -5.2644
 -5.3319 -5.4007 -5.4716 -5.5448 -5.6166 -5.8119 -5.9959 -6.1648 -6.3224
 [Fe/H] =  0.75 [alpha/Fe] = 0.00 BC value = F480M
 -4.5734 -4.5960 -4.6336 -4.6938 -4.7781 -4.8744 -4.9687 -5.0238 -5.1188 -5.2074
 -5.2921 -5.3776 -5.4626 -5.5457 -5.6242 -5.8397
 -4.6347 -4.6812 -4.7367 -4.8003 -4.8711 -4.9484 -5.0313 -5.1194 -5.2102 -5.2970
 -5.3819 -5.4672 -5.5522 -5.6357 -5.7165 -5.9021 -6.0657 -6.2066 -6.3264
 -4.6800 -4.7397 -4.8018 -4.8654 -4.9287 -4.9955 -5.0702 -5.1545 -5.2423 -5.3283
 -5.4131 -5.4980 -5.5825 -5.6657 -5.7468 -5.9363 -6.1034 -6.2457 -6.3709 -6.4864
 -6.5936
 -4.7093 -4.7715 -4.8288 -4.8890 -4.9508 -5.0158 -5.0854 -5.1634 -5.2482 -5.3335
 -5.4181 -5.5027 -5.5869 -5.6700 -5.7512 -5.9423 -6.1130 -6.2597 -6.3888 -6.5062
 -6.6157 -6.7247 -6.8366
 -4.7286 -4.7898 -4.8486 -4.9062 -4.9638 -5.0234 -5.0877 -5.1605 -5.2420 -5.3265
 -5.4107 -5.4950 -5.5791 -5.6621 -5.7435 -5.9358 -6.1092 -6.2606 -6.3937 -6.5146
 -6.6278 -6.7385 -6.8504 -6.9636 -7.0788
 -4.7436 -4.8063 -4.8655 -4.9219 -4.9766 -5.0316 -5.0893 -5.1547 -5.2312 -5.3137
 -5.3976 -5.4816 -5.5654 -5.6485 -5.7300 -5.9235 -6.0990 -6.2543 -6.3917 -6.5168
 -6.6335 -6.7469 -6.8598 -6.9724 -7.0865 -7.2038
 -4.7507 -4.8172 -4.8791 -4.9368 -4.9910 -5.0433 -5.0956 -5.1528 -5.2213 -5.2997
 -5.3822 -5.4657 -5.5492 -5.6322 -5.7139 -5.9085 -6.0856 -6.2442 -6.3857 -6.5154
 -6.6361 -6.7520 -6.8658 -6.9790 -7.0922 -7.2075 -7.3246 -7.4418 -7.5564 -7.6678
 -4.7315 -4.8105 -4.8817 -4.9459 -5.0040 -5.0573 -5.1075 -5.1581 -5.2172 -5.2879
 -5.3669 -5.4491 -5.5320 -5.6148 -5.6965 -5.8921 -6.0709 -6.2322 -6.3775 -6.5115
 -6.6363 -6.7548 -6.8699 -6.9835 -7.0963 -7.2099 -7.3250 -7.4403 -7.5541 -7.6650
 -7.7726
 -4.6765 -4.7631 -4.8472 -4.9280 -5.0016 -5.0651 -5.1205 -5.1698 -5.2215 -5.2826
 -5.3547 -5.4337 -5.5152 -5.5973 -5.6788 -5.8751 -6.0557 -6.2194 -6.3681 -6.5059
 -6.6344 -6.7558 -6.8725 -6.9866 -7.0993 -7.2119 -7.3254 -7.4389 -7.5511 -7.6614
 -7.7688
 -4.6519 -4.7273 -4.8053 -4.8845 -4.9635 -5.0405 -5.1124 -5.1759 -5.2312 -5.2864
 -5.3502 -5.4235 -5.5021 -5.5827 -5.6635 -5.8600 -6.0422 -6.2083 -6.3599 -6.5010
 -6.6332 -6.7575 -6.8761 -6.9910 -7.1039 -7.2161 -7.3286 -7.4408 -7.5518 -7.6610
 -7.7679
 -4.6464 -4.7168 -4.7885 -4.8618 -4.9361 -5.0099 -5.0819 -5.1513 -5.2182 -5.2824
 -5.3461 -5.4148 -5.4894 -5.5676 -5.6471 -5.8429 -6.0265 -6.1947 -6.3490 -6.4928
 -6.6279 -6.7551 -6.8757 -6.9915 -7.1045 -7.2163 -7.3279 -7.4392 -7.5491 -7.6571
 -7.7633
 -4.6505 -4.7183 -4.7862 -4.8551 -4.9254 -4.9964 -5.0669 -5.1354 -5.2020 -5.2679
 -5.3345 -5.4038 -5.4770 -5.5534 -5.6315 -5.8264 -6.0111 -6.1813 -6.3379 -6.4840
 -6.6217 -6.7515 -6.8742 -6.9912 -7.1046 -7.2162 -7.3273 -7.4378 -7.5469 -7.6543
 -7.7597
 -4.6567 -4.7238 -4.7899 -4.8561 -4.9233 -4.9916 -5.0605 -5.1289 -5.1960 -5.2621
 -5.3281 -5.3960 -5.4666 -5.5404 -5.6167 -5.8105 -5.9960 -6.1681 -6.3266
 [Fe/H] =  1.00 [alpha/Fe] = 0.00 BC value = F480M
 -4.5668 -4.5792 -4.6087 -4.6697 -4.7548 -4.8628 -4.9749 -5.0617 -5.1234 -5.2132
 -5.2986 -5.3839 -5.4693 -5.5530 -5.6341 -5.8503
 -4.6283 -4.6761 -4.7330 -4.7978 -4.8698 -4.9482 -5.0323 -5.1215 -5.2135 -5.3017
 -5.3869 -5.4717 -5.5567 -5.6405 -5.7222 -5.9106 -6.0757 -6.2187 -6.3414
 -4.6743 -4.7396 -4.8049 -4.8700 -4.9349 -4.9995 -5.0686 -5.1554 -5.2448 -5.3320
 -5.4171 -5.5016 -5.5859 -5.6694 -5.7511 -5.9431 -6.1127 -6.2571 -6.3839 -6.5000
 -6.6077
 -4.7048 -4.7698 -4.8246 -4.8863 -4.9500 -5.0166 -5.0838 -5.1634 -5.2499 -5.3362
 -5.4212 -5.5056 -5.5896 -5.6728 -5.7545 -5.9478 -6.1215 -6.2713 -6.4011 -6.5186
 -6.6284 -6.7347 -6.8436
 -4.7261 -4.7858 -4.8441 -4.9021 -4.9609 -5.0220 -5.0875 -5.1604 -5.2430 -5.3281
 -5.4129 -5.4972 -5.5810 -5.6641 -5.7459 -5.9403 -6.1167 -6.2714 -6.4053 -6.5259
 -6.6389 -6.7484 -6.8575 -6.9678 -7.0792
 -4.7439 -4.8043 -4.8619 -4.9175 -4.9723 -5.0279 -5.0866 -5.1531 -5.2307 -5.3142
 -5.3986 -5.4828 -5.5665 -5.6496 -5.7315 -5.9271 -6.1054 -6.2641 -6.4024 -6.5276
 -6.6438 -6.7554 -6.8661 -6.9767 -7.0875 -7.2004
 -4.7565 -4.8193 -4.8781 -4.9334 -4.9863 -5.0381 -5.0908 -5.1486 -5.2185 -5.2984
 -5.3818 -5.4658 -5.5495 -5.6325 -5.7146 -5.9112 -6.0912 -6.2529 -6.3956 -6.5249
 -6.6452 -6.7596 -6.8718 -6.9828 -7.0931 -7.2047 -7.3188 -7.4343 -7.5483 -7.6598
 -4.7542 -4.8243 -4.8884 -4.9472 -5.0014 -5.0522 -5.1013 -5.1517 -5.2117 -5.2841
 -5.3647 -5.4479 -5.5312 -5.6142 -5.6963 -5.8939 -6.0757 -6.2398 -6.3865 -6.5199
 -6.6441 -6.7615 -6.8752 -6.9870 -7.0975 -7.2081 -7.3199 -7.4333 -7.5461 -7.6567
 -7.7646
 -4.7074 -4.7960 -4.8755 -4.9466 -5.0098 -5.0657 -5.1159 -5.1628 -5.2140 -5.2760
 -5.3499 -5.4304 -5.5130 -5.5957 -5.6776 -5.8761 -6.0596 -6.2260 -6.3760 -6.5133
 -6.6412 -6.7618 -6.8773 -6.9898 -7.1005 -7.2104 -7.3209 -7.4321 -7.5433 -7.6531
 -7.7604
 -4.6657 -4.7440 -4.8253 -4.9074 -4.9873 -5.0604 -5.1237 -5.1774 -5.2254 -5.2787
 -5.3428 -5.4176 -5.4977 -5.5794 -5.6612 -5.8599 -6.0450 -6.2137 -6.3667 -6.5074
 -6.6389 -6.7626 -6.8804 -6.9940 -7.1050 -7.2147 -7.3244 -7.4343 -7.5439 -7.6524
 -7.7592
 -4.6523 -4.7238 -4.7970 -4.8721 -4.9479 -5.0227 -5.0957 -5.1649 -5.2275 -5.2847
 -5.3416 -5.4079 -5.4831 -5.5625 -5.6432 -5.8416 -6.0281 -6.1990 -6.3548 -6.4984
 -6.6328 -6.7595 -6.8794 -6.9943 -7.1056 -7.2151 -7.3240 -7.4329 -7.5412 -7.6483
 -7.7541
 -4.6535 -4.7212 -4.7896 -4.8595 -4.9307 -5.0022 -5.0725 -5.1406 -5.2068 -5.2723
 -5.3371 -5.4022 -5.4723 -5.5479 -5.6266 -5.8240 -6.0115 -6.1844 -6.3428 -6.4889
 -6.6259 -6.7552 -6.8774 -6.9938 -7.1057 -7.2151 -7.3236 -7.4317 -7.5390 -7.6453
 -7.7499
 -4.6601 -4.7261 -4.7919 -4.8582 -4.9257 -4.9944 -5.0632 -5.1309 -5.1967 -5.2615
 -5.3265 -5.3932 -5.4625 -5.5355 -5.6114 -5.8071 -5.9952 -6.1699 -6.3307
