 [Fe/H] = -4.00 [alpha/Fe] = 0.40 BC value =F150W2
  1.9374  1.1310  0.1379  0.1345  1.5098  3.1968  2.4837  1.4910  0.9988  1.0445
  1.1214  1.2074  1.4234  1.6134  1.6958  1.5586
  1.9452  1.6231  1.1658  1.1177  1.6515  2.4229  2.1705  1.7835  1.5466  1.4992
  1.4816  1.4930  1.5690  1.6376  1.6548  1.5288  1.3916  1.2614  1.1200
  1.8715  1.8169  1.6897  1.6421  1.7168  1.9256  1.9116  1.8579  1.7908  1.7273
  1.6799  1.6554  1.6501  1.6436  1.6211  1.5041  1.3757  1.2458  1.1123  0.9830
  0.8620
  1.7163  1.7124  1.7096  1.7077  1.7059  1.7050  1.7070  1.7140  1.7314  1.7289
  1.7164  1.6946  1.6667  1.6314  1.5947  1.4845  1.3596  1.2297  1.1007  0.9752
  0.8525  0.7327  0.6156
  1.6304  1.6416  1.6496  1.6537  1.6540  1.6524  1.6507  1.6504  1.6517  1.6525
  1.6473  1.6334  1.6122  1.5840  1.5496  1.4500  1.3371  1.2151  1.0895  0.9654
  0.8444  0.7267  0.6121  0.5002  0.3902
  1.5305  1.5546  1.5730  1.5853  1.5916  1.5935  1.5926  1.5902  1.5873  1.5844
  1.5805  1.5724  1.5569  1.5350  1.5063  1.4166  1.3131  1.1989  1.0781  0.9563
  0.8369  0.7208  0.6081  0.4982  0.3909  0.2855
  1.4167  1.4514  1.4798  1.5025  1.5187  1.5283  1.5327  1.5334  1.5315  1.5278
  1.5228  1.5158  1.5049  1.4885  1.4648  1.3843  1.2876  1.1811  1.0665  0.9479
  0.8300  0.7150  0.6035  0.4951  0.3896  0.2865  0.1852  0.0848 -0.0151 -0.1122
  1.2889  1.3320  1.3700  1.4034  1.4311  1.4517  1.4656  1.4733  1.4763  1.4755
  1.4720  1.4661  1.4573  1.4444  1.4261  1.3550  1.2637  1.1624  1.0540  0.9399
  0.8240  0.7097  0.5988  0.4914  0.3871  0.2855  0.1864  0.0888 -0.0084 -0.1054
 -0.2000
  1.1506  1.1999  1.2461  1.2894  1.3282  1.3609  1.3867  1.4051  1.4165  1.4220
  1.4230  1.4201  1.4139  1.4039  1.3894  1.3287  1.2427  1.1450  1.0409  0.9317
  0.8189  0.7057  0.5950  0.4877  0.3840  0.2833  0.1852  0.0895 -0.0048 -0.0988
 -0.1932
  1.0068  1.0604  1.1122  1.1623  1.2108  1.2550  1.2932  1.3241  1.3471  1.3624
  1.3709  1.3736  1.3715  1.3651  1.3537  1.3027  1.2236  1.1291  1.0273  0.9215
  0.8122  0.7009  0.5905  0.4828  0.3788  0.2782  0.1806  0.0856 -0.0072 -0.0989
 -0.1898
  0.8618  0.9180  0.9742  1.0303  1.0862  1.1394  1.1883  1.2312  1.2665  1.2935
  1.3122  1.3233  1.3274  1.3253  1.3174  1.2756  1.2063  1.1163  1.0170  0.9135
  0.8074  0.6990  0.5899  0.4823  0.3777  0.2767  0.1790  0.0843 -0.0078 -0.0978
 -0.1877
  0.7087  0.7727  0.8351  0.8959  0.9570  1.0165  1.0738  1.1263  1.1731  1.2114
  1.2410  1.2622  1.2755  1.2814  1.2802  1.2504  1.1889  1.1043  1.0082  0.9066
  0.8024  0.6966  0.5898  0.4832  0.3784  0.2766  0.1782  0.0831 -0.0090 -0.0986
 -0.1861
  0.5475  0.6246  0.6949  0.7591  0.8232  0.8863  0.9537  1.0137  1.0687  1.1162
  1.1561  1.1891  1.2155  1.2334  1.2420  1.2271  1.1714  1.0931  1.0009
 [Fe/H] = -3.00 [alpha/Fe] = 0.40 BC value =F150W2
  1.7399  1.7298  1.7395  1.7834  1.8769  2.0327  1.9335  1.8564  1.8144  1.7937
  1.7558  1.7187  1.7145  1.7138  1.6891  1.5576
  1.7551  1.7422  1.7409  1.7616  1.8155  1.9107  1.8817  1.8527  1.8305  1.8111
  1.7812  1.7481  1.7241  1.6988  1.6620  1.5340  1.3982  1.2634  1.1303
  1.7552  1.7423  1.7344  1.7386  1.7626  1.8115  1.8235  1.8255  1.8186  1.8037
  1.7816  1.7530  1.7187  1.6791  1.6349  1.5103  1.3801  1.2476  1.1164  0.9878
  0.8621
  1.7402  1.7301  1.7200  1.7144  1.7182  1.7351  1.7589  1.7749  1.7789  1.7715
  1.7570  1.7334  1.6983  1.6546  1.6078  1.4865  1.3614  1.2325  1.1037  0.9775
  0.8545  0.7344  0.6176
  1.7101  1.7056  1.6977  1.6890  1.6824  1.6815  1.6879  1.7008  1.7113  1.7146
  1.7075  1.6893  1.6630  1.6253  1.5807  1.4626  1.3421  1.2181  1.0922  0.9680
  0.8470  0.7293  0.6145  0.5022  0.3919
  1.6649  1.6688  1.6675  1.6624  1.6552  1.6485  1.6449  1.6454  1.6485  1.6510
  1.6478  1.6356  1.6163  1.5881  1.5508  1.4389  1.3221  1.2034  1.0815  0.9593
  0.8399  0.7237  0.6108  0.5007  0.3931  0.2874
  1.6039  1.6166  1.6242  1.6263  1.6236  1.6177  1.6111  1.6057  1.6020  1.5985
  1.5924  1.5815  1.5646  1.5429  1.5129  1.4142  1.3022  1.1881  1.0708  0.9515
  0.8333  0.7182  0.6065  0.4979  0.3921  0.2887  0.1871  0.0864 -0.0137 -0.1107
  1.5291  1.5495  1.5656  1.5764  1.5815  1.5808  1.5763  1.5698  1.5632  1.5566
  1.5485  1.5369  1.5203  1.4998  1.4737  1.3870  1.2825  1.1724  1.0597  0.9441
  0.8277  0.7132  0.6021  0.4944  0.3898  0.2879  0.1882  0.0903 -0.0069 -0.1039
 -0.1985
  1.4606  1.4757  1.4929  1.5120  1.5256  1.5329  1.5342  1.5309  1.5246  1.5171
  1.5086  1.4977  1.4829  1.4632  1.4394  1.3602  1.2630  1.1573  1.0517  0.9367
  0.8245  0.7094  0.5984  0.4909  0.3868  0.2859  0.1875  0.0907 -0.0048 -0.0990
 -0.1918
  1.3479  1.3857  1.4139  1.4335  1.4549  1.4709  1.4802  1.4833  1.4813  1.4757
  1.4681  1.4584  1.4460  1.4294  1.4085  1.3350  1.2438  1.1422  1.0361  0.9275
  0.8168  0.7048  0.5940  0.4861  0.3818  0.2809  0.1830  0.0878 -0.0054 -0.0971
 -0.1884
  1.2498  1.2902  1.3213  1.3440  1.3720  1.3949  1.4127  1.4241  1.4292  1.4287
  1.4243  1.4170  1.4071  1.3941  1.3773  1.3128  1.2270  1.1300  1.0265  0.9203
  0.8124  0.7031  0.5935  0.4856  0.3807  0.2794  0.1814  0.0865 -0.0058 -0.0961
 -0.1863
  1.1547  1.1891  1.2229  1.2562  1.2886  1.3185  1.3441  1.3510  1.3647  1.3721
  1.3737  1.3708  1.3645  1.3551  1.3424  1.2906  1.2106  1.1183  1.0181  0.9138
  0.8079  0.7010  0.5935  0.4865  0.3814  0.2794  0.1807  0.0853 -0.0070 -0.0968
 -0.1846
  1.0627  1.0825  1.1189  1.1701  1.2046  1.2417  1.2531  1.2798  1.3009  1.3028
  1.3128  1.3169  1.3161  1.3113  1.3038  1.2684  1.1946  1.1071  1.0109
 [Fe/H] = -2.50 [alpha/Fe] = 0.40 BC value =F150W2
  1.7655  1.8568  1.9889  2.0296  1.9439  1.8587  1.8674  1.9245  1.9488  1.9216
  1.8730  1.8205  1.7755  1.7343  1.6869  1.5575
  1.7610  1.7974  1.8600  1.8878  1.8667  1.8451  1.8558  1.8804  1.8883  1.8716
  1.8400  1.7993  1.7552  1.7099  1.6614  1.5336  1.4000  1.2653  1.1334
  1.7563  1.7563  1.7707  1.7849  1.7984  1.8128  1.8255  1.8334  1.8337  1.8247
  1.8050  1.7739  1.7329  1.6864  1.6376  1.5113  1.3814  1.2494  1.1188  0.9904
  0.8641
  1.7514  1.7335  1.7210  1.7209  1.7390  1.7618  1.7765  1.7835  1.7850  1.7809
  1.7680  1.7443  1.7086  1.6638  1.6155  1.4906  1.3637  1.2347  1.1060  0.9798
  0.8568  0.7366  0.6190
  1.7463  1.7290  1.7109  1.6958  1.6885  1.6921  1.7088  1.7307  1.7422  1.7402
  1.7290  1.7105  1.6823  1.6421  1.5951  1.4715  1.3469  1.2212  1.0950  0.9707
  0.8496  0.7318  0.6168  0.5045  0.3942
  1.7299  1.7183  1.7031  1.6867  1.6719  1.6620  1.6594  1.6639  1.6748  1.6853
  1.6847  1.6715  1.6502  1.6180  1.5751  1.4539  1.3309  1.2083  1.0850  0.9625
  0.8428  0.7265  0.6134  0.5031  0.3952  0.2893
  1.6977  1.6945  1.6861  1.6741  1.6601  1.6462  1.6351  1.6286  1.6259  1.6251
  1.6246  1.6193  1.6052  1.5829  1.5496  1.4372  1.3159  1.1957  1.0755  0.9552
  0.8367  0.7213  0.6094  0.5006  0.3945  0.2908  0.1890  0.0881 -0.0121 -0.1091
  1.6496  1.6548  1.6550  1.6504  1.6417  1.6299  1.6169  1.6051  1.5955  1.5875
  1.5790  1.5686  1.5549  1.5373  1.5121  1.4175  1.3016  1.1835  1.0663  0.9486
  0.8315  0.7167  0.6053  0.4974  0.3925  0.2903  0.1903  0.0922 -0.0052 -0.1024
 -0.1969
  1.5883  1.6004  1.6086  1.6123  1.6111  1.6051  1.5952  1.5832  1.5708  1.5588
  1.5470  1.5333  1.5163  1.4962  1.4732  1.3914  1.2859  1.1718  1.0571  0.9424
  0.8273  0.7131  0.6019  0.4941  0.3898  0.2885  0.1898  0.0933 -0.0016 -0.0957
 -0.1903
  1.5183  1.5349  1.5488  1.5598  1.5664  1.5680  1.5641  1.5557  1.5443  1.5313
  1.5177  1.5031  1.4860  1.4652  1.4413  1.3640  1.2669  1.1584  1.0466  0.9344
  0.8217  0.7089  0.5977  0.4895  0.3849  0.2838  0.1856  0.0900 -0.0034 -0.0954
 -0.1869
  1.4410  1.4605  1.4786  1.4949  1.5083  1.5171  1.5206  1.5185  1.5113  1.5005
  1.4874  1.4728  1.4567  1.4377  1.4151  1.3410  1.2495  1.1466  1.0381  0.9283
  0.8181  0.7075  0.5974  0.4891  0.3840  0.2824  0.1841  0.0889 -0.0037 -0.0943
 -0.1847
  1.3565  1.3793  1.4005  1.4203  1.4382  1.4532  1.4637  1.4687  1.4681  1.4622
  1.4522  1.4393  1.4244  1.4075  1.3878  1.3209  1.2330  1.1351  1.0301  0.9226
  0.8143  0.7059  0.5976  0.4901  0.3847  0.2824  0.1835  0.0878 -0.0047 -0.0948
 -0.1828
  1.2648  1.2913  1.3159  1.3376  1.3589  1.3780  1.3938  1.4056  1.4121  1.4130
  1.4086  1.3998  1.3877  1.3731  1.3594  1.3037  1.2174  1.1239  1.0226
 [Fe/H] = -2.00 [alpha/Fe] = 0.40 BC value =F150W2
  1.8877  1.8991  1.9168  1.9432  1.9560  1.9617  1.9596  1.9481  1.9277  1.8993
  1.8635  1.8226  1.7794  1.7325  1.6813  1.5543
  1.8342  1.8497  1.8668  1.8835  1.8974  1.9065  1.9089  1.9035  1.8901  1.8685
  1.8382  1.7996  1.7554  1.7079  1.6580  1.5312  1.4008  1.2678  1.1350
  1.7969  1.8045  1.8163  1.8299  1.8429  1.8530  1.8582  1.8573  1.8496  1.8343
  1.8102  1.7762  1.7338  1.6867  1.6375  1.5109  1.3821  1.2518  1.1214  0.9930
  0.8674
  1.7758  1.7635  1.7653  1.7824  1.7924  1.8012  1.8075  1.8095  1.8062  1.7967
  1.7795  1.7524  1.7146  1.6689  1.6198  1.4934  1.3658  1.2377  1.1095  0.9835
  0.8604  0.7401  0.6221
  1.7693  1.7434  1.7322  1.7334  1.7420  1.7531  1.7627  1.7675  1.7655  1.7582
  1.7454  1.7251  1.6947  1.6530  1.6049  1.4787  1.3519  1.2255  1.0993  0.9750
  0.8538  0.7357  0.6205  0.5078  0.3972
  1.7717  1.7506  1.7282  1.7140  1.7080  1.7076  1.7108  1.7158  1.7212  1.7232
  1.7132  1.6955  1.6708  1.6362  1.5914  1.4664  1.3400  1.2149  1.0905  0.9676
  0.8476  0.7310  0.6176  0.5069  0.3986  0.2924
  1.7661  1.7490  1.7281  1.7056  1.6841  1.6667  1.6551  1.6502  1.6518  1.6600
  1.6661  1.6598  1.6424  1.6149  1.5767  1.4557  1.3297  1.2055  1.0828  0.9612
  0.8421  0.7263  0.6141  0.5048  0.3984  0.2942  0.1919  0.0907 -0.0095 -0.1064
  1.7467  1.7369  1.7213  1.7020  1.6809  1.6601  1.6414  1.6270  1.6167  1.6094
  1.6049  1.6024  1.5952  1.5792  1.5526  1.4451  1.3206  1.1972  1.0758  0.9559
  0.8376  0.7222  0.6104  0.5021  0.3968  0.2942  0.1937  0.0952 -0.0025 -0.0997
 -0.1942
  1.7125  1.7101  1.7019  1.6890  1.6725  1.6537  1.6341  1.6152  1.5984  1.5839
  1.5706  1.5573  1.5442  1.5302  1.5118  1.4283  1.3117  1.1896  1.0695  0.9512
  0.8342  0.7192  0.6074  0.4993  0.3945  0.2928  0.1936  0.0966  0.0013 -0.0931
 -0.1876
  1.6637  1.6696  1.6684  1.6626  1.6526  1.6391  1.6227  1.6045  1.5856  1.5671
  1.5493  1.5311  1.5118  1.4914  1.4705  1.3996  1.2976  1.1805  1.0618  0.9450
  0.8296  0.7154  0.6036  0.4950  0.3900  0.2884  0.1897  0.0937 -0.0002 -0.0926
 -0.1843
  1.6043  1.6159  1.6214  1.6224  1.6195  1.6126  1.6018  1.5876  1.5706  1.5518
  1.5321  1.5119  1.4905  1.4672  1.4423  1.3711  1.2795  1.1710  1.0559  0.9409
  0.8273  0.7148  0.6037  0.4949  0.3894  0.2874  0.1887  0.0930 -0.0001 -0.0912
 -0.1820
  1.5383  1.5530  1.5635  1.5702  1.5734  1.5731  1.5687  1.5603  1.5477  1.5317
  1.5131  1.4928  1.4710  1.4476  1.4221  1.3483  1.2606  1.1594  1.0493  0.9368
  0.8249  0.7142  0.6045  0.4962  0.3904  0.2876  0.1883  0.0922 -0.0009 -0.0914
 -0.1799
  1.4665  1.4835  1.4975  1.5086  1.5167  1.5216  1.5232  1.5209  1.5141  1.5029
  1.4878  1.4696  1.4491  1.4267  1.4099  1.3312  1.2409  1.1457  1.0420
 [Fe/H] = -1.50 [alpha/Fe] = 0.40 BC value =F150W2
  1.9476  1.9658  1.9826  1.9973  2.0061  2.0069  1.9970  1.9754  1.9434  1.9048
  1.8616  1.8163  1.7706  1.7245  1.6764  1.5519
  1.9025  1.9191  1.9358  1.9510  1.9616  1.9648  1.9580  1.9403  1.9139  1.8805
  1.8410  1.7967  1.7499  1.7020  1.6532  1.5282  1.4003  1.2702  1.1386
  1.8626  1.8756  1.8903  1.9045  1.9156  1.9205  1.9168  1.9033  1.8822  1.8542
  1.8195  1.7783  1.7324  1.6840  1.6347  1.5090  1.3820  1.2541  1.1256  0.9978
  0.8723
  1.8279  1.8353  1.8461  1.8578  1.8680  1.8741  1.8734  1.8644  1.8483  1.8259
  1.7971  1.7611  1.7181  1.6705  1.6209  1.4943  1.3673  1.2408  1.1144  0.9890
  0.8659  0.7455  0.6276
  1.8051  1.7987  1.8019  1.8129  1.8222  1.8281  1.8291  1.8238  1.8120  1.7946
  1.7715  1.7417  1.7042  1.6594  1.6105  1.4834  1.3560  1.2300  1.1051  0.9814
  0.8601  0.7417  0.6261  0.5130  0.4018
  1.7971  1.7780  1.7669  1.7628  1.7652  1.7732  1.7833  1.7842  1.7765  1.7625
  1.7432  1.7187  1.6876  1.6483  1.6017  1.4751  1.3475  1.2216  1.0975  0.9749
  0.8548  0.7377  0.6239  0.5127  0.4039  0.2970
  1.8011  1.7797  1.7577  1.7375  1.7221  1.7123  1.7103  1.7165  1.7239  1.7249
  1.7145  1.6944  1.6674  1.6341  1.5926  1.4687  1.3409  1.2151  1.0914  0.9697
  0.8502  0.7339  0.6211  0.5114  0.4043  0.2995  0.1966  0.0949 -0.0055 -0.1020
  1.8020  1.7823  1.7596  1.7354  1.7119  1.6913  1.6750  1.6633  1.6559  1.6536
  1.6561  1.6538  1.6400  1.6147  1.5800  1.4631  1.3358  1.2100  1.0867  0.9656
  0.8467  0.7307  0.6183  0.5093  0.4034  0.3001  0.1990  0.0997  0.0017 -0.0955
 -0.1896
  1.7942  1.7794  1.7596  1.7364  1.7113  1.6860  1.6624  1.6421  1.6250  1.6107
  1.5989  1.5905  1.5844  1.5736  1.5530  1.4567  1.3315  1.2059  1.0829  0.9625
  0.8456  0.7285  0.6161  0.5073  0.4019  0.2995  0.1995  0.1019  0.0061 -0.0888
 -0.1833
  1.7719  1.7650  1.7515  1.7322  1.7094  1.6845  1.6591  1.6343  1.6114  1.5905
  1.5714  1.5531  1.5359  1.5206  1.5053  1.4374  1.3253  1.2008  1.0782  0.9584
  0.8409  0.7255  0.6129  0.5036  0.3980  0.2957  0.1963  0.0996  0.0050 -0.0880
 -0.1800
  1.7357  1.7362  1.7307  1.7175  1.6997  1.6785  1.6551  1.6305  1.6056  1.5811
  1.5575  1.5343  1.5113  1.4880  1.4654  1.4049  1.3134  1.1971  1.0758  0.9568
  0.8404  0.7259  0.6137  0.5041  0.3979  0.2953  0.1959  0.0995  0.0056 -0.0861
 -0.1775
  1.6883  1.6949  1.6952  1.6896  1.6782  1.6625  1.6436  1.6222  1.5990  1.5745
  1.5492  1.5234  1.4972  1.4704  1.4430  1.3734  1.2921  1.1889  1.0728  0.9553
  0.8399  0.7266  0.6153  0.5059  0.3993  0.2960  0.1960  0.0992  0.0055 -0.0858
 -0.1749
  1.6320  1.6435  1.6491  1.6492  1.6441  1.6346  1.6213  1.6048  1.5855  1.5637
  1.5398  1.5141  1.4870  1.4588  1.4381  1.3429  1.2614  1.1762  1.0692
 [Fe/H] = -1.00 [alpha/Fe] = 0.40 BC value =F150W2
  2.0251  2.0411  2.0544  2.0640  2.0689  2.0630  2.0427  2.0090  1.9660  1.9113
  1.8592  1.8089  1.7600  1.7121  1.6645  1.5437
  1.9830  2.0003  2.0158  2.0279  2.0344  2.0315  2.0160  1.9860  1.9444  1.8963
  1.8452  1.7939  1.7434  1.6940  1.6451  1.5223  1.3983  1.2719  1.1433
  1.9421  1.9585  1.9743  1.9877  1.9960  1.9965  1.9858  1.9606  1.9244  1.8806
  1.8321  1.7815  1.7306  1.6803  1.6304  1.5058  1.3811  1.2561  1.1304  1.0044
  0.8792
  1.9024  1.9157  1.9299  1.9434  1.9538  1.9579  1.9521  1.9328  1.9026  1.8642
  1.8199  1.7717  1.7216  1.6710  1.6204  1.4942  1.3686  1.2439  1.1199  0.9962
  0.8737  0.7533  0.6349
  1.8669  1.8753  1.8864  1.8982  1.9087  1.9151  1.9140  1.9012  1.8772  1.8448
  1.8059  1.7618  1.7140  1.6642  1.6136  1.4862  1.3596  1.2348  1.1115  0.9894
  0.8687  0.7502  0.6342  0.5207  0.4089
  1.8332  1.8334  1.8418  1.8529  1.8632  1.8704  1.8722  1.8652  1.8475  1.8212
  1.7881  1.7493  1.7057  1.6583  1.6086  1.4810  1.3535  1.2282  1.1051  0.9839
  0.8645  0.7474  0.6330  0.5212  0.4118  0.3042
  1.8257  1.8095  1.7990  1.7969  1.8032  1.8146  1.8236  1.8239  1.8135  1.7934
  1.7660  1.7327  1.6943  1.6511  1.6039  1.4775  1.3495  1.2237  1.1005  0.9796
  0.8610  0.7447  0.6314  0.5210  0.4131  0.3075  0.2037  0.1013  0.0006 -0.0958
  1.8278  1.8076  1.7878  1.7710  1.7595  1.7535  1.7517  1.7527  1.7537  1.7494
  1.7355  1.7110  1.6787  1.6406  1.5976  1.4750  1.3470  1.2208  1.0974  0.9767
  0.8584  0.7427  0.6299  0.5201  0.4133  0.3091  0.2071  0.1069  0.0081 -0.0892
 -0.1828
  1.8307  1.8104  1.7883  1.7656  1.7444  1.7259  1.7110  1.6984  1.6866  1.6757
  1.6674  1.6595  1.6456  1.6210  1.5865  1.4726  1.3455  1.2191  1.0955  0.9749
  0.8569  0.7414  0.6287  0.5192  0.4129  0.3096  0.2086  0.1100  0.0131 -0.0823
 -0.1779
  1.8301  1.8127  1.7914  1.7676  1.7424  1.7173  1.6936  1.6720  1.6520  1.6327
  1.6137  1.5962  1.5820  1.5691  1.5514  1.4662  1.3432  1.2168  1.0930  0.9723
  0.8545  0.7392  0.6263  0.5165  0.4101  0.3069  0.2064  0.1086  0.0130 -0.0808
 -0.1734
  1.8208  1.8082  1.7912  1.7695  1.7445  1.7175  1.6897  1.6624  1.6363  1.6114
  1.5873  1.5635  1.5402  1.5186  1.4994  1.4418  1.3411  1.2168  1.0932  0.9728
  0.8553  0.7404  0.6277  0.5177  0.4108  0.3073  0.2069  0.1095  0.0147 -0.0781
 -0.1691
  1.7984  1.7925  1.7810  1.7645  1.7431  1.7176  1.6897  1.6607  1.6314  1.6026
  1.5745  1.5469  1.5195  1.4921  1.4654  1.4034  1.3251  1.2158  1.0938  0.9737
  0.8566  0.7422  0.6300  0.5201  0.4128  0.3087  0.2078  0.1102  0.0154 -0.0769
 -0.1669
  1.7633  1.7635  1.7587  1.7480  1.7323  1.7114  1.6863  1.6587  1.6296  1.5998
  1.5697  1.5394  1.5092  1.4788  1.4494  1.3510  1.2952  1.2138  1.0948
 [Fe/H] = -0.75 [alpha/Fe] = 0.30 BC value =F150W2
  2.0531  2.0680  2.0803  2.0877  2.0905  2.0811  2.0564  2.0172  1.9695  1.9109
  1.8566  1.8046  1.7546  1.7058  1.6581  1.5392
  2.0140  2.0308  2.0452  2.0554  2.0595  2.0537  2.0342  1.9992  1.9523  1.8995
  1.8452  1.7917  1.7401  1.6900  1.6409  1.5191  1.3964  1.2721  1.1454
  1.9746  1.9911  2.0062  2.0182  2.0244  2.0224  2.0083  1.9787  1.9372  1.8881
  1.8354  1.7819  1.7295  1.6784  1.6282  1.5040  1.3806  1.2572  1.1329  1.0079
  0.8834
  1.9349  1.9489  1.9633  1.9761  1.9851  1.9872  1.9787  1.9557  1.9206  1.8767
  1.8272  1.7752  1.7228  1.6710  1.6200  1.4939  1.3692  1.2458  1.1228  1.0001
  0.8780  0.7576  0.6390
  1.8987  1.9085  1.9201  1.9320  1.9419  1.9472  1.9443  1.9284  1.9002  1.8625
  1.8179  1.7689  1.7178  1.6662  1.6148  1.4873  1.3613  1.2374  1.1150  0.9937
  0.8735  0.7550  0.6388  0.5248  0.4126
  1.8626  1.8686  1.8777  1.8881  1.8976  1.9041  1.9050  1.8960  1.8748  1.8438
  1.8051  1.7608  1.7127  1.6624  1.6113  1.4832  1.3562  1.2316  1.1092  0.9887
  0.8697  0.7527  0.6382  0.5262  0.4163  0.3083
  1.8429  1.8311  1.8274  1.8329  1.8445  1.8557  1.8612  1.8582  1.8442  1.8199
  1.7876  1.7488  1.7052  1.6580  1.6084  1.4807  1.3531  1.2277  1.1051  0.9849
  0.8667  0.7507  0.6373  0.5265  0.4183  0.3123  0.2080  0.1051  0.0042 -0.0922
  1.8424  1.8231  1.8059  1.7935  1.7877  1.7876  1.7916  1.7964  1.7958  1.7851
  1.7631  1.7317  1.6938  1.6510  1.6045  1.4792  1.3513  1.2255  1.1025  0.9824
  0.8646  0.7492  0.6363  0.5263  0.4192  0.3145  0.2119  0.1112  0.0120 -0.0856
 -0.1792
  1.8455  1.8247  1.8030  1.7821  1.7637  1.7494  1.7387  1.7297  1.7207  1.7120
  1.7036  1.6913  1.6697  1.6376  1.5973  1.4780  1.3506  1.2245  1.1013  0.9810
  0.8635  0.7483  0.6358  0.5260  0.4194  0.3155  0.2141  0.1149  0.0175 -0.0784
 -0.1730
  1.8478  1.8283  1.8060  1.7821  1.7579  1.7346  1.7136  1.6947  1.6765  1.6579
  1.6390  1.6220  1.6078  1.5927  1.5705  1.4742  1.3492  1.2229  1.0993  0.9790
  0.8614  0.7464  0.6338  0.5239  0.4171  0.3135  0.2125  0.1142  0.0180 -0.0764
 -0.1694
  1.8443  1.8283  1.8089  1.7856  1.7598  1.7327  1.7056  1.6795  1.6545  1.6303
  1.6060  1.5815  1.5577  1.5364  1.5176  1.4559  1.3490  1.2239  1.1003  0.9800
  0.8627  0.7479  0.6354  0.5254  0.4183  0.3144  0.2136  0.1156  0.0202 -0.0731
 -0.1646
  1.8302  1.8200  1.8049  1.7855  1.7615  1.7344  1.7054  1.6757  1.6463  1.6174
  1.5891  1.5610  1.5328  1.5048  1.4780  1.4173  1.3373  1.2245  1.1018  0.9816
  0.8645  0.7501  0.6380  0.5281  0.4207  0.3163  0.2150  0.1168  0.0216 -0.0713
 -0.1620
  1.8037  1.7997  1.7905  1.7761  1.7569  1.7329  1.7052  1.6755  1.6446  1.6134
  1.5823  1.5513  1.5202  1.4891  1.4517  1.3584  1.3141  1.2247  1.1038
 [Fe/H] = -0.50 [alpha/Fe] = 0.20 BC value =F150W2
  2.0803  2.0937  2.1046  2.1097  2.1097  2.0968  2.0675  2.0254  1.9705  1.9127
  1.8527  1.7990  1.7477  1.6984  1.6502  1.5325
  2.0447  2.0605  2.0736  2.0817  2.0832  2.0739  2.0500  2.0096  1.9575  1.9007
  1.8437  1.7885  1.7357  1.6849  1.6354  1.5143  1.3937  1.2718  1.1473
  2.0075  2.0236  2.0377  2.0480  2.0518  2.0467  2.0286  1.9941  1.9472  1.8933
  1.8370  1.7813  1.7275  1.6755  1.6249  1.5010  1.3791  1.2576  1.1352  1.0116
  0.8880
  1.9687  1.9830  1.9969  2.0086  2.0156  2.0151  2.0033  1.9761  1.9358  1.8865
  1.8326  1.7774  1.7231  1.6702  1.6187  1.4926  1.3689  1.2470  1.1257  1.0042
  0.8828  0.7624  0.6439
  1.9324  1.9430  1.9548  1.9662  1.9750  1.9784  1.9729  1.9535  1.9207  1.8775
  1.8277  1.7746  1.7207  1.6674  1.6152  1.4875  1.3623  1.2395  1.1184  0.9982
  0.8787  0.7604  0.6442  0.5300  0.4177
  1.8977  1.9047  1.9137  1.9236  1.9323  1.9376  1.9369  1.9252  1.9002  1.8641
  1.8199  1.7705  1.7185  1.6658  1.6134  1.4847  1.3582  1.2345  1.1131  0.9936
  0.8754  0.7586  0.6441  0.5318  0.4217  0.3133
  1.8647  1.8593  1.8632  1.8740  1.8856  1.8938  1.8963  1.8908  1.8735  1.8449
  1.8074  1.7632  1.7147  1.6639  1.6122  1.4833  1.3560  1.2314  1.1096  0.9903
  0.8728  0.7572  0.6438  0.5328  0.4243  0.3178  0.2130  0.1097  0.0085 -0.0880
  1.8593  1.8418  1.8283  1.8213  1.8216  1.8273  1.8356  1.8401  1.8351  1.8174
  1.7884  1.7510  1.7076  1.6603  1.6106  1.4827  1.3550  1.2298  1.1076  0.9881
  0.8711  0.7561  0.6435  0.5333  0.4258  0.3207  0.2176  0.1165  0.0167 -0.0812
 -0.1748
  1.8615  1.8407  1.8201  1.8014  1.7869  1.7771  1.7706  1.7656  1.7601  1.7529
  1.7418  1.7221  1.6917  1.6521  1.6068  1.4826  1.3551  1.2293  1.1067  0.9872
  0.8703  0.7557  0.6434  0.5337  0.4267  0.3225  0.2205  0.1208  0.0229 -0.0736
 -0.1685
  1.8653  1.8444  1.8217  1.7983  1.7755  1.7548  1.7369  1.7209  1.7047  1.6871
  1.6691  1.6526  1.6371  1.6175  1.5889  1.4807  1.3544  1.2284  1.1053  0.9854
  0.8685  0.7539  0.6418  0.5320  0.4251  0.3211  0.2196  0.1207  0.0240 -0.0710
 -0.1645
  1.8657  1.8475  1.8259  1.8016  1.7757  1.7492  1.7235  1.6991  1.6758  1.6522
  1.6278  1.6027  1.5788  1.5578  1.5385  1.4693  1.3555  1.2302  1.1069  0.9870
  0.8701  0.7557  0.6437  0.5339  0.4268  0.3227  0.2214  0.1229  0.0268 -0.0671
 -0.1592
  1.8584  1.8446  1.8263  1.8045  1.7789  1.7508  1.7214  1.6919  1.6629  1.6344
  1.6061  1.5773  1.5483  1.5197  1.4929  1.4324  1.3486  1.2320  1.1092  0.9892
  0.8724  0.7583  0.6465  0.5369  0.4296  0.3250  0.2233  0.1247  0.0288 -0.0647
 -0.1560
  1.8399  1.8317  1.8187  1.8007  1.7787  1.7522  1.7227  1.6916  1.6597  1.6278
  1.5962  1.5645  1.5328  1.5009  1.4521  1.3700  1.3337  1.2338  1.1122
 [Fe/H] = -0.25 [alpha/Fe] = 0.10 BC value =F150W2
  2.1065  2.1186  2.1273  2.1301  2.1271  2.1104  2.0760  2.0280  1.9690  1.9089
  1.8504  1.7948  1.7422  1.6925  1.6413  1.5248
  2.0748  2.0894  2.1007  2.1064  2.1049  2.0917  2.0627  2.0164  1.9597  1.8998
  1.8407  1.7839  1.7300  1.6784  1.6286  1.5082  1.3896  1.2704  1.1486
  2.0405  2.0557  2.0684  2.0765  2.0775  2.0687  2.0458  2.0058  1.9537  1.8958
  1.8369  1.7793  1.7241  1.6713  1.6202  1.4966  1.3762  1.2570  1.1369  1.0152
  0.8925
  2.0036  2.0175  2.0304  2.0404  2.0450  2.0413  2.0253  1.9931  1.9474  1.8932
  1.8357  1.7781  1.7221  1.6682  1.6161  1.4900  1.3674  1.2474  1.1279  1.0081
  0.8878  0.7679  0.6494
  1.9683  1.9791  1.9905  2.0006  2.0075  2.0083  1.9993  1.9756  1.9376  1.8891
  1.8347  1.7782  1.7221  1.6675  1.6146  1.4865  1.3621  1.2408  1.1213  1.0025
  0.8841  0.7663  0.6502  0.5359  0.4230
  1.9352  1.9423  1.9510  1.9599  1.9673  1.9707  1.9673  1.9520  1.9224  1.8810
  1.8316  1.7778  1.7226  1.6680  1.6145  1.4851  1.3592  1.2366  1.1166  0.9984
  0.8812  0.7650  0.6506  0.5382  0.4278  0.3191
  1.8936  1.8956  1.9053  1.9162  1.9249  1.9302  1.9301  1.9217  1.9006  1.8671
  1.8242  1.7748  1.7222  1.6684  1.6151  1.4849  1.3579  1.2342  1.1137  0.9955
  0.8790  0.7640  0.6508  0.5398  0.4310  0.3242  0.2191  0.1151  0.0137 -0.0829
  1.8801  1.8653  1.8565  1.8554  1.8614  1.8713  1.8796  1.8805  1.8696  1.8457
  1.8107  1.7676  1.7191  1.6678  1.6154  1.4853  1.3578  1.2333  1.1120  0.9937
  0.8776  0.7634  0.6511  0.5410  0.4333  0.3278  0.2244  0.1226  0.0222 -0.0759
 -0.1697
  1.8801  1.8599  1.8409  1.8252  1.8147  1.8092  1.8069  1.8059  1.8029  1.7948
  1.7777  1.7491  1.7101  1.6642  1.6146  1.4862  1.3585  1.2334  1.1116  0.9930
  0.8771  0.7632  0.6515  0.5420  0.4349  0.3303  0.2279  0.1277  0.0292 -0.0680
 -0.1632
  1.8842  1.8626  1.8399  1.8173  1.7964  1.7786  1.7637  1.7504  1.7362  1.7201
  1.7034  1.6868  1.6677  1.6412  1.6048  1.4859  1.3587  1.2330  1.1105  0.9915
  0.8754  0.7616  0.6502  0.5408  0.4340  0.3297  0.2278  0.1283  0.0310 -0.0646
 -0.1588
  1.8871  1.8673  1.8442  1.8193  1.7936  1.7682  1.7441  1.7217  1.6998  1.6768
  1.6521  1.6270  1.6034  1.5824  1.5612  1.4807  1.3608  1.2355  1.1127  0.9934
  0.8772  0.7635  0.6522  0.5430  0.4362  0.3319  0.2303  0.1313  0.0346 -0.0600
 -0.1528
  1.8848  1.8680  1.8474  1.8235  1.7967  1.7682  1.7389  1.7100  1.6817  1.6537
  1.6251  1.5956  1.5657  1.5369  1.5104  1.4482  1.3583  1.2382  1.1156  0.9962
  0.8799  0.7664  0.6552  0.5461  0.4392  0.3348  0.2329  0.1338  0.0374 -0.0568
 -0.1488
  1.8729  1.8611  1.8447  1.8238  1.7992  1.7708  1.7400  1.7081  1.6757  1.6435
  1.6115  1.5793  1.5467  1.5139  1.4524  1.3884  1.3512  1.2411  1.1192
 [Fe/H] =  0.00 [alpha/Fe] = 0.00 BC value =F150W2
  2.1265  2.1371  2.1445  2.1446  2.1346  2.1126  2.0772  2.0271  1.9650  1.9030
  1.8430  1.7862  1.7332  1.6824  1.6341  1.5200
  2.1047  2.1174  2.1263  2.1292  2.1236  2.1060  2.0715  2.0191  1.9586  1.8966
  1.8359  1.7778  1.7227  1.6705  1.6202  1.5004  1.3841  1.2676  1.1488
  2.0740  2.0875  2.0980  2.1034  2.1011  2.0879  2.0591  2.0131  1.9563  1.8954
  1.8345  1.7755  1.7192  1.6656  1.6140  1.4905  1.3718  1.2551  1.1376  1.0182
  0.8970
  2.0401  2.0528  2.0639  2.0714  2.0728  2.0650  2.0437  2.0057  1.9545  1.8963
  1.8361  1.7766  1.7194  1.6647  1.6119  1.4856  1.3644  1.2464  1.1292  1.0114
  0.8928  0.7737  0.6555
  2.0072  2.0172  2.0272  2.0352  2.0394  2.0365  2.0228  1.9937  1.9500  1.8964
  1.8384  1.7794  1.7217  1.6660  1.6124  1.4838  1.3603  1.2407  1.1232  1.0063
  0.8894  0.7725  0.6566  0.5423  0.4291
  1.9686  1.9830  1.9906  1.9977  2.0026  2.0030  1.9957  1.9754  1.9404  1.8934
  1.8393  1.7820  1.7246  1.6685  1.6141  1.4839  1.3586  1.2374  1.1192  1.0026
  0.8868  0.7715  0.6575  0.5451  0.4348  0.3257
  1.9312  1.9395  1.9502  1.9586  1.9643  1.9664  1.9629  1.9503  1.9241  1.8851
  1.8367  1.7829  1.7270  1.6711  1.6164  1.4850  1.3584  1.2358  1.1167  1.0001
  0.8850  0.7709  0.6582  0.5473  0.4385  0.3316  0.2259  0.1214  0.0199 -0.0770
  1.9070  1.8956  1.8918  1.8961  1.9064  1.9168  1.9213  1.9165  1.8997  1.8698
  1.8289  1.7803  1.7274  1.6730  1.6186  1.4866  1.3592  1.2355  1.1156  0.9987
  0.8839  0.7706  0.6589  0.5491  0.4414  0.3358  0.2321  0.1297  0.0287 -0.0696
 -0.1636
  1.9037  1.8844  1.8671  1.8546  1.8479  1.8459  1.8470  1.8487  1.8455  1.8328
  1.8076  1.7700  1.7239  1.6730  1.6201  1.4886  1.3607  1.2363  1.1155  0.9983
  0.8835  0.7707  0.6597  0.5506  0.4437  0.3390  0.2363  0.1355  0.0365 -0.0613
 -0.1568
  1.9072  1.8851  1.8626  1.8410  1.8220  1.8066  1.7942  1.7826  1.7699  1.7554
  1.7395  1.7209  1.6956  1.6606  1.6165  1.4896  1.3616  1.2364  1.1148  0.9969
  0.8820  0.7692  0.6586  0.5499  0.4434  0.3391  0.2370  0.1371  0.0391 -0.0571
 -0.1519
  1.9114  1.8901  1.8660  1.8407  1.8153  1.7908  1.7682  1.7471  1.7258  1.7028
  1.6781  1.6534  1.6304  1.6083  1.5835  1.4891  1.3646  1.2394  1.1173  0.9990
  0.8838  0.7712  0.6607  0.5523  0.4460  0.3420  0.2402  0.1409  0.0437 -0.0516
 -0.1451
  1.9124  1.8931  1.8707  1.8449  1.8171  1.7881  1.7590  1.7306  1.7027  1.6746
  1.6454  1.6150  1.5846  1.5559  1.5299  1.4636  1.3655  1.2430  1.1208  1.0021
  0.8867  0.7741  0.6637  0.5555  0.4493  0.3453  0.2435  0.1441  0.0472 -0.0475
 -0.1403
  1.9051  1.8903  1.8708  1.8475  1.8205  1.7904  1.7586  1.7260  1.6932  1.6607
  1.6281  1.5950  1.5615  1.5279  1.4557  1.4131  1.3643  1.2472  1.1253
 [Fe/H] =  0.25 [alpha/Fe] = 0.00 BC value =F150W2
  2.1545  2.1645  2.1691  2.1624  2.1417  2.1105  2.0740  2.0328  1.9676  1.9035
  1.8412  1.7819  1.7261  1.6745  1.6250  1.5095
  2.1314  2.1440  2.1518  2.1514  2.1404  2.1170  2.0798  2.0280  1.9640  1.8995
  1.8365  1.7761  1.7189  1.6647  1.6134  1.4927  1.3778  1.2635  1.1476
  2.1034  2.1174  2.1275  2.1317  2.1275  2.1110  2.0775  2.0258  1.9647  1.9009
  1.8375  1.7762  1.7178  1.6623  1.6094  1.4849  1.3670  1.2521  1.1370  1.0201
  0.9013
  2.0705  2.0847  2.0962  2.1032  2.1031  2.0926  2.0670  2.0231  1.9666  1.9047
  1.8416  1.7797  1.7202  1.6635  1.6094  1.4819  1.3612  1.2446  1.1295  1.0139
  0.8974  0.7803  0.6629
  2.0367  2.0492  2.0607  2.0693  2.0727  2.0679  2.0507  2.0165  1.9669  1.9085
  1.8468  1.7849  1.7247  1.6670  1.6118  1.4817  1.3585  1.2401  1.1242  1.0093
  0.8943  0.7789  0.6639  0.5498  0.4370
  2.0048  2.0141  2.0237  2.0321  2.0375  2.0371  2.0274  2.0033  1.9627  1.9100
  1.8512  1.7903  1.7300  1.6715  1.6154  1.4832  1.3581  1.2377  1.1209  1.0061
  0.8920  0.7782  0.6650  0.5530  0.4426  0.3334
  1.9703  1.9786  1.9866  1.9939  1.9995  2.0014  1.9970  1.9820  1.9516  1.9070
  1.8530  1.7945  1.7350  1.6763  1.6195  1.4856  1.3589  1.2371  1.1192  1.0041
  0.8905  0.7777  0.6660  0.5556  0.4470  0.3399  0.2340  0.1290  0.0275 -0.0695
  1.9249  1.9259  1.9340  1.9468  1.9568  1.9617  1.9609  1.9526  1.9322  1.8971
  1.8502  1.7960  1.7386  1.6806  1.6236  1.4883  1.3606  1.2375  1.1186  1.0031
  0.8897  0.7776  0.6670  0.5578  0.4504  0.3449  0.2409  0.1382  0.0366 -0.0618
 -0.1560
  1.9126  1.8976  1.8875  1.8847  1.8885  1.8967  1.9046  1.9068  1.8983  1.8761
  1.8397  1.7927  1.7394  1.6835  1.6273  1.4913  1.3627  1.2387  1.1189  1.0028
  0.8895  0.7779  0.6680  0.5597  0.4534  0.3489  0.2461  0.1450  0.0454 -0.0531
 -0.1488
  1.9130  1.8927  1.8732  1.8567  1.8450  1.8381  1.8342  1.8316  1.8270  1.8169
  1.7983  1.7692  1.7293  1.6810  1.6281  1.4933  1.3640  1.2392  1.1184  1.0016
  0.8879  0.7764  0.6669  0.5592  0.4535  0.3497  0.2477  0.1475  0.0491 -0.0478
 -0.1434
  1.9182  1.8962  1.8731  1.8500  1.8284  1.8096  1.7938  1.7797  1.7648  1.7472
  1.7268  1.7039  1.6788  1.6495  1.6138  1.4963  1.3676  1.2424  1.1210  1.0035
  0.8896  0.7782  0.6689  0.5616  0.4564  0.3531  0.2516  0.1522  0.0546 -0.0413
 -0.1355
  1.9234  1.9022  1.8785  1.8529  1.8265  1.8004  1.7755  1.7521  1.7292  1.7052
  1.6787  1.6497  1.6202  1.5915  1.5635  1.4832  1.3709  1.2465  1.1247  1.0066
  0.8923  0.7808  0.6717  0.5647  0.4597  0.3566  0.2554  0.1562  0.0590 -0.0363
 -0.1297
  1.9246  1.9059  1.8835  1.8587  1.8307  1.8013  1.7711  1.7411  1.7115  1.6819
  1.6515  1.6194  1.5860  1.5522  1.4772  1.4540  1.3739  1.2515  1.1295
 [Fe/H] =  0.50 [alpha/Fe] = 0.00 BC value =F150W2
  2.1731  2.2643  2.3015  2.2911  2.2435  2.1766  2.1041  2.0378  1.9701  1.9041
  1.8398  1.7783  1.7203  1.6661  1.6163  1.5003
  2.1542  2.1940  2.2114  2.2087  2.1878  2.1507  2.0988  2.0354  1.9689  1.9025
  1.8376  1.7751  1.7157  1.6598  1.6068  1.4846  1.3702  1.2580  1.1449
  2.1290  2.1436  2.1523  2.1551  2.1496  2.1304  2.0928  2.0362  1.9720  1.9062
  1.8409  1.7775  1.7170  1.6596  1.6052  1.4789  1.3613  1.2480  1.1348  1.0203
  0.9042
  2.0975  2.1132  2.1243  2.1304  2.1287  2.1158  2.0861  2.0372  1.9769  1.9123
  1.8472  1.7832  1.7216  1.6630  1.6073  1.4777  1.3571  1.2418  1.1286  1.0153
  0.9009  0.7855  0.6695
  2.0635  2.0781  2.0907  2.0995  2.1020  2.0953  2.0747  2.0355  1.9809  1.9189
  1.8547  1.7906  1.7283  1.6685  1.6115  1.4792  1.3560  1.2384  1.1242  1.0113
  0.8983  0.7847  0.6710  0.5576  0.4449
  2.0303  2.0425  2.0542  2.0638  2.0693  2.0678  2.0556  2.0274  1.9815  1.9241
  1.8618  1.7984  1.7357  1.6751  1.6171  1.4822  1.3567  1.2372  1.1217  1.0086
  0.8963  0.7842  0.6723  0.5611  0.4510  0.3418
  1.9982  2.0074  2.0170  2.0258  2.0322  2.0341  2.0285  2.0106  1.9757  1.9256
  1.8672  1.8053  1.7430  1.6820  1.6231  1.4859  1.3587  1.2374  1.1206  1.0071
  0.8952  0.7840  0.6735  0.5639  0.4557  0.3489  0.2429  0.1380  0.0363 -0.0610
  1.9557  1.9579  1.9768  1.9859  1.9927  1.9961  1.9944  1.9845  1.9609  1.9210
  1.8688  1.8101  1.7492  1.6885  1.6292  1.4900  1.3612  1.2386  1.1207  1.0064
  0.8946  0.7840  0.6746  0.5663  0.4596  0.3544  0.2505  0.1476  0.0456 -0.0528
 -0.1472
  1.9228  1.9150  1.9158  1.9253  1.9382  1.9488  1.9526  1.9488  1.9350  1.9070
  1.8642  1.8112  1.7533  1.6938  1.6348  1.4941  1.3641  1.2404  1.1214  1.0065
  0.8946  0.7844  0.6757  0.5685  0.4629  0.3589  0.2564  0.1553  0.0553 -0.0437
 -0.1395
  1.9177  1.9004  1.8860  1.8771  1.8747  1.8773  1.8826  1.8870  1.8851  1.8718
  1.8440  1.8025  1.7516  1.6957  1.6381  1.4973  1.3659  1.2413  1.1212  1.0054
  0.8931  0.7830  0.6747  0.5681  0.4633  0.3602  0.2587  0.1587  0.0601 -0.0373
 -0.1336
  1.9212  1.9004  1.8794  1.8601  1.8442  1.8327  1.8248  1.8184  1.8115  1.8015
  1.7852  1.7604  1.7270  1.6853  1.6368  1.5021  1.3700  1.2445  1.1237  1.0073
  0.8945  0.7845  0.6766  0.5705  0.4663  0.3640  0.2632  0.1641  0.0664 -0.0298
 -0.1246
  1.9276  1.9065  1.8830  1.8588  1.8353  1.8135  1.7943  1.7774  1.7610  1.7428
  1.7213  1.6959  1.6675  1.6365  1.6026  1.4998  1.3746  1.2488  1.1273  1.0101
  0.8969  0.7867  0.6790  0.5732  0.4694  0.3676  0.2673  0.1687  0.0717 -0.0238
 -0.1177
  1.9335  1.9131  1.8900  1.8644  1.8374  1.8100  1.7830  1.7574  1.7326  1.7078
  1.6812  1.6517  1.6196  1.5864  1.5355  1.4904  1.3797  1.2542  1.1320
 [Fe/H] =  0.75 [alpha/Fe] = 0.00 BC value =F150W2
  2.1891  2.2495  2.2738  2.2569  2.2075  2.1459  2.0892  2.0418  1.9722  1.9044
  1.8386  1.7751  1.7151  1.6586  1.6063  1.4847
  2.1735  2.2038  2.2147  2.2084  2.1865  2.1505  2.1019  2.0417  1.9733  1.9054
  1.8389  1.7745  1.7132  1.6553  1.6007  1.4764  1.3619  1.2514  1.1408
  2.1507  2.1652  2.1727  2.1737  2.1671  2.1466  2.1059  2.0449  1.9786  1.9112
  1.8444  1.7792  1.7168  1.6575  1.6014  1.4726  1.3549  1.2428  1.1321  1.0204
  0.9068
  2.1207  2.1340  2.1477  2.1528  2.1493  2.1340  2.1013  2.0488  1.9857  1.9194
  1.8527  1.7870  1.7236  1.6630  1.6055  1.4733  1.3523  1.2380  1.1265  1.0154
  0.9034  0.7901  0.6756
  2.0869  2.1032  2.1165  2.1251  2.1265  2.1178  2.0940  2.0507  1.9926  1.9283
  1.8622  1.7965  1.7323  1.6706  1.6118  1.4764  1.3526  1.2358  1.1231  1.0121
  0.9011  0.7896  0.6775  0.5652  0.4529
  2.0526  2.0675  2.0810  2.0915  2.0970  2.0943  2.0796  2.0475  1.9970  1.9363
  1.8717  1.8063  1.7418  1.6792  1.6193  1.4809  1.3547  1.2356  1.1214  1.0100
  0.8997  0.7894  0.6790  0.5690  0.4595  0.3504
  2.0198  2.0318  2.0438  2.0543  2.0616  2.0634  2.0563  2.0354  1.9960  1.9415
  1.8798  1.8155  1.7512  1.6882  1.6273  1.4862  1.3578  1.2368  1.1211  1.0090
  0.8989  0.7894  0.6804  0.5719  0.4644  0.3580  0.2521  0.1472  0.0462 -0.0514
  1.9846  1.9954  2.0056  2.0151  2.0228  2.0267  2.0247  2.0131  1.9862  1.9415
  1.8849  1.8230  1.7597  1.6968  1.6354  1.4918  1.3614  1.2388  1.1217  1.0088
  0.8986  0.7896  0.6816  0.5744  0.4685  0.3639  0.2604  0.1575  0.0556 -0.0426
 -0.1373
  1.9361  1.9426  1.9538  1.9681  1.9801  1.9859  1.9866  1.9809  1.9647  1.9327
  1.8849  1.8276  1.7663  1.7042  1.6428  1.4975  1.3651  1.2413  1.1230  1.0092
  0.8987  0.7901  0.6828  0.5767  0.4720  0.3688  0.2668  0.1660  0.0660 -0.0333
 -0.1290
  1.9219  1.9095  1.9031  1.9039  1.9122  1.9242  1.9340  1.9364  1.9289  1.9091
  1.8740  1.8251  1.7685  1.7086  1.6481  1.5020  1.3677  1.2426  1.1232  1.0083
  0.8973  0.7887  0.6818  0.5764  0.4726  0.3704  0.2696  0.1701  0.0717 -0.0259
 -0.1226
  1.9219  1.9034  1.8861  1.8722  1.8639  1.8611  1.8618  1.8638  1.8641  1.8578
  1.8395  1.8066  1.7614  1.7087  1.6521  1.5081  1.3724  1.2460  1.1257  1.0101
  0.8986  0.7900  0.6835  0.5787  0.4756  0.3743  0.2745  0.1761  0.0789 -0.0173
 -0.1126
  1.9278  1.9072  1.8855  1.8641  1.8448  1.8288  1.8167  1.8071  1.7978  1.7868
  1.7721  1.7503  1.7203  1.6825  1.6387  1.5116  1.3778  1.2503  1.1291  1.0126
  0.9005  0.7917  0.6854  0.5810  0.4785  0.3778  0.2787  0.1811  0.0847 -0.0105
 -0.1047
  1.9353  1.9146  1.8918  1.8673  1.8423  1.8181  1.7957  1.7756  1.7570  1.7380
  1.7168  1.6917  1.6628  1.6303  1.6079  1.5125  1.3839  1.2555  1.1334
 [Fe/H] =  1.00 [alpha/Fe] = 0.00 BC value =F150W2
  2.2016  2.2296  2.2310  2.2215  2.1946  2.1481  2.0907  2.0421  1.9733  1.9041
  1.8370  1.7720  1.7102  1.6520  1.5974  1.4737
  2.1892  2.2176  2.2268  2.2188  2.1954  2.1579  2.1079  2.0465  1.9769  1.9078
  1.8399  1.7741  1.7111  1.6514  1.5951  1.4679  1.3532  1.2438  1.1352
  2.1687  2.1949  2.2054  2.2018  2.1855  2.1577  2.1158  2.0520  1.9843  1.9158
  1.8477  1.7811  1.7170  1.6559  1.5981  1.4663  1.3481  1.2367  1.1277  1.0184
  0.9072
  2.1401  2.1616  2.1669  2.1705  2.1650  2.1474  2.1143  2.0586  1.9934  1.9260
  1.8581  1.7911  1.7260  1.6636  1.6044  1.4689  1.3470  1.2332  1.1232  1.0142
  0.9046  0.7936  0.6811
  2.1065  2.1243  2.1380  2.1459  2.1460  2.1353  2.1089  2.0631  2.0025  1.9369
  1.8696  1.8024  1.7367  1.6732  1.6126  1.4737  1.3487  1.2323  1.1208  1.0116
  0.9028  0.7934  0.6832  0.5723  0.4608
  2.0712  2.0886  2.1037  2.1148  2.1198  2.1157  2.0989  2.0635  2.0099  1.9471
  1.8810  1.8142  1.7482  1.6839  1.6221  1.4799  1.3521  1.2332  1.1200  1.0102
  0.9018  0.7934  0.6849  0.5762  0.4676  0.3590
  2.0368  2.0519  2.0664  2.0786  2.0866  2.0880  2.0797  2.0561  2.0129  1.9552
  1.8913  1.8255  1.7596  1.6949  1.6322  1.4868  1.3564  1.2354  1.1204  1.0097
  0.9013  0.7937  0.6863  0.5793  0.4730  0.3670  0.2613  0.1574  0.0570 -0.0406
  2.0035  2.0161  2.0282  2.0396  2.0487  2.0535  2.0512  2.0379  2.0077  1.9590
  1.8993  1.8352  1.7701  1.7054  1.6422  1.4942  1.3612  1.2383  1.1217  1.0099
  0.9013  0.7942  0.6877  0.5819  0.4772  0.3734  0.2702  0.1675  0.0664 -0.0314
 -0.1263
  1.9559  1.9729  1.9872  1.9989  2.0079  2.0138  2.0149  2.0088  1.9905  1.9548
  1.9029  1.8424  1.7789  1.7148  1.6516  1.5016  1.3661  1.2415  1.1236  1.0107
  0.9017  0.7947  0.6891  0.5842  0.4806  0.3782  0.2770  0.1767  0.0768 -0.0219
 -0.1173
  1.9259  1.9208  1.9253  1.9377  1.9545  1.9674  1.9725  1.9701  1.9596  1.9367
  1.8972  1.8439  1.7837  1.7212  1.6585  1.5076  1.3698  1.2435  1.1242  1.0102
  0.9004  0.7934  0.6881  0.5839  0.4812  0.3800  0.2800  0.1814  0.0835 -0.0140
 -0.1105
  1.9208  1.9058  1.8936  1.8873  1.8883  1.8950  1.9045  1.9124  1.9131  1.9023
  1.8770  1.8359  1.7835  1.7254  1.6650  1.5150  1.3753  1.2472  1.1269  1.0120
  0.9016  0.7945  0.6896  0.5861  0.4842  0.3840  0.2851  0.1877  0.0912 -0.0046
 -0.0998
  1.9245  1.9058  1.8868  1.8694  1.8557  1.8472  1.8430  1.8412  1.8394  1.8355
  1.8250  1.8022  1.7650  1.7170  1.6632  1.5211  1.3816  1.2517  1.1301  1.0143
  0.9032  0.7957  0.6910  0.5881  0.4869  0.3873  0.2893  0.1928  0.0975  0.0029
 -0.0909
  1.9318  1.9125  1.8907  1.8683  1.8464  1.8266  1.8100  1.7965  1.7845  1.7719
  1.7573  1.7385  1.7128  1.6788  1.6531  1.5259  1.3887  1.2570  1.1338
