 [Fe/H] = -2.00 [alpha/Fe] =-0.40 BC value = F150W
 -0.9990 -1.0189 -1.0055 -0.9989 -1.0172 -1.0199 -1.0082 -1.0068 -1.0163 -1.0260
 -1.0434 -1.0697 -1.1023 -1.1385 -1.1785 -1.2835 -1.4236 -1.5818 -1.7013
 -0.9963 -1.0278 -1.0484 -1.0506 -1.0335 -1.0193 -1.0199 -1.0279 -1.0379 -1.0518
 -1.0725 -1.0996 -1.1317 -1.1678 -1.2074 -1.3184 -1.4412 -1.5703 -1.7012 -1.8318
 -0.9907 -1.0262 -1.0556 -1.0772 -1.0877 -1.0788 -1.0583 -1.0489 -1.0550 -1.0710
 -1.0926 -1.1204 -1.1532 -1.1900 -1.2299 -1.3399 -1.4591 -1.5842 -1.7118 -1.8392
 -1.9654
 -0.9876 -1.0219 -1.0543 -1.0825 -1.1053 -1.1212 -1.1253 -1.1129 -1.0982 -1.0974
 -1.1131 -1.1395 -1.1723 -1.2095 -1.2497 -1.3596 -1.4764 -1.5977 -1.7217 -1.8464
 -1.9698 -2.0918
 -0.9929 -1.0212 -1.0522 -1.0824 -1.1100 -1.1340 -1.1536 -1.1664 -1.1664 -1.1600
 -1.1573 -1.1688 -1.1937 -1.2281 -1.2678 -1.3777 -1.4931 -1.6110 -1.7312 -1.8531
 -1.9743 -2.0939 -2.2119 -2.3286
 -1.0087 -1.0298 -1.0550 -1.0833 -1.1119 -1.1391 -1.1641 -1.1863 -1.2045 -1.2163
 -1.2215 -1.2255 -1.2367 -1.2586 -1.2900 -1.3944 -1.5090 -1.6244 -1.7411 -1.8596
 -1.9786 -2.0964 -2.2124 -2.3267 -2.4401 -2.5522 -2.6627 -2.7710 -2.8769 -2.9802
 -1.0354 -1.0494 -1.0666 -1.0907 -1.1165 -1.1436 -1.1705 -1.1962 -1.2204 -1.2419
 -1.2607 -1.2765 -1.2903 -1.3063 -1.3288 -1.4142 -1.5243 -1.6382 -1.7518 -1.8667
 -1.9830 -2.0990 -2.2133 -2.3258 -2.4365 -2.5453 -2.6526 -2.7588 -2.8643 -2.9686
 -3.0690
 -1.0739 -1.0807 -1.0910 -1.1082 -1.1293 -1.1530 -1.1786 -1.2049 -1.2311 -1.2562
 -1.2805 -1.3040 -1.3266 -1.3484 -1.3708 -1.4433 -1.5415 -1.6517 -1.7631 -1.8747
 -1.9878 -2.1017 -2.2146 -2.3256 -2.4347 -2.5418 -2.6471 -2.7510 -2.8538 -2.9557
 -3.0569
 -1.1248 -1.1244 -1.1287 -1.1384 -1.1540 -1.1728 -1.1942 -1.2180 -1.2435 -1.2694
 -1.2952 -1.3213 -1.3480 -1.3749 -1.4020 -1.4745 -1.5635 -1.6667 -1.7758 -1.8851
 -1.9952 -2.1066 -2.2180 -2.3281 -2.4360 -2.5417 -2.6456 -2.7478 -2.8487 -2.9483
 -3.0467
 -1.1886 -1.1812 -1.1797 -1.1834 -1.1919 -1.2047 -1.2211 -1.2401 -1.2620 -1.2859
 -1.3110 -1.3370 -1.3641 -1.3924 -1.4218 -1.4997 -1.5848 -1.6820 -1.7869 -1.8941
 -2.0017 -2.1102 -2.2193 -2.3280 -2.4350 -2.5397 -2.6422 -2.7427 -2.8414 -2.9387
 -3.0366
 -1.2642 -1.2510 -1.2437 -1.2414 -1.2439 -1.2505 -1.2610 -1.2749 -1.2918 -1.3112
 -1.3331 -1.3568 -1.3822 -1.4094 -1.4385 -1.5182 -1.6042 -1.6966 -1.7973 -1.9025
 -2.0085 -2.1147 -2.2213 -2.3282 -2.4341 -2.5381 -2.6399 -2.7393 -2.8365 -2.9319
 -3.0260
 -1.3447 -1.3316 -1.3212 -1.3140 -1.3102 -1.3102 -1.3142 -1.3222 -1.3338 -1.3485
 -1.3657 -1.3852 -1.4069 -1.4309 -1.4573 -1.5337 -1.6202 -1.7113 -1.8079
 [Fe/H] = -1.50 [alpha/Fe] =-0.40 BC value = F150W
 -1.0425 -1.0434 -1.0388 -1.0408 -1.0454 -1.0473 -1.0482 -1.0522 -1.0592 -1.0697
 -1.0854 -1.1071 -1.1344 -1.1662 -1.2017 -1.3010 -1.4219 -1.5588 -1.6896
 -1.0408 -1.0670 -1.0694 -1.0546 -1.0475 -1.0517 -1.0583 -1.0652 -1.0736 -1.0853
 -1.1023 -1.1253 -1.1537 -1.1864 -1.2225 -1.3249 -1.4412 -1.5673 -1.6975 -1.8280
 -1.0235 -1.0618 -1.0879 -1.0966 -1.0822 -1.0641 -1.0637 -1.0738 -1.0855 -1.0985
 -1.1163 -1.1399 -1.1689 -1.2023 -1.2391 -1.3423 -1.4573 -1.5803 -1.7074 -1.8348
 -1.9612
 -1.0034 -1.0449 -1.0810 -1.1090 -1.1236 -1.1201 -1.1006 -1.0881 -1.0956 -1.1100
 -1.1283 -1.1520 -1.1812 -1.2150 -1.2523 -1.3565 -1.4711 -1.5918 -1.7161 -1.8410
 -1.9648 -2.0872
 -0.9864 -1.0263 -1.0652 -1.1000 -1.1279 -1.1476 -1.1561 -1.1505 -1.1344 -1.1297
 -1.1413 -1.1633 -1.1919 -1.2256 -1.2632 -1.3683 -1.4830 -1.6020 -1.7239 -1.8466
 -1.9684 -2.0886 -2.2070 -2.3240
 -0.9792 -1.0115 -1.0489 -1.0858 -1.1200 -1.1494 -1.1730 -1.1899 -1.1975 -1.1922
 -1.1838 -1.1874 -1.2063 -1.2364 -1.2730 -1.3784 -1.4933 -1.6116 -1.7313 -1.8517
 -1.9718 -2.0902 -2.2068 -2.3216 -2.4349 -2.5467 -2.6571 -2.7661 -2.8734 -2.9771
 -0.9776 -1.0040 -1.0374 -1.0724 -1.1078 -1.1419 -1.1727 -1.1993 -1.2214 -1.2372
 -1.2450 -1.2458 -1.2494 -1.2638 -1.2896 -1.3879 -1.5026 -1.6205 -1.7387 -1.8569
 -1.9750 -2.0920 -2.2070 -2.3201 -2.4314 -2.5412 -2.6495 -2.7561 -2.8611 -2.9643
 -3.0659
 -0.9865 -1.0067 -1.0343 -1.0650 -1.0980 -1.1321 -1.1661 -1.1981 -1.2271 -1.2528
 -1.2741 -1.2907 -1.3031 -1.3141 -1.3294 -1.4029 -1.5117 -1.6288 -1.7461 -1.8625
 -1.9784 -2.0938 -2.2075 -2.3193 -2.4289 -2.5365 -2.6424 -2.7469 -2.8502 -2.9525
 -3.0539
 -1.0073 -1.0213 -1.0422 -1.0674 -1.0959 -1.1269 -1.1600 -1.1935 -1.2264 -1.2571
 -1.2852 -1.3104 -1.3334 -1.3542 -1.3735 -1.4336 -1.5263 -1.6388 -1.7550 -1.8700
 -1.9840 -2.0976 -2.2102 -2.3210 -2.4296 -2.5360 -2.6406 -2.7436 -2.8451 -2.9451
 -3.0436
 -1.0412 -1.0489 -1.0631 -1.0815 -1.1041 -1.1303 -1.1594 -1.1909 -1.2240 -1.2570
 -1.2888 -1.3188 -1.3472 -1.3746 -1.4010 -1.4663 -1.5477 -1.6499 -1.7624 -1.8760
 -1.9883 -2.0997 -2.2105 -2.3203 -2.4280 -2.5334 -2.6366 -2.7377 -2.8370 -2.9348
 -3.0333
 -1.0875 -1.0897 -1.0975 -1.1091 -1.1254 -1.1457 -1.1696 -1.1967 -1.2266 -1.2584
 -1.2910 -1.3234 -1.3548 -1.3855 -1.4159 -1.4913 -1.5709 -1.6646 -1.7709 -1.8821
 -1.9929 -2.1026 -2.2114 -2.3196 -2.4265 -2.5313 -2.6337 -2.7337 -2.8315 -2.9276
 -3.0222
 -1.1429 -1.1437 -1.1453 -1.1507 -1.1603 -1.1743 -1.1926 -1.2145 -1.2396 -1.2675
 -1.2977 -1.3294 -1.3616 -1.3938 -1.4259 -1.5073 -1.5909 -1.6807 -1.7807
 [Fe/H] = -1.00 [alpha/Fe] =-0.40 BC value = F150W
 -1.0706 -1.0668 -1.0709 -1.0790 -1.0800 -1.0802 -1.0865 -1.0945 -1.1032 -1.1139
 -1.1290 -1.1484 -1.1724 -1.2008 -1.2329 -1.3253 -1.4318 -1.5523 -1.6831
 -1.0815 -1.0851 -1.0751 -1.0749 -1.0828 -1.0892 -1.0954 -1.1044 -1.1139 -1.1254
 -1.1413 -1.1618 -1.1869 -1.2163 -1.2493 -1.3432 -1.4494 -1.5671 -1.6935 -1.8232
 -1.0683 -1.0972 -1.1025 -1.0869 -1.0798 -1.0877 -1.0988 -1.1099 -1.1214 -1.1339
 -1.1504 -1.1714 -1.1971 -1.2271 -1.2609 -1.3563 -1.4631 -1.5793 -1.7026 -1.8290
 -1.9554
 -1.0420 -1.0831 -1.1119 -1.1226 -1.1105 -1.0932 -1.0967 -1.1110 -1.1263 -1.1408
 -1.1576 -1.1788 -1.2045 -1.2347 -1.2688 -1.3655 -1.4733 -1.5889 -1.7102 -1.8342
 -1.9581 -2.0808
 -1.0124 -1.0575 -1.0970 -1.1268 -1.1433 -1.1438 -1.1269 -1.1167 -1.1278 -1.1460
 -1.1639 -1.1850 -1.2105 -1.2405 -1.2745 -1.3721 -1.4809 -1.5964 -1.7163 -1.8385
 -1.9605 -2.0812 -2.2002 -2.3177
 -0.9844 -1.0296 -1.0727 -1.1116 -1.1431 -1.1651 -1.1761 -1.1740 -1.1605 -1.1573
 -1.1708 -1.1912 -1.2161 -1.2455 -1.2792 -1.3770 -1.4866 -1.6023 -1.7214 -1.8419
 -1.9625 -2.0817 -2.1990 -2.3145 -2.4283 -2.5406 -2.6516 -2.7613 -2.8691 -2.9722
 -0.9613 -1.0039 -1.0468 -1.0885 -1.1272 -1.1604 -1.1864 -1.2055 -1.2166 -1.2164
 -1.2096 -1.2108 -1.2257 -1.2515 -1.2837 -1.3810 -1.4911 -1.6072 -1.7257 -1.8451
 -1.9642 -2.0821 -2.1980 -2.3120 -2.4240 -2.5342 -2.6428 -2.7501 -2.8562 -2.9606
 -3.0609
 -0.9460 -0.9839 -1.0241 -1.0651 -1.1058 -1.1446 -1.1796 -1.2091 -1.2336 -1.2528
 -1.2652 -1.2686 -1.2692 -1.2774 -1.2970 -1.3850 -1.4950 -1.6114 -1.7296 -1.8480
 -1.9658 -2.0825 -2.1973 -2.3100 -2.4205 -2.5291 -2.6359 -2.7411 -2.8449 -2.9475
 -3.0490
 -0.9403 -0.9725 -1.0082 -1.0462 -1.0855 -1.1253 -1.1644 -1.2008 -1.2334 -1.2618
 -1.2863 -1.3061 -1.3200 -1.3295 -1.3398 -1.3983 -1.5003 -1.6165 -1.7347 -1.8525
 -1.9692 -2.0848 -2.1988 -2.3107 -2.4201 -2.5275 -2.6329 -2.7366 -2.8388 -2.9394
 -3.0385
 -0.9457 -0.9714 -1.0012 -1.0345 -1.0702 -1.1079 -1.1468 -1.1858 -1.2235 -1.2583
 -1.2899 -1.3183 -1.3429 -1.3643 -1.3828 -1.4310 -1.5113 -1.6205 -1.7377 -1.8549
 -1.9707 -2.0849 -2.1977 -2.3088 -2.4176 -2.5239 -2.6280 -2.7300 -2.8301 -2.9288
 -3.0261
 -0.9623 -0.9817 -1.0053 -1.0328 -1.0637 -1.0975 -1.1335 -1.1712 -1.2099 -1.2481
 -1.2847 -1.3188 -1.3501 -1.3786 -1.4052 -1.4662 -1.5353 -1.6296 -1.7414 -1.8573
 -1.9723 -2.0855 -2.1970 -2.3070 -2.4151 -2.5208 -2.6242 -2.7251 -2.8239 -2.9208
 -3.0161
 -0.9893 -1.0035 -1.0215 -1.0431 -1.0684 -1.0971 -1.1287 -1.1629 -1.1993 -1.2371
 -1.2754 -1.3130 -1.3489 -1.3827 -1.4145 -1.4892 -1.5616 -1.6461 -1.7481
 [Fe/H] = -0.75 [alpha/Fe] =-0.40 BC value = F150W
 -1.0789 -1.0781 -1.0865 -1.0967 -1.0996 -1.0987 -1.1047 -1.1145 -1.1256 -1.1362
 -1.1514 -1.1705 -1.1936 -1.2207 -1.2515 -1.3400 -1.4411 -1.5552 -1.6818
 -1.0927 -1.0886 -1.0836 -1.0908 -1.1014 -1.1068 -1.1139 -1.1237 -1.1349 -1.1462
 -1.1620 -1.1820 -1.2061 -1.2342 -1.2658 -1.3561 -1.4576 -1.5698 -1.6924 -1.8206
 -1.0875 -1.1065 -1.0992 -1.0885 -1.0941 -1.1065 -1.1170 -1.1284 -1.1409 -1.1532
 -1.1694 -1.1898 -1.2144 -1.2430 -1.2752 -1.3672 -1.4697 -1.5813 -1.7012 -1.8260
 -1.9521
 -1.0636 -1.1004 -1.1208 -1.1169 -1.0992 -1.0998 -1.1137 -1.1290 -1.1440 -1.1584
 -1.1749 -1.1955 -1.2201 -1.2488 -1.2812 -1.3744 -1.4783 -1.5900 -1.7083 -1.8306
 -1.9541 -2.0770
 -1.0321 -1.0767 -1.1130 -1.1359 -1.1412 -1.1262 -1.1143 -1.1249 -1.1439 -1.1620
 -1.1795 -1.2001 -1.2245 -1.2530 -1.2852 -1.3789 -1.4839 -1.5962 -1.7137 -1.8343
 -1.9559 -2.0767 -2.1960 -2.3139
 -0.9990 -1.0463 -1.0895 -1.1260 -1.1521 -1.1661 -1.1656 -1.1514 -1.1471 -1.1630
 -1.1835 -1.2044 -1.2285 -1.2565 -1.2883 -1.3819 -1.4878 -1.6007 -1.7177 -1.8371
 -1.9573 -2.0766 -2.1941 -2.3100 -2.4242 -2.5370 -2.6484 -2.7581 -2.8653 -2.9688
 -0.9680 -1.0150 -1.0605 -1.1029 -1.1403 -1.1695 -1.1903 -1.2023 -1.2027 -1.1944
 -1.1954 -1.2106 -1.2331 -1.2601 -1.2912 -1.3841 -1.4905 -1.6040 -1.7209 -1.8394
 -1.9582 -2.0762 -2.1925 -2.3068 -2.4193 -2.5300 -2.6391 -2.7467 -2.8529 -2.9572
 -3.0561
 -0.9427 -0.9867 -1.0316 -1.0757 -1.1177 -1.1561 -1.1884 -1.2143 -1.2344 -1.2475
 -1.2516 -1.2503 -1.2544 -1.2700 -1.2961 -1.3860 -1.4925 -1.6065 -1.7235 -1.8413
 -1.9590 -2.0759 -2.1911 -2.3041 -2.4151 -2.5242 -2.6315 -2.7372 -2.8414 -2.9441
 -3.0455
 -0.9253 -0.9648 -1.0068 -1.0498 -1.0927 -1.1346 -1.1739 -1.2089 -1.2389 -1.2644
 -1.2853 -1.3006 -1.3086 -1.3140 -1.3245 -1.3912 -1.4954 -1.6097 -1.7270 -1.8445
 -1.9614 -2.0774 -2.1918 -2.3041 -2.4141 -2.5219 -2.6279 -2.7321 -2.8344 -2.9353
 -3.0350
 -0.9172 -0.9510 -0.9884 -1.0281 -1.0693 -1.1111 -1.1528 -1.1928 -1.2301 -1.2634
 -1.2930 -1.3192 -1.3412 -1.3584 -1.3720 -1.4156 -1.4996 -1.6112 -1.7282 -1.8455
 -1.9617 -2.0766 -2.1900 -2.3016 -2.4109 -2.5177 -2.6224 -2.7249 -2.8256 -2.9246
 -3.0223
 -0.9193 -0.9473 -0.9792 -1.0143 -1.0518 -1.0912 -1.1319 -1.1730 -1.2137 -1.2525
 -1.2885 -1.3215 -1.3514 -1.3780 -1.4016 -1.4533 -1.5194 -1.6155 -1.7296 -1.8463
 -1.9619 -2.0760 -2.1883 -2.2991 -2.4078 -2.5141 -2.6180 -2.7194 -2.8187 -2.9162
 -3.0118
 -0.9313 -0.9541 -0.9806 -1.0104 -1.0432 -1.0787 -1.1163 -1.1555 -1.1960 -1.2366
 -1.2764 -1.3145 -1.3501 -1.3830 -1.4133 -1.4817 -1.5473 -1.6298 -1.7331
 [Fe/H] = -0.50 [alpha/Fe] =-0.40 BC value = F150W
 -1.0847 -1.0894 -1.1015 -1.1136 -1.1205 -1.1208 -1.1262 -1.1347 -1.1468 -1.1578
 -1.1733 -1.1925 -1.2152 -1.2415 -1.2711 -1.3564 -1.4533 -1.5622 -1.6818
 -1.0998 -1.0915 -1.0952 -1.1072 -1.1201 -1.1273 -1.1348 -1.1445 -1.1554 -1.1669
 -1.1827 -1.2025 -1.2259 -1.2531 -1.2835 -1.3708 -1.4683 -1.5751 -1.6926 -1.8182
 -1.1017 -1.1090 -1.0980 -1.0991 -1.1113 -1.1254 -1.1367 -1.1483 -1.1606 -1.1728
 -1.1889 -1.2089 -1.2327 -1.2603 -1.2912 -1.3800 -1.4788 -1.5856 -1.7011 -1.8233
 -1.9485
 -1.0831 -1.1136 -1.1221 -1.1077 -1.1036 -1.1160 -1.1327 -1.1478 -1.1626 -1.1770
 -1.1932 -1.2134 -1.2372 -1.2647 -1.2957 -1.3854 -1.4857 -1.5932 -1.7077 -1.8276
 -1.9501 -2.0728
 -1.0528 -1.0947 -1.1256 -1.1388 -1.1286 -1.1145 -1.1236 -1.1425 -1.1616 -1.1795
 -1.1966 -1.2168 -1.2405 -1.2678 -1.2985 -1.3884 -1.4898 -1.5983 -1.7124 -1.8308
 -1.9513 -2.0719 -2.1914 -2.3095
 -1.0173 -1.0648 -1.1061 -1.1383 -1.1570 -1.1591 -1.1449 -1.1397 -1.1564 -1.1790
 -1.1995 -1.2199 -1.2434 -1.2703 -1.3006 -1.3901 -1.4922 -1.6015 -1.7157 -1.8331
 -1.9521 -2.0711 -2.1888 -2.3049 -2.4196 -2.5327 -2.6444 -2.7544 -2.8620 -2.9646
 -0.9811 -1.0306 -1.0769 -1.1184 -1.1522 -1.1760 -1.1891 -1.1896 -1.1803 -1.1813
 -1.2005 -1.2229 -1.2465 -1.2729 -1.3026 -1.3910 -1.4935 -1.6036 -1.7179 -1.8347
 -1.9524 -2.0700 -2.1864 -2.3010 -2.4139 -2.5250 -2.6345 -2.7425 -2.8489 -2.9531
 -3.0529
 -0.9480 -0.9964 -1.0443 -1.0898 -1.1314 -1.1674 -1.1958 -1.2166 -1.2300 -1.2340
 -1.2316 -1.2365 -1.2526 -1.2764 -1.3050 -1.3918 -1.4941 -1.6048 -1.7195 -1.8358
 -1.9526 -2.0691 -2.1842 -2.2976 -2.4090 -2.5185 -2.6265 -2.7325 -2.8369 -2.9399
 -3.0412
 -0.9205 -0.9664 -1.0129 -1.0595 -1.1044 -1.1466 -1.1845 -1.2167 -1.2432 -1.2646
 -1.2803 -1.2891 -1.2933 -1.3007 -1.3170 -1.3938 -1.4954 -1.6066 -1.7218 -1.8381
 -1.9543 -2.0699 -2.1843 -2.2968 -2.4072 -2.5155 -2.6220 -2.7266 -2.8295 -2.9308
 -3.0307
 -0.9006 -0.9417 -0.9854 -1.0303 -1.0756 -1.1201 -1.1627 -1.2023 -1.2378 -1.2687
 -1.2955 -1.3186 -1.3370 -1.3497 -1.3597 -1.4058 -1.4959 -1.6064 -1.7217 -1.8379
 -1.9536 -2.0684 -2.1818 -2.2937 -2.4033 -2.5106 -2.6157 -2.7189 -2.8201 -2.9197
 -3.0177
 -0.8899 -0.9258 -0.9648 -1.0064 -1.0495 -1.0935 -1.1374 -1.1803 -1.2214 -1.2594
 -1.2938 -1.3249 -1.3528 -1.3772 -1.3974 -1.4410 -1.5074 -1.6069 -1.7213 -1.8374
 -1.9528 -2.0669 -2.1794 -2.2905 -2.3995 -2.5062 -2.6106 -2.7127 -2.8125 -2.9106
 -3.0067
 -0.8884 -0.9189 -0.9532 -0.9903 -1.0298 -1.0711 -1.1137 -1.1568 -1.1999 -1.2418
 -1.2817 -1.3190 -1.3534 -1.3849 -1.4134 -1.4746 -1.5344 -1.6163 -1.7217
 [Fe/H] = -0.25 [alpha/Fe] =-0.40 BC value = F150W
 -1.0900 -1.1005 -1.1154 -1.1298 -1.1389 -1.1419 -1.1482 -1.1548 -1.1659 -1.1786
 -1.1945 -1.2138 -1.2365 -1.2623 -1.2912 -1.3739 -1.4674 -1.5701 -1.6844
 -1.1071 -1.0971 -1.1080 -1.1234 -1.1374 -1.1465 -1.1556 -1.1646 -1.1753 -1.1871
 -1.2031 -1.2228 -1.2460 -1.2724 -1.3020 -1.3867 -1.4810 -1.5830 -1.6950 -1.8167
 -1.1104 -1.1086 -1.1027 -1.1132 -1.1291 -1.1432 -1.1562 -1.1680 -1.1804 -1.1924
 -1.2084 -1.2283 -1.2516 -1.2783 -1.3082 -1.3943 -1.4900 -1.5924 -1.7030 -1.8216
 -1.9451
 -1.0991 -1.1214 -1.1175 -1.1081 -1.1175 -1.1345 -1.1514 -1.1670 -1.1819 -1.1959
 -1.2119 -1.2318 -1.2551 -1.2818 -1.3117 -1.3983 -1.4954 -1.5989 -1.7090 -1.8256
 -1.9462 -2.0684
 -1.0723 -1.1100 -1.1337 -1.1329 -1.1177 -1.1232 -1.1415 -1.1615 -1.1803 -1.1980
 -1.2146 -1.2345 -1.2577 -1.2841 -1.3137 -1.4002 -1.4982 -1.6029 -1.7132 -1.8285
 -1.9471 -2.0670 -2.1863 -2.3044
 -1.0372 -1.0829 -1.1209 -1.1470 -1.1548 -1.1420 -1.1352 -1.1515 -1.1747 -1.1967
 -1.2169 -1.2369 -1.2599 -1.2861 -1.3152 -1.4009 -1.4995 -1.6051 -1.7157 -1.8303
 -1.9475 -2.0655 -2.1831 -2.2993 -2.4141 -2.5275 -2.6395 -2.7499 -2.8574 -2.9598
 -0.9981 -1.0483 -1.0937 -1.1324 -1.1616 -1.1778 -1.1789 -1.1683 -1.1698 -1.1911
 -1.2163 -1.2391 -1.2622 -1.2881 -1.3168 -1.4013 -1.4998 -1.6062 -1.7173 -1.8314
 -1.9474 -2.0640 -2.1800 -2.2947 -2.4078 -2.5193 -2.6292 -2.7375 -2.8442 -2.9482
 -3.0477
 -0.9592 -1.0107 -1.0600 -1.1052 -1.1451 -1.1774 -1.2003 -1.2138 -1.2170 -1.2133
 -1.2191 -1.2404 -1.2646 -1.2903 -1.3185 -1.4015 -1.4997 -1.6066 -1.7181 -1.8320
 -1.9471 -2.0625 -2.1772 -2.2905 -2.4021 -2.5121 -2.6204 -2.7271 -2.8320 -2.9350
 -3.0360
 -0.9243 -0.9745 -1.0246 -1.0729 -1.1182 -1.1593 -1.1946 -1.2229 -1.2447 -1.2600
 -1.2682 -1.2721 -1.2809 -1.2979 -1.3223 -1.4026 -1.5001 -1.6074 -1.7196 -1.8337
 -1.9484 -2.0630 -2.1767 -2.2891 -2.3996 -2.5083 -2.6152 -2.7203 -2.8237 -2.9254
 -3.0255
 -0.8947 -0.9418 -0.9902 -1.0388 -1.0866 -1.1321 -1.1743 -1.2123 -1.2450 -1.2726
 -1.2957 -1.3144 -1.3280 -1.3377 -1.3487 -1.4058 -1.4991 -1.6062 -1.7186 -1.8328
 -1.9472 -2.0611 -2.1739 -2.2854 -2.3950 -2.5025 -2.6081 -2.7118 -2.8136 -2.9155
 -3.0123
 -0.8725 -0.9153 -0.9606 -1.0072 -1.0546 -1.1016 -1.1472 -1.1906 -1.2308 -1.2670
 -1.2990 -1.3276 -1.3529 -1.3744 -1.3913 -1.4316 -1.5025 -1.6047 -1.7171 -1.8314
 -1.9456 -2.0589 -2.1710 -2.2817 -2.3907 -2.4976 -2.6023 -2.7048 -2.8052 -2.9039
 -3.0005
 -0.8587 -0.8969 -0.9379 -0.9812 -1.0261 -1.0721 -1.1183 -1.1638 -1.2080 -1.2500
 -1.2889 -1.3246 -1.3572 -1.3870 -1.4136 -1.4675 -1.5245 -1.6079 -1.7154
 [Fe/H] =  0.00 [alpha/Fe] =-0.40 BC value = F150W
 -1.0973 -1.1123 -1.1296 -1.1461 -1.1546 -1.1585 -1.1671 -1.1755 -1.1846 -1.1977
 -1.2144 -1.2340 -1.2569 -1.2825 -1.3110 -1.3919 -1.4834 -1.5832 -1.6900
 -1.1115 -1.1051 -1.1213 -1.1392 -1.1547 -1.1640 -1.1751 -1.1844 -1.1939 -1.2062
 -1.2225 -1.2423 -1.2654 -1.2916 -1.3205 -1.4032 -1.4951 -1.5935 -1.7002 -1.8168
 -1.1154 -1.1069 -1.1119 -1.1282 -1.1464 -1.1615 -1.1748 -1.1873 -1.1998 -1.2111
 -1.2274 -1.2472 -1.2703 -1.2965 -1.3257 -1.4094 -1.5027 -1.6017 -1.7076 -1.8217
 -1.9424
 -1.1086 -1.1235 -1.1139 -1.1174 -1.1338 -1.1530 -1.1702 -1.1861 -1.2010 -1.2146
 -1.2305 -1.2502 -1.2733 -1.2994 -1.3284 -1.4124 -1.5069 -1.6070 -1.7128 -1.8254
 -1.9433 -2.0641
 -1.0891 -1.1219 -1.1353 -1.1238 -1.1232 -1.1397 -1.1607 -1.1807 -1.1992 -1.2168
 -1.2329 -1.2525 -1.2753 -1.3012 -1.3299 -1.4136 -1.5088 -1.6101 -1.7163 -1.8279
 -1.9439 -2.0623 -2.1811 -2.2991
 -1.0565 -1.0992 -1.1330 -1.1505 -1.1432 -1.1333 -1.1476 -1.1705 -1.1938 -1.2153
 -1.2350 -1.2546 -1.2773 -1.3028 -1.3312 -1.4138 -1.5092 -1.6114 -1.7183 -1.8294
 -1.9440 -2.0605 -2.1773 -2.2935 -2.4083 -2.5217 -2.6340 -2.7448 -2.8521 -2.9542
 -1.0172 -1.0662 -1.1093 -1.1447 -1.1673 -1.1716 -1.1603 -1.1613 -1.1833 -1.2098
 -1.2343 -1.2566 -1.2793 -1.3046 -1.3326 -1.4139 -1.5089 -1.6118 -1.7192 -1.8301
 -1.9436 -2.0586 -2.1737 -2.2881 -2.4013 -2.5130 -2.6233 -2.7320 -2.8387 -2.9426
 -3.0417
 -0.9749 -1.0276 -1.0763 -1.1201 -1.1573 -1.1848 -1.2000 -1.2021 -1.1971 -1.2042
 -1.2288 -1.2563 -1.2811 -1.3066 -1.3342 -1.4142 -1.5084 -1.6115 -1.7195 -1.8304
 -1.9431 -2.0568 -2.1704 -2.2833 -2.3948 -2.5050 -2.6136 -2.7204 -2.8256 -2.9292
 -3.0300
 -0.9331 -0.9877 -1.0392 -1.0879 -1.1324 -1.1715 -1.2033 -1.2262 -1.2411 -1.2478
 -1.2505 -1.2608 -1.2835 -1.3091 -1.3363 -1.4152 -1.5085 -1.6119 -1.7206 -1.8318
 -1.9442 -2.0572 -2.1697 -2.2813 -2.3916 -2.5003 -2.6076 -2.7132 -2.8170 -2.9190
 -3.0194
 -0.8964 -0.9488 -1.0004 -1.0512 -1.0998 -1.1452 -1.1862 -1.2216 -1.2506 -1.2738
 -1.2917 -1.3045 -1.3144 -1.3275 -1.3455 -1.4157 -1.5071 -1.6102 -1.7192 -1.8306
 -1.9428 -2.0551 -2.1667 -2.2773 -2.3864 -2.4939 -2.5997 -2.7037 -2.8060 -2.9067
 -3.0056
 -0.8634 -0.9136 -0.9639 -1.0142 -1.0643 -1.1129 -1.1591 -1.2018 -1.2404 -1.2740
 -1.3029 -1.3282 -1.3498 -1.3678 -1.3827 -1.4280 -1.5066 -1.6079 -1.7170 -1.8288
 -1.9409 -2.0527 -2.1637 -2.2734 -2.3817 -2.4883 -2.5931 -2.6959 -2.7968 -2.8960
 -2.9932
 -0.8343 -0.8822 -0.9309 -0.9806 -1.0296 -1.0788 -1.1273 -1.1740 -1.2183 -1.2593
 -1.2965 -1.3300 -1.3603 -1.3878 -1.4479 -1.4521 -1.5070 -1.6050 -1.7140
 [Fe/H] =  0.25 [alpha/Fe] =-0.40 BC value = F150W
 -1.1059 -1.1243 -1.1431 -1.1622 -1.1697 -1.1753 -1.1827 -1.1928 -1.2016 -1.2160
 -1.2331 -1.2532 -1.2763 -1.3020 -1.3302 -1.4098 -1.4990 -1.5957 -1.6985
 -1.1012 -1.1144 -1.1343 -1.1542 -1.1712 -1.1815 -1.1914 -1.2024 -1.2110 -1.2243
 -1.2411 -1.2611 -1.2843 -1.3103 -1.3389 -1.4200 -1.5101 -1.6058 -1.7081 -1.8194
 -1.1184 -1.1092 -1.1242 -1.1431 -1.1637 -1.1796 -1.1928 -1.2058 -1.2182 -1.2292
 -1.2457 -1.2656 -1.2887 -1.3147 -1.3433 -1.4252 -1.5165 -1.6129 -1.7148 -1.8242
 -1.9411
 -1.1189 -1.1215 -1.1165 -1.1301 -1.1505 -1.1716 -1.1890 -1.2049 -1.2200 -1.2328
 -1.2488 -1.2685 -1.2913 -1.3171 -1.3456 -1.4275 -1.5197 -1.6172 -1.7193 -1.8275
 -1.9419 -2.0605
 -1.1031 -1.1298 -1.1312 -1.1237 -1.1364 -1.1576 -1.1797 -1.1997 -1.2183 -1.2357
 -1.2511 -1.2706 -1.2932 -1.3187 -1.3468 -1.4281 -1.5209 -1.6194 -1.7221 -1.8297
 -1.9423 -2.0585 -2.1762 -2.2940
 -1.0740 -1.1134 -1.1416 -1.1461 -1.1341 -1.1437 -1.1658 -1.1902 -1.2130 -1.2341
 -1.2535 -1.2726 -1.2950 -1.3202 -1.3479 -1.4282 -1.5208 -1.6201 -1.7235 -1.8309
 -1.9422 -2.0565 -2.1720 -2.2876 -2.4021 -2.5157 -2.6284 -2.7390 -2.8459 -2.9478
 -1.0364 -1.0831 -1.1237 -1.1544 -1.1665 -1.1567 -1.1552 -1.1762 -1.2031 -1.2291
 -1.2529 -1.2746 -1.2970 -1.3220 -1.3494 -1.4283 -1.5201 -1.6199 -1.7239 -1.8312
 -1.9416 -2.0544 -2.1681 -2.2817 -2.3945 -2.5060 -2.6162 -2.7252 -2.8325 -2.9361
 -3.0349
 -0.9933 -1.0452 -1.0926 -1.1344 -1.1679 -1.1881 -1.1911 -1.1841 -1.1923 -1.2184
 -1.2476 -1.2745 -1.2988 -1.3239 -1.3511 -1.4288 -1.5196 -1.6193 -1.7238 -1.8312
 -1.9409 -2.0524 -2.1645 -2.2764 -2.3875 -2.4974 -2.6063 -2.7138 -2.8193 -2.9225
 -3.0231
 -0.9482 -1.0037 -1.0553 -1.1033 -1.1463 -1.1827 -1.2093 -1.2245 -1.2294 -1.2306
 -1.2427 -1.2698 -1.2991 -1.3259 -1.3532 -1.4302 -1.5199 -1.6195 -1.7247 -1.8325
 -1.9420 -2.0527 -2.1636 -2.2741 -2.3837 -2.4921 -2.5993 -2.7050 -2.8091 -2.9116
 -3.0123
 -0.9089 -0.9619 -1.0141 -1.0656 -1.1142 -1.1586 -1.1977 -1.2295 -1.2535 -1.2703
 -1.2813 -1.2904 -1.3050 -1.3288 -1.3552 -1.4305 -1.5188 -1.6179 -1.7232 -1.8313
 -1.9407 -2.0508 -2.1607 -2.2700 -2.3781 -2.4850 -2.5906 -2.6948 -2.7974 -2.8984
 -2.9979
 -0.8668 -0.9203 -0.9732 -1.0255 -1.0769 -1.1261 -1.1718 -1.2133 -1.2494 -1.2795
 -1.3044 -1.3252 -1.3423 -1.3579 -1.3754 -1.4338 -1.5177 -1.6156 -1.7210 -1.8296
 -1.9390 -2.0487 -2.1578 -2.2662 -2.3733 -2.4791 -2.5835 -2.6862 -2.7874 -2.8870
 -2.9849
 -0.8219 -0.8790 -0.9312 -0.9864 -1.0381 -1.0893 -1.1389 -1.1858 -1.2294 -1.2688
 -1.3036 -1.3343 -1.3616 -1.3861 -1.4138 -1.4401 -1.5166 -1.6126 -1.7181
 [Fe/H] =  0.50 [alpha/Fe] =-0.40 BC value = F150W
 -1.1130 -1.1355 -1.1566 -1.1764 -1.1817 -1.1890 -1.1981 -1.2076 -1.2187 -1.2328
 -1.2505 -1.2712 -1.2946 -1.3204 -1.3485 -1.4273 -1.5169 -1.6104 -1.7105
 -1.1010 -1.1244 -1.1471 -1.1691 -1.1858 -1.1965 -1.2076 -1.2194 -1.2277 -1.2412
 -1.2584 -1.2789 -1.3023 -1.3283 -1.3567 -1.4366 -1.5255 -1.6194 -1.7186 -1.8251
 -1.1083 -1.1148 -1.1346 -1.1576 -1.1807 -1.1962 -1.2098 -1.2234 -1.2346 -1.2463
 -1.2631 -1.2833 -1.3064 -1.3323 -1.3607 -1.4411 -1.5310 -1.6256 -1.7245 -1.8295
 -1.9420
 -1.1210 -1.1171 -1.1237 -1.1436 -1.1668 -1.1892 -1.2067 -1.2230 -1.2384 -1.2501
 -1.2662 -1.2861 -1.3089 -1.3345 -1.3626 -1.4429 -1.5334 -1.6290 -1.7282 -1.8324
 -1.9428 -2.0583
 -1.1141 -1.1327 -1.1261 -1.1316 -1.1516 -1.1755 -1.1986 -1.2184 -1.2370 -1.2542
 -1.2688 -1.2882 -1.3107 -1.3360 -1.3637 -1.4433 -1.5340 -1.6305 -1.7303 -1.8341
 -1.9429 -2.0562 -2.1720 -2.2887
 -1.0894 -1.1252 -1.1449 -1.1377 -1.1396 -1.1596 -1.1847 -1.2095 -1.2322 -1.2531
 -1.2717 -1.2904 -1.3126 -1.3375 -1.3649 -1.4433 -1.5336 -1.6306 -1.7311 -1.8348
 -1.9426 -2.0541 -2.1676 -2.2820 -2.3961 -2.5092 -2.6215 -2.7324 -2.8389 -2.9406
 -1.0543 -1.0987 -1.1361 -1.1596 -1.1570 -1.1509 -1.1690 -1.1955 -1.2231 -1.2482
 -1.2718 -1.2928 -1.3147 -1.3394 -1.3664 -1.4436 -1.5328 -1.6300 -1.7310 -1.8348
 -1.9418 -2.0518 -2.1636 -2.2760 -2.3879 -2.4991 -2.6092 -2.7180 -2.8254 -2.9286
 -3.0272
 -1.0123 -1.0625 -1.1080 -1.1472 -1.1753 -1.1837 -1.1756 -1.1824 -1.2086 -1.2386
 -1.2670 -1.2932 -1.3170 -1.3416 -1.3684 -1.4444 -1.5324 -1.6292 -1.7306 -1.8346
 -1.9410 -2.0498 -2.1599 -2.2704 -2.3805 -2.4899 -2.5982 -2.7052 -2.8109 -2.9149
 -3.0152
 -0.9659 -1.0209 -1.0716 -1.1184 -1.1595 -1.1919 -1.2107 -1.2145 -1.2137 -1.2275
 -1.2569 -1.2884 -1.3177 -1.3440 -1.3709 -1.4464 -1.5332 -1.6296 -1.7314 -1.8358
 -1.9421 -2.0501 -2.1590 -2.2679 -2.3764 -2.4840 -2.5907 -2.6963 -2.8005 -2.9032
 -3.0041
 -0.9196 -0.9759 -1.0296 -1.0809 -1.1287 -1.1718 -1.2081 -1.2347 -1.2514 -1.2600
 -1.2675 -1.2840 -1.3127 -1.3436 -1.3721 -1.4473 -1.5330 -1.6285 -1.7303 -1.8350
 -1.9411 -2.0484 -2.1562 -2.2638 -2.3707 -2.4766 -2.5815 -2.6854 -2.7880 -2.8909
 -2.9911
 -0.8645 -0.9275 -0.9856 -1.0392 -1.0910 -1.1399 -1.1848 -1.2243 -1.2570 -1.2823
 -1.3017 -1.3170 -1.3319 -1.3511 -1.3767 -1.4483 -1.5324 -1.6269 -1.7286 -1.8337
 -1.9400 -2.0469 -2.1538 -2.2604 -2.3660 -2.4705 -2.5740 -2.6762 -2.7772 -2.8770
 -2.9753
 -0.8005 -0.8757 -0.9389 -0.9966 -1.0497 -1.1019 -1.1518 -1.1983 -1.2407 -1.2778
 -1.3094 -1.3364 -1.3599 -1.3810 -1.3847 -1.4494 -1.5314 -1.6248 -1.7263
 [Fe/H] =  0.75 [alpha/Fe] =-0.40 BC value = F150W
 -1.1229 -1.1469 -1.1691 -1.1897 -1.1934 -1.2036 -1.2140 -1.2235 -1.2343 -1.2484
 -1.2668 -1.2882 -1.3120 -1.3380 -1.3662 -1.4445 -1.5334 -1.6252 -1.7233
 -1.1083 -1.1344 -1.1594 -1.1834 -1.1994 -1.2112 -1.2234 -1.2347 -1.2429 -1.2564
 -1.2748 -1.2957 -1.3193 -1.3455 -1.3739 -1.4531 -1.5410 -1.6336 -1.7307 -1.8335
 -1.1067 -1.1220 -1.1462 -1.1713 -1.1957 -1.2115 -1.2260 -1.2401 -1.2498 -1.2624
 -1.2796 -1.3001 -1.3234 -1.3494 -1.3776 -1.4570 -1.5457 -1.6391 -1.7359 -1.8374
 -1.9455
 -1.1198 -1.1167 -1.1328 -1.1571 -1.1826 -1.2060 -1.2236 -1.2402 -1.2561 -1.2665
 -1.2829 -1.3030 -1.3259 -1.3514 -1.3794 -1.4585 -1.5475 -1.6417 -1.7389 -1.8398
 -1.9461 -2.0581
 -1.1219 -1.1301 -1.1265 -1.1425 -1.1669 -1.1929 -1.2163 -1.2365 -1.2549 -1.2721
 -1.2858 -1.3053 -1.3278 -1.3530 -1.3805 -1.4588 -1.5477 -1.6425 -1.7403 -1.8409
 -1.9460 -2.0559 -2.1691 -2.2842
 -1.1024 -1.1336 -1.1418 -1.1362 -1.1515 -1.1763 -1.2035 -1.2284 -1.2509 -1.2716
 -1.2895 -1.3077 -1.3298 -1.3546 -1.3817 -1.4588 -1.5471 -1.6422 -1.7406 -1.8413
 -1.9454 -2.0536 -2.1647 -2.2774 -2.3903 -2.5028 -2.6147 -2.7252 -2.8310 -2.9325
 -1.0705 -1.1126 -1.1457 -1.1574 -1.1488 -1.1610 -1.1865 -1.2150 -1.2425 -1.2673
 -1.2905 -1.3107 -1.3322 -1.3567 -1.3834 -1.4593 -1.5464 -1.6414 -1.7401 -1.8410
 -1.9445 -2.0513 -2.1606 -2.2712 -2.3820 -2.4923 -2.6018 -2.7104 -2.8175 -2.9202
 -3.0186
 -1.0303 -1.0787 -1.1224 -1.1581 -1.1769 -1.1715 -1.1738 -1.1982 -1.2285 -1.2588
 -1.2864 -1.3121 -1.3350 -1.3592 -1.3857 -1.4605 -1.5463 -1.6406 -1.7395 -1.8405
 -1.9436 -2.0492 -2.1569 -2.2656 -2.3744 -2.4828 -2.5903 -2.6968 -2.8024 -2.9064
 -3.0063
 -0.9830 -1.0379 -1.0877 -1.1329 -1.1713 -1.1972 -1.2039 -1.2006 -1.2145 -1.2444
 -1.2771 -1.3081 -1.3367 -1.3623 -1.3888 -1.4631 -1.5477 -1.6413 -1.7403 -1.8417
 -1.9447 -2.0496 -2.1560 -2.2632 -2.3702 -2.4766 -2.5825 -2.6874 -2.7913 -2.8939
 -2.9949
 -0.9357 -0.9922 -1.0457 -1.0964 -1.1432 -1.1843 -1.2162 -1.2351 -1.2419 -1.2474
 -1.2657 -1.2973 -1.3310 -1.3623 -1.3906 -1.4649 -1.5485 -1.6409 -1.7397 -1.8413
 -1.9441 -2.0483 -2.1535 -2.2592 -2.3645 -2.4691 -2.5729 -2.6759 -2.7781 -2.8792
 -2.9790
 -0.8781 -0.9416 -1.0001 -1.0540 -1.1058 -1.1540 -1.1975 -1.2342 -1.2619 -1.2806
 -1.2935 -1.3070 -1.3277 -1.3580 -1.3903 -1.4660 -1.5490 -1.6405 -1.7389 -1.8407
 -1.9438 -2.0475 -2.1518 -2.2562 -2.3601 -2.4631 -2.5653 -2.6665 -2.7668 -2.8663
 -2.9646
 -0.8102 -0.8861 -0.9539 -1.0092 -1.0632 -1.1157 -1.1653 -1.2110 -1.2516 -1.2854
 -1.3126 -1.3348 -1.3543 -1.3744 -1.3879 -1.4664 -1.5492 -1.6401 -1.7379
 [Fe/H] =  1.00 [alpha/Fe] =-0.40 BC value = F150W
 -1.1266 -1.1589 -1.1834 -1.2009 -1.2060 -1.2111 -1.2195 -1.2310 -1.2454 -1.2625
 -1.2822 -1.3042 -1.3286 -1.3550 -1.3834 -1.4613 -1.5494 -1.6443 -1.7390
 -1.1201 -1.1451 -1.1711 -1.1980 -1.2128 -1.2252 -1.2378 -1.2502 -1.2573 -1.2718
 -1.2902 -1.3117 -1.3357 -1.3621 -1.3906 -1.4692 -1.5563 -1.6494 -1.7445 -1.8444
 -1.1040 -1.1302 -1.1573 -1.1852 -1.2103 -1.2259 -1.2413 -1.2556 -1.2644 -1.2776
 -1.2953 -1.3161 -1.3397 -1.3658 -1.3940 -1.4727 -1.5604 -1.6529 -1.7484 -1.8473
 -1.9516
 -1.1124 -1.1199 -1.1426 -1.1699 -1.1984 -1.2215 -1.2392 -1.2562 -1.2725 -1.2821
 -1.2988 -1.3191 -1.3422 -1.3679 -1.3958 -1.4740 -1.5617 -1.6548 -1.7507 -1.8491
 -1.9519 -2.0600
 -1.1262 -1.1238 -1.1313 -1.1542 -1.1816 -1.2104 -1.2331 -1.2532 -1.2719 -1.2880
 -1.3020 -1.3217 -1.3443 -1.3695 -1.3969 -1.4743 -1.5616 -1.6551 -1.7514 -1.8498
 -1.9515 -2.0577 -2.1679 -2.2807
 -1.1131 -1.1375 -1.1356 -1.1419 -1.1648 -1.1927 -1.2219 -1.2461 -1.2686 -1.2894
 -1.3062 -1.3245 -1.3466 -1.3713 -1.3983 -1.4744 -1.5610 -1.6545 -1.7513 -1.8497
 -1.9507 -2.0554 -2.1635 -2.2739 -2.3852 -2.4967 -2.6080 -2.7174 -2.8223 -2.9234
 -1.0849 -1.1243 -1.1507 -1.1499 -1.1526 -1.1752 -1.2041 -1.2342 -1.2611 -1.2857
 -1.3088 -1.3280 -1.3492 -1.3736 -1.4002 -1.4751 -1.5605 -1.6536 -1.7506 -1.8492
 -1.9496 -2.0531 -2.1595 -2.2678 -2.3769 -2.4860 -2.5946 -2.7027 -2.8089 -2.9109
 -3.0090
 -1.0468 -1.0936 -1.1351 -1.1652 -1.1701 -1.1664 -1.1867 -1.2165 -1.2483 -1.2781
 -1.3052 -1.3306 -1.3526 -1.3765 -1.4028 -1.4767 -1.5607 -1.6529 -1.7499 -1.8486
 -1.9486 -2.0510 -2.1559 -2.2624 -2.3695 -2.4764 -2.5829 -2.6886 -2.7936 -2.8970
 -2.9963
 -1.0000 -1.0543 -1.1029 -1.1463 -1.1805 -1.1957 -1.1916 -1.2020 -1.2311 -1.2644
 -1.2969 -1.3275 -1.3555 -1.3803 -1.4065 -1.4798 -1.5627 -1.6540 -1.7508 -1.8498
 -1.9498 -2.0516 -2.1551 -2.2600 -2.3653 -2.4703 -2.5749 -2.6787 -2.7817 -2.8840
 -2.9847
 -0.9519 -1.0084 -1.0615 -1.1115 -1.1569 -1.1950 -1.2201 -1.2278 -1.2307 -1.2494
 -1.2822 -1.3172 -1.3506 -1.3814 -1.4091 -1.4824 -1.5644 -1.6545 -1.7506 -1.8496
 -1.9496 -2.0506 -2.1529 -2.2563 -2.3597 -2.4628 -2.5653 -2.6671 -2.7683 -2.8687
 -2.9682
 -0.8911 -0.9559 -1.0151 -1.0692 -1.1205 -1.1678 -1.2093 -1.2417 -1.2621 -1.2729
 -1.2845 -1.3066 -1.3400 -1.3755 -1.4087 -1.4844 -1.5661 -1.6553 -1.7508 -1.8498
 -1.9499 -2.0506 -2.1519 -2.2539 -2.3558 -2.4572 -2.5578 -2.6576 -2.7567 -2.8553
 -2.9531
 -0.8175 -0.8968 -0.9637 -1.0226 -1.0774 -1.1299 -1.1790 -1.2233 -1.2612 -1.2905
 -1.3119 -1.3293 -1.3481 -1.3727 -1.4053 -1.4858 -1.5678 -1.6564 -1.7514
