 [Fe/H] = -2.50 [alpha/Fe] = 0.40 BC value =F850LP
  0.0416  0.0175 -0.0478 -0.0991 -0.1218 -0.1432 -0.1888 -0.2433 -0.2761 -0.2765
 -0.2584 -0.2264 -0.1895 -0.1560 -0.1256 -0.0766 -0.0706 -0.0941 -0.1247
 -0.0070 -0.0031 -0.0229 -0.0505 -0.0837 -0.1219 -0.1616 -0.1974 -0.2244 -0.2403
 -0.2431 -0.2318 -0.2079 -0.1786 -0.1514 -0.1076 -0.1013 -0.1240 -0.1587 -0.2008
 -0.0402 -0.0252 -0.0218 -0.0326 -0.0609 -0.0975 -0.1311 -0.1601 -0.1862 -0.2091
 -0.2233 -0.2265 -0.2158 -0.1940 -0.1711 -0.1328 -0.1268 -0.1487 -0.1855 -0.2282
 -0.2729
 -0.0580 -0.0488 -0.0445 -0.0454 -0.0534 -0.0700 -0.0973 -0.1314 -0.1615 -0.1829
 -0.1990 -0.2105 -0.2132 -0.2022 -0.1847 -0.1522 -0.1471 -0.1682 -0.2050 -0.2478
 -0.2927 -0.3383
 -0.0494 -0.0510 -0.0532 -0.0555 -0.0593 -0.0665 -0.0786 -0.0960 -0.1192 -0.1454
 -0.1672 -0.1832 -0.1962 -0.1992 -0.1901 -0.1650 -0.1614 -0.1821 -0.2196 -0.2633
 -0.3090 -0.3554 -0.4017 -0.4476
 -0.0135 -0.0285 -0.0412 -0.0504 -0.0569 -0.0627 -0.0698 -0.0795 -0.0921 -0.1074
 -0.1249 -0.1425 -0.1589 -0.1738 -0.1795 -0.1701 -0.1691 -0.1896 -0.2284 -0.2744
 -0.3219 -0.3697 -0.4174 -0.4648 -0.5115 -0.5576 -0.6037 -0.6524 -0.7053 -0.7597
  0.0472  0.0182 -0.0068 -0.0261 -0.0399 -0.0497 -0.0575 -0.0651 -0.0741 -0.0844
 -0.0957 -0.1077 -0.1201 -0.1355 -0.1484 -0.1627 -0.1696 -0.1908 -0.2303 -0.2795
 -0.3304 -0.3807 -0.4304 -0.4797 -0.5281 -0.5758 -0.6232 -0.6705 -0.7208 -0.7760
 -0.8333
  0.1268  0.0859  0.0490  0.0181 -0.0055 -0.0230 -0.0357 -0.0456 -0.0547 -0.0641
 -0.0738 -0.0836 -0.0934 -0.1041 -0.1169 -0.1408 -0.1610 -0.1858 -0.2257 -0.2775
 -0.3327 -0.3870 -0.4398 -0.4915 -0.5421 -0.5918 -0.6409 -0.6896 -0.7389 -0.7907
 -0.8483
  0.2175  0.1678  0.1215  0.0805  0.0464  0.0195 -0.0010 -0.0167 -0.0295 -0.0408
 -0.0515 -0.0620 -0.0720 -0.0817 -0.0929 -0.1180 -0.1449 -0.1757 -0.2167 -0.2699
 -0.3288 -0.3878 -0.4450 -0.5002 -0.5538 -0.6060 -0.6572 -0.7077 -0.7580 -0.8092
 -0.8633
  0.3124  0.2578  0.2055  0.1571  0.1141  0.0779  0.0481  0.0245  0.0054 -0.0106
 -0.0246 -0.0376 -0.0496 -0.0611 -0.0725 -0.0990 -0.1277 -0.1622 -0.2045 -0.2574
 -0.3178 -0.3806 -0.4424 -0.5019 -0.5593 -0.6147 -0.6686 -0.7214 -0.7733 -0.8251
 -0.8779
  0.4101  0.3516  0.2951  0.2422  0.1934  0.1493  0.1110  0.0788  0.0517  0.0290
  0.0096 -0.0078 -0.0235 -0.0380 -0.0517 -0.0828 -0.1126 -0.1486 -0.1921 -0.2441
 -0.3040 -0.3682 -0.4333 -0.4971 -0.5587 -0.6178 -0.6751 -0.7307 -0.7850 -0.8385
 -0.8919
  0.5106  0.4492  0.3870  0.3318  0.2790  0.2299  0.1850  0.1448  0.1097  0.0793
  0.0529  0.0296  0.0087 -0.0103 -0.0305 -0.0694 -0.0996 -0.1349 -0.1795
 [Fe/H] = -2.00 [alpha/Fe] = 0.40 BC value =F850LP
 -0.0658 -0.0732 -0.0954 -0.1271 -0.1641 -0.2014 -0.2345 -0.2599 -0.2751 -0.2784
 -0.2683 -0.2456 -0.2142 -0.1812 -0.1507 -0.0972 -0.0784 -0.0935 -0.1282
 -0.0107 -0.0078 -0.0247 -0.0560 -0.0955 -0.1379 -0.1786 -0.2135 -0.2401 -0.2564
 -0.2600 -0.2502 -0.2281 -0.2006 -0.1742 -0.1273 -0.1107 -0.1237 -0.1568 -0.1983
 -0.0090  0.0129  0.0095 -0.0133 -0.0458 -0.0852 -0.1272 -0.1666 -0.2003 -0.2261
 -0.2417 -0.2452 -0.2349 -0.2142 -0.1918 -0.1512 -0.1370 -0.1487 -0.1804 -0.2216
 -0.2657
 -0.0338 -0.0015  0.0083 -0.0013 -0.0249 -0.0571 -0.0937 -0.1306 -0.1639 -0.1928
 -0.2151 -0.2291 -0.2319 -0.2209 -0.2035 -0.1689 -0.1573 -0.1685 -0.1990 -0.2401
 -0.2848 -0.3305
 -0.0551 -0.0317 -0.0181 -0.0169 -0.0266 -0.0447 -0.0692 -0.0983 -0.1306 -0.1629
 -0.1876 -0.2059 -0.2174 -0.2188 -0.2083 -0.1806 -0.1716 -0.1831 -0.2131 -0.2545
 -0.3001 -0.3468 -0.3935 -0.4400
 -0.0549 -0.0405 -0.0331 -0.0304 -0.0319 -0.0383 -0.0500 -0.0669 -0.0890 -0.1168
 -0.1464 -0.1716 -0.1917 -0.2039 -0.2046 -0.1860 -0.1800 -0.1923 -0.2223 -0.2647
 -0.3120 -0.3603 -0.4085 -0.4565 -0.5039 -0.5509 -0.5980 -0.6475 -0.7007 -0.7548
 -0.0301 -0.0278 -0.0294 -0.0331 -0.0373 -0.0423 -0.0489 -0.0584 -0.0710 -0.0861
 -0.1037 -0.1243 -0.1462 -0.1673 -0.1822 -0.1849 -0.1827 -0.1961 -0.2262 -0.2700
 -0.3197 -0.3705 -0.4209 -0.4707 -0.5199 -0.5684 -0.6167 -0.6650 -0.7160 -0.7713
 -0.8287
  0.0192  0.0078 -0.0050 -0.0175 -0.0284 -0.0371 -0.0442 -0.0512 -0.0594 -0.0693
 -0.0803 -0.0924 -0.1062 -0.1232 -0.1417 -0.1699 -0.1795 -0.1948 -0.2251 -0.2695
 -0.3221 -0.3763 -0.4297 -0.4820 -0.5333 -0.5838 -0.6338 -0.6834 -0.7336 -0.7861
 -0.8439
  0.0917  0.0669  0.0415  0.0180 -0.0019 -0.0176 -0.0294 -0.0385 -0.0463 -0.0544
 -0.0631 -0.0724 -0.0821 -0.0929 -0.1069 -0.1402 -0.1665 -0.1887 -0.2199 -0.2646
 -0.3192 -0.3773 -0.4346 -0.4903 -0.5445 -0.5974 -0.6496 -0.7010 -0.7523 -0.8043
 -0.8589
  0.1803  0.1439  0.1076  0.0737  0.0439  0.0192 -0.0001 -0.0148 -0.0261 -0.0358
 -0.0449 -0.0540 -0.0632 -0.0725 -0.0830 -0.1129 -0.1446 -0.1761 -0.2105 -0.2550
 -0.3100 -0.3706 -0.4320 -0.4918 -0.5496 -0.6057 -0.6604 -0.7141 -0.7670 -0.8198
 -0.8733
  0.2780  0.2339  0.1888  0.1462  0.1075  0.0736  0.0455  0.0230  0.0053 -0.0089
 -0.0211 -0.0324 -0.0432 -0.0537 -0.0642 -0.0921 -0.1236 -0.1594 -0.1984 -0.2434
 -0.2978 -0.3592 -0.4233 -0.4871 -0.5489 -0.6087 -0.6667 -0.7231 -0.7782 -0.8326
 -0.8869
  0.3835  0.3310  0.2802  0.2312  0.1853  0.1437  0.1072  0.0762  0.0505  0.0293
  0.0116 -0.0039 -0.0182 -0.0316 -0.0505 -0.0778 -0.1035 -0.1386 -0.1836
 [Fe/H] = -1.50 [alpha/Fe] = 0.40 BC value =F850LP
 -0.2418 -0.2338 -0.2367 -0.2464 -0.2603 -0.2742 -0.2837 -0.2876 -0.2906 -0.2887
 -0.2771 -0.2553 -0.2264 -0.1965 -0.1688 -0.1175 -0.0925 -0.0950 -0.1222
 -0.1487 -0.1372 -0.1408 -0.1553 -0.1766 -0.2010 -0.2237 -0.2423 -0.2587 -0.2693
 -0.2702 -0.2590 -0.2377 -0.2123 -0.1881 -0.1434 -0.1227 -0.1262 -0.1515 -0.1899
 -0.0860 -0.0662 -0.0655 -0.0795 -0.1038 -0.1340 -0.1656 -0.1943 -0.2201 -0.2408
 -0.2531 -0.2539 -0.2423 -0.2225 -0.2017 -0.1629 -0.1460 -0.1506 -0.1745 -0.2120
 -0.2554
 -0.0649 -0.0290 -0.0127 -0.0222 -0.0441 -0.0753 -0.1106 -0.1453 -0.1774 -0.2053
 -0.2266 -0.2386 -0.2387 -0.2270 -0.2102 -0.1767 -0.1632 -0.1691 -0.1925 -0.2293
 -0.2730 -0.3187
 -0.0726 -0.0252  0.0015  0.0094 -0.0002 -0.0258 -0.0636 -0.1022 -0.1376 -0.1686
 -0.1946 -0.2141 -0.2249 -0.2240 -0.2133 -0.1855 -0.1752 -0.1825 -0.2060 -0.2426
 -0.2869 -0.3338 -0.3811 -0.4284
 -0.0879 -0.0439 -0.0133  0.0043  0.0087  0.0006 -0.0205 -0.0538 -0.0929 -0.1309
 -0.1626 -0.1862 -0.2027 -0.2116 -0.2100 -0.1898 -0.1824 -0.1914 -0.2155 -0.2523
 -0.2976 -0.3461 -0.3950 -0.4438 -0.4922 -0.5403 -0.5887 -0.6396 -0.6936 -0.7475
 -0.0901 -0.0521 -0.0262 -0.0104 -0.0032 -0.0044 -0.0138 -0.0303 -0.0526 -0.0805
 -0.1127 -0.1446 -0.1707 -0.1886 -0.1975 -0.1896 -0.1855 -0.1961 -0.2210 -0.2583
 -0.3046 -0.3551 -0.4062 -0.4570 -0.5072 -0.5569 -0.6065 -0.6566 -0.7085 -0.7642
 -0.8210
 -0.0754 -0.0458 -0.0265 -0.0156 -0.0113 -0.0118 -0.0165 -0.0258 -0.0393 -0.0559
 -0.0747 -0.0962 -0.1205 -0.1449 -0.1656 -0.1840 -0.1845 -0.1969 -0.2225 -0.2602
 -0.3055 -0.3603 -0.4140 -0.4673 -0.5197 -0.5714 -0.6227 -0.6733 -0.7247 -0.7788
 -0.8367
 -0.0361 -0.0209 -0.0103 -0.0069 -0.0080 -0.0119 -0.0172 -0.0240 -0.0327 -0.0436
 -0.0562 -0.0698 -0.0845 -0.1015 -0.1208 -0.1612 -0.1787 -0.1941 -0.2206 -0.2585
 -0.3066 -0.3614 -0.4183 -0.4748 -0.5300 -0.5841 -0.6376 -0.6904 -0.7431 -0.7964
 -0.8519
  0.0275  0.0276  0.0260  0.0195  0.0107  0.0010 -0.0084 -0.0171 -0.0251 -0.0335
 -0.0427 -0.0529 -0.0636 -0.0749 -0.0880 -0.1262 -0.1609 -0.1865 -0.2148 -0.2526
 -0.3004 -0.3563 -0.4160 -0.4759 -0.5346 -0.5917 -0.6477 -0.7026 -0.7569 -0.8111
 -0.8660
  0.1122  0.0982  0.0827  0.0659  0.0479  0.0303  0.0143  0.0009 -0.0103 -0.0199
 -0.0287 -0.0377 -0.0470 -0.0568 -0.0671 -0.0977 -0.1343 -0.1709 -0.2052 -0.2439
 -0.2911 -0.3469 -0.4082 -0.4713 -0.5336 -0.5942 -0.6533 -0.7108 -0.7673 -0.8231
 -0.8786
  0.2154  0.1880  0.1602  0.1321  0.1043  0.0780  0.0542  0.0338  0.0168  0.0029
 -0.0088 -0.0193 -0.0294 -0.0395 -0.0581 -0.0757 -0.0989 -0.1473 -0.1918
 [Fe/H] = -1.00 [alpha/Fe] = 0.40 BC value =F850LP
 -0.5456 -0.5315 -0.5199 -0.5057 -0.4853 -0.4536 -0.4056 -0.3464 -0.3062 -0.2843
 -0.2673 -0.2474 -0.2240 -0.1994 -0.1760 -0.1307 -0.1043 -0.0998 -0.1166
 -0.4024 -0.3866 -0.3789 -0.3742 -0.3678 -0.3554 -0.3320 -0.3000 -0.2798 -0.2705
 -0.2630 -0.2507 -0.2325 -0.2113 -0.1906 -0.1508 -0.1304 -0.1288 -0.1461 -0.1786
 -0.2917 -0.2691 -0.2600 -0.2595 -0.2630 -0.2659 -0.2629 -0.2521 -0.2466 -0.2478
 -0.2496 -0.2462 -0.2350 -0.2182 -0.2001 -0.1650 -0.1486 -0.1500 -0.1681 -0.1999
 -0.2406
 -0.2141 -0.1813 -0.1656 -0.1632 -0.1701 -0.1820 -0.1940 -0.2002 -0.2069 -0.2171
 -0.2275 -0.2333 -0.2307 -0.2201 -0.2055 -0.1747 -0.1616 -0.1654 -0.1846 -0.2163
 -0.2570 -0.3020
 -0.1581 -0.1152 -0.0934 -0.0866 -0.0919 -0.1064 -0.1262 -0.1452 -0.1622 -0.1802
 -0.1978 -0.2119 -0.2187 -0.2161 -0.2066 -0.1809 -0.1705 -0.1764 -0.1968 -0.2288
 -0.2697 -0.3156 -0.3632 -0.4111
 -0.1503 -0.0899 -0.0478 -0.0253 -0.0221 -0.0359 -0.0608 -0.0898 -0.1161 -0.1405
 -0.1634 -0.1836 -0.1984 -0.2051 -0.2027 -0.1838 -0.1762 -0.1839 -0.2053 -0.2380
 -0.2792 -0.3261 -0.3753 -0.4250 -0.4746 -0.5243 -0.5748 -0.6274 -0.6829 -0.7373
 -0.1540 -0.0929 -0.0460 -0.0132  0.0049  0.0084 -0.0019 -0.0256 -0.0589 -0.0944
 -0.1264 -0.1525 -0.1725 -0.1861 -0.1923 -0.1835 -0.1787 -0.1883 -0.2107 -0.2440
 -0.2858 -0.3338 -0.3847 -0.4365 -0.4881 -0.5394 -0.5907 -0.6428 -0.6969 -0.7539
 -0.8104
 -0.1525 -0.0942 -0.0494 -0.0169  0.0045  0.0146  0.0140  0.0034 -0.0159 -0.0421
 -0.0730 -0.1056 -0.1354 -0.1585 -0.1732 -0.1795 -0.1784 -0.1897 -0.2131 -0.2468
 -0.2892 -0.3382 -0.3911 -0.4452 -0.4991 -0.5524 -0.6056 -0.6586 -0.7126 -0.7677
 -0.8265
 -0.1427 -0.0880 -0.0471 -0.0177  0.0014  0.0119  0.0145  0.0098 -0.0018 -0.0188
 -0.0395 -0.0623 -0.0867 -0.1119 -0.1352 -0.1688 -0.1748 -0.1883 -0.2128 -0.2471
 -0.2900 -0.3400 -0.3947 -0.4514 -0.5080 -0.5639 -0.6192 -0.6740 -0.7287 -0.7841
 -0.8412
 -0.1170 -0.0720 -0.0362 -0.0113  0.0043  0.0121  0.0139  0.0110  0.0036 -0.0078
 -0.0223 -0.0388 -0.0560 -0.0736 -0.0922 -0.1382 -0.1663 -0.1834 -0.2092 -0.2438
 -0.2868 -0.3371 -0.3931 -0.4522 -0.5117 -0.5703 -0.6281 -0.6848 -0.7411 -0.7974
 -0.8542
 -0.0670 -0.0356 -0.0111  0.0069  0.0174  0.0210  0.0197  0.0151  0.0083 -0.0006
 -0.0112 -0.0236 -0.0370 -0.0506 -0.0643 -0.1021 -0.1422 -0.1742 -0.2026 -0.2378
 -0.2807 -0.3310 -0.3876 -0.4483 -0.5105 -0.5721 -0.6326 -0.6919 -0.7502 -0.8080
 -0.8655
  0.0114  0.0254  0.0361  0.0429  0.0454  0.0430  0.0368  0.0285  0.0192  0.0095
 -0.0003 -0.0107 -0.0218 -0.0334 -0.0515 -0.0605 -0.1025 -0.1607 -0.1930
 [Fe/H] = -0.75 [alpha/Fe] = 0.40 BC value =F850LP
 -0.7397 -0.7311 -0.7191 -0.6971 -0.6466 -0.5729 -0.4863 -0.3956 -0.3158 -0.2753
 -0.2536 -0.2355 -0.2158 -0.1949 -0.1742 -0.1327 -0.1088 -0.1027 -0.1149
 -0.5692 -0.5589 -0.5514 -0.5404 -0.5196 -0.4835 -0.4263 -0.3509 -0.2946 -0.2655
 -0.2507 -0.2384 -0.2231 -0.2052 -0.1868 -0.1501 -0.1309 -0.1285 -0.1430 -0.1722
 -0.4288 -0.4115 -0.4036 -0.3993 -0.3925 -0.3779 -0.3494 -0.3044 -0.2673 -0.2480
 -0.2400 -0.2340 -0.2243 -0.2104 -0.1946 -0.1621 -0.1465 -0.1474 -0.1637 -0.1930
 -0.2317
 -0.3238 -0.2950 -0.2808 -0.2766 -0.2771 -0.2771 -0.2711 -0.2521 -0.2324 -0.2229
 -0.2217 -0.2225 -0.2195 -0.2108 -0.1985 -0.1702 -0.1576 -0.1610 -0.1790 -0.2088
 -0.2475 -0.2916
 -0.2499 -0.2111 -0.1873 -0.1771 -0.1773 -0.1836 -0.1915 -0.1934 -0.1901 -0.1905
 -0.1964 -0.2039 -0.2081 -0.2061 -0.1985 -0.1752 -0.1652 -0.1707 -0.1902 -0.2207
 -0.2597 -0.3044 -0.3518 -0.3994
 -0.1999 -0.1447 -0.1107 -0.0954 -0.0934 -0.1008 -0.1149 -0.1305 -0.1416 -0.1520
 -0.1648 -0.1786 -0.1899 -0.1954 -0.1939 -0.1775 -0.1701 -0.1774 -0.1980 -0.2293
 -0.2688 -0.3142 -0.3630 -0.4129 -0.4632 -0.5137 -0.5653 -0.6191 -0.6753 -0.7300
 -0.1931 -0.1277 -0.0776 -0.0438 -0.0262 -0.0240 -0.0361 -0.0597 -0.0861 -0.1088
 -0.1292 -0.1483 -0.1653 -0.1779 -0.1837 -0.1770 -0.1724 -0.1814 -0.2030 -0.2350
 -0.2750 -0.3212 -0.3714 -0.4234 -0.4756 -0.5279 -0.5804 -0.6336 -0.6888 -0.7464
 -0.8030
 -0.1904 -0.1249 -0.0726 -0.0331 -0.0064  0.0075  0.0093 -0.0005 -0.0212 -0.0492
 -0.0802 -0.1100 -0.1351 -0.1541 -0.1667 -0.1731 -0.1721 -0.1828 -0.2054 -0.2379
 -0.2785 -0.3254 -0.3770 -0.4310 -0.4856 -0.5399 -0.5941 -0.6484 -0.7033 -0.7599
 -0.8189
 -0.1826 -0.1193 -0.0689 -0.0305 -0.0030  0.0142  0.0214  0.0192  0.0082 -0.0101
 -0.0334 -0.0600 -0.0881 -0.1149 -0.1374 -0.1642 -0.1689 -0.1817 -0.2055 -0.2386
 -0.2799 -0.3277 -0.3806 -0.4367 -0.4937 -0.5504 -0.6069 -0.6629 -0.7188 -0.7754
 -0.8335
 -0.1698 -0.1100 -0.0619 -0.0259 -0.0004  0.0157  0.0239  0.0248  0.0189  0.0069
 -0.0098 -0.0294 -0.0502 -0.0716 -0.0933 -0.1407 -0.1621 -0.1776 -0.2026 -0.2361
 -0.2776 -0.3259 -0.3797 -0.4375 -0.4969 -0.5561 -0.6148 -0.6728 -0.7303 -0.7879
 -0.8458
 -0.1405 -0.0896 -0.0477 -0.0149  0.0073  0.0209  0.0272  0.0278  0.0236  0.0152
  0.0032 -0.0117 -0.0281 -0.0446 -0.0610 -0.1037 -0.1435 -0.1701 -0.1969 -0.2312
 -0.2728 -0.3212 -0.3755 -0.4344 -0.4957 -0.5575 -0.6187 -0.6790 -0.7385 -0.7974
 -0.8558
 -0.0947 -0.0482 -0.0172  0.0072  0.0247  0.0343  0.0373  0.0356  0.0303  0.0225
  0.0127  0.0010 -0.0121 -0.0259 -0.0405 -0.0532 -0.1131 -0.1592 -0.1884
 [Fe/H] = -0.50 [alpha/Fe] = 0.40 BC value =F850LP
 -0.9408 -0.9455 -0.9405 -0.9175 -0.8456 -0.7336 -0.5987 -0.4554 -0.3281 -0.2632
 -0.2346 -0.2178 -0.2023 -0.1856 -0.1683 -0.1312 -0.1095 -0.1033 -0.1147
 -0.7505 -0.7520 -0.7508 -0.7385 -0.7063 -0.6457 -0.5491 -0.4192 -0.3150 -0.2583
 -0.2334 -0.2203 -0.2084 -0.1946 -0.1793 -0.1465 -0.1287 -0.1263 -0.1388 -0.1651
 -0.5827 -0.5768 -0.5754 -0.5711 -0.5563 -0.5236 -0.4656 -0.3778 -0.2967 -0.2478
 -0.2258 -0.2162 -0.2084 -0.1981 -0.1856 -0.1566 -0.1420 -0.1427 -0.1578 -0.1852
 -0.2218
 -0.4476 -0.4292 -0.4220 -0.4199 -0.4161 -0.4040 -0.3770 -0.3268 -0.2699 -0.2307
 -0.2126 -0.2064 -0.2029 -0.1970 -0.1879 -0.1634 -0.1515 -0.1546 -0.1717 -0.2001
 -0.2371 -0.2799
 -0.3508 -0.3171 -0.2984 -0.2911 -0.2901 -0.2898 -0.2839 -0.2646 -0.2326 -0.2061
 -0.1934 -0.1912 -0.1923 -0.1914 -0.1865 -0.1675 -0.1580 -0.1631 -0.1817 -0.2112
 -0.2487 -0.2920 -0.3389 -0.3868
 -0.2718 -0.2324 -0.2064 -0.1908 -0.1851 -0.1868 -0.1917 -0.1932 -0.1846 -0.1729
 -0.1679 -0.1705 -0.1763 -0.1807 -0.1809 -0.1691 -0.1623 -0.1690 -0.1887 -0.2191
 -0.2572 -0.3011 -0.3491 -0.3991 -0.4499 -0.5013 -0.5540 -0.6094 -0.6669 -0.7225
 -0.2356 -0.1740 -0.1304 -0.1044 -0.0937 -0.0944 -0.1029 -0.1166 -0.1271 -0.1314
 -0.1358 -0.1441 -0.1548 -0.1647 -0.1705 -0.1681 -0.1643 -0.1727 -0.1934 -0.2243
 -0.2631 -0.3077 -0.3568 -0.4085 -0.4613 -0.5144 -0.5680 -0.6225 -0.6794 -0.7384
 -0.7959
 -0.2273 -0.1595 -0.1050 -0.0644 -0.0377 -0.0242 -0.0226 -0.0325 -0.0528 -0.0745
 -0.0940 -0.1117 -0.1281 -0.1431 -0.1547 -0.1638 -0.1639 -0.1741 -0.1958 -0.2272
 -0.2666 -0.3119 -0.3620 -0.4153 -0.4702 -0.5253 -0.5806 -0.6361 -0.6925 -0.7508
 -0.8114
 -0.2192 -0.1511 -0.0955 -0.0517 -0.0192  0.0019  0.0123  0.0129  0.0037 -0.0141
 -0.0367 -0.0625 -0.0888 -0.1126 -0.1316 -0.1552 -0.1610 -0.1733 -0.1962 -0.2283
 -0.2682 -0.3145 -0.3656 -0.4205 -0.4773 -0.5347 -0.5922 -0.6500 -0.7081 -0.7664
 -0.8248
 -0.2104 -0.1424 -0.0876 -0.0444 -0.0118  0.0110  0.0246  0.0296  0.0263  0.0156
 -0.0010 -0.0215 -0.0444 -0.0684 -0.0921 -0.1376 -0.1548 -0.1697 -0.1939 -0.2265
 -0.2668 -0.3135 -0.3654 -0.4214 -0.4800 -0.5395 -0.5991 -0.6583 -0.7172 -0.7763
 -0.8357
 -0.1945 -0.1305 -0.0770 -0.0354 -0.0043  0.0172  0.0304  0.0364  0.0358  0.0290
  0.0170  0.0009 -0.0174 -0.0364 -0.0556 -0.1033 -0.1411 -0.1631 -0.1890 -0.2225
 -0.2630 -0.3100 -0.3624 -0.4192 -0.4791 -0.5405 -0.6023 -0.6636 -0.7243 -0.7847
 -0.8441
 -0.1608 -0.1062 -0.0594 -0.0214  0.0075  0.0269  0.0381  0.0428  0.0421  0.0369
  0.0278  0.0152  0.0003 -0.0158 -0.0221 -0.0523 -0.1199 -0.1535 -0.1815
 [Fe/H] = -0.25 [alpha/Fe] = 0.40 BC value =F850LP
 -1.1264 -1.1503 -1.1642 -1.1492 -1.0867 -0.9617 -0.7626 -0.5154 -0.3433 -0.2518
 -0.2127 -0.1954 -0.1835 -0.1712 -0.1577 -0.1263 -0.1066 -0.1014 -0.1112
 -0.9272 -0.9499 -0.9594 -0.9533 -0.9161 -0.8341 -0.6938 -0.5000 -0.3414 -0.2524
 -0.2135 -0.1978 -0.1886 -0.1790 -0.1675 -0.1396 -0.1236 -0.1216 -0.1330 -0.1569
 -0.7405 -0.7519 -0.7630 -0.7645 -0.7464 -0.6979 -0.6083 -0.4706 -0.3360 -0.2500
 -0.2097 -0.1943 -0.1874 -0.1810 -0.1723 -0.1484 -0.1350 -0.1358 -0.1500 -0.1757
 -0.2105
 -0.5797 -0.5776 -0.5826 -0.5871 -0.5825 -0.5601 -0.5111 -0.4249 -0.3214 -0.2434
 -0.2024 -0.1866 -0.1816 -0.1784 -0.1730 -0.1541 -0.1431 -0.1460 -0.1622 -0.1895
 -0.2251 -0.2667
 -0.4545 -0.4348 -0.4280 -0.4287 -0.4298 -0.4241 -0.4040 -0.3604 -0.2925 -0.2295
 -0.1910 -0.1753 -0.1718 -0.1717 -0.1701 -0.1574 -0.1488 -0.1534 -0.1711 -0.1996
 -0.2361 -0.2783 -0.3244 -0.3720
 -0.3520 -0.3308 -0.3090 -0.2987 -0.2964 -0.2970 -0.2941 -0.2800 -0.2470 -0.2050
 -0.1741 -0.1603 -0.1584 -0.1612 -0.1633 -0.1582 -0.1526 -0.1588 -0.1774 -0.2068
 -0.2441 -0.2870 -0.3341 -0.3838 -0.4346 -0.4868 -0.5410 -0.5978 -0.6562 -0.7127
 -0.2846 -0.2388 -0.2118 -0.1969 -0.1890 -0.1868 -0.1892 -0.1918 -0.1858 -0.1679
 -0.1494 -0.1405 -0.1411 -0.1467 -0.1526 -0.1563 -0.1544 -0.1623 -0.1818 -0.2116
 -0.2496 -0.2933 -0.3412 -0.3924 -0.4452 -0.4989 -0.5534 -0.6095 -0.6680 -0.7279
 -0.7862
 -0.2609 -0.1967 -0.1475 -0.1141 -0.0950 -0.0877 -0.0894 -0.0975 -0.1098 -0.1153
 -0.1143 -0.1142 -0.1191 -0.1281 -0.1377 -0.1511 -0.1540 -0.1637 -0.1844 -0.2146
 -0.2529 -0.2973 -0.3462 -0.3985 -0.4531 -0.5087 -0.5649 -0.6216 -0.6796 -0.7395
 -0.8010
 -0.2499 -0.1818 -0.1254 -0.0811 -0.0490 -0.0288 -0.0187 -0.0175 -0.0256 -0.0413
 -0.0574 -0.0730 -0.0885 -0.1037 -0.1180 -0.1420 -0.1509 -0.1631 -0.1851 -0.2161
 -0.2549 -0.3001 -0.3498 -0.4033 -0.4594 -0.5170 -0.5752 -0.6335 -0.6924 -0.7524
 -0.8138
 -0.2405 -0.1711 -0.1137 -0.0671 -0.0308 -0.0047  0.0117  0.0195  0.0193  0.0113
 -0.0031 -0.0212 -0.0420 -0.0645 -0.0864 -0.1273 -0.1448 -0.1599 -0.1833 -0.2150
 -0.2541 -0.2997 -0.3501 -0.4044 -0.4617 -0.5209 -0.5810 -0.6412 -0.7015 -0.7628
 -0.8229
 -0.2307 -0.1609 -0.1028 -0.0561 -0.0197  0.0072  0.0256  0.0360  0.0389  0.0351
  0.0252  0.0105 -0.0074 -0.0272 -0.0479 -0.0986 -0.1338 -0.1540 -0.1791 -0.2117
 -0.2512 -0.2970 -0.3478 -0.4028 -0.4609 -0.5215 -0.5833 -0.6455 -0.7074 -0.7693
 -0.8284
 -0.2113 -0.1467 -0.0906 -0.0440 -0.0085  0.0176  0.0352  0.0456  0.0494  0.0475
  0.0403  0.0285  0.0134 -0.0035 -0.0025 -0.0559 -0.1179 -0.1454 -0.1725
 [Fe/H] =  0.00 [alpha/Fe] = 0.40 BC value =F850LP
 -1.2828 -1.3279 -1.3380 -1.3017 -1.2185 -1.0718 -0.8561 -0.5561 -0.3611 -0.2440
 -0.1902 -0.1695 -0.1597 -0.1514 -0.1419 -0.1169 -0.1002 -0.0964 -0.1060
 -1.0829 -1.1248 -1.1566 -1.1648 -1.1320 -1.0344 -0.8460 -0.5802 -0.3737 -0.2506
 -0.1936 -0.1722 -0.1640 -0.1582 -0.1509 -0.1292 -0.1153 -0.1140 -0.1250 -0.1472
 -0.8862 -0.9192 -0.9483 -0.9624 -0.9482 -0.8898 -0.7689 -0.5766 -0.3842 -0.2575
 -0.1945 -0.1701 -0.1624 -0.1589 -0.1543 -0.1370 -0.1253 -0.1263 -0.1398 -0.1642
 -0.1976
 -0.7075 -0.7263 -0.7487 -0.7653 -0.7653 -0.7369 -0.6674 -0.5421 -0.3859 -0.2630
 -0.1941 -0.1653 -0.1567 -0.1551 -0.1535 -0.1419 -0.1325 -0.1351 -0.1504 -0.1766
 -0.2112 -0.2517
 -0.5584 -0.5584 -0.5686 -0.5816 -0.5889 -0.5810 -0.5481 -0.4784 -0.3698 -0.2625
 -0.1922 -0.1588 -0.1484 -0.1478 -0.1490 -0.1442 -0.1377 -0.1418 -0.1583 -0.1857
 -0.2214 -0.2628 -0.3084 -0.3566
 -0.4473 -0.4264 -0.4192 -0.4216 -0.4277 -0.4300 -0.4203 -0.3899 -0.3291 -0.2498
 -0.1856 -0.1505 -0.1380 -0.1377 -0.1412 -0.1440 -0.1411 -0.1468 -0.1642 -0.1923
 -0.2289 -0.2713 -0.3177 -0.3671 -0.4183 -0.4709 -0.5258 -0.5845 -0.6439 -0.7017
 -0.3501 -0.3257 -0.3081 -0.2968 -0.2929 -0.2939 -0.2947 -0.2879 -0.2644 -0.2197
 -0.1712 -0.1388 -0.1256 -0.1251 -0.1302 -0.1408 -0.1426 -0.1502 -0.1684 -0.1970
 -0.2341 -0.2773 -0.3247 -0.3752 -0.4278 -0.4814 -0.5366 -0.5944 -0.6549 -0.7160
 -0.7753
 -0.2909 -0.2386 -0.2048 -0.1877 -0.1813 -0.1799 -0.1803 -0.1828 -0.1825 -0.1692
 -0.1439 -0.1209 -0.1098 -0.1099 -0.1164 -0.1343 -0.1419 -0.1518 -0.1712 -0.2001
 -0.2375 -0.2814 -0.3296 -0.3810 -0.4349 -0.4904 -0.5472 -0.6052 -0.6646 -0.7265
 -0.7894
 -0.2689 -0.2091 -0.1573 -0.1191 -0.0946 -0.0814 -0.0768 -0.0806 -0.0883 -0.0945
 -0.0953 -0.0906 -0.0878 -0.0911 -0.0995 -0.1243 -0.1384 -0.1513 -0.1723 -0.2020
 -0.2398 -0.2841 -0.3331 -0.3855 -0.4406 -0.4977 -0.5563 -0.6157 -0.6759 -0.7375
 -0.8009
 -0.2625 -0.1949 -0.1384 -0.0922 -0.0568 -0.0323 -0.0173 -0.0108 -0.0112 -0.0166
 -0.0256 -0.0366 -0.0480 -0.0611 -0.0757 -0.1103 -0.1318 -0.1484 -0.1710 -0.2016
 -0.2396 -0.2841 -0.3336 -0.3867 -0.4426 -0.5009 -0.5609 -0.6219 -0.6834 -0.7457
 -0.8087
 -0.2529 -0.1831 -0.1249 -0.0769 -0.0384 -0.0093  0.0111  0.0234  0.0288  0.0281
  0.0215  0.0104 -0.0038 -0.0205 -0.0393 -0.0874 -0.1213 -0.1427 -0.1674 -0.1991
 -0.2375 -0.2822 -0.3319 -0.3855 -0.4421 -0.5013 -0.5626 -0.6250 -0.6879 -0.7513
 -0.8128
 -0.2415 -0.1720 -0.1122 -0.0636 -0.0247  0.0052  0.0268  0.0410  0.0484  0.0496
  0.0455  0.0366  0.0239  0.0083  0.0097 -0.0556 -0.1069 -0.1342 -0.1615
 [Fe/H] =  0.25 [alpha/Fe] = 0.40 BC value =F850LP
 -1.4066 -1.4739 -1.4490 -1.3524 -1.2032 -1.0172 -0.8079 -0.5863 -0.3771 -0.2406
 -0.1696 -0.1418 -0.1319 -0.1266 -0.1208 -0.1029 -0.0895 -0.0876 -0.0978
 -1.2108 -1.2750 -1.3447 -1.3828 -1.3522 -1.2237 -0.9738 -0.6399 -0.4053 -0.2544
 -0.1766 -0.1458 -0.1360 -0.1326 -0.1290 -0.1146 -0.1033 -0.1032 -0.1142 -0.1353
 -1.0094 -1.0656 -1.1157 -1.1474 -1.1445 -1.0841 -0.9348 -0.6793 -0.4348 -0.2713
 -0.1831 -0.1461 -0.1346 -0.1324 -0.1313 -0.1218 -0.1125 -0.1139 -0.1270 -0.1503
 -0.1825
 -0.8190 -0.8616 -0.9049 -0.9383 -0.9490 -0.9212 -0.8353 -0.6697 -0.4570 -0.2895
 -0.1907 -0.1451 -0.1300 -0.1280 -0.1292 -0.1259 -0.1192 -0.1218 -0.1362 -0.1612
 -0.1949 -0.2348
 -0.6523 -0.6777 -0.7068 -0.7366 -0.7548 -0.7497 -0.7077 -0.6122 -0.4595 -0.3037
 -0.1986 -0.1443 -0.1241 -0.1208 -0.1236 -0.1272 -0.1240 -0.1280 -0.1434 -0.1694
 -0.2042 -0.2453 -0.2906 -0.3388
 -0.5278 -0.5197 -0.5327 -0.5523 -0.5705 -0.5780 -0.5644 -0.5186 -0.4279 -0.3063
 -0.2042 -0.1437 -0.1177 -0.1118 -0.1151 -0.1257 -0.1272 -0.1329 -0.1490 -0.1756
 -0.2112 -0.2533 -0.2996 -0.3489 -0.4001 -0.4533 -0.5093 -0.5694 -0.6297 -0.6890
 -0.4208 -0.4028 -0.3957 -0.3982 -0.4072 -0.4165 -0.4182 -0.4033 -0.3615 -0.2867
 -0.2022 -0.1415 -0.1108 -0.1018 -0.1044 -0.1210 -0.1283 -0.1362 -0.1533 -0.1803
 -0.2163 -0.2591 -0.3063 -0.3566 -0.4090 -0.4628 -0.5187 -0.5777 -0.6398 -0.7021
 -0.7629
 -0.3212 -0.2922 -0.2817 -0.2791 -0.2782 -0.2792 -0.2816 -0.2817 -0.2704 -0.2379
 -0.1849 -0.1339 -0.1025 -0.0907 -0.0921 -0.1130 -0.1269 -0.1380 -0.1563 -0.1836
 -0.2197 -0.2630 -0.3110 -0.3621 -0.4156 -0.4709 -0.5280 -0.5865 -0.6476 -0.7116
 -0.7757
 -0.2881 -0.2328 -0.1924 -0.1687 -0.1591 -0.1588 -0.1620 -0.1646 -0.1674 -0.1627
 -0.1435 -0.1135 -0.0888 -0.0776 -0.0782 -0.1020 -0.1226 -0.1376 -0.1578 -0.1860
 -0.2223 -0.2658 -0.3145 -0.3664 -0.4208 -0.4773 -0.5358 -0.5959 -0.6574 -0.7206
 -0.7861
 -0.2748 -0.2124 -0.1600 -0.1188 -0.0900 -0.0728 -0.0643 -0.0615 -0.0630 -0.0678
 -0.0726 -0.0696 -0.0621 -0.0582 -0.0610 -0.0880 -0.1150 -0.1346 -0.1570 -0.1862
 -0.2227 -0.2661 -0.3150 -0.3675 -0.4226 -0.4799 -0.5395 -0.6006 -0.6631 -0.7272
 -0.7930
 -0.2629 -0.1979 -0.1424 -0.0960 -0.0589 -0.0315 -0.0134 -0.0027  0.0027  0.0035
 -0.0002 -0.0070 -0.0138 -0.0215 -0.0321 -0.0693 -0.1038 -0.1288 -0.1538 -0.1844
 -0.2215 -0.2648 -0.3136 -0.3665 -0.4221 -0.4801 -0.5405 -0.6027 -0.6662 -0.7308
 -0.7961
 -0.2528 -0.1854 -0.1277 -0.0796 -0.0404 -0.0096  0.0132  0.0284  0.0370  0.0403
  0.0395  0.0345  0.0260  0.0150  0.0085 -0.0459 -0.0890 -0.1202 -0.1482
 [Fe/H] =  0.50 [alpha/Fe] = 0.40 BC value =F850LP
 -1.4978 -1.5883 -1.4972 -1.3013 -1.0407 -0.7981 -0.6180 -0.6078 -0.3973 -0.2437
 -0.1531 -0.1142 -0.1012 -0.0967 -0.0943 -0.0837 -0.0747 -0.0746 -0.0845
 -1.3109 -1.4005 -1.4683 -1.5576 -1.5060 -1.3273 -1.0335 -0.6825 -0.4390 -0.2656
 -0.1649 -0.1205 -0.1059 -0.1027 -0.1019 -0.0949 -0.0872 -0.0886 -0.1002 -0.1210
 -1.1101 -1.1911 -1.2565 -1.3071 -1.3197 -1.2654 -1.0919 -0.7583 -0.4828 -0.2931
 -0.1782 -0.1244 -0.1057 -0.1025 -0.1034 -0.1017 -0.0959 -0.0981 -0.1112 -0.1339
 -0.1651
 -0.9092 -0.9757 -1.0404 -1.0926 -1.1186 -1.0983 -1.0025 -0.7945 -0.5284 -0.3229
 -0.1940 -0.1288 -0.1035 -0.0984 -0.1006 -0.1052 -0.1024 -0.1054 -0.1193 -0.1434
 -0.1761 -0.2156
 -0.7284 -0.7771 -0.8308 -0.8800 -0.9133 -0.9164 -0.8712 -0.7529 -0.5523 -0.3533
 -0.2126 -0.1348 -0.1012 -0.0922 -0.0945 -0.1054 -0.1071 -0.1115 -0.1259 -0.1506
 -0.1845 -0.2252 -0.2706 -0.3193
 -0.5773 -0.6025 -0.6388 -0.6785 -0.7123 -0.7291 -0.7162 -0.6583 -0.5369 -0.3710
 -0.2313 -0.1426 -0.0998 -0.0855 -0.0861 -0.1025 -0.1100 -0.1164 -0.1314 -0.1565
 -0.1909 -0.2326 -0.2790 -0.3287 -0.3805 -0.4343 -0.4915 -0.5527 -0.6136 -0.6746
 -0.4641 -0.4645 -0.4773 -0.5000 -0.5260 -0.5468 -0.5525 -0.5321 -0.4728 -0.3650
 -0.2423 -0.1508 -0.0996 -0.0790 -0.0766 -0.0963 -0.1104 -0.1200 -0.1360 -0.1613
 -0.1958 -0.2381 -0.2854 -0.3360 -0.3887 -0.4432 -0.4998 -0.5596 -0.6231 -0.6862
 -0.7487
 -0.3585 -0.3550 -0.3557 -0.3604 -0.3696 -0.3826 -0.3933 -0.3934 -0.3730 -0.3209
 -0.2367 -0.1545 -0.0991 -0.0728 -0.0667 -0.0870 -0.1081 -0.1218 -0.1394 -0.1651
 -0.1995 -0.2419 -0.2898 -0.3411 -0.3948 -0.4501 -0.5075 -0.5669 -0.6291 -0.6948
 -0.7601
 -0.2934 -0.2540 -0.2342 -0.2325 -0.2409 -0.2501 -0.2558 -0.2582 -0.2568 -0.2410
 -0.2014 -0.1442 -0.0943 -0.0656 -0.0563 -0.0754 -0.1025 -0.1214 -0.1413 -0.1680
 -0.2026 -0.2449 -0.2931 -0.3452 -0.3996 -0.4559 -0.5143 -0.5745 -0.6369 -0.7017
 -0.7692
 -0.2755 -0.2211 -0.1774 -0.1473 -0.1312 -0.1274 -0.1308 -0.1366 -0.1408 -0.1414
 -0.1346 -0.1117 -0.0799 -0.0555 -0.0450 -0.0616 -0.0935 -0.1181 -0.1409 -0.1689
 -0.2038 -0.2457 -0.2938 -0.3461 -0.4010 -0.4580 -0.5170 -0.5781 -0.6412 -0.7060
 -0.7726
 -0.2624 -0.2041 -0.1537 -0.1119 -0.0800 -0.0591 -0.0478 -0.0429 -0.0417 -0.0428
 -0.0450 -0.0461 -0.0403 -0.0312 -0.0266 -0.0458 -0.0816 -0.1117 -0.1381 -0.1679
 -0.2034 -0.2452 -0.2929 -0.3452 -0.4005 -0.4579 -0.5175 -0.5792 -0.6429 -0.7082
 -0.7748
 -0.2502 -0.1889 -0.1361 -0.0912 -0.0542 -0.0254 -0.0049  0.0079  0.0149  0.0181
  0.0189  0.0171  0.0138  0.0101 -0.0011 -0.0280 -0.0668 -0.1022 -0.1329
