 [Fe/H] = -2.50 [alpha/Fe] = 0.00 BC value =F1000W
 -7.4674 -7.5766 -7.6821 -7.7865 -7.8831 -7.9660 -8.0238 -8.0684 -8.1111 -8.1586
 -8.2132 -8.2762 -8.3476 -8.4257 -8.5032 -8.6899 -8.8824 -9.0585 -9.2308
 -7.4052 -7.5147 -7.6242 -7.7336 -7.8411 -7.9420 -8.0334 -8.1131 -8.1794 -8.2310
 -8.2766 -8.3278 -8.3930 -8.4671 -8.5434 -8.7338 -8.9203 -9.0997 -9.2697 -9.4309
 -7.3995 -7.5062 -7.6103 -7.7123 -7.8130 -7.9134 -8.0130 -8.1077 -8.1938 -8.2679
 -8.3233 -8.3691 -8.4257 -8.4965 -8.5719 -8.7602 -8.9445 -9.1231 -9.2935 -9.4553
 -9.6086
 -7.4013 -7.5038 -7.6040 -7.7018 -7.7976 -7.8916 -7.9841 -8.0757 -8.1669 -8.2550
 -8.3363 -8.3971 -8.4520 -8.5183 -8.5917 -8.7790 -8.9617 -9.1394 -9.3098 -9.4717
 -9.6253 -9.7713
 -7.4127 -7.5087 -7.6042 -7.6982 -7.7906 -7.8814 -7.9702 -8.0570 -8.1422 -8.2275
 -8.3130 -8.3934 -8.4595 -8.5313 -8.6058 -8.7919 -8.9738 -9.1505 -9.3208 -9.4829
 -9.6366 -9.7827 -9.9220-10.0552
 -7.4381 -7.5245 -7.6125 -7.7012 -7.7898 -7.8776 -7.9643 -8.0491 -8.1320 -8.2133
 -8.2942 -8.3762 -8.4489 -8.5244 -8.6047 -8.7993 -8.9815 -9.1577 -9.3279 -9.4902
 -9.6442 -9.7906 -9.9300-10.0633-10.1909-10.3136-10.4322-10.5474-10.6598-10.7698
 -7.4792 -7.5552 -7.6329 -7.7135 -7.7962 -7.8800 -7.9638 -8.0468 -8.1285 -8.2086
 -8.2873 -8.3658 -8.4406 -8.5140 -8.5936 -8.7954 -8.9839 -9.1613 -9.3319 -9.4948
 -9.6492 -9.7959 -9.9357-10.0691-10.1967-10.3192-10.4372-10.5514-10.6623-10.7705
-10.8770
 -7.5361 -7.6019 -7.6691 -7.7393 -7.8133 -7.8906 -7.9698 -8.0499 -8.1298 -8.2086
 -8.2863 -8.3632 -8.4382 -8.5100 -8.5859 -8.7842 -8.9775 -9.1596 -9.3327 -9.4967
 -9.6520 -9.7993 -9.9394-10.0733-10.2012-10.3236-10.4412-10.5548-10.6648-10.7718
-10.8762
 -7.6056 -7.6634 -7.7224 -7.7824 -7.8459 -7.9142 -7.9864 -8.0614 -8.1379 -8.2146
 -8.2908 -8.3664 -8.4408 -8.5130 -8.5860 -8.7771 -8.9688 -9.1536 -9.3309 -9.4984
 -9.6553 -9.8036 -9.9446-10.0790-10.2075-10.3304-10.4482-10.5618-10.6715-10.7777
-10.8805
 -7.6877 -7.7397 -7.7872 -7.8398 -7.8940 -7.9519 -8.0148 -8.0821 -8.1527 -8.2253
 -8.2986 -8.3720 -8.4450 -8.5170 -8.5884 -8.7719 -8.9584 -9.1422 -9.3207 -9.4922
 -9.6527 -9.8026 -9.9446-10.0798-10.2089-10.3324-10.4507-10.5642-10.6760-10.7817
-10.8837
 -7.7823 -7.8308 -7.8635 -7.9065 -7.9569 -8.0064 -8.0595 -8.1171 -8.1794 -8.2454
 -8.3138 -8.3837 -8.4540 -8.5243 -8.5942 -8.7715 -8.9514 -9.1317 -9.3093 -9.4821
 -9.6463 -9.7995 -9.9430-10.0792-10.2092-10.3334-10.4525-10.5667-10.6763-10.7819
-10.8843
 -7.8896 -7.9367 -7.9513 -7.9814 -8.0290 -8.0744 -8.1201 -8.1685 -8.2212 -8.2783
 -8.3393 -8.4034 -8.4693 -8.5362 -8.6034 -8.7759 -8.9478 -9.1221 -9.2967
 [Fe/H] = -2.00 [alpha/Fe] = 0.00 BC value =F1000W
 -7.4592 -7.5624 -7.6591 -7.7504 -7.8343 -7.9114 -7.9805 -8.0465 -8.1093 -8.1688
 -8.2272 -8.2900 -8.3601 -8.4355 -8.5111 -8.6954 -8.8813 -9.0584 -9.2319
 -7.4338 -7.5509 -7.6656 -7.7735 -7.8732 -7.9643 -8.0458 -8.1173 -8.1806 -8.2370
 -8.2880 -8.3412 -8.4050 -8.4774 -8.5523 -8.7384 -8.9202 -9.0980 -9.2678 -9.4287
 -7.4194 -7.5312 -7.6416 -7.7511 -7.8598 -7.9645 -8.0611 -8.1476 -8.2222 -8.2833
 -8.3341 -8.3801 -8.4355 -8.5046 -8.5793 -8.7661 -8.9467 -9.1224 -9.2918 -9.4532
 -9.6064
 -7.4114 -7.5197 -7.6255 -7.7293 -7.8315 -7.9320 -8.0314 -8.1285 -8.2191 -8.2994
 -8.3633 -8.4133 -8.4613 -8.5243 -8.5959 -8.7845 -8.9651 -9.1393 -9.3080 -9.4694
 -9.6229 -9.7689
 -7.4088 -7.5141 -7.6165 -7.7164 -7.8141 -7.9097 -8.0030 -8.0937 -8.1837 -8.2726
 -8.3570 -8.4257 -8.4815 -8.5411 -8.6104 -8.7965 -8.9775 -9.1509 -9.3188 -9.4802
 -9.6339 -9.7801 -9.9195-10.0529
 -7.4126 -7.5139 -7.6130 -7.7096 -7.8040 -7.8964 -7.9866 -8.0741 -8.1588 -8.2418
 -8.3254 -8.4076 -8.4770 -8.5457 -8.6191 -8.8043 -8.9854 -9.1587 -9.3259 -9.4872
 -9.6412 -9.7877 -9.9272-10.0607-10.1885-10.3116-10.4308-10.5465-10.6586-10.7682
 -7.4264 -7.5210 -7.6152 -7.7080 -7.7992 -7.8888 -7.9767 -8.0627 -8.1461 -8.2267
 -8.3056 -8.3848 -8.4592 -8.5316 -8.6105 -8.8082 -8.9900 -9.1633 -9.3302 -9.4915
 -9.6458 -9.7928 -9.9327-10.0663-10.1941-10.3169-10.4353-10.5499-10.6611-10.7692
-10.8756
 -7.4538 -7.5394 -7.6262 -7.7131 -7.7999 -7.8862 -7.9716 -8.0559 -8.1385 -8.2189
 -8.2970 -8.3736 -8.4463 -8.5190 -8.5958 -8.7997 -8.9906 -9.1651 -9.3320 -9.4934
 -9.6483 -9.7959 -9.9364-10.0704-10.1984-10.3211-10.4392-10.5531-10.6634-10.7705
-10.8749
 -7.4968 -7.5729 -7.6503 -7.7292 -7.8096 -7.8910 -7.9730 -8.0548 -8.1360 -8.2160
 -8.2942 -8.3708 -8.4447 -8.5159 -8.5893 -8.7878 -8.9846 -9.1651 -9.3337 -9.4958
 -9.6516 -9.8001 -9.9414-10.0760-10.2046-10.3276-10.4457-10.5594-10.6692-10.7756
-10.8791
 -7.5492 -7.6189 -7.6876 -7.7574 -7.8295 -7.9039 -7.9805 -8.0583 -8.1367 -8.2150
 -8.2925 -8.3685 -8.4429 -8.5153 -8.5870 -8.7768 -8.9711 -9.1561 -9.3282 -9.4923
 -9.6494 -9.7990 -9.9412-10.0766-10.2058-10.3294-10.4479-10.5616-10.6713-10.7773
-10.8822
 -7.6076 -7.6742 -7.7382 -7.8003 -7.8638 -7.9297 -7.9989 -8.0708 -8.1448 -8.2199
 -8.2952 -8.3700 -8.4440 -8.5168 -8.5886 -8.7716 -8.9598 -9.1444 -9.3192 -9.4852
 -9.6446 -9.7961 -9.9395-10.0759-10.2059-10.3302-10.4494-10.5638-10.6737-10.7797
-10.8823
 -7.6666 -7.7343 -7.7969 -7.8554 -7.9123 -7.9705 -8.0312 -8.0955 -8.1632 -8.2333
 -8.3049 -8.3771 -8.4557 -8.5262 -8.5941 -8.7722 -8.9507 -9.1300 -9.3067
 [Fe/H] = -1.50 [alpha/Fe] = 0.00 BC value =F1000W
 -7.4448 -7.5426 -7.6323 -7.7145 -7.7904 -7.8643 -7.9406 -8.0204 -8.0970 -8.1674
 -8.2331 -8.2998 -8.3708 -8.4447 -8.5187 -8.6997 -8.8792 -9.0556 -9.2284
 -7.4641 -7.5734 -7.6745 -7.7675 -7.8533 -7.9331 -8.0106 -8.0881 -8.1622 -8.2293
 -8.2896 -8.3491 -8.4150 -8.4869 -8.5605 -8.7430 -8.9216 -9.0959 -9.2649 -9.4259
 -7.4432 -7.5596 -7.6734 -7.7809 -7.8800 -7.9705 -8.0531 -8.1310 -8.2050 -8.2722
 -8.3311 -8.3849 -8.4439 -8.5126 -8.5857 -8.7701 -8.9495 -9.1222 -9.2895 -9.4502
 -9.6033
 -7.4248 -7.5359 -7.6462 -7.7553 -7.8627 -7.9670 -8.0638 -8.1514 -8.2301 -8.3011
 -8.3632 -8.4159 -8.4677 -8.5306 -8.6021 -8.7876 -8.9678 -9.1399 -9.3060 -9.4662
 -9.6195 -9.7655
 -7.4154 -7.5230 -7.6287 -7.7331 -7.8360 -7.9372 -8.0362 -8.1322 -8.2237 -8.3065
 -8.3784 -8.4394 -8.4910 -8.5466 -8.6140 -8.7987 -8.9796 -9.1518 -9.3170 -9.4767
 -9.6300 -9.7763 -9.9158-10.0496
 -7.4118 -7.5171 -7.6199 -7.7205 -7.8194 -7.9167 -8.0113 -8.1026 -8.1913 -8.2787
 -8.3628 -8.4380 -8.5025 -8.5612 -8.6248 -8.8058 -8.9870 -9.1595 -9.3243 -9.4835
 -9.6368 -9.7835 -9.9233-10.0570-10.1851-10.3089-10.4287-10.5447-10.6571-10.7665
 -7.4119 -7.5154 -7.6160 -7.7140 -7.8098 -7.9036 -7.9954 -8.0844 -8.1700 -8.2523
 -8.3331 -8.4128 -8.4872 -8.5575 -8.6287 -8.8105 -8.9915 -9.1643 -9.3291 -9.4878
 -9.6412 -9.7882 -9.9284-10.0623-10.1904-10.3135-10.4325-10.5477-10.6594-10.7674
-10.8735
 -7.4171 -7.5172 -7.6155 -7.7113 -7.8047 -7.8958 -7.9851 -8.0723 -8.1569 -8.2382
 -8.3162 -8.3924 -8.4661 -8.5382 -8.6141 -8.8118 -8.9940 -9.1670 -9.3319 -9.4904
 -9.6436 -9.7911 -9.9317-10.0660-10.1943-10.3174-10.4359-10.5504-10.6613-10.7687
-10.8729
 -7.4328 -7.5263 -7.6203 -7.7131 -7.8039 -7.8929 -7.9800 -8.0654 -8.1490 -8.2302
 -8.3085 -8.3840 -8.4565 -8.5269 -8.6001 -8.8011 -8.9961 -9.1705 -9.3357 -9.4941
 -9.6473 -9.7951 -9.9365-10.0714-10.2002-10.3235-10.4421-10.5563-10.6667-10.7736
-10.8772
 -7.4590 -7.5446 -7.6317 -7.7191 -7.8060 -7.8920 -7.9767 -8.0601 -8.1423 -8.2229
 -8.3015 -8.3777 -8.4511 -8.5219 -8.5925 -8.7850 -8.9846 -9.1680 -9.3347 -9.4932
 -9.6462 -9.7943 -9.9362-10.0718-10.2012-10.3250-10.4439-10.5581-10.6683-10.7749
-10.8801
 -7.4973 -7.5752 -7.6546 -7.7348 -7.8157 -7.8971 -7.9783 -8.0591 -8.1393 -8.2187
 -8.2968 -8.3733 -8.4478 -8.5198 -8.5909 -8.7747 -8.9694 -9.1585 -9.3308 -9.4906
 -9.6438 -9.7921 -9.9346-10.0709-10.2012-10.3257-10.4452-10.5599-10.6703-10.7767
-10.8797
 -7.5452 -7.6171 -7.6895 -7.7623 -7.8361 -7.9111 -7.9872 -8.0642 -8.1416 -8.2188
 -8.2955 -8.3715 -8.4503 -8.5226 -8.5953 -8.7702 -8.9505 -9.1420 -9.3240
 [Fe/H] = -1.00 [alpha/Fe] = 0.00 BC value =F1000W
 -7.4241 -7.5172 -7.6019 -7.6789 -7.7514 -7.8249 -7.9041 -7.9901 -8.0742 -8.1544
 -8.2309 -8.3056 -8.3796 -8.4532 -8.5259 -8.7028 -8.8760 -9.0501 -9.2204
 -7.4638 -7.5649 -7.6578 -7.7423 -7.8196 -7.8934 -7.9713 -8.0527 -8.1328 -8.2092
 -8.2812 -8.3512 -8.4224 -8.4951 -8.5678 -8.7457 -8.9209 -9.0931 -9.2601 -9.4211
 -7.4731 -7.5830 -7.6843 -7.7768 -7.8606 -7.9375 -8.0139 -8.0927 -8.1709 -8.2458
 -8.3156 -8.3818 -8.4490 -8.5196 -8.5919 -8.7715 -8.9491 -9.1210 -9.2862 -9.4457
 -9.5988
 -7.4475 -7.5646 -7.6778 -7.7835 -7.8794 -7.9651 -8.0433 -8.1210 -8.1983 -8.2727
 -8.3422 -8.4064 -8.4693 -8.5361 -8.6070 -8.7880 -8.9671 -9.1390 -9.3034 -9.4619
 -9.6146 -9.7608
 -7.4256 -7.5385 -7.6485 -7.7557 -7.8603 -7.9611 -8.0533 -8.1367 -8.2160 -8.2920
 -8.3631 -8.4280 -8.4881 -8.5500 -8.6178 -8.7986 -8.9784 -9.1506 -9.3148 -9.4725
 -9.6249 -9.7711 -9.9109-10.0448
 -7.4159 -7.5224 -7.6271 -7.7308 -7.8329 -7.9326 -8.0290 -8.1218 -8.2103 -8.2937
 -8.3712 -8.4420 -8.5054 -8.5646 -8.6276 -8.8054 -8.9857 -9.1581 -9.3224 -9.4797
 -9.6315 -9.7778 -9.9178-10.0517-10.1803-10.3044-10.4248-10.5418-10.6552-10.7645
 -7.4136 -7.5176 -7.6189 -7.7186 -7.8172 -7.9145 -8.0091 -8.0998 -8.1867 -8.2710
 -8.3539 -8.4335 -8.5075 -8.5744 -8.6380 -8.8101 -8.9902 -9.1629 -9.3274 -9.4846
 -9.6360 -9.7822 -9.9223-10.0564-10.1849-10.3086-10.4282-10.5442-10.6568-10.7655
-10.8709
 -7.4139 -7.5170 -7.6165 -7.7137 -7.8091 -7.9032 -7.9957 -8.0854 -8.1714 -8.2533
 -8.3319 -8.4094 -8.4866 -8.5623 -8.6361 -8.8142 -8.9930 -9.1660 -9.3307 -9.4879
 -9.6390 -9.7849 -9.9252-10.0596-10.1883-10.3118-10.4310-10.5462-10.6580-10.7662
-10.8705
 -7.4167 -7.5188 -7.6174 -7.7133 -7.8069 -7.8986 -7.9886 -8.0766 -8.1621 -8.2441
 -8.3220 -8.3967 -8.4695 -8.5430 -8.6187 -8.8142 -8.9970 -9.1702 -9.3353 -9.4926
 -9.6434 -9.7891 -9.9295-10.0644-10.1935-10.3173-10.4365-10.5514-10.6627-10.7704
-10.8747
 -7.4214 -7.5208 -7.6176 -7.7126 -7.8050 -7.8949 -7.9830 -8.0691 -8.1534 -8.2353
 -8.3140 -8.3892 -8.4613 -8.5317 -8.6034 -8.7974 -8.9945 -9.1703 -9.3356 -9.4930
 -9.6436 -9.7888 -9.9292-10.0645-10.1941-10.3184-10.4378-10.5527-10.6636-10.7711
-10.8750
 -7.4336 -7.5276 -7.6210 -7.7135 -7.8042 -7.8930 -7.9796 -8.0642 -8.1471 -8.2282
 -8.3071 -8.3835 -8.4569 -8.5277 -8.5975 -8.7820 -8.9797 -9.1678 -9.3351 -9.4927
 -9.6430 -9.7878 -9.9280-10.0636-10.1938-10.3188-10.4387-10.5539-10.6650-10.7723
-10.8760
 -7.4567 -7.5429 -7.6307 -7.7189 -7.8067 -7.8933 -7.9784 -8.0616 -8.1432 -8.2232
 -8.3017 -8.3784 -8.4531 -8.5255 -8.6010 -8.7680 -8.9526 -9.1627 -9.3338
 [Fe/H] = -0.75 [alpha/Fe] = 0.00 BC value =F1000W
 -7.4114 -7.5024 -7.5853 -7.6612 -7.7338 -7.8080 -7.8880 -7.9749 -8.0617 -8.1464
 -8.2281 -8.3070 -8.3833 -8.4572 -8.5294 -8.7039 -8.8740 -9.0463 -9.2147
 -7.4569 -7.5560 -7.6468 -7.7292 -7.8049 -7.8773 -7.9543 -8.0356 -8.1174 -8.1978
 -8.2755 -8.3511 -8.4254 -8.4988 -8.5712 -8.7469 -8.9191 -9.0901 -9.2571 -9.4176
 -7.4761 -7.5819 -7.6794 -7.7683 -7.8485 -7.9221 -7.9963 -8.0744 -8.1534 -8.2312
 -8.3063 -8.3789 -8.4506 -8.5228 -8.5951 -8.7723 -8.9475 -9.1193 -9.2842 -9.4430
 -9.5960
 -7.4650 -7.5811 -7.6886 -7.7866 -7.8747 -7.9531 -8.0266 -8.1024 -8.1795 -8.2557
 -8.3293 -8.3997 -8.4686 -8.5384 -8.6098 -8.7883 -8.9654 -9.1373 -9.3019 -9.4596
 -9.6120 -9.7582
 -7.4442 -7.5549 -7.6623 -7.7719 -7.8748 -7.9672 -8.0473 -8.1235 -8.1999 -8.2754
 -8.3484 -8.4178 -8.4841 -8.5508 -8.6200 -8.7987 -8.9769 -9.1489 -9.3135 -9.4708
 -9.6224 -9.7684 -9.9082-10.0422
 -7.4249 -7.5272 -7.6343 -7.7403 -7.8442 -7.9443 -8.0386 -8.1259 -8.2081 -8.2868
 -8.3620 -8.4331 -8.4993 -8.5631 -8.6289 -8.8055 -8.9843 -9.1565 -9.3211 -9.4783
 -9.6294 -9.7751 -9.9149-10.0488-10.1775-10.3020-10.4227-10.5399-10.6537-10.7635
 -7.4138 -7.5185 -7.6209 -7.7219 -7.8221 -7.9202 -8.0147 -8.1042 -8.1903 -8.2749
 -8.3573 -8.4355 -8.5080 -8.5749 -8.6387 -8.8103 -8.9890 -9.1615 -9.3262 -9.4834
 -9.6341 -9.7794 -9.9191-10.0531-10.1817-10.3056-10.4255-10.5419-10.6549-10.7643
-10.8698
 -7.4143 -7.5174 -7.6169 -7.7144 -7.8107 -7.9059 -7.9990 -8.0887 -8.1741 -8.2557
 -8.3357 -8.4157 -8.4949 -8.5713 -8.6431 -8.8144 -8.9919 -9.1648 -9.3296 -9.4868
 -9.6373 -9.7821 -9.9218-10.0560-10.1847-10.3084-10.4279-10.5435-10.6557-10.7646
-10.8694
 -7.4172 -7.5198 -7.6183 -7.7138 -7.8075 -7.8998 -7.9908 -8.0795 -8.1652 -8.2469
 -8.3247 -8.4001 -8.4754 -8.5519 -8.6294 -8.8186 -8.9962 -9.1693 -9.3344 -9.4917
 -9.6420 -9.7865 -9.9260-10.0605-10.1896-10.3136-10.4331-10.5483-10.6600-10.7684
-10.8732
 -7.4179 -7.5206 -7.6185 -7.7133 -7.8056 -7.8959 -7.9848 -8.0717 -8.1568 -8.2389
 -8.3174 -8.3924 -8.4648 -8.5367 -8.6104 -8.8052 -8.9965 -9.1697 -9.3350 -9.4923
 -9.6425 -9.7867 -9.9258-10.0604-10.1900-10.3144-10.4340-10.5493-10.6606-10.7685
-10.8729
 -7.4214 -7.5215 -7.6188 -7.7128 -7.8045 -7.8939 -7.9814 -8.0667 -8.1505 -8.2321
 -8.3113 -8.3874 -8.4604 -8.5311 -8.6015 -8.7877 -8.9850 -9.1693 -9.3350 -9.4923
 -9.6424 -9.7862 -9.9251-10.0597-10.1896-10.3146-10.4348-10.5502-10.6616-10.7693
-10.8735
 -7.4321 -7.5270 -7.6210 -7.7134 -7.8040 -7.8926 -7.9791 -8.0635 -8.1460 -8.2268
 -8.3057 -8.3826 -8.4569 -8.5288 -8.6027 -8.7661 -8.9617 -9.1681 -9.3344
 [Fe/H] = -0.50 [alpha/Fe] = 0.00 BC value =F1000W
 -7.3979 -7.4867 -7.5678 -7.6432 -7.7163 -7.7915 -7.8725 -7.9604 -8.0497 -8.1384
 -8.2245 -8.3070 -8.3856 -8.4605 -8.5324 -8.7045 -8.8717 -9.0415 -9.2094
 -7.4487 -7.5457 -7.6345 -7.7154 -7.7904 -7.8624 -7.9383 -8.0193 -8.1027 -8.1868
 -8.2695 -8.3498 -8.4273 -8.5020 -8.5744 -8.7481 -8.9165 -9.0876 -9.2536 -9.4135
 -7.4737 -7.5770 -7.6720 -7.7584 -7.8365 -7.9081 -7.9802 -8.0571 -8.1366 -8.2171
 -8.2970 -8.3751 -8.4512 -8.5254 -8.5981 -8.7734 -8.9450 -9.1164 -9.2817 -9.4400
 -9.5927
 -7.4772 -7.5877 -7.6898 -7.7829 -7.8665 -7.9410 -8.0110 -8.0848 -8.1614 -8.2391
 -8.3165 -8.3925 -8.4668 -8.5400 -8.6124 -8.7892 -8.9631 -9.1347 -9.2997 -9.4574
 -9.6091 -9.7553
 -7.4489 -7.5675 -7.6809 -7.7861 -7.8807 -7.9635 -8.0359 -8.1076 -8.1820 -8.2574
 -8.3327 -8.4068 -8.4791 -8.5505 -8.6219 -8.7994 -8.9748 -9.1464 -9.3114 -9.4689
 -9.6200 -9.7656 -9.9054-10.0393
 -7.4238 -7.5355 -7.6462 -7.7551 -7.8603 -7.9588 -8.0460 -8.1227 -8.1979 -8.2730
 -8.3474 -8.4202 -8.4909 -8.5601 -8.6295 -8.8061 -8.9825 -9.1543 -9.3191 -9.4766
 -9.6273 -9.7724 -9.9118-10.0456-10.1743-10.2988-10.4197-10.5374-10.6517-10.7621
 -7.4139 -7.5204 -7.6249 -7.7283 -7.8304 -7.9294 -8.0229 -8.1100 -8.1935 -8.2751
 -8.3539 -8.4295 -8.5017 -8.5703 -8.6374 -8.8108 -8.9875 -9.1596 -9.3243 -9.4818
 -9.6323 -9.7768 -9.9159-10.0497-10.1782-10.3022-10.4224-10.5391-10.6526-10.7626
-10.8686
 -7.4133 -7.5168 -7.6172 -7.7158 -7.8135 -7.9099 -8.0031 -8.0915 -8.1752 -8.2568
 -8.3383 -8.4198 -8.4992 -8.5743 -8.6447 -8.8148 -8.9908 -9.1631 -9.3279 -9.4852
 -9.6356 -9.7797 -9.9185-10.0522-10.1808-10.3046-10.4244-10.5403-10.6530-10.7624
-10.8680
 -7.4176 -7.5200 -7.6183 -7.7139 -7.8080 -7.9011 -7.9926 -8.0813 -8.1661 -8.2469
 -8.3248 -8.4023 -8.4807 -8.5600 -8.6383 -8.8208 -8.9954 -9.1679 -9.3329 -9.4902
 -9.6405 -9.7843 -9.9228-10.0565-10.1854-10.3095-10.4292-10.5448-10.6568-10.7657
-10.8712
 -7.4186 -7.5220 -7.6198 -7.7140 -7.8059 -7.8963 -7.9855 -8.0730 -8.1581 -8.2399
 -8.3179 -8.3930 -8.4669 -8.5415 -8.6179 -8.8131 -8.9966 -9.1686 -9.3338 -9.4910
 -9.6411 -9.7847 -9.9229-10.0565-10.1856-10.3099-10.4298-10.5453-10.6570-10.7652
-10.8702
 -7.4184 -7.5218 -7.6205 -7.7144 -7.8056 -7.8946 -7.9820 -8.0678 -8.1521 -8.2341
 -8.3131 -8.3889 -8.4619 -8.5335 -8.6055 -8.7947 -8.9900 -9.1688 -9.3340 -9.4913
 -9.6412 -9.7847 -9.9226-10.0561-10.1853-10.3100-10.4302-10.5459-10.6576-10.7656
-10.8703
 -7.4204 -7.5216 -7.6195 -7.7139 -7.8049 -7.8935 -7.9801 -8.0648 -8.1479 -8.2291
 -8.3083 -8.3852 -8.4593 -8.5309 -8.6011 -8.7656 -8.9756 -9.1685 -9.3335
 [Fe/H] = -0.25 [alpha/Fe] = 0.00 BC value =F1000W
 -7.3842 -7.4709 -7.5507 -7.6262 -7.7000 -7.7760 -7.8580 -7.9474 -8.0395 -8.1312
 -8.2205 -8.3059 -8.3868 -8.4631 -8.5354 -8.7056 -8.8697 -9.0359 -9.2038
 -7.4398 -7.5349 -7.6219 -7.7016 -7.7761 -7.8481 -7.9233 -8.0044 -8.0899 -8.1774
 -8.2641 -8.3481 -8.4285 -8.5049 -8.5779 -8.7500 -8.9145 -9.0836 -9.2498 -9.4093
 -7.4692 -7.5704 -7.6634 -7.7478 -7.8244 -7.8949 -7.9654 -8.0411 -8.1214 -8.2048
 -8.2888 -8.3714 -8.4513 -8.5279 -8.6015 -8.7756 -8.9430 -9.1131 -9.2788 -9.4373
 -9.5895
 -7.4808 -7.5877 -7.6864 -7.7765 -7.8573 -7.9294 -7.9970 -8.0686 -8.1447 -8.2240
 -8.3050 -8.3858 -8.4648 -8.5413 -8.6153 -8.7915 -8.9614 -9.1317 -9.2972 -9.4554
 -9.6067 -9.7525
 -7.4677 -7.5839 -7.6915 -7.7899 -7.8782 -7.9556 -8.0239 -8.0921 -8.1647 -8.2404
 -8.3182 -8.3966 -8.4740 -8.5499 -8.6238 -8.8016 -8.9735 -9.1439 -9.3091 -9.4672
 -9.6181 -9.7632 -9.9027-10.0366
 -7.4333 -7.5496 -7.6641 -7.7745 -7.8769 -7.9680 -8.0446 -8.1132 -8.1834 -8.2563
 -8.3311 -8.4069 -8.4823 -8.5566 -8.6298 -8.8081 -8.9815 -9.1521 -9.3169 -9.4750
 -9.6258 -9.7703 -9.9093-10.0430-10.1715-10.2958-10.4168-10.5348-10.6494-10.7601
 -7.4158 -7.5248 -7.6326 -7.7394 -7.8440 -7.9441 -8.0365 -8.1179 -8.1937 -8.2686
 -8.3432 -8.4176 -8.4912 -8.5638 -8.6354 -8.8125 -8.9869 -9.1578 -9.3224 -9.4802
 -9.6309 -9.7750 -9.9135-10.0468-10.1752-10.2991-10.4193-10.5362-10.6500-10.7604
-10.8670
 -7.4116 -7.5163 -7.6186 -7.7195 -7.8194 -7.9172 -8.0106 -8.0972 -8.1787 -8.2594
 -8.3401 -8.4196 -8.4966 -8.5706 -8.6419 -8.8161 -8.9905 -9.1617 -9.3262 -9.4837
 -9.6343 -9.7781 -9.9162-10.0493-10.1775-10.3012-10.4210-10.5371-10.6500-10.7598
-10.8661
 -7.4157 -7.5186 -7.6175 -7.7141 -7.8095 -7.9038 -7.9959 -8.0838 -8.1668 -8.2462
 -8.3249 -8.4047 -8.4854 -8.5657 -8.6433 -8.8218 -8.9952 -9.1667 -9.3315 -9.4888
 -9.6392 -9.7830 -9.9208-10.0537-10.1820-10.3058-10.4254-10.5412-10.6535-10.7626
-10.8686
 -7.4190 -7.5219 -7.6197 -7.7139 -7.8059 -7.8968 -7.9865 -8.0741 -8.1585 -8.2390
 -8.3164 -8.3923 -8.4685 -8.5461 -8.6252 -8.8197 -8.9966 -9.1677 -9.3325 -9.4897
 -9.6398 -9.7835 -9.9212-10.0539-10.1822-10.3061-10.4257-10.5413-10.6532-10.7618
-10.8672
 -7.4195 -7.5237 -7.6222 -7.7157 -7.8063 -7.8949 -7.9823 -8.0683 -8.1526 -8.2342
 -8.3126 -8.3882 -8.4617 -8.5350 -8.6095 -8.8027 -8.9945 -9.1682 -9.3330 -9.4902
 -9.6401 -9.7837 -9.9214-10.0540-10.1821-10.3062-10.4260-10.5416-10.6534-10.7617
-10.8667
 -7.4182 -7.5226 -7.6219 -7.7164 -7.8068 -7.8947 -7.9808 -8.0653 -8.1485 -8.2300
 -8.3091 -8.3857 -8.4597 -8.5317 -8.5962 -8.7708 -8.9889 -9.1682 -9.3330
 [Fe/H] =  0.00 [alpha/Fe] = 0.00 BC value =F1000W
 -7.3695 -7.4541 -7.5331 -7.6089 -7.6832 -7.7589 -7.8417 -7.9343 -8.0296 -8.1235
 -8.2146 -8.3021 -8.3851 -8.4629 -8.5362 -8.7050 -8.8660 -9.0284 -9.1962
 -7.4301 -7.5231 -7.6083 -7.6869 -7.7605 -7.8316 -7.9060 -7.9887 -8.0773 -8.1678
 -8.2572 -8.3439 -8.4267 -8.5050 -8.5789 -8.7502 -8.9113 -9.0771 -9.2437 -9.4037
 -7.4633 -7.5625 -7.6533 -7.7357 -7.8105 -7.8796 -7.9483 -8.0237 -8.1059 -8.1925
 -8.2799 -8.3657 -8.4486 -8.5275 -8.6024 -8.7763 -8.9397 -9.1071 -9.2733 -9.4326
 -9.5849
 -7.4800 -7.5842 -7.6804 -7.7677 -7.8460 -7.9158 -7.9812 -8.0507 -8.1269 -8.2087
 -8.2932 -8.3778 -8.4603 -8.5398 -8.6157 -8.7924 -8.9585 -9.1263 -9.2920 -9.4511
 -9.6027 -9.7483
 -7.4738 -7.5907 -7.6933 -7.7870 -7.8711 -7.9449 -8.0101 -8.0751 -8.1460 -8.2225
 -8.3032 -8.3855 -8.4671 -8.5466 -8.6232 -8.8025 -8.9711 -9.1390 -9.3041 -9.4630
 -9.6144 -9.7593 -9.8987-10.0327
 -7.4498 -7.5695 -7.6833 -7.7884 -7.8831 -7.9658 -8.0357 -8.0990 -8.1655 -8.2373
 -8.3135 -8.3925 -8.4722 -8.5510 -8.6277 -8.8089 -8.9797 -9.1479 -9.3123 -9.4708
 -9.6221 -9.7665 -9.9053-10.0389-10.1675-10.2918-10.4127-10.5309-10.6458-10.7569
 -7.4213 -7.5339 -7.6459 -7.7563 -7.8626 -7.9612 -8.0475 -8.1184 -8.1847 -8.2535
 -8.3258 -8.4011 -8.4780 -8.5550 -8.6309 -8.8129 -8.9856 -9.1543 -9.3182 -9.4761
 -9.6272 -9.7714 -9.9096-10.0427-10.1710-10.2949-10.4150-10.5320-10.6462-10.7570
-10.8642
 -7.4111 -7.5177 -7.6226 -7.7266 -7.8294 -7.9292 -8.0232 -8.1082 -8.1851 -8.2600
 -8.3351 -8.4102 -8.4854 -8.5604 -8.6348 -8.8157 -8.9895 -9.1587 -9.3225 -9.4798
 -9.6305 -9.7746 -9.9124-10.0451-10.1731-10.2967-10.4164-10.5326-10.6458-10.7560
-10.8629
 -7.4132 -7.5166 -7.6169 -7.7154 -7.8129 -7.9091 -8.0021 -8.0893 -8.1700 -8.2475
 -8.3258 -8.4057 -8.4856 -8.5642 -8.6403 -8.8204 -8.9943 -9.1642 -9.3282 -9.4852
 -9.6356 -9.7796 -9.9173-10.0497-10.1775-10.3010-10.4204-10.5362-10.6488-10.7583
-10.8648
 -7.4178 -7.5201 -7.6181 -7.7130 -7.8062 -7.8984 -7.9890 -8.0764 -8.1594 -8.2379
 -8.3142 -8.3909 -8.4693 -8.5492 -8.6296 -8.8215 -8.9958 -9.1656 -9.3297 -9.4865
 -9.6365 -9.7803 -9.9180-10.0502-10.1777-10.3011-10.4204-10.5360-10.6480-10.7568
-10.8628
 -7.4208 -7.5244 -7.6221 -7.7156 -7.8062 -7.8952 -7.9830 -8.0692 -8.1529 -8.2333
 -8.3103 -8.3854 -8.4599 -8.5353 -8.6124 -8.8092 -8.9962 -9.1665 -9.3307 -9.4875
 -9.6372 -9.7808 -9.9184-10.0506-10.1779-10.3012-10.4205-10.5359-10.6477-10.7562
-10.8617
 -7.4201 -7.5252 -7.6244 -7.7183 -7.8082 -7.8955 -7.9813 -8.0657 -8.1487 -8.2297
 -8.3081 -8.3840 -8.4577 -8.5304 -8.5887 -8.7835 -8.9955 -9.1669 -9.3312
 [Fe/H] =  0.25 [alpha/Fe] = 0.00 BC value =F1000W
 -7.3553 -7.4383 -7.5173 -7.5929 -7.6684 -7.7469 -7.8310 -7.9229 -8.0213 -8.1167
 -8.2088 -8.2976 -8.3821 -8.4617 -8.5360 -8.7045 -8.8625 -9.0216 -9.1885
 -7.4206 -7.5116 -7.5955 -7.6733 -7.7459 -7.8151 -7.8892 -7.9746 -8.0669 -8.1599
 -8.2511 -8.3394 -8.4240 -8.5041 -8.5795 -8.7509 -8.9096 -9.0704 -9.2370 -9.3980
 -7.4574 -7.5545 -7.6434 -7.7241 -7.7973 -7.8645 -7.9312 -8.0072 -8.0927 -8.1824
 -8.2723 -8.3603 -8.4453 -8.5262 -8.6028 -8.7775 -8.9382 -9.1010 -9.2672 -9.4275
 -9.5806
 -7.4776 -7.5796 -7.6735 -7.7586 -7.8346 -7.9022 -7.9653 -8.0330 -8.1108 -8.1956
 -8.2833 -8.3706 -8.4557 -8.5376 -8.6155 -8.7939 -8.9574 -9.1209 -9.2862 -9.4462
 -9.5985 -9.7440
 -7.4850 -7.5921 -7.6913 -7.7818 -7.8626 -7.9336 -7.9962 -8.0580 -8.1280 -8.2064
 -8.2902 -8.3758 -8.4606 -8.5429 -8.6220 -8.8040 -8.9705 -9.1344 -9.2988 -9.4582
 -9.6103 -9.7553 -9.8945-10.0286
 -7.4706 -7.5864 -7.6940 -7.7926 -7.8813 -7.9587 -8.0247 -8.0843 -8.1475 -8.2189
 -8.2973 -8.3798 -8.4630 -8.5452 -8.6249 -8.8101 -8.9796 -9.1441 -9.3075 -9.4661
 -9.6181 -9.7628 -9.9014-10.0349-10.1636-10.2879-10.4087-10.5269-10.6419-10.7533
 -7.4327 -7.5508 -7.6658 -7.7768 -7.8795 -7.9706 -8.0473 -8.1103 -8.1702 -8.2352
 -8.3075 -8.3853 -8.4657 -8.5465 -8.6261 -8.8135 -8.9857 -9.1513 -9.3139 -9.4716
 -9.6231 -9.7678 -9.9061-10.0391-10.1673-10.2910-10.4109-10.5278-10.6421-10.7532
-10.8607
 -7.4136 -7.5228 -7.6312 -7.7390 -7.8449 -7.9465 -8.0402 -8.1208 -8.1883 -8.2530
 -8.3213 -8.3942 -8.4707 -8.5490 -8.6272 -8.8152 -8.9897 -9.1565 -9.3189 -9.4757
 -9.6266 -9.7711 -9.9092-10.0419-10.1697-10.2929-10.4123-10.5283-10.6414-10.7519
-10.8591
 -7.4113 -7.5159 -7.6182 -7.7194 -7.8197 -7.9182 -8.0126 -8.0996 -8.1790 -8.2527
 -8.3266 -8.4022 -8.4786 -8.5553 -8.6318 -8.8184 -8.9943 -9.1624 -9.3252 -9.4816
 -9.6319 -9.7763 -9.9144-10.0468-10.1742-10.2972-10.4162-10.5316-10.6440-10.7537
-10.8605
 -7.4151 -7.5175 -7.6162 -7.7126 -7.8078 -7.9018 -7.9938 -8.0815 -8.1632 -8.2395
 -8.3142 -8.3908 -8.4697 -8.5497 -8.6294 -8.8192 -8.9954 -9.1642 -9.3273 -9.4835
 -9.6332 -9.7772 -9.9152-10.0476-10.1748-10.2974-10.4161-10.5311-10.6429-10.7518
-10.8580
 -7.4205 -7.5231 -7.6205 -7.7143 -7.8058 -7.8959 -7.9848 -8.0714 -8.1545 -8.2331
 -8.3082 -8.3825 -8.4579 -8.5353 -8.6145 -8.8130 -8.9962 -9.1653 -9.3286 -9.4850
 -9.6344 -9.7779 -9.9158-10.0482-10.1752-10.2976-10.4161-10.5308-10.6423-10.7507
-10.8564
 -7.4228 -7.5269 -7.6253 -7.7184 -7.8084 -7.8959 -7.9819 -8.0667 -8.1495 -8.2296
 -8.3065 -8.3810 -8.4544 -8.5280 -8.5871 -8.7998 -8.9967 -9.1657 -9.3291
 [Fe/H] =  0.50 [alpha/Fe] = 0.00 BC value =F1000W
 -7.3415 -7.3972 -7.4634 -7.5388 -7.6224 -7.7134 -7.8109 -7.9131 -8.0141 -8.1104
 -8.2029 -8.2922 -8.3779 -8.4588 -8.5347 -8.7037 -8.8595 -9.0156 -9.1805
 -7.4113 -7.5000 -7.5833 -7.6603 -7.7281 -7.7953 -7.8716 -7.9618 -8.0579 -8.1529
 -8.2450 -8.3342 -8.4200 -8.5015 -8.5784 -8.7511 -8.9080 -9.0637 -9.2238 -9.3848
 -7.4516 -7.5466 -7.6335 -7.7127 -7.7840 -7.8487 -7.9135 -7.9914 -8.0810 -8.1735
 -8.2652 -8.3545 -8.4408 -8.5234 -8.6015 -8.7782 -8.9372 -9.0946 -9.2597 -9.4210
 -9.5747
 -7.4749 -7.5748 -7.6665 -7.7494 -7.8230 -7.8881 -7.9482 -8.0149 -8.0958 -8.1841
 -8.2743 -8.3636 -8.4504 -8.5340 -8.6137 -8.7947 -8.9569 -9.1152 -9.2792 -9.4399
 -9.5931 -9.7389
 -7.4869 -7.5913 -7.6877 -7.7755 -7.8535 -7.9215 -7.9810 -8.0399 -8.1100 -8.1915
 -8.2786 -8.3668 -8.4538 -8.5382 -8.6192 -8.8046 -8.9706 -9.1297 -9.2922 -9.4520
 -9.6050 -9.7505 -9.8896-10.0238
 -7.4847 -7.5951 -7.6978 -7.7919 -7.8763 -7.9498 -8.0122 -8.0682 -8.1286 -8.2010
 -8.2824 -8.3681 -8.4542 -8.5388 -8.6208 -8.8103 -8.9800 -9.1405 -9.3016 -9.4601
 -9.6127 -9.7581 -9.8969-10.0305-10.1593-10.2837-10.4044-10.5222-10.6371-10.7488
 -7.4539 -7.5682 -7.6864 -7.7915 -7.8866 -7.9699 -8.0398 -8.0981 -8.1533 -8.2160
 -8.2896 -8.3704 -8.4541 -8.5380 -8.6202 -8.8129 -8.9862 -9.1487 -9.3089 -9.4660
 -9.6179 -9.7632 -9.9019-10.0351-10.1633-10.2870-10.4068-10.5234-10.6375-10.7486
-10.8564
 -7.4209 -7.5337 -7.6464 -7.7580 -7.8654 -7.9651 -8.0524 -8.1229 -8.1806 -8.2374
 -8.3025 -8.3765 -8.4560 -8.5376 -8.6191 -8.8135 -8.9901 -9.1547 -9.3148 -9.4707
 -9.6216 -9.7667 -9.9053-10.0383-10.1661-10.2893-10.4084-10.5239-10.6366-10.7471
-10.8545
 -7.4120 -7.5182 -7.6232 -7.7276 -7.8312 -7.9322 -8.0283 -8.1158 -8.1913 -8.2562
 -8.3203 -8.3893 -8.4637 -8.5418 -8.6211 -8.8151 -8.9943 -9.1611 -9.3219 -9.4774
 -9.6274 -9.7720 -9.9107-10.0436-10.1711-10.2938-10.4123-10.5272-10.6390-10.7485
-10.8556
 -7.4130 -7.5158 -7.6158 -7.7142 -7.8118 -7.9082 -8.0018 -8.0902 -8.1717 -8.2461
 -8.3174 -8.3903 -8.4661 -8.5437 -8.6220 -8.8141 -8.9947 -9.1633 -9.3247 -9.4800
 -9.6293 -9.7732 -9.9117-10.0445-10.1718-10.2941-10.4122-10.5266-10.6378-10.7463
-10.8525
 -7.4193 -7.5209 -7.6185 -7.7131 -7.8060 -7.8978 -7.9882 -8.0756 -8.1583 -8.2354
 -8.3082 -8.3811 -8.4564 -8.5344 -8.6141 -8.8118 -8.9945 -9.1644 -9.3266 -9.4821
 -9.6311 -9.7744 -9.9124-10.0452-10.1724-10.2945-10.4123-10.5262-10.6370-10.7450
-10.8504
 -7.4242 -7.5271 -7.6243 -7.7176 -7.8077 -7.8961 -7.9832 -8.0686 -8.1515 -8.2305
 -8.3055 -8.3781 -8.4507 -8.5251 -8.5974 -8.8082 -8.9937 -9.1644 -9.3276
 [Fe/H] =  0.75 [alpha/Fe] = 0.00 BC value =F1000W
 -7.3285 -7.3887 -7.4578 -7.5347 -7.6186 -7.7087 -7.8043 -7.9049 -8.0077 -8.1048
 -8.1974 -8.2869 -8.3730 -8.4550 -8.5320 -8.7022 -8.8570 -9.0105 -9.1724
 -7.4022 -7.4892 -7.5716 -7.6476 -7.7121 -7.7764 -7.8542 -7.9505 -8.0500 -8.1464
 -8.2391 -8.3287 -8.4150 -8.4975 -8.5756 -8.7504 -8.9058 -9.0579 -9.2206 -9.3833
 -7.4470 -7.5428 -7.6239 -7.7013 -7.7706 -7.8326 -7.8955 -7.9767 -8.0706 -8.1656
 -8.2584 -8.3485 -8.4355 -8.5191 -8.5986 -8.7777 -8.9360 -9.0887 -9.2512 -9.4132
 -9.5679
 -7.4723 -7.5700 -7.6595 -7.7401 -7.8114 -7.8734 -7.9307 -7.9974 -8.0822 -8.1739
 -8.2661 -8.3566 -8.4444 -8.5291 -8.6102 -8.7942 -8.9564 -9.1101 -9.2710 -9.4320
 -9.5862 -9.7329
 -7.4877 -7.5898 -7.6839 -7.7690 -7.8441 -7.9090 -7.9650 -8.0212 -8.0929 -8.1782
 -8.2682 -8.3584 -8.4467 -8.5324 -8.6150 -8.8040 -8.9705 -9.1257 -9.2846 -9.4443
 -9.5981 -9.7445 -9.8841-10.0184
 -7.4929 -7.5996 -7.6988 -7.7894 -7.8703 -7.9403 -7.9988 -8.0510 -8.1094 -8.1842
 -8.2690 -8.3574 -8.4456 -8.5319 -8.6155 -8.8091 -8.9802 -9.1377 -9.2950 -9.4528
 -9.6059 -9.7522 -9.8916-10.0254-10.1544-10.2790-10.3998-10.5174-10.6319-10.7436
 -7.4763 -7.5921 -7.6993 -7.7982 -7.8873 -7.9652 -8.0302 -8.0841 -8.1351 -8.1966
 -8.2727 -8.3567 -8.4432 -8.5293 -8.6135 -8.8108 -8.9864 -9.1469 -9.3035 -9.4594
 -9.6114 -9.7573 -9.8967-10.0303-10.1588-10.2827-10.4025-10.5188-10.6324-10.7433
-10.8513
 -7.4351 -7.5537 -7.6690 -7.7804 -7.8838 -7.9756 -8.0535 -8.1154 -8.1670 -8.2189
 -8.2830 -8.3594 -8.4421 -8.5266 -8.6105 -8.8103 -8.9900 -9.1536 -9.3106 -9.4650
 -9.6156 -9.7610 -9.9003-10.0338-10.1619-10.2852-10.4042-10.5194-10.6317-10.7418
-10.8492
 -7.4167 -7.5252 -7.6337 -7.7418 -7.8486 -7.9517 -8.0472 -8.1300 -8.1957 -8.2489
 -8.3041 -8.3707 -8.4469 -8.5278 -8.6102 -8.8104 -8.9935 -9.1603 -9.3187 -9.4726
 -9.6220 -9.7667 -9.9058-10.0393-10.1672-10.2900-10.4084-10.5229-10.6342-10.7431
-10.8499
 -7.4130 -7.5166 -7.6183 -7.7192 -7.8196 -7.9185 -8.0140 -8.1037 -8.1855 -8.2573
 -8.3202 -8.3838 -8.4540 -8.5301 -8.6093 -8.8074 -8.9929 -9.1626 -9.3223 -9.4762
 -9.6247 -9.7683 -9.9070-10.0403-10.1681-10.2907-10.4086-10.5224-10.6329-10.7409
-10.8466
 -7.4180 -7.5195 -7.6175 -7.7133 -7.8081 -7.9020 -7.9941 -8.0823 -8.1651 -8.2416
 -8.3128 -8.3822 -8.4542 -8.5300 -8.6084 -8.8051 -8.9914 -9.1635 -9.3248 -9.4791
 -9.6273 -9.7702 -9.9081-10.0411-10.1688-10.2912-10.4088-10.5222-10.6322-10.7394
-10.8443
 -7.4251 -7.5266 -7.6233 -7.7166 -7.8075 -7.8972 -7.9856 -8.0720 -8.1549 -8.2330
 -8.3063 -8.3769 -8.4480 -8.5222 -8.6075 -8.8035 -8.9890 -9.1630 -9.3262
 [Fe/H] =  1.00 [alpha/Fe] = 0.00 BC value =F1000W
 -7.3176 -7.3791 -7.4492 -7.5271 -7.6117 -7.7025 -7.7986 -7.8996 -8.0028 -8.1005
 -8.1933 -8.2825 -8.3687 -8.4510 -8.5289 -8.7014 -8.8555 -9.0066 -9.1641
 -7.3937 -7.4705 -7.5458 -7.6198 -7.6924 -7.7637 -7.8407 -7.9417 -8.0431 -8.1406
 -8.2337 -8.3232 -8.4097 -8.4926 -8.5715 -8.7487 -8.9035 -9.0550 -9.2122 -9.3753
 -7.4413 -7.5294 -7.6145 -7.6900 -7.7571 -7.8168 -7.8764 -7.9636 -8.0614 -8.1582
 -8.2519 -8.3423 -8.4296 -8.5137 -8.5940 -8.7757 -8.9341 -9.0836 -9.2422 -9.4037
 -9.5603
 -7.4699 -7.5653 -7.6525 -7.7308 -7.7995 -7.8586 -7.9130 -7.9809 -8.0701 -8.1646
 -8.2583 -8.3496 -8.4379 -8.5232 -8.6051 -8.7921 -8.9548 -9.1057 -9.2621 -9.4221
 -9.5784 -9.7262
 -7.4885 -7.5883 -7.6800 -7.7625 -7.8348 -7.8963 -7.9483 -8.0027 -8.0772 -8.1664
 -8.2586 -8.3501 -8.4394 -8.5258 -8.6093 -8.8015 -8.9694 -9.1224 -9.2764 -9.4355
 -9.5901 -9.7375 -9.8778-10.0123
 -7.4984 -7.6024 -7.6988 -7.7865 -7.8642 -7.9306 -7.9851 -8.0330 -8.0906 -8.1688
 -8.2570 -8.3474 -8.4370 -8.5243 -8.6090 -8.8060 -8.9794 -9.1355 -9.2880 -9.4444
 -9.5980 -9.7451 -9.8853-10.0196-10.1488-10.2737-10.3947-10.5121-10.6262-10.7377
 -7.4941 -7.6047 -7.7070 -7.8013 -7.8860 -7.9595 -8.0201 -8.0692 -8.1162 -8.1778
 -8.2573 -8.3443 -8.4328 -8.5205 -8.6060 -8.8069 -8.9856 -9.1456 -9.2980 -9.4518
 -9.6037 -9.7503 -9.8905-10.0246-10.1534-10.2776-10.3976-10.5140-10.6272-10.7376
-10.8456
 -7.4580 -7.5792 -7.6925 -7.7981 -7.8941 -7.9785 -8.0493 -8.1052 -8.1515 -8.1996
 -8.2643 -8.3437 -8.4292 -8.5159 -8.6016 -8.8052 -8.9887 -9.1529 -9.3066 -9.4586
 -9.6085 -9.7542 -9.8942-10.0282-10.1568-10.2804-10.3995-10.5148-10.6268-10.7363
-10.8433
 -7.4268 -7.5386 -7.6512 -7.7629 -7.8714 -7.9725 -8.0615 -8.1338 -8.1885 -8.2340
 -8.2848 -8.3519 -8.4308 -8.5146 -8.5993 -8.8041 -8.9913 -9.1597 -9.3158 -9.4673
 -9.6157 -9.7604 -9.8999-10.0338-10.1622-10.2855-10.4042-10.5185-10.6294-10.7377
-10.8440
 -7.4163 -7.5213 -7.6252 -7.7290 -7.8325 -7.9341 -8.0316 -8.1219 -8.2005 -8.2634
 -8.3132 -8.3678 -8.4363 -8.5141 -8.5958 -8.7995 -8.9895 -9.1617 -9.3203 -9.4721
 -9.6194 -9.7627 -9.9014-10.0350-10.1633-10.2863-10.4046-10.5184-10.6284-10.7357
-10.8407
 -7.4185 -7.5202 -7.6190 -7.7164 -7.8134 -7.9094 -8.0033 -8.0927 -8.1760 -8.2529
 -8.3219 -8.3838 -8.4474 -8.5186 -8.5957 -8.7955 -8.9868 -9.1620 -9.3232 -9.4760
 -9.6231 -9.7653 -9.9030-10.0361-10.1641-10.2870-10.4051-10.5184-10.6279-10.7343
-10.8384
 -7.4261 -7.5267 -7.6232 -7.7168 -7.8088 -7.9001 -7.9900 -8.0773 -8.1603 -8.2379
 -8.3104 -8.3793 -8.4474 -8.5185 -8.5990 -8.7921 -8.9832 -9.1606 -9.3245
