 [Fe/H] = -2.50 [alpha/Fe] = 0.00 BC value = F218W
-10.7642-10.6895-10.6380-10.6087-10.5855-10.5515-10.4384-10.3771-10.3033-10.2061
-10.0823 -9.9390 -9.7859 -9.6083 -9.4190 -8.8693 -8.2675 -7.6578 -7.0037
-10.6464-10.5201-10.4277-10.3658-10.3289-10.2881-10.2313-10.1606-10.0773 -9.9787
 -9.8527 -9.6913 -9.5026 -9.3035 -9.1002 -8.5732 -8.0050 -7.3793 -6.6906 -5.9799
-10.5740-10.4548-10.3368-10.2260-10.1302-10.0575-10.0058 -9.9473 -9.8634 -9.7526
 -9.6237 -9.4689 -9.2811 -9.0806 -8.8800 -8.3777 -7.8300 -7.1404 -6.3189 -5.5216
 -4.8591
-10.5096-10.3965-10.2749-10.1481-10.0214 -9.9015 -9.7936 -9.7020 -9.6201 -9.5234
 -9.3991 -9.2536 -9.0799 -8.8848 -8.6884 -8.2042 -7.6569 -6.8784 -5.9335 -5.0821
 -4.4194 -3.9220
-10.4288-10.3297-10.2158-10.0885 -9.9513 -9.8098 -9.6701 -9.5369 -9.4130 -9.2982
 -9.1819 -9.0503 -8.8965 -8.7187 -8.5299 -8.0495 -7.4811 -6.6287 -5.6022 -4.7161
 -4.0551 -3.5765 -3.2273 -2.9651
-10.3308-10.2489-10.1497-10.0319 -9.8969 -9.7494 -9.5946 -9.4386 -9.2864 -9.1399
 -8.9996 -8.8625 -8.7194 -8.5587 -8.3844 -7.9041 -7.3044 -6.4236 -5.3733 -4.4629
 -3.7905 -3.3138 -2.9733 -2.7250 -2.5410 -2.4021 -2.2933 -2.2023 -2.1190 -2.0363
-10.2235-10.1553-10.0729 -9.9705 -9.8469 -9.7042 -9.5466 -9.3799 -9.2099 -9.0413
 -8.8763 -8.7155 -8.5574 -8.3942 -8.2239 -7.7488 -7.1350 -6.2775 -5.2557 -4.3367
 -3.6383 -3.1422 -2.7923 -2.5402 -2.3536 -2.2078 -2.0931 -2.0043 -1.9369 -1.8819
 -1.8169
-10.1090-10.0557 -9.9878 -9.9014 -9.7943 -9.6649 -9.5140 -9.3469 -9.1690 -8.9851
 -8.8004 -8.6173 -8.4362 -8.2538 -8.0690 -7.5849 -6.9800 -6.1797 -5.2288 -4.3238
 -3.5983 -3.0655 -2.6872 -2.4160 -2.2169 -2.0665 -1.9469 -1.8512 -1.7758 -1.7174
 -1.6736
 -9.9937 -9.9549 -9.8984 -9.8261 -9.7351 -9.6221 -9.4856 -9.3271 -9.1502 -8.9601
 -8.7620 -8.5605 -8.3583 -8.1550 -7.9497 -7.4352 -6.8532 -6.1107 -5.2424 -4.3801
 -3.6430 -3.0720 -2.6528 -2.3494 -2.1269 -1.9594 -1.8307 -1.7261 -1.6409 -1.5735
 -1.5222
 -9.8776 -9.8529 -9.8101 -9.7495 -9.6725 -9.5767 -9.4585 -9.3162 -9.1506 -8.9645
 -8.7625 -8.5503 -8.3323 -8.1116 -7.8886 -7.3367 -6.7697 -6.0944 -5.2975 -4.4848
 -3.7575 -3.1599 -2.6980 -2.3525 -2.0962 -1.9030 -1.7547 -1.6382 -1.5400 -1.4626
 -1.3986
 -9.7606 -9.7497 -9.7229 -9.6719 -9.6064 -9.5247 -9.4242 -9.3013 -9.1538 -8.9815
 -8.7861 -8.5724 -8.3461 -8.1122 -7.8738 -7.2843 -6.7089 -6.0932 -5.3723 -4.6047
 -3.8933 -3.2878 -2.7967 -2.4122 -2.1179 -1.8929 -1.7196 -1.5836 -1.4747 -1.3858
 -1.3119
 -9.6429 -9.6453 -9.6368 -9.5931 -9.5367 -9.4665 -9.3806 -9.2755 -9.1481 -8.9957
 -8.8166 -8.6121 -8.3864 -8.1459 -7.9053 -7.2780 -6.6708 -6.1071 -5.4668
 [Fe/H] = -2.00 [alpha/Fe] = 0.00 BC value = F218W
-10.7015-10.6115-10.5446-10.4974-10.4601-10.4216-10.3545-10.2973-10.2207-10.1181
 -9.9848 -9.8250 -9.6497 -9.4664 -9.2810 -8.7936 -8.2745 -7.7327 -7.1613
-10.5794-10.4746-10.4035-10.3364-10.2687-10.2046-10.1426-10.0766 -9.9979 -9.8975
 -9.7673 -9.6030 -9.4141 -9.2192 -9.0260 -8.5497 -8.0560 -7.5089 -6.8757 -6.2080
-10.5313-10.3853-10.2582-10.1570-10.0896-10.0358 -9.9677 -9.8832 -9.7878 -9.6818
 -9.5555 -9.3991 -9.2109 -9.0115 -8.8164 -8.3496 -7.8741 -7.2957 -6.5438 -5.7456
 -5.0505
-10.5092-10.3563-10.2094-10.0729 -9.9515 -9.8486 -9.7698 -9.7030 -9.6152 -9.4986
 -9.3665 -9.2184 -9.0416 -8.8437 -8.6482 -8.1819 -7.6993 -7.0550 -6.1815 -5.3118
 -4.6083 -4.0765
-10.4851-10.3390-10.1906-10.0426 -9.8985 -9.7623 -9.6366 -9.5230 -9.4250 -9.3291
 -9.2083 -9.0655 -8.9023 -8.7143 -8.5168 -8.0391 -7.5214 -6.8014 -5.8490 -4.9416
 -4.2389 -3.7262 -3.3525 -3.0746
-10.4480-10.3177-10.1782-10.0315 -9.8802 -9.7274 -9.5772 -9.4326 -9.2945 -9.1649
 -9.0440 -8.9180 -8.7733 -8.6026 -8.4133 -7.9120 -7.3445 -6.5740 -5.6024 -4.6796
 -3.9691 -3.4592 -3.0947 -2.8283 -2.6281 -2.4730 -2.3484 -2.2467 -2.1654 -2.0760
-10.3939-10.2841-10.1613-10.0249 -9.8767 -9.7192 -9.5565 -9.3927 -9.2307 -9.0720
 -8.9181 -8.7709 -8.6283 -8.4734 -8.3003 -7.8000 -7.1914 -6.4084 -5.4636 -4.5436
 -3.8126 -3.2849 -2.9107 -2.6403 -2.4397 -2.2861 -2.1648 -2.0651 -1.9832 -1.9200
 -1.8475
-10.3244-10.2357-10.1330-10.0138 -9.8771 -9.7247 -9.5598 -9.3864 -9.2089 -9.0305
 -8.8525 -8.6775 -8.5078 -8.3390 -8.1662 -7.6887 -7.0805 -6.3167 -5.4230 -4.5240
 -3.7704 -3.2071 -2.8042 -2.5143 -2.3004 -2.1384 -2.0123 -1.9105 -1.8247 -1.7556
 -1.7050
-10.2435-10.1733-10.0898 -9.9901 -9.8709 -9.7317 -9.5737 -9.4005 -9.2164 -9.0255
 -8.8312 -8.6359 -8.4413 -8.2475 -8.0537 -7.5668 -6.9962 -6.2730 -5.4399 -4.5794
 -3.8161 -3.2143 -2.7695 -2.4464 -2.2086 -2.0293 -1.8909 -1.7809 -1.6909 -1.6153
 -1.5536
-10.1584-10.1040-10.0372 -9.9556 -9.8560 -9.7357 -9.5933 -9.4302 -9.2497 -9.0561
 -8.8534 -8.6449 -8.4333 -8.2200 -8.0055 -7.4799 -6.9362 -6.2765 -5.5035 -4.6924
 -3.9370 -3.3071 -2.8173 -2.4504 -2.1776 -1.9717 -1.8133 -1.6883 -1.5874 -1.5040
 -1.4294
-10.0700-10.0289 -9.9753 -9.9092 -9.8274 -9.7270 -9.6049 -9.4598 -9.2927 -9.1060
 -8.9039 -8.6901 -8.4685 -8.2417 -8.0114 -7.4417 -6.8903 -6.2910 -5.5838 -4.8198
 -4.0843 -3.4436 -2.9216 -2.5130 -2.2002 -1.9615 -1.7773 -1.6324 -1.5161 -1.4209
 -1.3416
 -9.9811 -9.9501 -9.9073 -9.8532 -9.7858 -9.7028 -9.6011 -9.4776 -9.3309 -9.1609
 -8.9694 -8.7595 -8.5084 -8.2655 -8.0714 -7.4522 -6.8585 -6.3165 -5.6808
 [Fe/H] = -1.50 [alpha/Fe] = 0.00 BC value = F218W
-10.7954-10.6973-10.6189-10.5547-10.4981-10.4395-10.3701-10.2838-10.1799-10.0559
 -9.9074 -9.7360 -9.5505 -9.3665 -9.1866 -8.7469 -8.2959 -7.8176 -7.3143
-10.6609-10.5377-10.4342-10.3492-10.2775-10.2113-10.1414-10.0595 -9.9625 -9.8461
 -9.7037 -9.5324 -9.3411 -9.1482 -8.9618 -8.5211 -8.0867 -7.6226 -7.0882 -6.4540
-10.5312-10.3882-10.2834-10.1910-10.1011-10.0175 -9.9375 -9.8534 -9.7589 -9.6492
 -9.5176 -9.3566 -9.1678 -8.9707 -8.7797 -8.3370 -7.9089 -7.4368 -6.8271 -6.0758
 -5.3471
-10.5023-10.3201-10.1627-10.0333 -9.9356 -9.8636 -9.7858 -9.6930 -9.5910 -9.4799
 -9.3550 -9.2087 -9.0322 -8.8363 -8.6420 -8.1921 -7.7541 -7.2373 -6.5227 -5.6744
 -4.9143 -4.3202
-10.5129-10.3220-10.1442 -9.9834 -9.8414 -9.7223 -9.6272 -9.5466 -9.4645 -9.3560
 -9.2280 -9.0869 -8.9261 -8.7382 -8.5415 -8.0765 -7.6092 -7.0184 -6.2092 -5.3096
 -4.5425 -3.9654 -3.5436 -3.2315
-10.5322-10.3454-10.1640 -9.9912 -9.8293 -9.6806 -9.5455 -9.4234 -9.3149 -9.2200
 -9.1170 -8.9880 -8.8364 -8.6628 -8.4689 -7.9802 -7.4694 -6.8067 -5.9458 -5.0342
 -4.2655 -3.6935 -3.2818 -2.9818 -2.7567 -2.5789 -2.4369 -2.3240 -2.2282 -2.1239
-10.5433-10.3718-10.1970-10.0235 -9.8533 -9.6880 -9.5297 -9.3796 -9.2379 -9.1036
 -8.9792 -8.8627 -8.7357 -8.5830 -8.4048 -7.9008 -7.3456 -6.6414 -5.7732 -4.8736
 -4.0998 -3.5154 -3.0949 -2.7909 -2.5655 -2.3925 -2.2550 -2.1413 -2.0469 -1.9713
 -1.8875
-10.5324-10.3859-10.2287-10.0643 -9.8954 -9.7242 -9.5528 -9.3832 -9.2174 -9.0563
 -8.8995 -8.7491 -8.6082 -8.4670 -8.3103 -7.8387 -7.2551 -6.5428 -5.6982 -4.8251
 -4.0455 -3.4343 -2.9866 -2.6629 -2.4241 -2.2426 -2.1007 -1.9854 -1.8880 -1.8083
 -1.7473
-10.4922-10.3747-10.2427-10.0974 -9.9402 -9.7729 -9.5980 -9.4182 -9.2363 -9.0546
 -8.8744 -8.6969 -8.5242 -8.3569 -8.1911 -7.7513 -7.1976 -6.4985 -5.6929 -4.8553
 -4.0796 -3.4384 -2.9517 -2.5943 -2.3307 -2.1315 -1.9773 -1.8543 -1.7533 -1.6683
 -1.5972
-10.4310-10.3416-10.2363-10.1153 -9.9784 -9.8256 -9.6581 -9.4786 -9.2905 -9.0969
 -8.9005 -8.7033 -8.5067 -8.3124 -8.1203 -7.6557 -7.1519 -6.5066 -5.7490 -4.9537
 -4.1931 -3.5308 -3.0016 -2.5999 -2.2999 -2.0733 -1.8986 -1.7607 -1.6490 -1.5565
 -1.4735
-10.3554-10.2881-10.2068-10.1102 -9.9970 -9.8656 -9.7151 -9.5465 -9.3625 -9.1669
 -8.9629 -8.7533 -8.5404 -8.3257 -8.1114 -7.5919 -7.0935 -6.5213 -5.8258 -5.0755
 -4.3391 -3.6714 -3.1111 -2.6663 -2.3247 -2.0637 -1.8626 -1.7042 -1.5771 -1.4730
 -1.3857
-10.2716-10.2220-10.1591-10.0835 -9.9926 -9.8841 -9.7560 -9.6069 -9.4374 -9.2498
 -9.0475 -8.8345 -8.5905 -8.3574 -8.1644 -7.5599 -7.0224 -6.5426 -5.9233
 [Fe/H] = -1.00 [alpha/Fe] = 0.00 BC value = F218W
-11.0458-10.9470-10.8611-10.7805-10.6995-10.6053-10.4852-10.3366-10.1809-10.0195
 -9.8501 -9.6719 -9.4882 -9.3086 -9.1358 -8.7293 -8.3317 -7.9124 -7.4626
-10.8446-10.7236-10.6220-10.5329-10.4484-10.3590-10.2508-10.1226 -9.9846 -9.8368
 -9.6749 -9.4972 -9.3095 -9.1224 -8.9426 -8.5283 -8.1347 -7.7246 -7.2754 -6.7533
-10.6998-10.5533-10.4282-10.3215-10.2272-10.1370-10.0387 -9.9258 -9.8031 -9.6700
 -9.5220 -9.3543 -9.1692 -8.9790 -8.7946 -8.3731 -7.9782 -7.5627 -7.0851 -6.4775
 -5.7726
-10.5703-10.4052-10.2759-10.1610-10.0525 -9.9525 -9.8557 -9.7524 -9.6412 -9.5211
 -9.3882 -9.2366 -9.0624 -8.8745 -8.6870 -8.2560 -7.8537 -7.4180 -6.8785 -6.1689
 -5.3940 -4.7174
-10.5486-10.3309-10.1513-10.0061 -9.8921 -9.8022 -9.7157 -9.6188 -9.5119 -9.3973
 -9.2738 -9.1368 -8.9787 -8.7989 -8.6108 -8.1673 -7.7517 -7.2822 -6.6593 -5.8619
 -5.0497 -4.3747 -3.8639 -3.4841
-10.5816-10.3568-10.1502 -9.9664 -9.8094 -9.6774 -9.5678 -9.4780 -9.3993 -9.3042
 -9.1868 -9.0547 -8.9088 -8.7424 -8.5573 -8.0990 -7.6636 -7.1548 -6.4564 -5.6050
 -4.7786 -4.1059 -3.6031 -3.2342 -2.9586 -2.7458 -2.5742 -2.4347 -2.3156 -2.1911
-10.6372-10.4103-10.1939 -9.9930 -9.8106 -9.6480 -9.5049 -9.3793 -9.2690 -9.1733
 -9.0836 -8.9772 -8.8451 -8.6917 -8.5179 -8.0462 -7.5847 -7.0410 -6.3006 -5.4304
 -4.6023 -3.9242 -3.4151 -3.0419 -2.7658 -2.5554 -2.3883 -2.2512 -2.1368 -2.0409
 -1.9397
-10.6926-10.4780-10.2634-10.0563 -9.8607 -9.6788 -9.5109 -9.3572 -9.2161 -9.0858
 -8.9648 -8.8535 -8.7440 -8.6177 -8.4669 -8.0071 -7.5145 -6.9471 -6.2025 -5.3437
 -4.5222 -3.8330 -3.3034 -2.9119 -2.6226 -2.4036 -2.2330 -2.0946 -1.9785 -1.8813
 -1.8033
-10.7191-10.5327-10.3352-10.1345 -9.9364 -9.7448 -9.5603 -9.3844 -9.2174 -9.0591
 -8.9082 -8.7638 -8.6268 -8.4961 -8.3621 -7.9607 -7.4538 -6.8707 -6.1473 -5.3216
 -4.5165 -3.8175 -3.2604 -2.8395 -2.5261 -2.2896 -2.1072 -1.9618 -1.8424 -1.7415
 -1.6565
-10.7059-10.5579-10.3905-10.2114-10.0244 -9.8343 -9.6440 -9.4552 -9.2694 -9.0878
 -8.9111 -8.7393 -8.5723 -8.4106 -8.2540 -7.8683 -7.4119 -6.8305 -6.1416 -5.3648
 -4.5868 -3.8844 -3.2993 -2.8407 -2.4927 -2.2292 -2.0267 -1.8668 -1.7374 -1.6301
 -1.5388
-10.6556-10.5429-10.4108-10.2626-10.0993 -9.9244 -9.7407 -9.5504 -9.3559 -9.1597
 -8.9635 -8.7688 -8.5765 -8.3874 -8.2018 -7.7632 -7.3344 -6.8101 -6.1602 -5.4349
 -4.6925 -3.9982 -3.3949 -2.9016 -2.5152 -2.2181 -1.9891 -1.8089 -1.6645 -1.5463
 -1.4471
-10.5816-10.4968-10.3967-10.2798-10.1458 -9.9955 -9.8302 -9.6510 -9.4601 -9.2602
 -9.0540 -8.8442 -8.6327 -8.4214 -8.2055 -7.6454 -7.2213 -6.8095 -6.2031
 [Fe/H] = -0.75 [alpha/Fe] = 0.00 BC value = F218W
-11.2297-11.1333-11.0451-10.9566-10.8615-10.7437-10.5869-10.3910-10.1957-10.0092
 -9.8282 -9.6492 -9.4709 -9.2954 -9.1267 -8.7314 -8.3550 -7.9635 -7.5350
-10.9942-10.8799-10.7807-10.6886-10.5951-10.4887-10.3514-10.1859-10.0145 -9.8434
 -9.6697 -9.4909 -9.3080 -9.1264 -8.9508 -8.5476 -8.1711 -7.7831 -7.3592 -6.8873
-10.8147-10.6754-10.5571-10.4530-10.3560-10.2563-10.1382 -9.9978 -9.8484 -9.6943
 -9.5336 -9.3628 -9.1822 -8.9984 -8.8188 -8.4074 -8.0280 -7.6332 -7.1933 -6.6675
 -6.0244
-10.6775-10.5253-10.3869-10.2638-10.1543-10.0524 -9.9467 -9.8261 -9.6959 -9.5592
 -9.4144 -9.2575 -9.0861 -8.9048 -8.7231 -8.3024 -7.9163 -7.5098 -7.0347 -6.4306
 -5.7046 -5.0018
-10.6122-10.4171-10.2310-10.1035 -9.9960 -9.8920 -9.7881 -9.6790 -9.5621 -9.4391
 -9.3089 -9.1674 -9.0098 -8.8362 -8.6550 -8.2234 -7.8272 -7.4057 -6.8825 -6.1939
 -5.4054 -4.6839 -4.1102 -3.6762
-10.6135-10.3768-10.1710 -9.9943 -9.8473 -9.7288 -9.6356 -9.5513 -9.4551 -9.3431
 -9.2206 -9.0893 -8.9454 -8.7836 -8.6066 -8.1639 -7.7536 -7.3155 -6.7450 -5.9886
 -5.1624 -4.4304 -3.8584 -3.4314 -3.1124 -2.8656 -2.6707 -2.5136 -2.3778 -2.2390
-10.6634-10.4216-10.1957 -9.9906 -9.8098 -9.6539 -9.5214 -9.4095 -9.3159 -9.2327
 -9.1395 -9.0235 -8.8887 -8.7391 -8.5711 -8.1196 -7.6907 -7.2351 -6.6325 -5.8400
 -4.9967 -4.2558 -3.6754 -3.2426 -2.9218 -2.6782 -2.4870 -2.3306 -2.2013 -2.0910
 -1.9774
-10.7391-10.4985-10.2649-10.0450 -9.8427 -9.6605 -9.4988 -9.3559 -9.2292 -9.1158
 -9.0137 -8.9179 -8.8127 -8.6847 -8.5341 -8.0882 -7.6362 -7.1616 -6.5473 -5.7527
 -4.9119 -4.1634 -3.5661 -3.1152 -2.7802 -2.5278 -2.3320 -2.1749 -2.0438 -1.9342
 -1.8437
-10.8024-10.5806-10.3541-10.1307 -9.9174 -9.7180 -9.5336 -9.3642 -9.2093 -9.0668
 -8.9339 -8.8089 -8.6915 -8.5770 -8.4527 -8.0590 -7.5864 -7.0903 -6.4785 -5.7092
 -4.8874 -4.1379 -3.5207 -3.0435 -2.6849 -2.4147 -2.2072 -2.0428 -1.9084 -1.7952
 -1.7000
-10.8270-10.6433-10.4412-10.2316-10.0203 -9.8141 -9.6159 -9.4271 -9.2478 -9.0782
 -8.9174 -8.7639 -8.6163 -8.4746 -8.3386 -7.9892 -7.5543 -7.0383 -6.4394 -5.7146
 -4.9291 -4.1878 -3.5530 -3.0443 -2.6532 -2.3559 -2.1279 -1.9488 -1.8045 -1.6852
 -1.5839
-10.8026-10.6588-10.4961-10.3147-10.1225 -9.9242 -9.7246 -9.5264 -9.3313 -9.1407
 -8.9552 -8.7751 -8.6001 -8.4300 -8.2645 -7.8780 -7.4876 -7.0031 -6.4169 -5.7393
 -5.0006 -4.2797 -3.6379 -3.1024 -2.6767 -2.3465 -2.0917 -1.8921 -1.7326 -1.6024
 -1.4934
-10.7421-10.6328-10.5065-10.3608-10.1988-10.0228 -9.8364 -9.6424 -9.4434 -9.2419
 -9.0397 -8.8386 -8.6397 -8.4439 -8.2304 -7.7254 -7.3863 -6.9847 -6.4110
 [Fe/H] = -0.50 [alpha/Fe] = 0.00 BC value = F218W
-11.4428-11.3528-11.2659-11.1724-11.0640-10.9198-10.7192-10.4652-10.2218-10.0070
 -9.8161 -9.6368 -9.4634 -9.2942 -9.1302 -8.7452 -8.3855 -8.0179 -7.6173
-11.1762-11.0711-10.9767-10.8836-10.7817-10.6564-10.4853-10.2729-10.0585 -9.8588
 -9.6725 -9.4935 -9.3166 -9.1422 -8.9722 -8.5790 -8.2168 -7.8488 -7.4475 -7.0082
-10.9603-10.8332-10.7235-10.6235-10.5241-10.4132-10.2715-10.0951 -9.9094 -9.7276
 -9.5517 -9.3779 -9.2030 -9.0271 -8.8540 -8.4532 -8.0874 -7.7134 -7.2995 -6.8322
 -6.2715
-10.8054-10.6519-10.5194-10.4035-10.2973-10.1920-10.0731 -9.9275 -9.7686 -9.6073
 -9.4460 -9.2828 -9.1145 -8.9414 -8.7673 -8.3586 -7.9867 -7.6050 -7.1732 -6.6615
 -6.0278 -5.3382
-10.6716-10.5027-10.3629-10.2356-10.1163-10.0051 -9.8955 -9.7726 -9.6368 -9.4953
 -9.3504 -9.2007 -9.0431 -8.8764 -8.7041 -8.2869 -7.9061 -7.5173 -7.0658 -6.5021
 -5.7995 -5.0665 -4.4306 -3.9293
-10.6426-10.4195-10.2287-10.0717 -9.9457 -9.8418 -9.7439 -9.6388 -9.5208 -9.3946
 -9.2636 -9.1273 -8.9821 -8.8252 -8.6573 -8.2326 -7.8398 -7.4439 -6.9754 -6.3649
 -5.6088 -4.8454 -4.1984 -3.6965 -3.3173 -3.0263 -2.7979 -2.6133 -2.4551 -2.2984
-10.6851-10.4384-10.2130-10.0133 -9.8422 -9.6984 -9.5795 -9.4819 -9.3947 -9.3002
 -9.1886 -9.0631 -8.9279 -8.7817 -8.6214 -8.1925 -7.7844 -7.3799 -6.8996 -6.2583
 -5.4711 -4.6877 -4.0273 -3.5161 -3.1321 -2.8413 -2.6141 -2.4319 -2.2820 -2.1530
 -2.0241
-10.7640-10.5084-10.2657-10.0412 -9.8395 -9.6625 -9.5094 -9.3777 -9.2639 -9.1650
 -9.0752 -8.9818 -8.8701 -8.7383 -8.5901 -8.1642 -7.7382 -7.3212 -6.8331 -6.1824
 -5.3887 -4.5973 -3.9224 -3.3935 -2.9947 -2.6940 -2.4625 -2.2782 -2.1266 -2.0001
 -1.8936
-10.8540-10.6036-10.3568-10.1196 -9.8983 -9.6965 -9.5155 -9.3547 -9.2122 -9.0844
 -8.9680 -8.8607 -8.7590 -8.6534 -8.5314 -8.1417 -7.6967 -7.2605 -6.7661 -6.1242
 -5.3455 -4.5589 -3.8728 -3.3230 -2.9020 -2.5834 -2.3396 -2.1480 -1.9926 -1.8629
 -1.7540
-10.9209-10.7009-10.4675-10.2326-10.0031 -9.7858 -9.5838 -9.3979 -9.2277 -9.0719
 -8.9277 -8.7924 -8.6640 -8.5418 -8.4237 -8.0976 -7.6721 -7.2126 -6.7129 -6.0944
 -5.3520 -4.5849 -3.8934 -3.3215 -2.8722 -2.5274 -2.2631 -2.0565 -1.8911 -1.7551
 -1.6403
-10.9347-10.7557-10.5594-10.3453-10.1256 -9.9065 -9.6940 -9.4909 -9.2983 -9.1165
 -8.9446 -8.7816 -8.6256 -8.4754 -8.3307 -7.9929 -7.6288 -7.1741 -6.6654 -6.0730
 -5.3780 -4.6449 -3.9602 -3.3726 -2.8955 -2.5204 -2.2295 -2.0021 -1.8213 -1.6743
 -1.5520
-10.8986-10.7584-10.6017-10.4263-10.2329-10.0301 -9.8227 -9.6153 -9.4105 -9.2103
 -9.0155 -8.8268 -8.6440 -8.4666 -8.2524 -7.8276 -7.5668 -7.1450 -6.6236
 [Fe/H] = -0.25 [alpha/Fe] = 0.00 BC value = F218W
-11.6716-11.5939-11.5141-11.4201-11.3003-11.1282-10.8780-10.5572-10.2610-10.0161
 -9.8110 -9.6288 -9.4584 -9.2943 -9.1343 -8.7587 -8.4113 -8.0665 -7.6958
-11.3798-11.2880-11.2020-11.1110-11.0021-10.8574-10.6494-10.3816-10.1157 -9.8826
 -9.6808 -9.4984 -9.3255 -9.1574 -8.9930 -8.6089 -8.2580 -7.9107 -7.5347 -7.1210
-11.1306-11.0188-10.9203-10.8262-10.7255-10.6031-10.4355-10.2161 -9.9840 -9.7676
 -9.5727 -9.3935 -9.2218 -9.0531 -8.8868 -8.4962 -8.1412 -7.7886 -7.4005 -6.9732
 -6.4913
-10.9383-10.8003-10.6816-10.5757-10.4738-10.3647-10.2304-10.0537 -9.8566 -9.6620
 -9.4791 -9.3067 -9.1396 -8.9733 -8.8072 -8.4108 -8.0504 -7.6917 -7.2920 -6.8446
 -6.3211 -5.7064
-10.7998-10.6429-10.5012-10.3752-10.2612-10.1522-10.0369 -9.8954 -9.7310 -9.5607
 -9.3938 -9.2319 -9.0720 -8.9108 -8.7469 -8.3453 -7.9770 -7.6131 -7.2055 -6.7376
 -6.1711 -5.5046 -4.8415 -4.2831
-10.6955-10.4971-10.3373-10.2076-10.0913 -9.9782 -9.8667 -9.7473 -9.6100 -9.4627
 -9.3133 -9.1643 -9.0141 -8.8601 -8.7005 -8.2952 -7.9162 -7.5473 -7.1359 -6.6509
 -6.0479 -5.3395 -4.6473 -4.0634 -3.6056 -3.2505 -2.9725 -2.7505 -2.5608 -2.3794
-10.7080-10.4671-10.2537-10.0720 -9.9209 -9.7969 -9.6936 -9.5984 -9.4927 -9.3704
 -9.2384 -9.1022 -8.9624 -8.8171 -8.6636 -8.2577 -7.8658 -7.4899 -7.0781 -6.5827
 -5.9552 -5.2189 -4.5037 -3.9016 -3.4320 -3.0728 -2.7935 -2.5722 -2.3921 -2.2374
 -2.0881
-10.7759-10.5162-10.2745-10.0553 -9.8628 -9.6973 -9.5565 -9.4372 -9.3351 -9.2423
 -9.1468 -9.0379 -8.9137 -8.7784 -8.6333 -8.2316 -7.8255 -7.4388 -7.0264 -6.5280
 -5.8920 -5.1447 -4.4139 -3.7934 -3.3056 -2.9333 -2.6478 -2.4220 -2.2398 -2.0895
 -1.9617
-10.8730-10.6083-10.3525-10.1115 -9.8905 -9.6928 -9.5195 -9.3687 -9.2373 -9.1214
 -9.0176 -8.9219 -8.8262 -8.7188 -8.5933 -8.2110 -7.7907 -7.3877 -6.9703 -6.4738
 -5.8431 -5.1025 -4.3676 -3.7313 -3.2227 -2.8308 -2.5310 -2.2974 -2.1103 -1.9560
 -1.8277
-10.9764-10.7255-10.4710-10.2210 -9.9827 -9.7618 -9.5612 -9.3814 -9.2216 -9.0787
 -8.9493 -8.8300 -8.7185 -8.6125 -8.5063 -8.1884 -7.7733 -7.3511 -6.9251 -6.4352
 -5.8246 -5.1071 -4.3802 -3.7330 -3.2018 -2.7849 -2.4631 -2.2130 -2.0148 -1.8534
 -1.7189
-11.0365-10.8221-10.5930-10.3530-10.1129 -9.8801 -9.6607 -9.4573 -9.2705 -9.0997
 -8.9428 -8.7972 -8.6600 -8.5296 -8.4053 -8.1078 -7.7553 -7.3235 -6.8826 -6.3974
 -5.8144 -5.1328 -4.4276 -3.7797 -3.2307 -2.7877 -2.4395 -2.1671 -1.9519 -1.7786
 -1.6360
-11.0373-10.8641-10.6747-10.4684-10.2468-10.0207 -9.7965 -9.5799 -9.3735 -9.1786
 -8.9949 -8.8218 -8.6577 -8.5010 -8.2903 -7.9692 -7.7367 -7.3049 -6.8428
 [Fe/H] =  0.00 [alpha/Fe] = 0.00 BC value = F218W
-11.8965-11.8365-11.7700-11.6815-11.5495-11.3393-11.0314-10.6483-10.3112-10.0407
 -9.8260 -9.6445 -9.4807 -9.3240 -9.1730 -8.8099 -8.4708 -8.1409 -7.7930
-11.5931-11.5188-11.4458-11.3608-11.2465-11.0799-10.8276-10.5002-10.1855 -9.9224
 -9.7084 -9.5258 -9.3598 -9.2013 -9.0462 -8.6762 -8.3330 -7.9997 -7.6459 -7.2521
-11.3201-11.2265-11.1421-11.0562-10.9551-10.8201-10.6228-10.3547-10.0733 -9.8224
 -9.6110 -9.4287 -9.2627 -9.1041 -8.9481 -8.5740 -8.2276 -7.8905 -7.5257 -7.1216
 -6.6807
-11.0928-10.9744-10.8719-10.7776-10.6809-10.5674-10.4152-10.2032 -9.9619 -9.7307
 -9.5264 -9.3468 -9.1826 -9.0256 -8.8706 -8.4944 -8.1447 -7.8035 -7.4294 -7.0126
 -6.5528 -6.0213
-10.9099-10.7797-10.6523-10.5402-10.4365-10.3306-10.2079-10.0444 -9.8452 -9.6401
 -9.4487 -9.2751 -9.1145 -8.9605 -8.8078 -8.4302 -8.0757 -7.7312 -7.3523 -6.9254
 -6.4471 -5.8818 -5.2532 -4.6461
-10.7842-10.6252-10.4870-10.3583-10.2385-10.1257-10.0133 -9.8835 -9.7232 -9.5473
 -9.3736 -9.2098 -9.0550 -8.9052 -8.7557 -8.3780 -8.0163 -7.6681 -7.2889 -6.8560
 -6.3620 -5.7672 -5.1047 -4.4727 -3.9379 -3.5097 -3.1722 -2.9049 -2.6767 -2.4663
-10.7365-10.5145-10.3285-10.1778-10.0549 -9.9462 -9.8398 -9.7291 -9.6004 -9.4530
 -9.2996 -9.1484 -9.0016 -8.8572 -8.7119 -8.3365 -7.9653 -7.6108 -7.2333 -6.7995
 -6.2939 -5.6782 -4.9898 -4.3351 -3.7841 -3.3474 -3.0047 -2.7344 -2.5170 -2.3302
 -2.1567
-10.7800-10.5259-10.2948-10.0920 -9.9195 -9.7742 -9.6517 -9.5475 -9.4495 -9.3420
 -9.2202 -9.0884 -8.9524 -8.8149 -8.6746 -8.3038 -7.9228 -7.5579 -7.1814 -6.7505
 -6.2387 -5.6123 -4.9095 -4.2375 -3.6689 -3.2177 -2.8671 -2.5915 -2.3699 -2.1896
 -2.0354
-10.8683-10.5994-10.3446-10.1092 -9.8975 -9.7123 -9.5522 -9.4141 -9.2942 -9.1877
 -9.0887 -8.9907 -8.8852 -8.7670 -8.6374 -8.2756 -7.8852 -7.5056 -7.1237 -6.6953
 -6.1834 -5.5571 -4.8528 -4.1718 -3.5880 -3.1201 -2.7555 -2.4710 -2.2446 -2.0598
 -1.9078
-10.9892-10.7178-10.4529-10.1987 -9.9609 -9.7442 -9.5509 -9.3809 -9.2318 -9.1000
 -8.9815 -8.8735 -8.7727 -8.6746 -8.5712 -8.2546 -7.8627 -7.4666 -7.0756 -6.6501
 -6.1455 -5.5310 -4.8384 -4.1573 -3.5609 -3.0740 -2.6902 -2.3903 -2.1530 -1.9593
 -1.8028
-11.0941-10.8471-10.5895-10.3325-10.0814 -9.8436 -9.6239 -9.4244 -9.2455 -9.0856
 -8.9415 -8.8098 -8.6876 -8.5728 -8.4641 -8.1918 -7.8452 -7.4349 -7.0283 -6.6006
 -6.1064 -5.5136 -4.8449 -4.1750 -3.5734 -3.0699 -2.6654 -2.3457 -2.0925 -1.8894
 -1.7232
-11.1422-10.9361-10.7132-10.4756-10.2305 -9.9868 -9.7520 -9.5310 -9.3260 -9.1375
 -8.9646 -8.8054 -8.6571 -8.5174 -8.3161 -8.0872 -7.8327 -7.4105 -6.9818
 [Fe/H] =  0.25 [alpha/Fe] = 0.00 BC value = F218W
-12.0946-12.0584-12.0134-11.8849-11.6736-11.3996-11.0796-10.7279-10.3721-10.0787
 -9.8504 -9.6650 -9.5035 -9.3542 -9.2080 -8.8579 -8.5256 -8.2084 -7.8804
-11.7932-11.7419-11.6882-11.6160-11.5020-11.3096-11.0104-10.6201-10.2651 -9.9729
 -9.7427 -9.5552 -9.3921 -9.2406 -9.0939 -8.7388 -8.4029 -8.0799 -7.7480 -7.3821
-11.5078-11.4367-11.3709-11.2977-11.1996-11.0526-10.8232-10.5017-10.1706 -9.8850
 -9.6541 -9.4644 -9.3003 -9.1486 -9.0017 -8.6448 -8.3069 -7.9817 -7.6410 -7.2627
 -6.8434
-11.2549-11.1595-11.0763-10.9963-10.9063-10.7885-10.6173-10.3661-10.0766 -9.8054
 -9.5772 -9.3868 -9.2221 -9.0711 -8.9253 -8.5693 -8.2303 -7.9029 -7.5549 -7.1652
 -6.7459 -6.2860
-11.0523-10.9276-10.8209-10.7259-10.6338-10.5307-10.3991-10.2113 -9.9721 -9.7266
 -9.5066 -9.3182 -9.1538 -9.0038 -8.8599 -8.5059 -8.1652 -7.8361 -7.4846 -7.0871
 -6.6584 -6.1852 -5.6458 -5.0648
-10.9075-10.7579-10.6237-10.5054-10.3982-10.2947-10.1828-10.0410 -9.8537 -9.6422
 -9.4379 -9.2558 -9.0933 -8.9447 -8.8027 -8.4516 -8.1074 -7.7760 -7.4250 -7.0247
 -6.5884 -6.1035 -5.5432 -4.9366 -4.3561 -3.8532 -3.4422 -3.1136 -2.8341 -2.5846
-10.7791-10.5965-10.4484-10.3269-10.2120-10.0989 -9.9871 -9.8691 -9.7240 -9.5499
 -9.3683 -9.1967 -9.0392 -8.8929 -8.7529 -8.4053 -8.0563 -7.7200 -7.3708 -6.9732
 -6.5321 -6.0376 -5.4616 -4.8335 -4.2324 -3.7144 -3.2929 -2.9563 -2.6871 -2.4572
 -2.2509
-10.7826-10.5434-10.3347-10.1606-10.0182 -9.9004 -9.7966 -9.6947 -9.5832 -9.4479
 -9.2949 -9.1392 -8.9896 -8.8472 -8.7096 -8.3664 -8.0124 -7.6675 -7.3186 -6.9270
 -6.4851 -5.9844 -5.3988 -4.7567 -4.1385 -3.6039 -3.1703 -2.8254 -2.5494 -2.3268
 -2.1370
-10.8518-10.5879-10.3426-10.1219 -9.9294 -9.7650 -9.6244 -9.5046 -9.3979 -9.2949
 -9.1842 -9.0640 -8.9356 -8.8032 -8.6698 -8.3309 -7.9725 -7.6151 -7.2603 -6.8729
 -6.4332 -5.9305 -5.3436 -4.6965 -4.0669 -3.5179 -3.0705 -2.7151 -2.4326 -2.2042
 -2.0180
-10.9695-10.6941-10.4292-10.1800 -9.9513 -9.7470 -9.5679 -9.4119 -9.2753 -9.1541
 -9.0436 -8.9396 -8.8384 -8.7345 -8.6227 -8.3049 -7.9457 -7.5759 -7.2116 -6.8274
 -6.3947 -5.8962 -5.3155 -4.6731 -4.0397 -3.4782 -3.0144 -2.6439 -2.3497 -2.1138
 -1.9205
-11.1026-10.8347-10.5647-10.3012-10.0496 -9.8156 -9.6029 -9.4130 -9.2451 -9.0965
 -8.9632 -8.8421 -8.7307 -8.6268 -8.5268 -8.2616 -7.9249 -7.5438 -7.1650 -6.7777
 -6.3516 -5.8621 -5.2947 -4.6674 -4.0395 -3.4716 -2.9937 -2.6063 -2.2970 -2.0496
 -1.8483
-11.1989-10.9633-10.7147-10.4557-10.1987 -9.9482 -9.7114 -9.4924 -9.2934 -9.1143
 -8.9531 -8.8070 -8.6729 -8.5483 -8.3821 -8.2010 -7.9101 -7.5188 -7.1205
 [Fe/H] =  0.50 [alpha/Fe] = 0.00 BC value = F218W
-12.2527-12.3108-12.2626-12.1190-11.8898-11.5835-11.2076-10.7949-10.4388-10.1303
 -9.8876 -9.6960 -9.5354 -9.3904 -9.2526 -8.9143 -8.5905 -8.2794 -7.9654
-11.9633-11.9418-11.9106-11.8585-11.7354-11.5103-11.1629-10.7240-10.3478-10.0339
 -9.7876 -9.5934 -9.4309 -9.2849 -9.1461 -8.8078 -8.4802 -8.1628 -7.8388 -7.4958
-11.6774-11.6358-11.5902-11.5355-11.4459-11.2894-11.0226-10.6437-10.2710 -9.9562
 -9.7062 -9.5076 -9.3426 -9.1960 -9.0574 -8.7200 -8.3918 -8.0739 -7.7523 -7.3993
 -7.0177
-11.4109-11.3412-11.2809-11.2189-11.1392-11.0190-10.8263-10.5323-10.1941 -9.8874
 -9.6351 -9.4332 -9.2656 -9.1183 -8.9806 -8.6463 -8.3198 -8.0022 -7.6756 -7.3121
 -6.9197 -6.5026
-11.1801-11.0820-10.9987-10.9229-10.8438-10.7442-10.6028-10.3881-10.1054 -9.8189
 -9.5705 -9.3667 -9.1967 -9.0484 -8.9115 -8.5817 -8.2569 -7.9401 -7.6116 -7.2412
 -6.8403 -6.4167 -5.9539 -5.4434
-11.0059-10.8744-10.7625-10.6649-10.5746-10.4809-10.3684-10.2124 -9.9949 -9.7442
 -9.5081 -9.3058 -9.1348 -8.9853 -8.8488 -8.5233 -8.1994 -7.8828 -7.5551 -7.1837
 -6.7761 -6.3462 -5.8765 -5.3529 -4.7953 -4.2528 -3.7728 -3.3713 -3.0308 -2.7327
-10.8600-10.6906-10.5858-10.4658-10.3546-10.2501-10.1449-10.0231 -9.8614 -9.6574
 -9.4440 -9.2492 -9.0790 -8.9291 -8.7924 -8.4705 -8.1468 -7.8279 -7.5020 -7.1344
 -6.7243 -6.2888 -5.8123 -5.2787 -4.7052 -4.1459 -3.6506 -3.2377 -2.9032 -2.6187
 -2.3708
-10.7872-10.5761-10.4040-10.2697-10.1592-10.0570 -9.9511 -9.8399 -9.7141 -9.5559
 -9.3739 -9.1935 -9.0283 -8.8797 -8.7428 -8.4233 -8.0995 -7.7757 -7.4495 -7.0885
 -6.6808 -6.2407 -5.7600 -5.2190 -4.6342 -4.0602 -3.5523 -3.1255 -2.7806 -2.5026
 -2.2669
-10.8277-10.5767-10.3497-10.1535 -9.9897 -9.8540 -9.7399 -9.6389 -9.5389 -9.4242
 -9.2847 -9.1309 -8.9780 -8.8335 -8.6977 -8.3790 -8.0548 -7.7224 -7.3908 -7.0339
 -6.6307 -6.1887 -5.7058 -5.1632 -4.5732 -3.9890 -3.4669 -3.0303 -2.6764 -2.3910
 -2.1597
-10.9297-10.6587-10.4024-10.1662 -9.9551 -9.7716 -9.6138 -9.4769 -9.3571 -9.2488
 -9.1411 -9.0273 -8.9078 -8.7844 -8.6585 -8.3442 -8.0206 -7.6807 -7.3404 -6.9860
 -6.5922 -6.1543 -5.6727 -5.1329 -4.5438 -3.9542 -3.4217 -2.9721 -2.6067 -2.3118
 -2.0723
-11.0717-10.7931-10.5212-10.2611-10.0180 -9.7964 -9.5986 -9.4246 -9.2715 -9.1356
 -9.0127 -8.8991 -8.7915 -8.6878 -8.5843 -8.3087 -7.9916 -7.6453 -7.2926 -6.9341
 -6.5472 -6.1175 -5.6411 -5.1089 -4.5281 -3.9415 -3.4034 -2.9425 -2.5641 -2.2582
 -2.0100
-11.2056-10.9483-10.6796-10.4117-10.1505 -9.9029 -9.6733 -9.4646 -9.2775 -9.1109
 -8.9616 -8.8266 -8.7029 -8.5889 -8.4751 -8.2725 -7.9678 -7.6162 -7.2474
 [Fe/H] =  0.75 [alpha/Fe] = 0.00 BC value = F218W
-12.3698-12.2778-12.1358-11.9492-11.7226-11.4603-11.1657-10.8421-10.5020-10.1899
 -9.9354 -9.7362 -9.5741 -9.4332 -9.3007 -8.9753 -8.6599 -8.3522 -8.0479
-12.0957-12.0994-12.1001-12.0724-11.9222-11.6428-11.2517-10.8014-10.4274-10.1030
 -9.8430 -9.6400 -9.4756 -9.3330 -9.2011 -8.8809 -8.5615 -8.2483 -7.9422 -7.6216
-11.8159-11.8165-11.7845-11.7529-11.6779-11.5165-11.2051-10.7622-10.3668-10.0338
 -9.7667 -9.5580 -9.3898 -9.2459 -9.1140 -8.7974 -8.4812 -8.1685 -7.8588 -7.5281
 -7.1687
-11.5449-11.5036-11.4696-11.4300-11.3652-11.2466-11.0342-10.6922-10.3083 -9.9742
 -9.7009 -9.4863 -9.3134 -9.1674 -9.0356 -8.7236 -8.4122 -8.1030 -7.7909 -7.4515
 -7.0844 -6.6927
-11.2981-11.2281-11.1707-11.1170-11.0543-10.9606-10.8100-10.5659-10.2376 -9.9148
 -9.6415 -9.4217 -9.2442 -9.0951 -8.9628 -8.6558 -8.3495 -8.0445 -7.7327 -7.3884
 -7.0101 -6.6145 -6.1960 -5.7446
-11.0926-10.9901-10.9048-10.8305-10.7583-10.6752-10.5621-10.3906-10.1406 -9.8506
 -9.5837 -9.3622 -9.1810 -9.0285 -8.8948 -8.5917 -8.2903 -7.9888 -7.6795 -7.3353
 -6.9517 -6.5494 -6.1273 -5.6734 -5.1815 -4.6584 -4.1465 -3.6817 -3.2701 -2.9148
-10.9438-10.8112-10.6946-10.5921-10.5002-10.4115-10.3137-10.1872-10.0072 -9.7712
 -9.5247 -9.3061 -9.1228 -8.9680 -8.8322 -8.5313 -8.2342 -7.9341 -7.6278 -7.2883
 -6.9035 -6.4958 -6.0694 -5.6127 -5.1158 -4.5849 -4.0572 -3.5781 -3.1699 -2.8199
 -2.5213
-10.8023-10.6414-10.5097-10.4013-10.3004-10.1956-10.0912 -9.9821 -9.8480 -9.6699
 -9.4584 -9.2519 -9.0711 -8.9144 -8.7763 -8.4751 -8.1818 -7.8810 -7.5756 -7.2422
 -6.8620 -6.4507 -6.0203 -5.5610 -5.0605 -4.5226 -3.9837 -3.4904 -3.0701 -2.7239
 -2.4317
-10.8020-10.5720-10.3745-10.2117-10.0839 -9.9812 -9.8881 -9.7895 -9.6779 -9.5433
 -9.3756 -9.1926 -9.0192 -8.8642 -8.7253 -8.4214 -8.1301 -7.8264 -7.5168 -7.1869
 -6.8126 -6.4004 -5.9664 -5.5057 -5.0049 -4.4638 -3.9180 -3.4153 -2.9838 -2.6284
 -2.3393
-10.8808-10.6226-10.3818-10.1654 -9.9791 -9.8228 -9.6913 -9.5791 -9.4788 -9.3781
 -9.2601 -9.1187 -8.9674 -8.8209 -8.6840 -8.3770 -8.0864 -7.7806 -7.4650 -7.1365
 -6.7723 -6.3664 -5.9325 -5.4718 -4.9723 -4.4318 -3.8828 -3.3721 -2.9307 -2.5639
 -2.2664
-11.0105-10.7380-10.4744-10.2259 -9.9975 -9.7941 -9.6169 -9.4630 -9.3280 -9.2078
 -9.0968 -8.9854 -8.8693 -8.7506 -8.6314 -8.3380 -8.0467 -7.7388 -7.4150 -7.0819
 -6.7243 -6.3281 -5.8987 -5.4403 -4.9449 -4.4096 -3.8636 -3.3498 -2.9004 -2.5250
 -2.2183
-11.1643-10.8957-10.6235-10.3576-10.1032 -9.8659 -9.6494 -9.4558 -9.2842 -9.1319
 -8.9951 -8.8701 -8.7538 -8.6436 -8.5675 -8.3044 -8.0110 -7.7010 -7.3668
 [Fe/H] =  1.00 [alpha/Fe] = 0.00 BC value = F218W
-12.4545-12.3516-12.2014-12.0090-11.7789-11.5149-11.2205-10.8988-10.5625-10.2534
 -9.9893 -9.7816 -9.6165 -9.4767 -9.3495 -9.0402 -8.7311 -8.4257 -8.1281
-12.1924-12.6029-12.7531-12.6698-12.3765-11.8938-11.3100-10.8705-10.5039-10.1766
 -9.9046 -9.6922 -9.5239 -9.3827 -9.2556 -8.9538 -8.6431 -8.3357 -8.0332 -7.7278
-11.9184-12.1926-11.9452-11.9386-11.8817-11.7208-11.3318-10.8494-10.4564-10.1144
 -9.8342 -9.6145 -9.4408 -9.2971 -9.1700 -8.8733 -8.5707 -8.2629 -7.9595 -7.6439
 -7.3066
-11.6468-11.6356-11.6302-11.6158-11.5699-11.4578-11.2273-10.8294-10.4149-10.0625
 -9.7736 -9.5456 -9.3652 -9.2178 -9.0897 -8.7983 -8.5042 -8.2033 -7.8997 -7.5757
 -7.2301 -6.8647
-11.3922-11.3518-11.3225-11.2940-11.2511-11.1668-11.0096-10.7364-10.3640-10.0121
 -9.7179 -9.4827 -9.2961 -9.1437 -9.0135 -8.7261 -8.4405 -8.1478 -7.8473 -7.5240
 -7.1667 -6.7917 -6.4015 -5.9866
-11.1675-11.0950-11.0375-10.9883-10.9365-10.8665-10.7544-10.5676-10.2838 -9.9576
 -9.6649 -9.4248 -9.2321 -9.0745 -8.9411 -8.6557 -8.3780 -8.0927 -7.7976 -7.4759
 -7.1148 -6.7325 -6.3370 -5.9225 -5.4829 -5.0143 -4.5191 -4.0204 -3.5490 -3.1326
-10.9943-10.8858-10.7947-10.7181-10.6487-10.5764-10.4862-10.3551-10.1555 -9.8866
 -9.6097 -9.3698 -9.1724 -9.0107 -8.8733 -8.5873 -8.3166 -8.0371 -7.7476 -7.4313
 -7.0712 -6.6833 -6.2838 -5.8667 -5.4228 -4.9527 -4.4589 -3.9544 -3.4829 -3.0633
 -2.7062
-10.8384-10.7227-10.6133-10.5101-10.4138-10.3239-10.2333-10.1290 -9.9872 -9.7884
 -9.5477 -9.3157 -9.1180 -8.9530 -8.8118 -8.5223 -8.2570 -7.9820 -7.6959 -7.3864
 -7.0322 -6.6430 -6.2374 -5.8180 -5.3791 -4.9104 -4.4047 -3.8935 -3.4135 -2.9944
 -2.6360
-10.7744-10.5759-10.4190-10.2990-10.2070-10.1200-10.0240 -9.9185 -9.8022 -9.6556
 -9.4663 -9.2576 -9.0647 -8.8985 -8.7552 -8.4596 -8.1968 -7.9239 -7.6377 -7.3314
 -6.9844 -6.5958 -6.1863 -5.7636 -5.3246 -4.8571 -4.3550 -3.8377 -3.3481 -2.9211
 -2.5636
-10.8261-10.5856-10.3667-10.1782-10.0240 -9.9004 -9.8002 -9.7122 -9.6198 -9.5085
 -9.3671 -9.1949 -9.0168 -8.8536 -8.7089 -8.4062 -8.1423 -7.8721 -7.5843 -7.2800
 -6.9427 -6.5625 -6.1539 -5.7299 -5.2907 -4.8241 -4.3240 -3.8073 -3.3130 -2.8794
 -2.5093
-10.9366-10.6760-10.4263-10.1944 -9.9870 -9.8080 -9.6563 -9.5270 -9.4151 -9.3140
 -9.2121 -9.0925 -8.9509 -8.8037 -8.6641 -8.3598 -8.0913 -7.8212 -7.5308 -7.2233
 -6.8919 -6.5224 -6.1198 -5.6970 -5.2585 -4.7948 -4.3001 -3.7875 -3.2933 -2.8513
 -2.4759
-11.0898-10.8215-10.5555-10.2987-10.0572 -9.8358 -9.6384 -9.4651 -9.3132 -9.1785
 -9.0570 -8.9439 -8.8305 -8.7130 -8.6208 -8.3204 -8.0438 -7.7712 -7.4772
