 [Fe/H] = -4.00 [alpha/Fe] = 0.40 BC value = F300M
 -2.1271 -1.8065 -1.8447 -2.5751 -3.9295 -5.0513 -5.5570 -5.5569 -5.1689 -4.5395
 -5.1437 -6.0478 -5.6215 -4.4042 -3.4964 -3.6681
 -2.8359 -2.6335 -2.5439 -2.7525 -3.2671 -3.7197 -3.9545 -4.0272 -4.0047 -3.9355
 -4.2876 -4.6788 -4.4831 -3.9114 -3.4936 -3.6805 -3.8535 -4.0237 -4.1962
 -3.1700 -3.0882 -2.9965 -2.9736 -3.0478 -3.1392 -3.2182 -3.3031 -3.4192 -3.5656
 -3.7210 -3.8160 -3.7623 -3.6069 -3.5083 -3.6916 -3.8699 -4.0426 -4.2086 -4.3640
 -4.5156
 -3.1294 -3.1706 -3.2025 -3.2384 -3.2716 -3.3099 -3.3481 -3.3846 -3.4124 -3.4299
 -3.4441 -3.4594 -3.4591 -3.4906 -3.5405 -3.7014 -3.8890 -4.0598 -4.2221 -4.3783
 -4.5285 -4.6728 -4.8118
 -3.2124 -3.2305 -3.2478 -3.2708 -3.2978 -3.3305 -3.3663 -3.4027 -3.4373 -3.4670
 -3.4898 -3.5105 -3.5256 -3.5497 -3.5909 -3.7287 -3.8968 -4.0680 -4.2326 -4.3890
 -4.5381 -4.6810 -4.8184 -4.9512 -5.0801
 -3.3117 -3.3124 -3.3170 -3.3274 -3.3450 -3.3693 -3.3993 -3.4324 -3.4668 -3.5004
 -3.5314 -3.5582 -3.5824 -3.6015 -3.6381 -3.7587 -3.9095 -4.0756 -4.2401 -4.3970
 -4.5459 -4.6881 -4.8245 -4.9559 -5.0829 -5.2063
 -3.4273 -3.4163 -3.4101 -3.4082 -3.4131 -3.4263 -3.4471 -3.4737 -3.5037 -3.5357
 -3.5683 -3.5998 -3.6287 -3.6511 -3.6821 -3.7914 -3.9271 -4.0826 -4.2446 -4.4023
 -4.5519 -4.6941 -4.8300 -4.9604 -5.0861 -5.2078 -5.3261 -5.4413 -5.5537 -5.6631
 -3.5592 -3.5422 -3.5271 -3.5137 -3.5052 -3.5044 -3.5121 -3.5282 -3.5506 -3.5771
 -3.6065 -3.6377 -3.6689 -3.6968 -3.7254 -3.8214 -3.9484 -4.0922 -4.2476 -4.4044
 -4.5554 -4.6985 -4.8346 -4.9647 -5.0897 -5.2102 -5.3269 -5.4403 -5.5509 -5.6591
 -5.7647
 -3.6986 -3.6805 -3.6609 -3.6399 -3.6203 -3.6054 -3.5980 -3.5998 -3.6105 -3.6283
 -3.6507 -3.6772 -3.7066 -3.7371 -3.7661 -3.8520 -3.9686 -4.1051 -4.2518 -4.4044
 -4.5556 -4.7004 -4.8376 -4.9682 -5.0931 -5.2132 -5.3290 -5.4411 -5.5500 -5.6563
 -5.7604
 -3.8288 -3.8198 -3.8036 -3.7810 -3.7548 -3.7287 -3.7071 -3.6931 -3.6887 -3.6934
 -3.7058 -3.7241 -3.7475 -3.7750 -3.8038 -3.8850 -3.9900 -4.1195 -4.2605 -4.4070
 -4.5558 -4.7016 -4.8407 -4.9727 -5.0984 -5.2188 -5.3346 -5.4462 -5.5541 -5.6591
 -5.7614
 -3.9541 -3.9505 -3.9391 -3.9207 -3.8934 -3.8630 -3.8322 -3.8049 -3.7849 -3.7745
 -3.7741 -3.7820 -3.7965 -3.8161 -3.8395 -3.9144 -4.0125 -4.1324 -4.2676 -4.4090
 -4.5530 -4.6971 -4.8372 -4.9710 -5.0981 -5.2194 -5.3357 -5.4475 -5.5552 -5.6593
 -5.7622
 -4.0697 -4.0726 -4.0665 -4.0523 -4.0295 -4.0005 -3.9664 -3.9319 -3.9003 -3.8767
 -3.8620 -3.8557 -3.8573 -3.8664 -3.8826 -3.9479 -4.0386 -4.1476 -4.2756 -4.4123
 -4.5520 -4.6925 -4.8315 -4.9664 -5.0952 -5.2178 -5.3350 -5.4475 -5.5557 -5.6601
 -5.7608
 -4.1758 -4.1862 -4.1858 -4.1758 -4.1631 -4.1412 -4.1004 -4.0643 -4.0279 -3.9961
 -3.9699 -3.9486 -3.9320 -3.9259 -3.9329 -3.9854 -4.0683 -4.1651 -4.2845
 [Fe/H] = -3.00 [alpha/Fe] = 0.40 BC value = F300M
 -3.4447 -3.4954 -3.5653 -3.6531 -3.7526 -3.7701 -3.6753 -3.5135 -3.3636 -3.3103
 -3.4793 -3.7300 -3.7602 -3.5879 -3.4765 -3.6558
 -3.3711 -3.4166 -3.4745 -3.5445 -3.6232 -3.6604 -3.6357 -3.5647 -3.4853 -3.4378
 -3.4767 -3.5557 -3.5656 -3.5099 -3.4911 -3.6736 -3.8536 -4.0252 -4.1913
 -3.3191 -3.3592 -3.4065 -3.4614 -3.5226 -3.5700 -3.5909 -3.5827 -3.5563 -3.5223
 -3.4898 -3.4665 -3.4586 -3.4716 -3.5100 -3.6908 -3.8703 -4.0426 -4.2073 -4.3644
 -4.5155
 -3.2887 -3.3232 -3.3613 -3.4038 -3.4508 -3.4989 -3.5409 -3.5675 -3.5765 -3.5637
 -3.5187 -3.4625 -3.4393 -3.4730 -3.5332 -3.7074 -3.8844 -4.0564 -4.2205 -4.3771
 -4.5269 -4.6710 -4.8100
 -3.2799 -3.3086 -3.3389 -3.3717 -3.4079 -3.4471 -3.4857 -3.5192 -3.5460 -3.5620
 -3.5633 -3.5437 -3.5076 -3.5140 -3.5607 -3.7234 -3.8959 -4.0666 -4.2309 -4.3872
 -4.5362 -4.6791 -4.8166 -4.9496 -5.0787
 -3.2927 -3.3154 -3.3393 -3.3651 -3.3939 -3.4258 -3.4601 -3.4931 -3.5215 -3.5423
 -3.5615 -3.5773 -3.5684 -3.5650 -3.5981 -3.7414 -3.9066 -4.0741 -4.2383 -4.3949
 -4.5438 -4.6860 -4.8225 -4.9540 -5.0812 -5.2048
 -3.3289 -3.3438 -3.3599 -3.3785 -3.4002 -3.4260 -3.4553 -3.4866 -3.5172 -3.5445
 -3.5685 -3.5908 -3.6110 -3.6089 -3.6385 -3.7646 -3.9188 -4.0802 -4.2427 -4.4001
 -4.5496 -4.6918 -4.8277 -4.9583 -5.0842 -5.2061 -5.3246 -5.4400 -5.5525 -5.6619
 -3.3888 -3.3958 -3.4036 -3.4130 -3.4263 -3.4447 -3.4678 -3.4952 -3.5248 -3.5548
 -3.5832 -3.6104 -3.6375 -3.6506 -3.6757 -3.7911 -3.9344 -4.0874 -4.2452 -4.4022
 -4.5530 -4.6961 -4.8321 -4.9624 -5.0876 -5.2083 -5.3253 -5.4389 -5.5497 -5.6579
 -5.7635
 -3.4264 -3.4560 -3.4704 -3.4711 -3.4747 -3.4838 -3.4989 -3.5197 -3.5453 -3.5737
 -3.6032 -3.6333 -3.6636 -3.6902 -3.7123 -3.8177 -3.9518 -4.0973 -4.2472 -4.4020
 -4.5524 -4.6979 -4.8351 -4.9658 -5.0909 -5.2111 -5.3272 -5.4398 -5.5493 -5.6557
 -5.7593
 -3.5564 -3.5470 -3.5461 -3.5527 -3.5480 -3.5468 -3.5521 -3.5638 -3.5820 -3.6055
 -3.6323 -3.6616 -3.6925 -3.7232 -3.7490 -3.8465 -3.9708 -4.1103 -4.2555 -4.4041
 -4.5534 -4.6992 -4.8382 -4.9703 -5.0962 -5.2167 -5.3326 -5.4444 -5.5526 -5.6576
 -5.7602
 -3.6511 -3.6458 -3.6460 -3.6511 -3.6406 -3.6326 -3.6278 -3.6292 -3.6376 -3.6527
 -3.6733 -3.6981 -3.7262 -3.7563 -3.7856 -3.8763 -3.9901 -4.1214 -4.2617 -4.4053
 -4.5504 -4.6948 -4.8349 -4.9687 -5.0959 -5.2173 -5.3337 -5.4456 -5.5535 -5.6577
 -5.7608
 -3.7530 -3.7523 -3.7497 -3.7452 -3.7342 -3.7198 -3.7073 -3.7175 -3.7151 -3.7197
 -3.7310 -3.7482 -3.7701 -3.7959 -3.8242 -3.9080 -4.0128 -4.1346 -4.2686 -4.4079
 -4.5490 -4.6901 -4.8293 -4.9642 -5.0931 -5.2157 -5.3331 -5.4457 -5.5540 -5.6585
 -5.7594
 -3.8621 -3.8667 -3.8572 -3.8349 -3.8290 -3.8085 -3.8198 -3.8052 -3.7952 -3.8077
 -3.8082 -3.8151 -3.8282 -3.8465 -3.8648 -3.9416 -4.0389 -4.1499 -4.2762
 [Fe/H] = -2.50 [alpha/Fe] = 0.40 BC value = F300M
 -3.5946 -3.6762 -3.7317 -3.7165 -3.6279 -3.5020 -3.3634 -3.2304 -3.1454 -3.1556
 -3.1978 -3.2834 -3.3730 -3.4141 -3.4718 -3.6492
 -3.4809 -3.5458 -3.6035 -3.6300 -3.6205 -3.5846 -3.5279 -3.4562 -3.3889 -3.3493
 -3.3239 -3.3327 -3.3761 -3.4270 -3.4918 -3.6715 -3.8514 -4.0237 -4.1888
 -3.3953 -3.4467 -3.5026 -3.5532 -3.5932 -3.6168 -3.6184 -3.5955 -3.5517 -3.4939
 -3.4343 -3.3946 -3.3994 -3.4467 -3.5122 -3.6910 -3.8693 -4.0411 -4.2055 -4.3629
 -4.5139
 -3.3378 -3.3789 -3.4290 -3.4861 -3.5460 -3.5986 -3.6349 -3.6483 -3.6338 -3.5894
 -3.5290 -3.4691 -3.4429 -3.4732 -3.5330 -3.7077 -3.8840 -4.0550 -4.2189 -4.3753
 -4.5251 -4.6693 -4.8087
 -3.3084 -3.3424 -3.3827 -3.4287 -3.4789 -3.5300 -3.5774 -3.6146 -3.6352 -3.6358
 -3.6080 -3.5562 -3.5066 -3.5065 -3.5542 -3.7216 -3.8955 -4.0654 -4.2291 -4.3853
 -4.5343 -4.6772 -4.8148 -4.9479 -5.0772
 -3.2990 -3.3282 -3.3615 -3.3987 -3.4396 -3.4824 -3.5245 -3.5610 -3.5895 -3.6089
 -3.6190 -3.6126 -3.5781 -3.5551 -3.5813 -3.7343 -3.9047 -4.0729 -4.2365 -4.3928
 -4.5417 -4.6839 -4.8204 -4.9521 -5.0795 -5.2033
 -3.3047 -3.3299 -3.3579 -3.3885 -3.4217 -3.4577 -3.4951 -3.5307 -3.5608 -3.5836
 -3.6014 -3.6171 -3.6199 -3.6045 -3.6189 -3.7483 -3.9131 -4.0783 -4.2408 -4.3979
 -4.5473 -4.6895 -4.8255 -4.9562 -5.0823 -5.2044 -5.3231 -5.4387 -5.5513 -5.6606
 -3.3269 -3.3469 -3.3693 -3.3938 -3.4206 -3.4501 -3.4824 -3.5159 -3.5482 -3.5759
 -3.5984 -3.6185 -3.6395 -3.6420 -3.6544 -3.7682 -3.9225 -4.0833 -4.2431 -4.3999
 -4.5505 -4.6936 -4.8297 -4.9601 -5.0855 -5.2064 -5.3237 -5.4375 -5.5483 -5.6566
 -5.7622
 -3.3691 -3.3832 -3.3988 -3.4158 -3.4356 -3.4583 -3.4847 -3.5140 -3.5452 -3.5760
 -3.6041 -3.6292 -3.6538 -3.6744 -3.6866 -3.7929 -3.9353 -4.0894 -4.2450 -4.3996
 -4.5508 -4.6954 -4.8326 -4.9633 -5.0886 -5.2090 -5.3252 -5.4378 -5.5471 -5.6537
 -5.7580
 -3.4293 -3.4394 -3.4494 -3.4587 -3.4701 -3.4847 -3.5037 -3.5271 -3.5545 -3.5843
 -3.6147 -3.6443 -3.6729 -3.7002 -3.7188 -3.8186 -3.9526 -4.0998 -4.2503 -4.4012
 -4.5510 -4.6967 -4.8357 -4.9678 -5.0937 -5.2144 -5.3305 -5.4425 -5.5509 -5.6562
 -5.7589
 -3.5011 -3.5110 -3.5184 -3.5225 -3.5261 -3.5325 -3.5426 -3.5581 -3.5789 -3.6041
 -3.6328 -3.6631 -3.6939 -3.7244 -3.7515 -3.8438 -3.9690 -4.1093 -4.2549 -4.4014
 -4.5477 -4.6923 -4.8324 -4.9662 -5.0934 -5.2149 -5.3315 -5.4436 -5.5517 -5.6561
 -5.7594
 -3.5831 -3.5934 -3.5998 -3.6030 -3.6034 -3.6026 -3.6047 -3.6114 -3.6236 -3.6414
 -3.6642 -3.6912 -3.7207 -3.7517 -3.7825 -3.8715 -3.9879 -4.1203 -4.2607 -4.4032
 -4.5457 -4.6875 -4.8269 -4.9618 -5.0906 -5.2134 -5.3309 -5.4436 -5.5521 -5.6567
 -5.7578
 -3.6752 -3.6866 -3.6899 -3.6953 -3.6948 -3.6917 -3.6885 -3.6873 -3.6909 -3.6999
 -3.7144 -3.7345 -3.7590 -3.7870 -3.8118 -3.9017 -4.0093 -4.1328 -4.2677
 [Fe/H] = -2.00 [alpha/Fe] = 0.40 BC value = F300M
 -3.4474 -3.4388 -3.4322 -3.4353 -3.4105 -3.3798 -3.3500 -3.3186 -3.2930 -3.2717
 -3.2684 -3.2933 -3.3361 -3.3925 -3.4706 -3.6448
 -3.4855 -3.5001 -3.5083 -3.5085 -3.4974 -3.4780 -3.4545 -3.4295 -3.4014 -3.3676
 -3.3395 -3.3355 -3.3661 -3.4226 -3.4938 -3.6703 -3.8477 -4.0207 -4.1864
 -3.4726 -3.5022 -3.5261 -3.5436 -3.5527 -3.5512 -3.5400 -3.5236 -3.4984 -3.4610
 -3.4188 -3.3913 -3.4019 -3.4502 -3.5153 -3.6916 -3.8675 -4.0386 -4.2029 -4.3602
 -4.5113
 -3.4087 -3.4451 -3.4856 -3.5406 -3.5764 -3.5993 -3.6065 -3.6009 -3.5840 -3.5519
 -3.5063 -3.4607 -3.4435 -3.4753 -3.5351 -3.7087 -3.8833 -4.0529 -4.2162 -4.3725
 -4.5224 -4.6665 -4.8061
 -3.3424 -3.3775 -3.4244 -3.4803 -3.5373 -3.5878 -3.6254 -3.6455 -3.6464 -3.6288
 -3.5935 -3.5446 -3.5019 -3.5052 -3.5532 -3.7216 -3.8951 -4.0636 -4.2263 -4.3821
 -4.5312 -4.6742 -4.8119 -4.9453 -5.0748
 -3.3156 -3.3435 -3.3806 -3.4284 -3.4818 -3.5349 -3.5829 -3.6218 -3.6483 -3.6591
 -3.6495 -3.6203 -3.5781 -3.5500 -3.5752 -3.7316 -3.9036 -4.0713 -4.2336 -4.3894
 -4.5382 -4.6806 -4.8172 -4.9491 -5.0768 -5.2009
 -3.3090 -3.3319 -3.3620 -3.3997 -3.4434 -3.4907 -3.5372 -3.5784 -3.6107 -3.6342
 -3.6486 -3.6514 -3.6345 -3.6092 -3.6089 -3.7406 -3.9097 -4.0764 -4.2382 -4.3943
 -4.5435 -4.6858 -4.8220 -4.9529 -5.0793 -5.2017 -5.3208 -5.4366 -5.5492 -5.6585
 -3.3105 -3.3328 -3.3591 -3.3907 -3.4273 -3.4676 -3.5099 -3.5504 -3.5854 -3.6117
 -3.6307 -3.6461 -3.6557 -3.6493 -3.6482 -3.7518 -3.9148 -4.0797 -4.2404 -4.3966
 -4.5466 -4.6896 -4.8259 -4.9565 -5.0821 -5.2033 -5.3209 -5.4351 -5.5462 -5.6545
 -5.7601
 -3.3226 -3.3415 -3.3653 -3.3930 -3.4240 -3.4581 -3.4949 -3.5327 -3.5691 -3.6006
 -3.6250 -3.6443 -3.6627 -3.6746 -3.6793 -3.7711 -3.9206 -4.0825 -4.2414 -4.3964
 -4.5470 -4.6913 -4.8285 -4.9594 -5.0849 -5.2056 -5.3222 -5.4351 -5.5448 -5.6515
 -5.7559
 -3.3489 -3.3618 -3.3816 -3.4050 -3.4315 -3.4603 -3.4915 -3.5249 -3.5596 -3.5934
 -3.6239 -3.6498 -3.6726 -3.6940 -3.7074 -3.7961 -3.9331 -4.0883 -4.2446 -4.3976
 -4.5474 -4.6927 -4.8315 -4.9637 -5.0898 -5.2107 -5.3271 -5.4395 -5.5482 -5.6538
 -5.7567
 -3.3898 -3.3996 -3.4142 -3.4319 -3.4523 -3.4750 -3.5002 -3.5280 -3.5587 -3.5913
 -3.6241 -3.6554 -3.6842 -3.7109 -3.7338 -3.8186 -3.9479 -4.0944 -4.2462 -4.3964
 -4.5439 -4.6885 -4.8283 -4.9620 -5.0893 -5.2110 -5.3278 -5.4402 -5.5486 -5.6535
 -5.7571
 -3.4447 -3.4550 -3.4651 -3.4773 -3.4916 -3.5074 -3.5257 -3.5467 -3.5714 -3.5997
 -3.6307 -3.6632 -3.6956 -3.7268 -3.7563 -3.8413 -3.9637 -4.1034 -4.2498 -4.3965
 -4.5411 -4.6836 -4.8230 -4.9577 -5.0865 -5.2094 -5.3271 -5.4401 -5.5488 -5.6538
 -5.7553
 -3.5134 -3.5228 -3.5318 -3.5406 -3.5498 -3.5600 -3.5716 -3.5854 -3.6028 -3.6244
 -3.6502 -3.6796 -3.7114 -3.7444 -3.7749 -3.8642 -3.9805 -4.1153 -4.2554
 [Fe/H] = -1.50 [alpha/Fe] = 0.40 BC value = F300M
 -3.4419 -3.4453 -3.4344 -3.4048 -3.3432 -3.2841 -3.2486 -3.2246 -3.2147 -3.2149
 -3.2341 -3.2770 -3.3317 -3.3939 -3.4615 -3.6379
 -3.4803 -3.4865 -3.4821 -3.4632 -3.4241 -3.3787 -3.3435 -3.3260 -3.3129 -3.3006
 -3.2979 -3.3176 -3.3631 -3.4250 -3.4932 -3.6686 -3.8431 -4.0151 -4.1814
 -3.4932 -3.5072 -3.5128 -3.5070 -3.4878 -3.4572 -3.4271 -3.4147 -3.4021 -3.3845
 -3.3680 -3.3675 -3.3971 -3.4521 -3.5183 -3.6925 -3.8653 -4.0345 -4.1985 -4.3560
 -4.5072
 -3.4806 -3.5074 -3.5265 -3.5362 -3.5344 -3.5196 -3.4994 -3.4907 -3.4823 -3.4666
 -3.4444 -3.4267 -3.4337 -3.4752 -3.5368 -3.7096 -3.8819 -4.0495 -4.2119 -4.3680
 -4.5179 -4.6622 -4.8018
 -3.4151 -3.4506 -3.4978 -3.5347 -3.5589 -3.5674 -3.5614 -3.5564 -3.5537 -3.5441
 -3.5240 -3.4982 -3.4827 -3.5015 -3.5528 -3.7216 -3.8938 -4.0607 -4.2220 -4.3773
 -4.5263 -4.6695 -4.8075 -4.9412 -5.0710
 -3.3448 -3.3791 -3.4252 -3.4760 -3.5244 -3.5648 -3.5916 -3.6018 -3.6074 -3.6075
 -3.5972 -3.5753 -3.5483 -3.5401 -3.5718 -3.7302 -3.9020 -4.0687 -4.2295 -4.3843
 -4.5329 -4.6754 -4.8123 -4.9445 -5.0726 -5.1971
 -3.3197 -3.3431 -3.3759 -3.4182 -3.4671 -3.5166 -3.5607 -3.5953 -3.6200 -3.6350
 -3.6402 -3.6341 -3.6173 -3.5967 -3.6012 -3.7372 -3.9073 -4.0738 -4.2344 -4.3891
 -4.5378 -4.6801 -4.8165 -4.9478 -5.0746 -5.1975 -5.3170 -5.4333 -5.5462 -5.6551
 -3.3188 -3.3358 -3.3596 -3.3928 -3.4345 -3.4814 -3.5283 -3.5697 -3.6020 -3.6259
 -3.6432 -3.6533 -3.6550 -3.6493 -3.6452 -3.7449 -3.9108 -4.0768 -4.2372 -4.3918
 -4.5407 -4.6835 -4.8200 -4.9509 -5.0768 -5.1986 -5.3167 -5.4314 -5.5429 -5.6512
 -5.7564
 -3.3251 -3.3409 -3.3606 -3.3871 -3.4213 -3.4619 -3.5060 -3.5493 -3.5876 -3.6173
 -3.6384 -3.6542 -3.6668 -3.6747 -3.6811 -3.7576 -3.9136 -4.0782 -4.2380 -4.3924
 -4.5404 -4.6850 -4.8222 -4.9533 -5.0791 -5.2002 -5.3174 -5.4310 -5.5411 -5.6482
 -5.7524
 -3.3318 -3.3480 -3.3662 -3.3901 -3.4197 -3.4546 -3.4938 -3.5346 -3.5745 -3.6099
 -3.6380 -3.6591 -3.6762 -3.6915 -3.7053 -3.7807 -3.9195 -4.0812 -4.2401 -4.3938
 -4.5426 -4.6867 -4.8250 -4.9572 -5.0836 -5.2049 -5.3218 -5.4347 -5.5440 -5.6501
 -5.7533
 -3.3429 -3.3574 -3.3749 -3.3965 -3.4233 -3.4542 -3.4888 -3.5254 -3.5635 -3.6008
 -3.6347 -3.6634 -3.6871 -3.7078 -3.7273 -3.8036 -3.9297 -4.0823 -4.2392 -4.3916
 -4.5393 -4.6830 -4.8220 -4.9554 -5.0829 -5.2049 -5.3221 -5.4349 -5.5439 -5.6493
 -5.7534
 -3.3647 -3.3762 -3.3911 -3.4097 -3.4335 -3.4610 -3.4912 -3.5237 -3.5582 -3.5939
 -3.6295 -3.6633 -3.6940 -3.7214 -3.7467 -3.8245 -3.9450 -4.0873 -4.2391 -4.3896
 -4.5358 -4.6783 -4.8171 -4.9513 -5.0800 -5.2030 -5.3210 -5.4344 -5.5436 -5.6491
 -5.7510
 -3.4027 -3.4113 -3.4228 -3.4374 -3.4564 -3.4792 -3.5047 -3.5324 -3.5622 -3.5943
 -3.6280 -3.6628 -3.6973 -3.7304 -3.7635 -3.8434 -3.9654 -4.0962 -4.2398
 [Fe/H] = -1.00 [alpha/Fe] = 0.40 BC value = F300M
 -3.4214 -3.4084 -3.3792 -3.3325 -3.2489 -3.1758 -3.1368 -3.1130 -3.1192 -3.1586
 -3.2096 -3.2702 -3.3350 -3.4011 -3.4682 -3.6387
 -3.4578 -3.4535 -3.4355 -3.4005 -3.3417 -3.2769 -3.2270 -3.2048 -3.2050 -3.2214
 -3.2541 -3.3023 -3.3626 -3.4292 -3.4978 -3.6700 -3.8399 -4.0081 -4.1738
 -3.4829 -3.4873 -3.4804 -3.4580 -3.4186 -3.3639 -3.3109 -3.2894 -3.2824 -3.2869
 -3.3046 -3.3389 -3.3900 -3.4528 -3.5207 -3.6936 -3.8632 -4.0293 -4.1918 -4.3494
 -4.5011
 -3.4967 -3.5098 -3.5139 -3.5050 -3.4796 -3.4368 -3.3885 -3.3668 -3.3574 -3.3551
 -3.3611 -3.3800 -3.4172 -3.4719 -3.5369 -3.7095 -3.8798 -4.0451 -4.2057 -4.3613
 -4.5113 -4.6559 -4.7959
 -3.4863 -3.5120 -3.5299 -3.5370 -3.5293 -3.5036 -3.4630 -3.4392 -3.4299 -3.4254
 -3.4246 -3.4308 -3.4513 -3.4923 -3.5503 -3.7203 -3.8912 -4.0564 -4.2162 -4.3705
 -4.5193 -4.6627 -4.8010 -4.9350 -5.0654
 -3.4136 -3.4608 -3.5045 -3.5381 -3.5567 -3.5548 -3.5320 -3.5073 -3.4985 -3.4950
 -3.4923 -3.4911 -3.4972 -3.5203 -3.5656 -3.7278 -3.8987 -4.0643 -4.2237 -4.3773
 -4.5254 -4.6679 -4.8051 -4.9377 -5.0664 -5.1915
 -3.3428 -3.3789 -3.4244 -3.4746 -3.5221 -3.5582 -3.5718 -3.5621 -3.5567 -3.5572
 -3.5577 -3.5562 -3.5546 -3.5614 -3.5884 -3.7336 -3.9035 -4.0693 -4.2288 -4.3822
 -4.5298 -4.6719 -4.8085 -4.9402 -5.0675 -5.1910 -5.3112 -5.4282 -5.5417 -5.6506
 -3.3180 -3.3409 -3.3730 -3.4145 -3.4622 -3.5094 -3.5473 -3.5687 -3.5797 -3.5915
 -3.6019 -3.6088 -3.6119 -3.6125 -3.6242 -3.7398 -3.9065 -4.0722 -4.2318 -4.3852
 -4.5326 -4.6747 -4.8111 -4.9424 -5.0689 -5.1913 -5.3101 -5.4256 -5.5379 -5.6466
 -5.7514
 -3.3227 -3.3377 -3.3590 -3.3891 -3.4279 -3.4724 -3.5165 -3.5527 -3.5777 -3.5964
 -3.6139 -3.6303 -3.6442 -3.6558 -3.6674 -3.7498 -3.9085 -4.0735 -4.2330 -4.3864
 -4.5338 -4.6760 -4.8127 -4.9441 -5.0704 -5.1921 -5.3100 -5.4243 -5.5353 -5.6432
 -5.7497
 -3.3350 -3.3500 -3.3661 -3.3878 -3.4175 -3.4548 -3.4967 -3.5379 -3.5737 -3.6018
 -3.6234 -3.6414 -3.6587 -3.6768 -3.6961 -3.7693 -3.9125 -4.0758 -4.2352 -4.3885
 -4.5359 -4.6782 -4.8154 -4.9474 -5.0742 -5.1960 -5.3136 -5.4273 -5.5374 -5.6444
 -5.7482
 -3.3445 -3.3613 -3.3769 -3.3953 -3.4193 -3.4500 -3.4864 -3.5263 -3.5659 -3.6019
 -3.6317 -3.6554 -3.6752 -3.6946 -3.7163 -3.7931 -3.9167 -4.0750 -4.2335 -4.3864
 -4.5335 -4.6756 -4.8130 -4.9456 -5.0731 -5.1954 -5.3132 -5.4267 -5.5364 -5.6427
 -5.7458
 -3.3471 -3.3658 -3.3839 -3.4022 -3.4242 -3.4511 -3.4834 -3.5196 -3.5582 -3.5967
 -3.6324 -3.6637 -3.6900 -3.7133 -3.7365 -3.8144 -3.9300 -4.0751 -4.2315 -4.3837
 -4.5302 -4.6718 -4.8090 -4.9419 -5.0701 -5.1932 -5.3117 -5.4256 -5.5355 -5.6417
 -5.7445
 -3.3524 -3.3717 -3.3894 -3.4085 -3.4293 -3.4545 -3.4841 -3.5172 -3.5531 -3.5906
 -3.6281 -3.6640 -3.6970 -3.7268 -3.7567 -3.8332 -3.9524 -4.0761 -4.2292
 [Fe/H] = -0.75 [alpha/Fe] = 0.30 BC value = F300M
 -3.3960 -3.3787 -3.3441 -3.2933 -3.2048 -3.1283 -3.0887 -3.0708 -3.0888 -3.1420
 -3.2017 -3.2673 -3.3344 -3.4021 -3.4697 -3.6388
 -3.4336 -3.4262 -3.4038 -3.3642 -3.3002 -3.2307 -3.1778 -3.1562 -3.1640 -3.1930
 -3.2382 -3.2955 -3.3604 -3.4289 -3.4981 -3.6695 -3.8379 -4.0045 -4.1694
 -3.4612 -3.4633 -3.4528 -3.4257 -3.3809 -3.3204 -3.2626 -3.2378 -3.2341 -3.2487
 -3.2799 -3.3262 -3.3847 -3.4507 -3.5197 -3.6925 -3.8613 -4.0262 -4.1879 -4.3454
 -4.4972
 -3.4788 -3.4900 -3.4911 -3.4778 -3.4469 -3.3974 -3.3431 -3.3156 -3.3053 -3.3091
 -3.3268 -3.3594 -3.4073 -3.4675 -3.5345 -3.7078 -3.8774 -4.0420 -4.2019 -4.3573
 -4.5074 -4.6522 -4.7924
 -3.4779 -3.5002 -3.5142 -3.5164 -3.5027 -3.4694 -3.4213 -3.3909 -3.3776 -3.3747
 -3.3817 -3.4007 -3.4345 -3.4844 -3.5464 -3.7178 -3.8883 -4.0531 -4.2123 -4.3664
 -4.5151 -4.6586 -4.7973 -4.9317 -5.0623
 -3.4241 -3.4688 -3.5055 -3.5303 -3.5398 -3.5285 -3.4962 -3.4637 -3.4489 -3.4432
 -3.4439 -3.4520 -3.4714 -3.5069 -3.5592 -3.7247 -3.8955 -4.0607 -4.2198 -4.3731
 -4.5209 -4.6635 -4.8009 -4.9337 -5.0625 -5.1879
 -3.3406 -3.3824 -3.4322 -3.4830 -3.5263 -3.5523 -3.5512 -3.5290 -3.5152 -3.5102
 -3.5092 -3.5116 -3.5198 -3.5398 -3.5776 -3.7300 -3.9000 -4.0655 -4.2247 -4.3778
 -4.5251 -4.6671 -4.8038 -4.9357 -5.0633 -5.1873 -5.3079 -5.4251 -5.5388 -5.6480
 -3.3038 -3.3310 -3.3676 -3.4133 -3.4628 -3.5085 -3.5416 -3.5530 -3.5545 -3.5588
 -3.5642 -3.5693 -3.5751 -3.5850 -3.6066 -3.7353 -3.9028 -4.0683 -4.2277 -4.3807
 -4.5278 -4.6696 -4.8061 -4.9375 -5.0643 -5.1870 -5.3062 -5.4221 -5.5347 -5.6438
 -5.7488
 -3.3018 -3.3196 -3.3443 -3.3780 -3.4199 -3.4657 -3.5082 -3.5390 -3.5570 -3.5712
 -3.5869 -3.6023 -3.6160 -3.6296 -3.6460 -3.7435 -3.9045 -4.0695 -4.2289 -4.3819
 -4.5290 -4.6707 -4.8073 -4.9387 -5.0653 -5.1874 -5.3056 -5.4203 -5.5318 -5.6400
 -5.7448
 -3.3149 -3.3292 -3.3469 -3.3713 -3.4035 -3.4429 -3.4853 -3.5247 -3.5562 -3.5795
 -3.5984 -3.6165 -3.6356 -3.6559 -3.6783 -3.7602 -3.9081 -4.0718 -4.2311 -4.3842
 -4.5313 -4.6731 -4.8098 -4.9418 -5.0686 -5.1908 -5.3087 -5.4228 -5.5334 -5.6408
 -5.7450
 -3.3250 -3.3420 -3.3576 -3.3772 -3.4025 -3.4347 -3.4725 -3.5126 -3.5510 -3.5842
 -3.6111 -3.6332 -3.6534 -3.6750 -3.6998 -3.7827 -3.9110 -4.0707 -4.2294 -4.3822
 -4.5291 -4.6707 -4.8075 -4.9398 -5.0673 -5.1898 -5.3079 -5.4218 -5.5319 -5.6387
 -5.7422
 -3.3271 -3.3470 -3.3656 -3.3842 -3.4066 -3.4344 -3.4674 -3.5047 -3.5437 -3.5818
 -3.6162 -3.6459 -3.6713 -3.6950 -3.7203 -3.8044 -3.9220 -4.0700 -4.2272 -4.3795
 -4.5259 -4.6672 -4.8039 -4.9363 -5.0642 -5.1874 -5.3060 -5.4202 -5.5305 -5.6371
 -5.7404
 -3.3261 -3.3478 -3.3680 -3.3884 -3.4101 -3.4358 -3.4661 -3.5003 -3.5375 -3.5760
 -3.6139 -3.6495 -3.6819 -3.7112 -3.7398 -3.8253 -3.9411 -4.0697 -4.2245
 [Fe/H] = -0.50 [alpha/Fe] = 0.20 BC value = F300M
 -3.3653 -3.3438 -3.3048 -3.2488 -3.1545 -3.0746 -3.0371 -3.0212 -3.0628 -3.1203
 -3.1948 -3.2642 -3.3336 -3.4028 -3.4710 -3.6390
 -3.4047 -3.3939 -3.3669 -3.3220 -3.2520 -3.1780 -3.1243 -3.1075 -3.1263 -3.1683
 -3.2245 -3.2891 -3.3578 -3.4279 -3.4977 -3.6688 -3.8357 -4.0007 -4.1645
 -3.4346 -3.4340 -3.4193 -3.3871 -3.3363 -3.2704 -3.2094 -3.1839 -3.1870 -3.2136
 -3.2579 -3.3145 -3.3791 -3.4478 -3.5178 -3.6909 -3.8588 -4.0226 -4.1834 -4.3407
 -4.4926
 -3.4550 -3.4641 -3.4620 -3.4441 -3.4073 -3.3517 -3.2924 -3.2606 -3.2519 -3.2643
 -3.2950 -3.3404 -3.3975 -3.4625 -3.5313 -3.7053 -3.8745 -4.0383 -4.1976 -4.3526
 -4.5028 -4.6479 -4.7883
 -3.4608 -3.4803 -3.4910 -3.4887 -3.4691 -3.4287 -3.3744 -3.3380 -3.3220 -3.3229
 -3.3401 -3.3723 -3.4183 -3.4762 -3.5416 -3.7147 -3.8848 -4.0492 -4.2079 -4.3616
 -4.5103 -4.6539 -4.7926 -4.9271 -5.0579
 -3.4260 -3.4647 -3.4945 -3.5124 -3.5145 -3.4950 -3.4543 -3.4150 -3.3948 -3.3883
 -3.3946 -3.4138 -3.4466 -3.4934 -3.5520 -3.7210 -3.8916 -4.0564 -4.2152 -4.3682
 -4.5159 -4.6584 -4.7960 -4.9290 -5.0581 -5.1838
 -3.3371 -3.3844 -3.4366 -3.4851 -3.5205 -3.5346 -3.5205 -3.4884 -3.4668 -3.4572
 -3.4567 -3.4656 -3.4853 -3.5184 -3.5662 -3.7256 -3.8958 -4.0610 -4.2199 -4.3728
 -4.5198 -4.6617 -4.7985 -4.9306 -5.0584 -5.1827 -5.3036 -5.4213 -5.5354 -5.6448
 -3.2879 -3.3196 -3.3612 -3.4104 -3.4607 -3.5040 -3.5307 -3.5310 -3.5218 -3.5177
 -3.5181 -3.5233 -3.5344 -3.5546 -3.5884 -3.7302 -3.8984 -4.0637 -4.2228 -4.3756
 -4.5224 -4.6639 -4.8003 -4.9319 -5.0589 -5.1819 -5.3015 -5.4178 -5.5309 -5.6404
 -5.7456
 -3.2779 -3.2989 -3.3276 -3.3653 -3.4099 -3.4562 -3.4961 -3.5209 -3.5321 -3.5418
 -3.5542 -3.5673 -3.5810 -3.5979 -3.6214 -3.7367 -3.9000 -4.0649 -4.2240 -4.3768
 -4.5236 -4.6649 -4.8012 -4.9327 -5.0594 -5.1818 -5.3004 -5.4156 -5.5275 -5.6362
 -5.7414
 -3.2881 -3.3040 -3.3245 -3.3518 -3.3872 -3.4284 -3.4707 -3.5071 -3.5334 -3.5519
 -3.5687 -3.5873 -3.6079 -3.6303 -3.6556 -3.7500 -3.9032 -4.0672 -4.2263 -4.3792
 -4.5260 -4.6673 -4.8037 -4.9353 -5.0623 -5.1847 -5.3030 -5.4175 -5.5286 -5.6365
 -5.7412
 -3.3000 -3.3165 -3.3337 -3.3549 -3.3823 -3.4166 -3.4556 -3.4952 -3.5312 -3.5609
 -3.5847 -3.6059 -3.6273 -3.6517 -3.6796 -3.7700 -3.9050 -4.0660 -4.2247 -4.3773
 -4.5240 -4.6652 -4.8015 -4.9333 -5.0606 -5.1833 -5.3017 -5.4160 -5.5265 -5.6338
 -5.7378
 -3.3033 -3.3236 -3.3427 -3.3618 -3.3853 -3.4141 -3.4485 -3.4865 -3.5254 -3.5622
 -3.5946 -3.6225 -3.6477 -3.6729 -3.7011 -3.7920 -3.9132 -4.0647 -4.2223 -4.3746
 -4.5210 -4.6620 -4.7981 -4.9299 -5.0574 -5.1805 -5.2994 -5.4139 -5.5246 -5.6317
 -5.7355
 -3.2992 -3.3226 -3.3442 -3.3657 -3.3879 -3.4145 -3.4456 -3.4808 -3.5189 -3.5578
 -3.5954 -3.6303 -3.6619 -3.6914 -3.7201 -3.8160 -3.9278 -4.0633 -4.2191
 [Fe/H] = -0.25 [alpha/Fe] = 0.10 BC value = F300M
 -3.3288 -3.3033 -3.2598 -3.1983 -3.0974 -3.0152 -2.9848 -2.9863 -3.0416 -3.1083
 -3.1803 -3.2535 -3.3260 -3.3969 -3.4713 -3.6382
 -3.3702 -3.3557 -3.3240 -3.2732 -3.1966 -3.1187 -3.0673 -3.0607 -3.0932 -3.1474
 -3.2126 -3.2827 -3.3544 -3.4259 -3.4963 -3.6672 -3.8329 -3.9964 -4.1590
 -3.4021 -3.3984 -3.3793 -3.3413 -3.2839 -3.2128 -3.1507 -3.1292 -3.1429 -3.1828
 -3.2388 -3.3036 -3.3730 -3.4439 -3.5149 -3.6884 -3.8557 -4.0186 -4.1785 -4.3353
 -4.4876
 -3.4245 -3.4314 -3.4257 -3.4026 -3.3593 -3.2976 -3.2350 -3.2020 -3.1990 -3.2229
 -3.2666 -3.3232 -3.3877 -3.4566 -3.5271 -3.7018 -3.8707 -4.0340 -4.1927 -4.3473
 -4.4974 -4.6427 -4.7834
 -3.4345 -3.4519 -3.4594 -3.4526 -3.4268 -3.3797 -3.3202 -3.2797 -3.2639 -3.2721
 -3.3014 -3.3466 -3.4032 -3.4674 -3.5359 -3.7105 -3.8805 -4.0445 -4.2029 -4.3562
 -4.5048 -4.6485 -4.7874 -4.9222 -5.0534
 -3.4137 -3.4473 -3.4719 -3.4842 -3.4796 -3.4524 -3.4043 -3.3600 -3.3360 -3.3316
 -3.3464 -3.3780 -3.4235 -3.4800 -3.5441 -3.7162 -3.8868 -4.0513 -4.2098 -4.3626
 -4.5101 -4.6527 -4.7904 -4.9236 -5.0530 -5.1790
 -3.3287 -3.3803 -3.4319 -3.4747 -3.5007 -3.5036 -3.4790 -3.4391 -3.4113 -3.3990
 -3.4020 -3.4202 -3.4526 -3.4981 -3.5545 -3.7204 -3.8908 -4.0557 -4.2144 -4.3670
 -4.5139 -4.6557 -4.7925 -4.9248 -5.0528 -5.1773 -5.2986 -5.4168 -5.5313 -5.6409
 -3.2679 -3.3042 -3.3503 -3.4022 -3.4521 -3.4914 -3.5095 -3.4978 -3.4786 -3.4667
 -3.4644 -3.4726 -3.4925 -3.5251 -3.5705 -3.7241 -3.8932 -4.0583 -4.2171 -4.3697
 -4.5163 -4.6576 -4.7939 -4.9255 -5.0528 -5.1761 -5.2960 -5.4128 -5.5264 -5.6363
 -5.7418
 -3.2499 -3.2744 -3.3070 -3.3484 -3.3952 -3.4408 -3.4769 -3.4957 -3.5009 -3.5056
 -3.5130 -3.5237 -3.5391 -3.5621 -3.5955 -3.7291 -3.8947 -4.0595 -4.2184 -4.3710
 -4.5175 -4.6585 -4.7945 -4.9259 -5.0527 -5.1754 -5.2944 -5.4099 -5.5223 -5.6316
 -5.7373
 -3.2559 -3.2741 -3.2973 -3.3282 -3.3664 -3.4090 -3.4501 -3.4824 -3.5032 -3.5179
 -3.5335 -3.5521 -3.5738 -3.5985 -3.6280 -3.7392 -3.8976 -4.0618 -4.2208 -4.3735
 -4.5200 -4.6610 -4.7969 -4.9283 -5.0551 -5.1777 -5.2963 -5.4113 -5.5228 -5.6312
 -5.7365
 -3.2682 -3.2848 -3.3038 -3.3273 -3.3573 -3.3936 -3.4334 -3.4718 -3.5046 -3.5304
 -3.5518 -3.5730 -3.5965 -3.6238 -3.6551 -3.7550 -3.8986 -4.0606 -4.2192 -4.3718
 -4.5182 -4.6591 -4.7949 -4.9262 -5.0532 -5.1758 -5.2944 -5.4091 -5.5202 -5.6279
 -5.7326
 -3.2726 -3.2932 -3.3122 -3.3330 -3.3581 -3.3887 -3.4245 -3.4630 -3.5011 -3.5359
 -3.5661 -3.5930 -3.6187 -3.6466 -3.6782 -3.7767 -3.9038 -4.0591 -4.2169 -4.3691
 -4.5154 -4.6561 -4.7917 -4.9229 -5.0499 -5.1728 -5.2917 -5.4065 -5.5176 -5.6252
 -5.7295
 -3.2681 -3.2921 -3.3146 -3.3367 -3.3600 -3.3876 -3.4201 -3.4564 -3.4951 -3.5339
 -3.5709 -3.6049 -3.6362 -3.6668 -3.6973 -3.8043 -3.9132 -4.0573 -4.2139
 [Fe/H] =  0.00 [alpha/Fe] = 0.00 BC value = F300M
 -3.2845 -3.2562 -3.2084 -3.1315 -3.0460 -2.9760 -2.9413 -2.9579 -3.0246 -3.0982
 -3.1745 -3.2503 -3.3238 -3.3957 -3.4651 -3.6306
 -3.3279 -3.3094 -3.2724 -3.2150 -3.1397 -3.0574 -3.0077 -3.0179 -3.0653 -3.1299
 -3.2017 -3.2759 -3.3499 -3.4226 -3.4937 -3.6646 -3.8293 -3.9916 -4.1530
 -3.3611 -3.3542 -3.3303 -3.2859 -3.2213 -3.1458 -3.0871 -3.0756 -3.1035 -3.1565
 -3.2220 -3.2930 -3.3659 -3.4387 -3.5106 -3.6847 -3.8517 -4.0138 -4.1729 -4.3292
 -4.4818
 -3.3847 -3.3894 -3.3797 -3.3509 -3.3006 -3.2330 -3.1698 -3.1409 -3.1486 -3.1861
 -3.2420 -3.3076 -3.3777 -3.4495 -3.5214 -3.6972 -3.8660 -4.0290 -4.1871 -4.3413
 -4.4914 -4.6369 -4.7778
 -3.3970 -3.4127 -3.4171 -3.4055 -3.3731 -3.3191 -3.2565 -3.2153 -3.2049 -3.2244
 -3.2670 -3.3239 -3.3888 -3.4580 -3.5289 -3.7050 -3.8751 -4.0390 -4.1971 -4.3501
 -4.4985 -4.6423 -4.7815 -4.9165 -5.0480
 -3.3701 -3.4149 -3.4358 -3.4431 -3.4317 -3.3974 -3.3437 -3.2964 -3.2725 -3.2747
 -3.3012 -3.3459 -3.4027 -3.4670 -3.5353 -3.7102 -3.8809 -4.0454 -4.2038 -4.3564
 -4.5037 -4.6462 -4.7841 -4.9176 -5.0471 -5.1734
 -3.3083 -3.3619 -3.4106 -3.4467 -3.4642 -3.4574 -3.4238 -3.3790 -3.3478 -3.3368
 -3.3474 -3.3775 -3.4228 -3.4791 -3.5426 -3.7139 -3.8846 -4.0494 -4.2081 -4.3606
 -4.5073 -4.6490 -4.7859 -4.9183 -5.0465 -5.1712 -5.2929 -5.4115 -5.5263 -5.6362
 -3.2384 -3.2790 -3.3286 -3.3817 -3.4297 -3.4628 -3.4706 -3.4488 -3.4220 -3.4058
 -3.4048 -3.4208 -3.4525 -3.4976 -3.5533 -3.7170 -3.8869 -4.0518 -4.2106 -4.3631
 -4.5096 -4.6508 -4.7870 -4.9186 -5.0460 -5.1696 -5.2898 -5.4069 -5.5210 -5.6313
 -5.7371
 -3.2138 -3.2415 -3.2780 -3.3222 -3.3696 -3.4130 -3.4445 -3.4581 -3.4586 -3.4578
 -3.4610 -3.4716 -3.4926 -3.5256 -3.5705 -3.7206 -3.8884 -4.0531 -4.2119 -4.3644
 -4.5107 -4.6516 -4.7874 -4.9186 -5.0455 -5.1683 -5.2875 -5.4034 -5.5163 -5.6261
 -5.7323
 -3.2155 -3.2358 -3.2624 -3.2965 -3.3369 -3.3796 -3.4179 -3.4454 -3.4620 -3.4747
 -3.4897 -3.5088 -3.5321 -3.5608 -3.5971 -3.7279 -3.8911 -4.0555 -4.2144 -4.3669
 -4.5134 -4.6541 -4.7897 -4.9207 -5.0474 -5.1700 -5.2888 -5.4041 -5.5161 -5.6250
 -5.7309
 -3.2262 -3.2438 -3.2650 -3.2912 -3.3239 -3.3619 -3.4016 -3.4378 -3.4670 -3.4898
 -3.5105 -3.5330 -3.5595 -3.5902 -3.6256 -3.7385 -3.8915 -4.0544 -4.2130 -4.3654
 -4.5117 -4.6523 -4.7877 -4.9185 -5.0451 -5.1676 -5.2863 -5.4013 -5.5127 -5.6209
 -5.7262
 -3.2311 -3.2518 -3.2717 -3.2946 -3.3218 -3.3546 -3.3917 -3.4304 -3.4672 -3.4999
 -3.5287 -3.5556 -3.5839 -3.6153 -3.6510 -3.7585 -3.8940 -4.0527 -4.2107 -4.3629
 -4.5090 -4.6495 -4.7847 -4.9153 -5.0418 -5.1643 -5.2831 -5.3981 -5.5095 -5.6176
 -5.7225
 -3.2262 -3.2510 -3.2741 -3.2970 -3.3222 -3.3516 -3.3857 -3.4234 -3.4627 -3.5013
 -3.5376 -3.5713 -3.6037 -3.6369 -3.6733 -3.7879 -3.8986 -4.0504 -4.2075
 [Fe/H] =  0.25 [alpha/Fe] = 0.00 BC value = F300M
 -3.2573 -3.2179 -3.1616 -3.0637 -2.9782 -2.9502 -2.9420 -2.9387 -3.0149 -3.0933
 -3.1722 -3.2501 -3.3258 -3.3981 -3.4683 -3.6341
 -3.3051 -3.2773 -3.2310 -3.1565 -3.0734 -3.0049 -2.9700 -2.9842 -3.0471 -3.1198
 -3.1960 -3.2729 -3.3487 -3.4227 -3.4945 -3.6658 -3.8289 -3.9889 -4.1480
 -3.3440 -3.3281 -3.2941 -3.2389 -3.1635 -3.0785 -3.0239 -3.0287 -3.0744 -3.1392
 -3.2117 -3.2870 -3.3623 -3.4366 -3.5094 -3.6841 -3.8503 -4.0108 -4.1680 -4.3229
 -4.4749
 -3.3740 -3.3703 -3.3509 -3.3108 -3.2485 -3.1710 -3.1036 -3.0824 -3.1066 -3.1590
 -3.2253 -3.2976 -3.3716 -3.4456 -3.5185 -3.6950 -3.8634 -4.0253 -4.1821 -4.3351
 -4.4842 -4.6294 -4.7708
 -3.3942 -3.4020 -3.3973 -3.3745 -3.3296 -3.2636 -3.1928 -3.1500 -3.1504 -3.1852
 -3.2413 -3.3081 -3.3794 -3.4521 -3.5247 -3.7018 -3.8716 -4.0346 -4.1918 -4.3439
 -4.4916 -4.6351 -4.7744 -4.9096 -5.0413
 -3.3988 -3.4186 -3.4289 -3.4244 -3.3996 -3.3521 -3.2869 -3.2313 -3.2094 -3.2232
 -3.2643 -3.3220 -3.3881 -3.4582 -3.5295 -3.7063 -3.8767 -4.0405 -4.1982 -4.3500
 -4.4968 -4.6390 -4.7767 -4.9104 -5.0402 -5.1667
 -3.3595 -3.4008 -3.4325 -3.4508 -3.4508 -3.4270 -3.3784 -3.3213 -3.2833 -3.2763
 -3.2989 -3.3433 -3.4009 -3.4658 -3.5345 -3.7095 -3.8799 -4.0441 -4.2022 -4.3541
 -4.5004 -4.6418 -4.7784 -4.9108 -5.0392 -5.1640 -5.2859 -5.4050 -5.5200 -5.6303
 -3.2668 -3.3183 -3.3710 -3.4217 -3.4576 -3.4704 -3.4531 -3.4096 -3.3664 -3.3437
 -3.3477 -3.3757 -3.4211 -3.4778 -3.5415 -3.7120 -3.8821 -4.0464 -4.2046 -4.3566
 -4.5027 -4.6435 -4.7794 -4.9109 -5.0382 -5.1619 -5.2822 -5.3997 -5.5142 -5.6249
 -5.7312
 -3.2206 -3.2535 -3.2965 -3.3465 -3.3965 -3.4383 -3.4633 -3.4620 -3.4388 -3.4164
 -3.4092 -3.4214 -3.4522 -3.4974 -3.5529 -3.7147 -3.8835 -4.0476 -4.2058 -4.3578
 -4.5039 -4.6444 -4.7798 -4.9106 -5.0373 -5.1600 -5.2794 -5.3955 -5.5088 -5.6192
 -5.7259
 -3.2123 -3.2350 -3.2656 -3.3046 -3.3490 -3.3929 -3.4286 -3.4491 -3.4563 -3.4562
 -3.4600 -3.4722 -3.4945 -3.5283 -3.5731 -3.7203 -3.8862 -4.0502 -4.2084 -4.3606
 -4.5066 -4.6470 -4.7821 -4.9127 -5.0389 -5.1612 -5.2800 -5.3955 -5.5078 -5.6173
 -5.7239
 -3.2222 -3.2398 -3.2622 -3.2915 -3.3277 -3.3679 -3.4072 -3.4391 -3.4604 -3.4742
 -3.4876 -3.5063 -3.5314 -3.5629 -3.6008 -3.7274 -3.8863 -4.0493 -4.2074 -4.3593
 -4.5052 -4.6454 -4.7803 -4.9105 -5.0364 -5.1584 -5.2769 -5.3919 -5.5037 -5.6125
 -5.7183
 -3.2340 -3.2517 -3.2708 -3.2941 -3.3231 -3.3576 -3.3953 -3.4321 -3.4641 -3.4899
 -3.5117 -3.5345 -3.5613 -3.5934 -3.6305 -3.7436 -3.8875 -4.0478 -4.2054 -4.3571
 -4.5029 -4.6429 -4.7776 -4.9076 -5.0331 -5.1549 -5.2733 -5.3882 -5.4998 -5.6082
 -5.7137
 -3.2367 -3.2579 -3.2788 -3.2999 -3.3253 -3.3549 -3.3891 -3.4261 -3.4630 -3.4975
 -3.5285 -3.5576 -3.5872 -3.6197 -3.6622 -3.7689 -3.8898 -4.0457 -4.2024
 [Fe/H] =  0.50 [alpha/Fe] = 0.00 BC value = F300M
 -3.2255 -2.7774 -2.5126 -2.4261 -2.5282 -2.7055 -2.8534 -2.9274 -3.0090 -3.0900
 -3.1705 -3.2500 -3.3272 -3.4014 -3.4714 -3.6373
 -3.2791 -3.1080 -2.9863 -2.9090 -2.8717 -2.8708 -2.9026 -2.9619 -3.0354 -3.1129
 -3.1916 -3.2702 -3.3474 -3.4225 -3.4954 -3.6673 -3.8297 -3.9875 -4.1445
 -3.3245 -3.2991 -3.2551 -3.1895 -3.0937 -3.0049 -2.9646 -2.9926 -3.0542 -3.1270
 -3.2038 -3.2816 -3.3587 -3.4342 -3.5079 -3.6835 -3.8494 -4.0086 -4.1647 -4.3182
 -4.4686
 -3.3617 -3.3507 -3.3191 -3.2677 -3.1942 -3.1078 -3.0394 -3.0323 -3.0748 -3.1394
 -3.2127 -3.2891 -3.3657 -3.4413 -3.5153 -3.6930 -3.8611 -4.0221 -4.1776 -4.3291
 -4.4773 -4.6221 -4.7635
 -3.3896 -3.3891 -3.3744 -3.3401 -3.2826 -3.2052 -3.1274 -3.0886 -3.1050 -3.1553
 -3.2220 -3.2954 -3.3708 -3.4460 -3.5201 -3.6986 -3.8682 -4.0305 -4.1867 -4.3377
 -4.4846 -4.6277 -4.7668 -4.9021 -5.0340
 -3.4055 -3.4164 -3.4167 -3.4008 -3.3627 -3.3021 -3.2263 -3.1660 -3.1517 -3.1808
 -3.2357 -3.3031 -3.3757 -3.4497 -3.5234 -3.7021 -3.8725 -4.0357 -4.1926 -4.3436
 -4.4897 -4.6315 -4.7690 -4.9026 -5.0325 -5.1593
 -3.3950 -3.4211 -3.4387 -3.4430 -3.4283 -3.3895 -3.3271 -3.2599 -3.2191 -3.2217
 -3.2585 -3.3156 -3.3826 -3.4539 -3.5263 -3.7046 -3.8752 -4.0389 -4.1963 -4.3475
 -4.4933 -4.6342 -4.7706 -4.9028 -5.0312 -5.1562 -5.2782 -5.3973 -5.5126 -5.6233
 -3.3200 -3.3591 -3.4152 -3.4488 -3.4641 -3.4552 -3.4179 -3.3593 -3.3052 -3.2820
 -3.2959 -3.3372 -3.3947 -3.4605 -3.5301 -3.7064 -3.8771 -4.0408 -4.1984 -4.3499
 -4.4955 -4.6360 -4.7716 -4.9028 -5.0301 -5.1536 -5.2741 -5.3917 -5.5065 -5.6175
 -5.7242
 -3.2394 -3.2792 -3.3294 -3.3838 -3.4323 -3.4652 -3.4717 -3.4448 -3.3980 -3.3598
 -3.3509 -3.3724 -3.4157 -3.4725 -3.5366 -3.7081 -3.8783 -4.0420 -4.1995 -4.3510
 -4.4966 -4.6368 -4.7719 -4.9025 -5.0288 -5.1514 -5.2707 -5.3869 -5.5004 -5.6113
 -5.7184
 -3.2151 -3.2408 -3.2766 -3.3210 -3.3691 -3.4133 -3.4462 -3.4609 -3.4537 -3.4323
 -3.4178 -3.4234 -3.4505 -3.4946 -3.5501 -3.7121 -3.8808 -4.0446 -4.2022 -4.3537
 -4.4994 -4.6395 -4.7743 -4.9044 -5.0302 -5.1522 -5.2708 -5.3862 -5.4987 -5.6086
 -5.7157
 -3.2194 -3.2372 -3.2620 -3.2953 -3.3354 -3.3778 -3.4160 -3.4433 -3.4574 -3.4609
 -3.4627 -3.4725 -3.4938 -3.5270 -3.5710 -3.7161 -3.8806 -4.0439 -4.2014 -4.3527
 -4.4981 -4.6380 -4.7726 -4.9023 -5.0277 -5.1491 -5.2672 -5.3820 -5.4938 -5.6029
 -5.7093
 -3.2347 -3.2493 -3.2683 -3.2932 -3.3249 -3.3618 -3.4003 -3.4348 -3.4612 -3.4787
 -3.4919 -3.5084 -3.5320 -3.5636 -3.6023 -3.7264 -3.8808 -4.0425 -4.1997 -4.3509
 -4.4961 -4.6357 -4.7701 -4.8995 -5.0245 -5.1455 -5.2632 -5.3777 -5.4892 -5.5978
 -5.7037
 -3.2446 -3.2620 -3.2797 -3.3009 -3.3266 -3.3578 -3.3929 -3.4292 -3.4632 -3.4921
 -3.5160 -3.5386 -3.5644 -3.5960 -3.6440 -3.7430 -3.8814 -4.0404 -4.1971
 [Fe/H] =  0.75 [alpha/Fe] = 0.00 BC value = F300M
 -3.1885 -2.8000 -2.5534 -2.4942 -2.6198 -2.7974 -2.9048 -2.9214 -3.0056 -3.0884
 -3.1698 -3.2504 -3.3290 -3.4047 -3.4767 -3.6490
 -3.2489 -3.0854 -2.9690 -2.8952 -2.8596 -2.8587 -2.8891 -2.9481 -3.0279 -3.1082
 -3.1882 -3.2679 -3.3462 -3.4225 -3.4963 -3.6695 -3.8316 -3.9877 -4.1423
 -3.3018 -3.2662 -3.2127 -3.1377 -3.0327 -2.9418 -2.9144 -2.9675 -3.0406 -3.1185
 -3.1976 -3.2769 -3.3552 -3.4318 -3.5064 -3.6835 -3.8491 -4.0073 -4.1610 -4.3121
 -4.4616
 -3.3472 -3.3426 -3.2844 -3.2218 -3.1390 -3.0467 -2.9806 -2.9924 -3.0521 -3.1254
 -3.2032 -3.2819 -3.3601 -3.4369 -3.5119 -3.6910 -3.8593 -4.0195 -4.1738 -4.3239
 -4.4710 -4.6153 -4.7563
 -3.3835 -3.3741 -3.3490 -3.3029 -3.2336 -3.1466 -3.0651 -3.0351 -3.0698 -3.1335
 -3.2076 -3.2850 -3.3629 -3.4398 -3.5151 -3.6952 -3.8650 -4.0269 -4.1821 -4.3320
 -4.4779 -4.6202 -4.7590 -4.8943 -5.0263
 -3.4088 -3.4114 -3.4019 -3.3743 -3.3230 -3.2500 -3.1651 -3.1038 -3.1024 -3.1479
 -3.2140 -3.2882 -3.3649 -3.4415 -3.5170 -3.6979 -3.8684 -4.0312 -4.1873 -4.3374
 -4.4827 -4.6238 -4.7610 -4.8945 -5.0245 -5.1513
 -3.4165 -3.4316 -3.4377 -3.4295 -3.4012 -3.3482 -3.2729 -3.1977 -3.1591 -3.1757
 -3.2268 -3.2941 -3.3676 -3.4430 -3.5181 -3.6995 -3.8706 -4.0338 -4.1905 -4.3410
 -4.4860 -4.6264 -4.7625 -4.8946 -5.0229 -5.1479 -5.2700 -5.3892 -5.5042 -5.6153
 -3.3757 -3.4148 -3.4424 -3.4581 -3.4557 -3.4295 -3.3761 -3.3046 -3.2434 -3.2248
 -3.2520 -3.3063 -3.3733 -3.4455 -3.5193 -3.7005 -3.8720 -4.0353 -4.1923 -4.3431
 -4.4881 -4.6281 -4.7634 -4.8945 -5.0216 -5.1451 -5.2654 -5.3831 -5.4979 -5.6090
 -5.7161
 -3.2755 -3.3269 -3.3785 -3.4278 -3.4635 -3.4750 -3.4568 -3.4073 -3.3453 -3.2998
 -3.2963 -3.3301 -3.3855 -3.4514 -3.5219 -3.7010 -3.8729 -4.0364 -4.1932 -4.3441
 -4.4891 -4.6289 -4.7637 -4.8940 -5.0201 -5.1426 -5.2617 -5.3778 -5.4914 -5.6024
 -5.7098
 -3.2278 -3.2579 -3.3000 -3.3492 -3.3998 -3.4429 -3.4690 -3.4683 -3.4369 -3.3909
 -3.3634 -3.3722 -3.4101 -3.4654 -3.5297 -3.7033 -3.8751 -4.0389 -4.1958 -4.3467
 -4.4919 -4.6316 -4.7661 -4.8959 -5.0214 -5.1431 -5.2614 -5.3766 -5.4890 -5.5990
 -5.7065
 -3.2211 -3.2401 -3.2683 -3.3057 -3.3496 -3.3936 -3.4301 -3.4531 -3.4603 -3.4517
 -3.4346 -3.4299 -3.4488 -3.4887 -3.5426 -3.7047 -3.8744 -4.0383 -4.1952 -4.3459
 -4.4908 -4.6302 -4.7644 -4.8938 -5.0188 -5.1398 -5.2573 -5.3718 -5.4835 -5.5926
 -5.6992
 -3.2348 -3.2484 -3.2678 -3.2949 -3.3297 -3.3692 -3.4078 -3.4393 -3.4597 -3.4695
 -3.4733 -3.4792 -3.4960 -3.5260 -3.5680 -3.7096 -3.8735 -4.0369 -4.1939 -4.3444
 -4.4891 -4.6282 -4.7621 -4.8912 -5.0157 -5.1362 -5.2532 -5.3670 -5.4781 -5.5867
 -5.6928
 -3.2512 -3.2644 -3.2802 -3.3012 -3.3283 -3.3613 -3.3977 -3.4332 -3.4634 -3.4857
 -3.5015 -3.5166 -3.5367 -3.5657 -3.6059 -3.7180 -3.8724 -4.0347 -4.1919
 [Fe/H] =  1.00 [alpha/Fe] = 0.00 BC value = F300M
 -3.1489 -2.9508 -2.8682 -2.8105 -2.8006 -2.8456 -2.9166 -2.9301 -3.0049 -3.0888
 -3.1708 -3.2522 -3.3317 -3.4086 -3.4823 -3.6556
 -3.2153 -3.0560 -2.9437 -2.8737 -2.8419 -2.8446 -2.8785 -2.9408 -3.0235 -3.1054
 -3.1865 -3.2666 -3.3458 -3.4230 -3.4978 -3.6727 -3.8347 -3.9897 -4.1416
 -3.2755 -3.1627 -3.0698 -2.9950 -2.9366 -2.8929 -2.8820 -2.9521 -3.0317 -3.1125
 -3.1932 -3.2731 -3.3522 -3.4297 -3.5052 -3.6840 -3.8499 -4.0074 -4.1597 -4.3089
 -4.4566
 -3.3295 -3.2708 -3.2465 -3.1743 -3.0845 -2.9906 -2.9271 -2.9640 -3.0365 -3.1153
 -3.1957 -3.2756 -3.3550 -3.4328 -3.5087 -3.6895 -3.8582 -4.0180 -4.1713 -4.3200
 -4.4655 -4.6087 -4.7490
 -3.3754 -3.3567 -3.3209 -3.2636 -3.1842 -3.0907 -3.0087 -2.9914 -3.0443 -3.1176
 -3.1964 -3.2765 -3.3557 -3.4338 -3.5102 -3.6922 -3.8625 -4.0241 -4.1786 -4.3273
 -4.4718 -4.6132 -4.7514 -4.8864 -5.0182
 -3.4103 -3.4044 -3.3847 -3.3456 -3.2823 -3.1986 -3.1067 -3.0486 -3.0633 -3.1234
 -3.1976 -3.2763 -3.3554 -3.4337 -3.5105 -3.6936 -3.8648 -4.0274 -4.1829 -4.3321
 -4.4763 -4.6166 -4.7532 -4.8864 -5.0162 -5.1430
 -3.4309 -3.4371 -3.4330 -3.4133 -3.3720 -3.3059 -3.2193 -3.1382 -3.1064 -3.1391
 -3.2027 -3.2772 -3.3551 -3.4330 -3.5099 -3.6942 -3.8662 -4.0292 -4.1853 -4.3351
 -4.4793 -4.6189 -4.7545 -4.8863 -5.0144 -5.1393 -5.2614 -5.3802 -5.4951 -5.6063
 -3.4205 -3.4443 -3.4574 -3.4589 -3.4417 -3.4003 -3.3324 -3.2495 -3.1845 -3.1749
 -3.2169 -3.2821 -3.3560 -3.4325 -3.5090 -3.6941 -3.8670 -4.0303 -4.1866 -4.3367
 -4.4811 -4.6204 -4.7553 -4.8860 -5.0129 -5.1363 -5.2566 -5.3741 -5.4887 -5.5996
 -5.7070
 -3.3335 -3.3872 -3.4304 -3.4625 -3.4773 -3.4682 -3.4300 -3.3638 -3.2905 -3.2427
 -3.2490 -3.2958 -3.3612 -3.4339 -3.5086 -3.6934 -3.8673 -4.0310 -4.1872 -4.3375
 -4.4819 -4.6211 -4.7554 -4.8854 -5.0114 -5.1336 -5.2525 -5.3685 -5.4820 -5.5928
 -5.7001
 -3.2540 -3.2900 -3.3386 -3.3920 -3.4415 -3.4754 -3.4828 -3.4562 -3.3996 -3.3390
 -3.3090 -3.3269 -3.3765 -3.4412 -3.5121 -3.6942 -3.8688 -4.0332 -4.1896 -4.3399
 -4.4844 -4.6236 -4.7577 -4.8873 -5.0125 -5.1340 -5.2520 -5.3668 -5.4790 -5.5889
 -5.6963
 -3.2306 -3.2520 -3.2841 -3.3261 -3.3733 -3.4179 -3.4526 -3.4703 -3.4649 -3.4353
 -3.3945 -3.3804 -3.4052 -3.4554 -3.5184 -3.6933 -3.8675 -4.0325 -4.1891 -4.3391
 -4.4834 -4.6223 -4.7561 -4.8852 -5.0098 -5.1305 -5.2476 -5.3617 -5.4729 -5.5817
 -5.6884
 -3.2383 -3.2516 -3.2723 -3.3023 -3.3402 -3.3816 -3.4198 -3.4476 -3.4622 -3.4652
 -3.4585 -3.4486 -3.4545 -3.4850 -3.5343 -3.6944 -3.8657 -4.0310 -4.1880 -4.3380
 -4.4820 -4.6206 -4.7540 -4.8827 -5.0068 -5.1269 -5.2433 -5.3565 -5.4670 -5.5752
 -5.6811
 -3.2575 -3.2677 -3.2825 -3.3037 -3.3325 -3.3676 -3.4049 -3.4388 -3.4642 -3.4796
 -3.4880 -3.4945 -3.5060 -3.5296 -3.5598 -3.6975 -3.8634 -4.0287 -4.1863
