 [Fe/H] = -4.00 [alpha/Fe] = 0.40 BC value = BX   
 -6.0674 -4.0702 -2.3060 -2.6915 -5.6268-10.8728 -8.8899 -5.8835 -4.2362 -4.2803
 -4.1758 -4.0601 -4.5883 -5.1288 -5.1981 -4.2992
 -7.8621 -6.7682 -5.6615 -5.5261 -6.5231 -8.8965 -8.0699 -6.7311 -5.7838 -5.4549
 -5.1609 -4.9749 -5.0891 -5.2063 -5.0908 -4.2514 -3.7045 -3.3521 -3.2238
 -8.3758 -7.8458 -7.2313 -6.8611 -6.7933 -7.3408 -7.1107 -6.7206 -6.2883 -5.8930
 -5.5748 -5.3605 -5.2284 -5.0881 -4.8749 -4.1380 -3.5864 -3.2572 -3.0588 -2.8852
 -2.6271
 -7.6085 -7.3030 -7.0154 -6.6965 -6.4374 -6.2057 -6.0123 -5.8518 -5.7496 -5.5948
 -5.4176 -5.2170 -5.0060 -4.7741 -4.5504 -3.9590 -3.5169 -3.1937 -2.9537 -2.7693
 -2.6194 -2.4919 -2.3804
 -7.1976 -6.9494 -6.7039 -6.4404 -6.1903 -5.9500 -5.7302 -5.5359 -5.3650 -5.2078
 -5.0492 -4.8785 -4.6976 -4.5081 -4.3147 -3.8358 -3.4388 -3.1495 -2.9362 -2.7705
 -2.6343 -2.5169 -2.4126 -2.3184 -2.2317
 -6.7898 -6.5890 -6.3820 -6.1649 -5.9378 -5.7079 -5.4840 -5.2762 -5.0893 -4.9212
 -4.7658 -4.6138 -4.4565 -4.2954 -4.1298 -3.7332 -3.3814 -3.1186 -2.9256 -2.7754
 -2.6513 -2.5434 -2.4465 -2.3576 -2.2756 -2.1995
 -6.3852 -6.2218 -6.0497 -5.8700 -5.6798 -5.4794 -5.2737 -5.0727 -4.8847 -4.7135
 -4.5586 -4.4150 -4.2765 -4.1380 -3.9957 -3.6512 -3.3447 -3.1010 -2.9219 -2.7840
 -2.6704 -2.5714 -2.4820 -2.3993 -2.3219 -2.2496 -2.1831 -2.1205 -2.0645 -2.0298
 -5.9837 -5.8478 -5.7070 -5.5620 -5.4096 -5.2471 -5.0746 -4.8973 -4.7228 -4.5584
 -4.4077 -4.2697 -4.1420 -4.0195 -3.8978 -3.5958 -3.3224 -3.0951 -2.9229 -2.7927
 -2.6879 -2.5975 -2.5159 -2.4401 -2.3685 -2.3007 -2.2371 -2.1784 -2.1252 -2.0806
 -2.0550
 -5.5989 -5.4869 -5.3726 -5.2563 -5.1362 -5.0099 -4.8751 -4.7313 -4.5820 -4.4344
 -4.2936 -4.1630 -4.0425 -3.9302 -3.8221 -3.5578 -3.3098 -3.0974 -2.9287 -2.8008
 -2.7014 -2.6185 -2.5450 -2.4769 -2.4123 -2.3504 -2.2917 -2.2356 -2.1844 -2.1411
 -2.1074
 -5.2446 -5.1510 -5.0584 -4.9668 -4.8732 -4.7766 -4.6744 -4.5647 -4.4467 -4.3226
 -4.1983 -4.0787 -3.9658 -3.8604 -3.7609 -3.5255 -3.2992 -3.0999 -2.9364 -2.8081
 -2.7098 -2.6319 -2.5659 -2.5060 -2.4494 -2.3948 -2.3423 -2.2921 -2.2449 -2.2028
 -2.1658
 -4.9191 -4.8471 -4.7744 -4.7012 -4.6288 -4.5550 -4.4784 -4.3973 -4.3094 -4.2131
 -4.1116 -4.0084 -3.9061 -3.8071 -3.7129 -3.4947 -3.2924 -3.1038 -2.9458 -2.8180
 -2.7183 -2.6414 -2.5800 -2.5274 -2.4792 -2.4330 -2.3882 -2.3447 -2.3029 -2.2635
 -2.2269
 -4.6330 -4.5752 -4.5178 -4.4607 -4.4048 -4.3480 -4.2909 -4.2311 -4.1669 -4.0941
 -4.0143 -3.9303 -3.8445 -3.7588 -3.6748 -3.4733 -3.2829 -3.1057 -2.9520 -2.8265
 -2.7264 -2.6484 -2.5882 -2.5402 -2.4992 -2.4614 -2.4252 -2.3897 -2.3550 -2.3215
 -2.2900
 -4.3861 -4.3354 -4.2886 -4.2453 -4.2012 -4.1556 -4.1144 -4.0702 -4.0230 -3.9704
 -3.9122 -3.8489 -3.7810 -3.7155 -3.6467 -3.4611 -3.2707 -3.1056 -2.9550
 [Fe/H] = -3.00 [alpha/Fe] = 0.40 BC value = BX   
 -7.6804 -7.3408 -7.1144 -7.0138 -7.0579 -7.5708 -7.2441 -6.8977 -6.6108 -6.3800
 -6.0813 -5.7826 -5.6200 -5.4898 -5.2824 -4.5474
 -7.5382 -7.1811 -6.9126 -6.7380 -6.6683 -6.8667 -6.6650 -6.4397 -6.2245 -6.0213
 -5.7858 -5.5448 -5.3493 -5.1630 -4.9434 -4.3095 -3.7739 -3.3647 -3.0569
 -7.3843 -7.0220 -6.7272 -6.4997 -6.3444 -6.3171 -6.1814 -6.0288 -5.8617 -5.6820
 -5.4915 -5.2919 -5.0845 -4.8707 -4.6513 -4.1051 -3.6372 -3.2738 -3.0017 -2.7925
 -2.6236
 -7.2187 -6.8635 -6.5582 -6.2989 -6.0862 -5.9220 -5.7933 -5.6652 -5.5222 -5.3619
 -5.1984 -5.0239 -4.8256 -4.6129 -4.4061 -3.9342 -3.5271 -3.2044 -2.9626 -2.7757
 -2.6238 -2.4947 -2.3791
 -7.0414 -6.7056 -6.4056 -6.1356 -5.8937 -5.6814 -5.5007 -5.3488 -5.2061 -5.0611
 -4.9065 -4.7408 -4.5725 -4.3897 -4.2078 -3.7968 -3.4436 -3.1565 -2.9395 -2.7712
 -2.6333 -2.5149 -2.4099 -2.3152 -2.2282
 -6.8524 -6.5483 -6.2694 -6.0098 -5.7669 -5.5418 -5.3364 -5.1532 -4.9908 -4.8426
 -4.6956 -4.5415 -4.3863 -4.2247 -4.0601 -3.6941 -3.3834 -3.1256 -2.9280 -2.7748
 -2.6489 -2.5400 -2.4425 -2.3535 -2.2715 -2.1955
 -6.6430 -6.3759 -6.1273 -5.8901 -5.6617 -5.4420 -5.2332 -5.0382 -4.8601 -4.6982
 -4.5476 -4.4025 -4.2580 -4.1151 -3.9660 -3.6249 -3.3438 -3.1079 -2.9241 -2.7825
 -2.6670 -2.5669 -2.4769 -2.3940 -2.3169 -2.2449 -2.1786 -2.1162 -2.0604 -2.0259
 -6.4232 -6.1903 -5.9729 -5.7642 -5.5583 -5.3550 -5.1554 -4.9629 -4.7803 -4.6114
 -4.4556 -4.3102 -4.1714 -4.0383 -3.9042 -3.5875 -3.3215 -3.1012 -2.9251 -2.7909
 -2.6838 -2.5921 -2.5100 -2.4340 -2.3626 -2.2952 -2.2323 -2.1738 -2.1206 -2.0762
 -2.0510
 -6.2194 -6.0081 -5.8118 -5.6293 -5.4487 -5.2674 -5.0844 -4.9028 -4.7259 -4.5568
 -4.3984 -4.2517 -4.1147 -3.9853 -3.8599 -3.5670 -3.3128 -3.1021 -2.9317 -2.7988
 -2.6962 -2.6128 -2.5386 -2.4703 -2.4059 -2.3443 -2.2861 -2.2331 -2.1852 -2.1420
 -2.1031
 -5.9730 -5.8247 -5.6627 -5.4885 -5.3295 -5.1702 -5.0078 -4.8429 -4.6774 -4.5148
 -4.3585 -4.2115 -4.0747 -3.9471 -3.8257 -3.5495 -3.3079 -3.1049 -2.9377 -2.8058
 -2.7054 -2.6262 -2.5594 -2.4992 -2.4428 -2.3885 -2.3364 -2.2865 -2.2398 -2.1972
 -2.1615
 -5.7875 -5.6544 -5.5084 -5.3509 -5.2090 -5.0671 -4.9245 -4.7784 -4.6292 -4.4786
 -4.3297 -4.1858 -4.0498 -3.9229 -3.8038 -3.5368 -3.3071 -3.1099 -2.9471 -2.8156
 -2.7139 -2.6359 -2.5737 -2.5208 -2.4726 -2.4266 -2.3821 -2.3390 -2.2976 -2.2587
 -2.2226
 -5.6291 -5.4972 -5.3657 -5.2349 -5.1086 -4.9846 -4.8584 -4.7012 -4.5695 -4.4346
 -4.2979 -4.1619 -4.0299 -3.9046 -3.7869 -3.5253 -3.3042 -3.1139 -2.9541 -2.8243
 -2.7219 -2.6430 -2.5823 -2.5340 -2.4929 -2.4553 -2.4193 -2.3841 -2.3497 -2.3166
 -2.2856
 -5.4976 -5.3530 -5.2348 -5.1405 -5.0284 -4.9228 -4.7559 -4.6410 -4.5225 -4.3755
 -4.2539 -4.1304 -4.0071 -3.8867 -3.7750 -3.5150 -3.2992 -3.1169 -2.9587
 [Fe/H] = -2.50 [alpha/Fe] = 0.40 BC value = BX   
 -7.9918 -7.8761 -7.8474 -7.6613 -7.2896 -6.9660 -6.8809 -6.9028 -6.8148 -6.5637
 -6.2677 -5.9636 -5.6838 -5.4300 -5.1700 -4.5352
 -7.5603 -7.3142 -7.1555 -6.9607 -6.7137 -6.5008 -6.3878 -6.3175 -6.2020 -6.0146
 -5.7932 -5.5487 -5.2986 -5.0584 -4.8238 -4.2742 -3.7810 -3.3767 -3.0461
 -7.2370 -6.9026 -6.6517 -6.4402 -6.2596 -6.1072 -5.9749 -5.8491 -5.7157 -5.5654
 -5.3924 -5.1931 -4.9725 -4.7491 -4.5365 -4.0567 -3.6362 -3.2836 -3.0030 -2.7870
 -2.6273
 -7.0219 -6.6413 -6.3360 -6.0998 -5.9273 -5.7852 -5.6422 -5.4976 -5.3559 -5.2161
 -5.0653 -4.8968 -4.7055 -4.5021 -4.3081 -3.8827 -3.5204 -3.2124 -2.9693 -2.7797
 -2.6257 -2.4955 -2.3814
 -6.9150 -6.5303 -6.2084 -5.9395 -5.7168 -5.5348 -5.3897 -5.2630 -5.1226 -4.9667
 -4.8119 -4.6598 -4.4976 -4.3174 -4.1386 -3.7522 -3.4336 -3.1631 -2.9450 -2.7737
 -2.6339 -2.5141 -2.4084 -2.3136 -2.2268
 -6.8414 -6.4671 -6.1470 -5.8710 -5.6312 -5.4228 -5.2419 -5.0844 -4.9456 -4.8109
 -4.6597 -4.4994 -4.3452 -4.1858 -4.0212 -3.6616 -3.3728 -3.1309 -2.9328 -2.7761
 -2.6480 -2.5378 -2.4395 -2.3502 -2.2681 -2.1922
 -6.7674 -6.4148 -6.1069 -5.8352 -5.5927 -5.3744 -5.1773 -4.9995 -4.8385 -4.6904
 -4.5495 -4.4054 -4.2559 -4.1057 -3.9492 -3.6041 -3.3339 -3.1117 -2.9284 -2.7829
 -2.6648 -2.5634 -2.4727 -2.3896 -2.3124 -2.2407 -2.1748 -2.1125 -2.0566 -2.0223
 -6.6788 -6.3554 -6.0678 -5.8086 -5.5715 -5.3530 -5.1505 -4.9626 -4.7892 -4.6287
 -4.4784 -4.3350 -4.1944 -4.0571 -3.9141 -3.5761 -3.3128 -3.1025 -2.9289 -2.7908
 -2.6808 -2.5877 -2.5048 -2.4285 -2.3572 -2.2901 -2.2276 -2.1696 -2.1166 -2.0722
 -2.0472
 -6.5773 -6.2832 -6.0195 -5.7785 -5.5532 -5.3411 -5.1398 -4.9493 -4.7697 -4.6016
 -4.4442 -4.2960 -4.1553 -4.0206 -3.8889 -3.5708 -3.3070 -3.1010 -2.9331 -2.7986
 -2.6936 -2.6078 -2.5327 -2.4641 -2.3997 -2.3384 -2.2806 -2.2264 -2.1765 -2.1324
 -2.0989
 -6.4641 -6.1977 -5.9565 -5.7351 -5.5257 -5.3245 -5.1301 -4.9423 -4.7623 -4.5910
 -4.4291 -4.2767 -4.1333 -3.9977 -3.8683 -3.5666 -3.3096 -3.1036 -2.9385 -2.8052
 -2.7020 -2.6209 -2.5532 -2.4926 -2.4360 -2.3820 -2.3303 -2.2811 -2.2349 -2.1928
 -2.1573
 -6.3541 -6.1131 -5.8891 -5.6834 -5.4897 -5.3020 -5.1187 -4.9383 -4.7622 -4.5919
 -4.4289 -4.2740 -4.1279 -3.9907 -3.8608 -3.5657 -3.3163 -3.1114 -2.9472 -2.8144
 -2.7104 -2.6306 -2.5675 -2.5141 -2.4657 -2.4198 -2.3758 -2.3332 -2.2923 -2.2539
 -2.2183
 -6.2514 -6.0267 -5.8181 -5.6233 -5.4403 -5.2658 -5.0948 -4.9253 -4.7574 -4.5923
 -4.4317 -4.2772 -4.1301 -3.9911 -3.8600 -3.5659 -3.3213 -3.1187 -2.9551 -2.8230
 -2.7183 -2.6378 -2.5762 -2.5274 -2.4861 -2.4485 -2.4128 -2.3781 -2.3441 -2.3115
 -2.2810
 -6.1559 -5.9385 -5.7419 -5.5559 -5.3812 -5.2153 -5.0550 -4.8973 -4.7400 -4.5840
 -4.4298 -4.2793 -4.1338 -3.9949 -3.8659 -3.5672 -3.3246 -3.1255 -2.9622
 [Fe/H] = -2.00 [alpha/Fe] = 0.40 BC value = BX   
 -8.1874 -7.9152 -7.6974 -7.5236 -7.3380 -7.1505 -6.9490 -6.7331 -6.5016 -6.2612
 -6.0087 -5.7496 -5.4962 -5.2539 -4.9884 -4.4542
 -7.7051 -7.3984 -7.1433 -6.9279 -6.7409 -6.5676 -6.3941 -6.2110 -6.0175 -5.8146
 -5.5972 -5.3652 -5.1273 -4.8986 -4.6736 -4.1960 -3.7697 -3.3925 -3.0839
 -7.3220 -6.9782 -6.6939 -6.4615 -6.2679 -6.0986 -5.9405 -5.7801 -5.6146 -5.4415
 -5.2550 -5.0513 -4.8337 -4.6190 -4.4197 -3.9870 -3.6176 -3.2944 -3.0242 -2.8088
 -2.6346
 -7.0381 -6.6546 -6.3492 -6.1244 -5.9189 -5.7436 -5.5882 -5.4404 -5.2929 -5.1419
 -4.9821 -4.8079 -4.6154 -4.4151 -4.2267 -3.8272 -3.5003 -3.2195 -2.9812 -2.7882
 -2.6292 -2.4982 -2.3820
 -6.8833 -6.4700 -6.1419 -5.8876 -5.6856 -5.5153 -5.3595 -5.2070 -5.0589 -4.9149
 -4.7703 -4.6198 -4.4554 -4.2737 -4.0946 -3.7166 -3.4178 -3.1678 -2.9549 -2.7800
 -2.6365 -2.5144 -2.4072 -2.3115 -2.2241
 -6.8642 -6.4388 -6.0835 -5.8000 -5.5732 -5.3862 -5.2247 -5.0768 -4.9326 -4.7845
 -4.6319 -4.4841 -4.3366 -4.1781 -4.0099 -3.6451 -3.3635 -3.1344 -2.9410 -2.7805
 -2.6484 -2.5357 -2.4362 -2.3462 -2.2638 -2.1887
 -6.8930 -6.4590 -6.0928 -5.7859 -5.5283 -5.3111 -5.1264 -4.9669 -4.8262 -4.6988
 -4.5657 -4.4158 -4.2641 -4.1142 -3.9587 -3.6031 -3.3306 -3.1143 -2.9349 -2.7857
 -2.6632 -2.5593 -2.4673 -2.3836 -2.3063 -2.2347 -2.1691 -2.1071 -2.0510 -2.0165
 -6.9381 -6.5057 -6.1348 -5.8200 -5.5513 -5.3198 -5.1182 -4.9407 -4.7820 -4.6366
 -4.5004 -4.3682 -4.2303 -4.0866 -3.9361 -3.5830 -3.3133 -3.1041 -2.9336 -2.7927
 -2.6779 -2.5820 -2.4977 -2.4209 -2.3495 -2.2827 -2.2207 -2.1633 -2.1105 -2.0656
 -2.0408
 -6.9768 -6.5572 -6.1904 -5.8730 -5.5977 -5.3568 -5.1432 -4.9517 -4.7785 -4.6200
 -4.4717 -4.3310 -4.1958 -4.0643 -3.9295 -3.5835 -3.3080 -3.1008 -2.9353 -2.7997
 -2.6902 -2.6010 -2.5244 -2.4551 -2.3906 -2.3296 -2.2724 -2.2189 -2.1698 -2.1259
 -2.0922
 -6.9883 -6.5876 -6.2364 -5.9256 -5.6504 -5.4049 -5.1835 -4.9821 -4.7974 -4.6272
 -4.4688 -4.3198 -4.1782 -4.0434 -3.9146 -3.5922 -3.3130 -3.1013 -2.9377 -2.8049
 -2.6983 -2.6138 -2.5441 -2.4827 -2.4259 -2.3720 -2.3210 -2.2725 -2.2272 -2.1859
 -2.1508
 -6.9739 -6.6043 -6.2719 -5.9739 -5.7053 -5.4607 -5.2357 -5.0278 -4.8349 -4.6557
 -4.4885 -4.3317 -4.1838 -4.0438 -3.9114 -3.6012 -3.3293 -3.1109 -2.9446 -2.8124
 -2.7064 -2.6236 -2.5583 -2.5038 -2.4549 -2.4091 -2.3655 -2.3236 -2.2837 -2.2463
 -2.2116
 -6.9392 -6.5977 -6.2866 -6.0039 -5.7461 -5.5083 -5.2861 -5.0766 -4.8793 -4.6938
 -4.5197 -4.3565 -4.2028 -4.0578 -3.9207 -3.6089 -3.3432 -3.1244 -2.9533 -2.8200
 -2.7138 -2.6308 -2.5671 -2.5171 -2.4752 -2.4374 -2.4020 -2.3679 -2.3348 -2.3032
 -2.2736
 -6.8853 -6.5719 -6.2830 -6.0162 -5.7691 -5.5391 -5.3237 -5.1186 -4.9220 -4.7344
 -4.5563 -4.3882 -4.2298 -4.0805 -3.9425 -3.6153 -3.3547 -3.1418 -2.9638
 [Fe/H] = -1.50 [alpha/Fe] = 0.40 BC value = BX   
 -8.5851 -8.3746 -8.1683 -7.9544 -7.7390 -7.4834 -7.1648 -6.7879 -6.4331 -6.1152
 -5.8213 -5.5487 -5.2971 -5.0660 -4.8526 -4.3778
 -8.0065 -7.7682 -7.5426 -7.3215 -7.1023 -6.8660 -6.5928 -6.2839 -5.9931 -5.7253
 -5.4697 -5.2205 -4.9811 -4.7593 -4.5571 -4.1217 -3.7469 -3.4092 -3.1139
 -7.5598 -7.2893 -7.0409 -6.8089 -6.5868 -6.3662 -6.1308 -5.8763 -5.6350 -5.4078
 -5.1862 -4.9627 -4.7394 -4.5273 -4.3337 -3.9266 -3.5919 -3.3011 -3.0450 -2.8279
 -2.6489
 -7.2450 -6.9379 -6.6632 -6.4166 -6.1926 -5.9839 -5.7788 -5.5651 -5.3588 -5.1627
 -4.9708 -4.7753 -4.5720 -4.3700 -4.1824 -3.7925 -3.4838 -3.2243 -2.9983 -2.8038
 -2.6417 -2.5051 -2.3871
 -7.0495 -6.6900 -6.3927 -6.1365 -5.9061 -5.6997 -5.5101 -5.3249 -5.1443 -4.9717
 -4.8037 -4.6341 -4.4554 -4.2678 -4.0859 -3.7054 -3.4123 -3.1730 -2.9686 -2.7922
 -2.6436 -2.5174 -2.4076 -2.3100 -2.2213
 -6.9758 -6.5632 -6.2203 -5.9358 -5.6990 -5.5012 -5.3296 -5.1603 -4.9929 -4.8317
 -4.6769 -4.5248 -4.3691 -4.2017 -4.0283 -3.6528 -3.3676 -3.1409 -2.9515 -2.7893
 -2.6519 -2.5352 -2.4332 -2.3418 -2.2588 -2.1826
 -7.0171 -6.5661 -6.1788 -5.8529 -5.5837 -5.3625 -5.1816 -5.0321 -4.8962 -4.7565
 -4.6045 -4.4527 -4.3048 -4.1554 -3.9959 -3.6245 -3.3417 -3.1222 -2.9428 -2.7915
 -2.6637 -2.5554 -2.4610 -2.3762 -2.2985 -2.2269 -2.1614 -2.0994 -2.0433 -2.0081
 -7.1242 -6.6401 -6.2234 -5.8713 -5.5767 -5.3320 -5.1286 -4.9571 -4.8087 -4.6779
 -4.5553 -4.4232 -4.2770 -4.1277 -3.9783 -3.6140 -3.3291 -3.1124 -2.9394 -2.7959
 -2.6760 -2.5754 -2.4885 -2.4106 -2.3389 -2.2723 -2.2109 -2.1542 -2.1017 -2.0562
 -2.0305
 -7.2802 -6.7671 -6.3228 -5.9455 -5.6287 -5.3631 -5.1391 -4.9485 -4.7839 -4.6374
 -4.5030 -4.3769 -4.2532 -4.1208 -3.9779 -3.6170 -3.3267 -3.1090 -2.9391 -2.8009
 -2.6874 -2.5928 -2.5131 -2.4425 -2.3776 -2.3169 -2.2605 -2.2072 -2.1584 -2.1161
 -2.0814
 -7.4389 -6.9182 -6.4531 -6.0555 -5.7179 -5.4322 -5.1891 -4.9799 -4.7974 -4.6357
 -4.4887 -4.3516 -4.2211 -4.0959 -3.9703 -3.6304 -3.3308 -3.1085 -2.9392 -2.8041
 -2.6941 -2.6049 -2.5315 -2.4683 -2.4110 -2.3574 -2.3071 -2.2596 -2.2155 -2.1754
 -2.1405
 -7.5722 -7.0626 -6.6003 -6.1929 -5.8399 -5.5364 -5.2749 -5.0475 -4.8473 -4.6689
 -4.5075 -4.3589 -4.2193 -4.0868 -3.9602 -3.6478 -3.3510 -3.1172 -2.9444 -2.8096
 -2.7014 -2.6147 -2.5455 -2.4887 -2.4389 -2.3931 -2.3500 -2.3090 -2.2703 -2.2343
 -2.2011
 -7.6597 -7.1764 -6.7325 -6.3279 -5.9713 -5.6575 -5.3820 -5.1386 -4.9218 -4.7274
 -4.5510 -4.3894 -4.2395 -4.0988 -3.9657 -3.6571 -3.3745 -3.1347 -2.9531 -2.8160
 -2.7079 -2.6218 -2.5546 -2.5020 -2.4587 -2.4205 -2.3855 -2.3520 -2.3200 -2.2896
 -2.2615
 -7.6844 -7.2408 -6.8260 -6.4403 -6.0911 -5.7773 -5.4960 -5.2423 -5.0126 -4.8040
 -4.6136 -4.4393 -4.2783 -4.1285 -3.9868 -3.6583 -3.4013 -3.1610 -2.9653
 [Fe/H] = -1.00 [alpha/Fe] = 0.40 BC value = BX   
 -9.0487 -8.9067 -8.7569 -8.5856 -8.4115 -8.1357 -7.6840 -7.0759 -6.5598 -6.0318
 -5.6781 -5.3870 -5.1385 -4.9166 -4.7161 -4.2831
 -8.4402 -8.2803 -8.1174 -7.9401 -7.7441 -7.4800 -7.0958 -6.5922 -6.1125 -5.7196
 -5.3999 -5.1269 -4.8860 -4.6700 -4.4753 -4.0639 -3.7259 -3.4206 -3.1439
 -7.9382 -7.7572 -7.5780 -7.3922 -7.1865 -6.9399 -6.6167 -6.2045 -5.8097 -5.4709
 -5.1827 -4.9288 -4.6981 -4.4881 -4.2978 -3.9006 -3.5819 -3.3105 -3.0707 -2.8577
 -2.6740
 -7.5427 -7.3374 -7.1387 -6.9419 -6.7387 -6.5154 -6.2467 -5.9128 -5.5814 -5.2857
 -5.0265 -4.7927 -4.5748 -4.3709 -4.1836 -3.7932 -3.4883 -3.2368 -3.0199 -2.8284
 -2.6614 -2.5192 -2.3964
 -7.2678 -7.0282 -6.8036 -6.5891 -6.3803 -6.1701 -5.9445 -5.6757 -5.3968 -5.1386
 -4.9065 -4.6942 -4.4924 -4.2978 -4.1139 -3.7259 -3.4279 -3.1886 -2.9869 -2.8114
 -2.6581 -2.5261 -2.4118 -2.3117 -2.2209
 -7.1241 -6.8265 -6.5687 -6.3333 -6.1112 -5.9001 -5.6943 -5.4753 -5.2410 -5.0158
 -4.8084 -4.6167 -4.4333 -4.2521 -4.0744 -3.6869 -3.3908 -3.1585 -2.9669 -2.8032
 -2.6612 -2.5387 -2.4324 -2.3383 -2.2540 -2.1767
 -7.1160 -6.7352 -6.4077 -6.1299 -5.8937 -5.6883 -5.4980 -5.3100 -5.1118 -4.9138
 -4.7265 -4.5520 -4.3857 -4.2207 -4.0535 -3.6681 -3.3701 -3.1410 -2.9559 -2.8008
 -2.6681 -2.5540 -2.4553 -2.3680 -2.2891 -2.2171 -2.1513 -2.0889 -2.0333 -1.9980
 -7.1967 -6.7595 -6.3745 -6.0421 -5.7603 -5.5217 -5.3188 -5.1459 -4.9891 -4.8323
 -4.6692 -4.5061 -4.3485 -4.1953 -4.0421 -3.6641 -3.3613 -3.1320 -2.9509 -2.8018
 -2.6765 -2.5699 -2.4784 -2.3979 -2.3252 -2.2586 -2.1977 -2.1416 -2.0893 -2.0441
 -2.0175
 -7.3543 -6.8650 -6.4331 -6.0582 -5.7372 -5.4665 -5.2387 -5.0456 -4.8785 -4.7307
 -4.5973 -4.4679 -4.3302 -4.1839 -4.0362 -3.6716 -3.3625 -3.1296 -2.9498 -2.8046
 -2.6846 -2.5844 -2.4995 -2.4260 -2.3601 -2.2995 -2.2437 -2.1923 -2.1453 -2.1025
 -2.0681
 -7.5956 -7.0428 -6.5628 -6.1462 -5.7896 -5.4879 -5.2340 -5.0201 -4.8379 -4.6796
 -4.5382 -4.4092 -4.2880 -4.1666 -4.0354 -3.6842 -3.3696 -3.1305 -2.9494 -2.8065
 -2.6903 -2.5948 -2.5158 -2.4491 -2.3903 -2.3367 -2.2871 -2.2409 -2.1983 -2.1597
 -2.1259
 -7.8802 -7.2950 -6.7674 -6.3075 -5.9128 -5.5781 -5.2960 -5.0577 -4.8551 -4.6807
 -4.5274 -4.3891 -4.2608 -4.1389 -4.0200 -3.7054 -3.3898 -3.1408 -2.9549 -2.8115
 -2.6970 -2.6043 -2.5294 -2.4682 -2.4162 -2.3699 -2.3274 -2.2875 -2.2504 -2.2162
 -2.1855
 -8.1498 -7.5552 -7.0117 -6.5191 -6.0896 -5.7219 -5.4098 -5.1451 -4.9189 -4.7239
 -4.5532 -4.4012 -4.2627 -4.1333 -4.0101 -3.7152 -3.4189 -3.1591 -2.9646 -2.8179
 -2.7032 -2.6117 -2.5390 -2.4816 -2.4352 -2.3959 -2.3608 -2.3282 -2.2977 -2.2691
 -2.2429
 -8.3400 -7.7782 -7.2402 -6.7435 -6.2948 -5.9025 -5.5643 -5.2735 -5.0231 -4.8055
 -4.6146 -4.4448 -4.2918 -4.1516 -4.0057 -3.7136 -3.4569 -3.1854 -2.9785
 [Fe/H] = -0.75 [alpha/Fe] = 0.30 BC value = BX   
 -9.2263 -9.1016 -8.9681 -8.8107 -8.6554 -8.3771 -7.8810 -7.1959 -6.6036 -6.0251
 -5.6529 -5.3564 -5.1067 -4.8887 -4.6911 -4.2679
 -8.6209 -8.4796 -8.3345 -8.1728 -7.9900 -7.7234 -7.3069 -6.7369 -6.1839 -5.7428
 -5.4004 -5.1196 -4.8777 -4.6638 -4.4712 -4.0656 -3.7314 -3.4360 -3.1657
 -8.1145 -7.9533 -7.7929 -7.6236 -7.4285 -7.1805 -6.8340 -6.3669 -5.9076 -5.5209
 -5.2062 -4.9411 -4.7079 -4.4985 -4.3095 -3.9148 -3.5985 -3.3294 -3.0910 -2.8779
 -2.6918
 -7.7071 -7.5227 -7.3433 -7.1631 -6.9709 -6.7483 -6.4623 -6.0859 -5.7008 -5.3594
 -5.0703 -4.8209 -4.5973 -4.3928 -4.2060 -3.8155 -3.5096 -3.2571 -3.0391 -2.8463
 -2.6761 -2.5299 -2.4030
 -7.4111 -7.1950 -6.9902 -6.7922 -6.5948 -6.3876 -6.1513 -5.8516 -5.5296 -5.2305
 -4.9676 -4.7359 -4.5245 -4.3269 -4.1427 -3.7529 -3.4517 -3.2093 -3.0048 -2.8268
 -2.6702 -2.5341 -2.4160 -2.3122 -2.2190
 -7.2409 -6.9764 -6.7377 -6.5153 -6.3025 -6.0952 -5.8846 -5.6457 -5.3788 -5.1191
 -4.8827 -4.6700 -4.4734 -4.2861 -4.1067 -3.7165 -3.4156 -3.1789 -2.9834 -2.8161
 -2.6706 -2.5440 -2.4343 -2.3379 -2.2518 -2.1736
 -7.1937 -6.8416 -6.5445 -6.2929 -6.0728 -5.8673 -5.6668 -5.4639 -5.2429 -5.0189
 -4.8078 -4.6138 -4.4331 -4.2590 -4.0879 -3.6988 -3.3950 -3.1607 -2.9711 -2.8117
 -2.6751 -2.5568 -2.4546 -2.3650 -2.2848 -2.2123 -2.1456 -2.0831 -2.0277 -1.9926
 -7.2545 -6.8350 -6.4669 -6.1522 -5.8849 -5.6558 -5.4581 -5.2835 -5.1117 -4.9298
 -4.7448 -4.5667 -4.3988 -4.2379 -4.0783 -3.6953 -3.3864 -3.1511 -2.9650 -2.8112
 -2.6814 -2.5706 -2.4754 -2.3925 -2.3185 -2.2514 -2.1905 -2.1342 -2.0821 -2.0373
 -2.0109
 -7.3947 -6.9198 -6.4993 -6.1330 -5.8199 -5.5546 -5.3290 -5.1351 -4.9652 -4.8117
 -4.6692 -4.5264 -4.3765 -4.2238 -4.0729 -3.7029 -3.3879 -3.1485 -2.9631 -2.8131
 -2.6884 -2.5836 -2.4947 -2.4185 -2.3512 -2.2902 -2.2346 -2.1834 -2.1362 -2.0944
 -2.0594
 -7.6158 -7.0817 -6.6102 -6.1990 -5.8454 -5.5451 -5.2916 -5.0771 -4.8930 -4.7316
 -4.5871 -4.4560 -4.3328 -4.2069 -4.0709 -3.7157 -3.3958 -3.1497 -2.9626 -2.8145
 -2.6934 -2.5933 -2.5101 -2.4401 -2.3796 -2.3254 -2.2759 -2.2302 -2.1882 -2.1504
 -2.1173
 -7.9131 -7.3297 -6.8044 -6.3462 -5.9512 -5.6154 -5.3317 -5.0921 -4.8886 -4.7134
 -4.5595 -4.4209 -4.2930 -4.1723 -4.0542 -3.7360 -3.4166 -3.1608 -2.9685 -2.8195
 -2.7000 -2.6027 -2.5234 -2.4586 -2.4045 -2.3572 -2.3146 -2.2752 -2.2386 -2.2055
 -2.1756
 -8.2122 -7.6087 -7.0539 -6.5546 -6.1204 -5.7479 -5.4318 -5.1644 -4.9370 -4.7419
 -4.5721 -4.4216 -4.2850 -4.1577 -4.0366 -3.7452 -3.4458 -3.1800 -2.9790 -2.8263
 -2.7064 -2.6102 -2.5333 -2.4722 -2.4232 -2.3824 -2.3469 -2.3145 -2.2845 -2.2568
 -2.2316
 -8.4437 -7.8573 -7.3018 -6.7907 -6.3299 -5.9273 -5.5812 -5.2850 -5.0318 -4.8136
 -4.6236 -4.4559 -4.3057 -4.1684 -4.0181 -3.7433 -3.4834 -3.2073 -2.9941
 [Fe/H] = -0.50 [alpha/Fe] = 0.20 BC value = BX   
 -9.4405 -9.3237 -9.1968 -9.0451 -8.9007 -8.6119 -8.0684 -7.3725 -6.6479 -6.0851
 -5.6355 -5.3334 -5.0822 -4.8649 -4.6724 -4.2602
 -8.8331 -8.7016 -8.5661 -8.4134 -8.2391 -7.9675 -7.5180 -6.8826 -6.2579 -5.7716
 -5.4069 -5.1187 -4.8758 -4.6632 -4.4735 -4.0740 -3.7464 -3.4573 -3.1918
 -8.3195 -8.1700 -8.0215 -7.8635 -7.6765 -7.4274 -7.0583 -6.5362 -6.0113 -5.5746
 -5.2342 -4.9586 -4.7232 -4.5148 -4.3273 -3.9352 -3.6212 -3.3536 -3.1159 -2.9020
 -2.7135
 -7.8997 -7.7289 -7.5630 -7.3954 -7.2128 -6.9916 -6.6893 -6.2704 -5.8277 -5.4371
 -5.1174 -4.8531 -4.6244 -4.4197 -4.2338 -3.8438 -3.5370 -3.2830 -3.0631 -2.8682
 -2.6950 -2.5440 -2.4136
 -7.5838 -7.3843 -7.1943 -7.0096 -6.8225 -6.6189 -6.3725 -6.0415 -5.6731 -5.3281
 -5.0318 -4.7804 -4.5601 -4.3602 -4.1762 -3.7857 -3.4814 -3.2357 -3.0276 -2.8463
 -2.6862 -2.5459 -2.4242 -2.3178 -2.2227
 -7.3899 -7.1453 -6.9221 -6.7124 -6.5096 -6.3073 -6.0925 -5.8323 -5.5297 -5.2305
 -4.9612 -4.7258 -4.5163 -4.3235 -4.1430 -3.7512 -3.4460 -3.2048 -3.0048 -2.8333
 -2.6839 -2.5529 -2.4390 -2.3395 -2.2512 -2.1713
 -7.2960 -6.9756 -6.7099 -6.4811 -6.2684 -6.0608 -5.8545 -5.6385 -5.3921 -5.1367
 -4.8962 -4.6793 -4.4829 -4.3000 -4.1256 -3.7344 -3.4254 -3.1855 -2.9910 -2.8268
 -2.6858 -2.5631 -2.4564 -2.3636 -2.2814 -2.2073 -2.1396 -2.0767 -2.0216 -1.9866
 -7.3291 -6.9262 -6.5785 -6.2851 -6.0362 -5.8212 -5.6294 -5.4479 -5.2541 -5.0441
 -4.8339 -4.6364 -4.4541 -4.2829 -4.1174 -3.7310 -3.4165 -3.1750 -2.9835 -2.8247
 -2.6901 -2.5745 -2.4747 -2.3883 -2.3122 -2.2442 -2.1828 -2.1267 -2.0740 -2.0295
 -2.0035
 -7.4490 -6.9860 -6.5771 -6.2230 -5.9210 -5.6646 -5.4440 -5.2516 -5.0789 -4.9164
 -4.7572 -4.5948 -4.4301 -4.2694 -4.1137 -3.7382 -3.4179 -3.1720 -2.9807 -2.8254
 -2.6956 -2.5857 -2.4922 -2.4121 -2.3424 -2.2803 -2.2245 -2.1738 -2.1273 -2.0851
 -2.0506
 -7.6526 -7.1288 -6.6654 -6.2607 -5.9129 -5.6172 -5.3667 -5.1528 -4.9667 -4.8008
 -4.6513 -4.5159 -4.3866 -4.2527 -4.1102 -3.7506 -3.4264 -3.1734 -2.9800 -2.8262
 -2.6997 -2.5943 -2.5062 -2.4321 -2.3689 -2.3133 -2.2636 -2.2182 -2.1769 -2.1398
 -2.1072
 -7.9503 -7.3655 -6.8442 -6.3888 -5.9960 -5.6616 -5.3788 -5.1396 -4.9357 -4.7590
 -4.6026 -4.4620 -4.3333 -4.2126 -4.0935 -3.7701 -3.4477 -3.1855 -2.9863 -2.8312
 -2.7061 -2.6034 -2.5192 -2.4499 -2.3925 -2.3434 -2.3003 -2.2611 -2.2253 -2.1929
 -2.1641
 -8.2731 -7.6569 -7.0936 -6.5888 -6.1514 -5.7766 -5.4594 -5.1914 -4.9639 -4.7691
 -4.5996 -4.4495 -4.3134 -4.1872 -4.0679 -3.7788 -3.4768 -3.2059 -2.9979 -2.8386
 -2.7129 -2.6113 -2.5293 -2.4635 -2.4108 -2.3677 -2.3312 -2.2988 -2.2693 -2.2425
 -2.2182
 -8.5382 -7.9308 -7.3576 -6.8323 -6.3592 -5.9490 -5.5973 -5.2984 -5.0442 -4.8266
 -4.6379 -4.4723 -4.3243 -4.1893 -4.0334 -3.7767 -3.5137 -3.2346 -3.0148
 [Fe/H] = -0.25 [alpha/Fe] = 0.10 BC value = BX   
 -9.6828 -9.5667 -9.4409 -9.2883 -9.1402 -8.8244 -8.2296 -7.4350 -6.6906 -6.0931
 -5.6696 -5.3497 -5.0919 -4.8694 -4.6594 -4.2558
 -9.0734 -8.9445 -8.8122 -8.6623 -8.4885 -8.2035 -7.7153 -7.0161 -6.3331 -5.8043
 -5.4205 -5.1251 -4.8807 -4.6698 -4.4817 -4.0874 -3.7663 -3.4827 -3.2213
 -8.5539 -8.4088 -8.2654 -8.1128 -7.9293 -7.6755 -7.2784 -6.7033 -6.1138 -5.6312
 -5.2669 -4.9820 -4.7447 -4.5369 -4.3508 -3.9614 -3.6495 -3.3830 -3.1456 -2.9303
 -2.7392
 -8.1243 -7.9596 -7.8005 -7.6398 -7.4627 -7.2404 -6.9189 -6.4572 -5.9563 -5.5161
 -5.1672 -4.8894 -4.6564 -4.4515 -4.2667 -3.8778 -3.5703 -3.3148 -3.0925 -2.8949
 -2.7186 -2.5636 -2.4284
 -7.7929 -7.6018 -7.4200 -7.2433 -7.0628 -6.8606 -6.6019 -6.2382 -5.8204 -5.4271
 -5.0973 -4.8275 -4.5993 -4.3975 -4.2140 -3.8238 -3.5171 -3.2682 -3.0561 -2.8708
 -2.7070 -2.5623 -2.4361 -2.3250 -2.2253
 -7.5769 -7.3443 -7.1310 -6.9297 -6.7340 -6.5345 -6.3134 -6.0297 -5.6880 -5.3455
 -5.0411 -4.7830 -4.5615 -4.3641 -4.1829 -3.7910 -3.4823 -3.2368 -3.0320 -2.8557
 -2.7018 -2.5663 -2.4477 -2.3442 -2.2529 -2.1705
 -7.4409 -7.1516 -6.9100 -6.6904 -6.4788 -6.2702 -6.0598 -5.8285 -5.5530 -5.2616
 -4.9879 -4.7462 -4.5343 -4.3435 -4.1662 -3.7743 -3.4614 -3.2164 -3.0166 -2.8471
 -2.7010 -2.5736 -2.4621 -2.3650 -2.2797 -2.2039 -2.1355 -2.0701 -2.0152 -1.9802
 -7.4356 -7.0479 -6.7206 -6.4493 -6.2203 -6.0188 -5.8268 -5.6312 -5.4123 -5.1714
 -4.9321 -4.7110 -4.5116 -4.3297 -4.1589 -3.7704 -3.4521 -3.2047 -3.0077 -2.8432
 -2.7032 -2.5824 -2.4777 -2.3868 -2.3075 -2.2375 -2.1755 -2.1185 -2.0650 -2.0210
 -1.9953
 -7.5340 -7.0782 -6.6779 -6.3356 -6.0467 -5.8009 -5.5873 -5.3978 -5.2209 -5.0428
 -4.8588 -4.6722 -4.4904 -4.3192 -4.1568 -3.7769 -3.4533 -3.2010 -3.0038 -2.8427
 -2.7070 -2.5918 -2.4930 -2.4081 -2.3349 -2.2708 -2.2141 -2.1634 -2.1169 -2.0745
 -2.0406
 -7.7206 -7.2007 -6.7413 -6.3417 -5.9994 -5.7093 -5.4627 -5.2497 -5.0609 -4.8896
 -4.7338 -4.5899 -4.4491 -4.3036 -4.1540 -3.7886 -3.4617 -3.2024 -3.0024 -2.8425
 -2.7101 -2.5990 -2.5054 -2.4263 -2.3591 -2.3012 -2.2505 -2.2051 -2.1642 -2.1276
 -2.0956
 -8.0116 -7.4229 -6.9033 -6.4486 -6.0568 -5.7238 -5.4423 -5.2036 -4.9986 -4.8188
 -4.6582 -4.5141 -4.3833 -4.2607 -4.1383 -3.8079 -3.4832 -3.2154 -3.0092 -2.8476
 -2.7163 -2.6077 -2.5177 -2.4432 -2.3814 -2.3295 -2.2850 -2.2456 -2.2102 -2.1785
 -2.1509
 -8.3467 -7.7173 -7.1440 -6.6361 -6.1952 -5.8184 -5.5000 -5.2312 -5.0033 -4.8078
 -4.6372 -4.4857 -4.3489 -4.2231 -4.1049 -3.8166 -3.5121 -3.2368 -3.0220 -2.8557
 -2.7235 -2.6158 -2.5280 -2.4568 -2.3994 -2.3529 -2.3144 -2.2813 -2.2521 -2.2261
 -2.2029
 -8.6409 -8.0099 -7.4184 -6.8786 -6.3958 -5.9783 -5.6223 -5.3210 -5.0658 -4.8482
 -4.6603 -4.4955 -4.3486 -4.2150 -4.0538 -3.8147 -3.5484 -3.2666 -3.0408
 [Fe/H] =  0.00 [alpha/Fe] = 0.00 BC value = BX   
 -9.9771 -9.8565 -9.7218 -9.4986 -9.1651 -8.7177 -8.1543 -7.4737 -6.7256 -6.1066
 -5.6690 -5.3432 -5.0753 -4.8603 -4.6669 -4.2561
 -9.3592 -9.2234 -9.0842 -8.9273 -8.7236 -8.4102 -7.8810 -7.1213 -6.3979 -5.8386
 -5.4394 -5.1385 -4.8940 -4.6828 -4.4969 -4.1067 -3.7901 -3.5118 -3.2542
 -8.8354 -8.6843 -8.5360 -8.3791 -8.1897 -7.9209 -7.4817 -6.8488 -6.2053 -5.6856
 -5.3026 -5.0102 -4.7712 -4.5644 -4.3798 -3.9931 -3.6828 -3.4171 -3.1799 -2.9633
 -2.7691
 -8.3995 -8.2300 -8.0671 -7.9037 -7.7233 -7.4915 -7.1406 -6.6302 -6.0732 -5.5899
 -5.2171 -4.9286 -4.6923 -4.4876 -4.3039 -3.9167 -3.6088 -3.3520 -3.1274 -2.9268
 -2.7472 -2.5875 -2.4477
 -8.0585 -7.8642 -7.6797 -7.5010 -7.3186 -7.1107 -6.8314 -6.4285 -5.9593 -5.5200
 -5.1605 -4.8757 -4.6413 -4.4383 -4.2555 -3.8666 -3.5583 -3.3066 -3.0909 -2.9011
 -2.7331 -2.5838 -2.4527 -2.3377 -2.2322
 -7.8125 -7.5944 -7.3799 -7.1773 -6.9805 -6.7767 -6.5424 -6.2279 -5.8428 -5.4555
 -5.1176 -4.8395 -4.6082 -4.4074 -4.2259 -3.8352 -3.5243 -3.2750 -3.0657 -2.8841
 -2.7251 -2.5849 -2.4613 -2.3531 -2.2586 -2.1718
 -7.6572 -7.3885 -7.1528 -6.9297 -6.7136 -6.4999 -6.2804 -6.0268 -5.7164 -5.3849
 -5.0769 -4.8116 -4.5859 -4.3886 -4.2096 -3.8182 -3.5030 -3.2536 -3.0489 -2.8736
 -2.7218 -2.5891 -2.4726 -2.3705 -2.2813 -2.2032 -2.1314 -2.0638 -2.0090 -1.9735
 -7.6007 -7.2215 -6.9094 -6.6556 -6.4418 -6.2442 -6.0432 -5.8275 -5.5790 -5.3034
 -5.0316 -4.7852 -4.5692 -4.3776 -4.2025 -3.8134 -3.4930 -3.2407 -3.0382 -2.8678
 -2.7217 -2.5953 -2.4853 -2.3892 -2.3057 -2.2335 -2.1695 -2.1104 -2.0556 -2.0120
 -1.9863
 -7.6752 -7.2160 -6.8186 -6.4833 -6.2038 -5.9668 -5.7601 -5.5727 -5.3856 -5.1832
 -4.9680 -4.7540 -4.5536 -4.3708 -4.2017 -3.8185 -3.4934 -3.2359 -3.0330 -2.8658
 -2.7239 -2.6025 -2.4981 -2.4079 -2.3301 -2.2628 -2.2041 -2.1523 -2.1056 -2.0628
 -2.0294
 -7.8464 -7.3190 -6.8549 -6.4538 -6.1131 -5.8260 -5.5814 -5.3678 -5.1754 -4.9980
 -4.8329 -4.6757 -4.5186 -4.3589 -4.2009 -3.8292 -3.5013 -3.2371 -3.0308 -2.8646
 -2.7257 -2.6083 -2.5088 -2.4241 -2.3520 -2.2905 -2.2377 -2.1914 -2.1505 -2.1142
 -2.0824
 -8.1304 -7.5290 -7.0001 -6.5388 -6.1430 -5.8080 -5.5256 -5.2855 -5.0772 -4.8923
 -4.7264 -4.5780 -4.4437 -4.3169 -4.1885 -3.8486 -3.5224 -3.2505 -3.0378 -2.8694
 -2.7315 -2.6164 -2.5203 -2.4400 -2.3729 -2.3169 -2.2697 -2.2293 -2.1938 -2.1627
 -2.1358
 -8.4741 -7.8217 -7.2299 -6.7116 -6.2625 -5.8801 -5.5580 -5.2870 -5.0570 -4.8590
 -4.6853 -4.5310 -4.3924 -4.2664 -4.1486 -3.8582 -3.5510 -3.2727 -3.0517 -2.8784
 -2.7391 -2.6247 -2.5306 -2.4534 -2.3904 -2.3392 -2.2976 -2.2630 -2.2333 -2.2077
 -2.1856
 -8.7865 -8.1263 -7.5084 -6.9471 -6.4514 -6.0242 -5.6620 -5.3570 -5.0998 -4.8810
 -4.6923 -4.5271 -4.3799 -4.2467 -4.0812 -3.8580 -3.5871 -3.3037 -3.0725
 [Fe/H] =  0.25 [alpha/Fe] = 0.00 BC value = BX   
-10.2010-10.0945 -9.9762 -9.6827 -9.1854 -8.5608 -8.0135 -7.5852 -6.8544 -6.1968
 -5.7108 -5.3627 -5.0926 -4.8567 -4.6655 -4.2652
 -9.5942 -9.4777 -9.3579 -9.1701 -8.8844 -8.4855 -7.9619 -7.3049 -6.5624 -5.9424
 -5.4981 -5.1750 -4.9216 -4.7096 -4.5216 -4.1325 -3.8164 -3.5425 -3.2909
 -9.0611 -8.9318 -8.8055 -8.6694 -8.4967 -8.2338 -7.7757 -7.0923 -6.3946 -5.8080
 -5.3771 -5.0605 -4.8120 -4.6030 -4.4187 -4.0323 -3.7206 -3.4539 -3.2165 -3.0003
 -2.8035
 -8.6017 -8.4568 -8.3190 -8.1805 -8.0224 -7.8057 -7.4549 -6.9060 -6.2839 -5.7308
 -5.3066 -4.9897 -4.7416 -4.5336 -4.3500 -3.9632 -3.6525 -3.3924 -3.1654 -2.9624
 -2.7826 -2.6222 -2.4772
 -8.2229 -8.0585 -7.9033 -7.7538 -7.5991 -7.4131 -7.1437 -6.7186 -6.1907 -5.6794
 -5.2644 -4.9459 -4.6960 -4.4878 -4.3046 -3.9165 -3.6048 -3.3486 -3.1289 -2.9353
 -2.7636 -2.6107 -2.4752 -2.3552 -2.2471
 -7.9375 -7.7445 -7.5652 -7.3960 -7.2320 -7.0560 -6.8385 -6.5174 -6.0873 -5.6330
 -5.2353 -4.9185 -4.6669 -4.4580 -4.2752 -3.8858 -3.5715 -3.3169 -3.1028 -2.9164
 -2.7527 -2.6082 -2.4803 -2.3673 -2.2672 -2.1765
 -7.7614 -7.5253 -7.3115 -7.1149 -6.9290 -6.7455 -6.5493 -6.3002 -5.9628 -5.5752
 -5.2078 -4.8998 -4.6486 -4.4396 -4.2573 -3.8677 -3.5497 -3.2945 -3.0844 -2.9037
 -2.7463 -2.6088 -2.4878 -2.3811 -2.2872 -2.2042 -2.1292 -2.0584 -2.0035 -1.9668
 -7.6231 -7.3233 -7.0785 -6.8760 -6.6837 -6.4910 -6.2938 -6.0805 -5.8163 -5.4984
 -5.1733 -4.8823 -4.6366 -4.4293 -4.2483 -3.8605 -3.5385 -3.2802 -3.0719 -2.8958
 -2.7436 -2.6117 -2.4968 -2.3961 -2.3080 -2.2309 -2.1633 -2.1026 -2.0456 -2.0024
 -1.9762
 -7.6443 -7.2390 -6.8986 -6.6215 -6.3955 -6.2039 -6.0276 -5.8467 -5.6414 -5.3948
 -5.1234 -4.8603 -4.6265 -4.4241 -4.2459 -3.8626 -3.5377 -3.2744 -3.0649 -2.8917
 -2.7437 -2.6163 -2.5066 -2.4115 -2.3289 -2.2573 -2.1955 -2.1416 -2.0936 -2.0495
 -2.0166
 -7.7717 -7.2948 -6.8776 -6.5215 -6.2233 -5.9735 -5.7584 -5.5680 -5.3877 -5.2037
 -5.0077 -4.8051 -4.6049 -4.4171 -4.2454 -3.8699 -3.5443 -3.2749 -3.0615 -2.8889
 -2.7439 -2.6202 -2.5149 -2.4250 -2.3477 -2.2817 -2.2255 -2.1772 -2.1353 -2.0989
 -2.0666
 -8.0162 -7.4667 -6.9819 -6.5599 -6.1977 -5.8911 -5.6312 -5.4066 -5.2064 -5.0215
 -4.8487 -4.6868 -4.5346 -4.3873 -4.2410 -3.8867 -3.5637 -3.2882 -3.0683 -2.8931
 -2.7488 -2.6274 -2.5251 -2.4392 -2.3666 -2.3056 -2.2547 -2.2118 -2.1754 -2.1444
 -2.1180
 -8.3635 -7.7427 -7.1884 -6.7025 -6.2812 -5.9206 -5.6147 -5.3548 -5.1313 -4.9345
 -4.7574 -4.5973 -4.4534 -4.3231 -4.2013 -3.8992 -3.5905 -3.3109 -3.0831 -2.9024
 -2.7564 -2.6356 -2.5351 -2.4519 -2.3832 -2.3265 -2.2806 -2.2430 -2.2121 -2.1862
 -2.1649
 -8.7396 -8.0808 -7.4764 -6.9298 -6.4536 -6.0403 -5.6879 -5.3892 -5.1359 -4.9191
 -4.7304 -4.5639 -4.4155 -4.2822 -4.1263 -3.9074 -3.6247 -3.3430 -3.1059
 [Fe/H] =  0.50 [alpha/Fe] = 0.00 BC value = BX   
-10.3960-10.9918-11.0464-10.6244 -9.8553 -8.9971 -8.2513 -7.6756 -6.9966 -6.3184
 -5.7859 -5.4092 -5.1262 -4.8926 -4.6784 -4.2732
 -9.8070 -9.9421 -9.8905 -9.6715 -9.3021 -8.7972 -8.1702 -7.4532 -6.7360 -6.0783
 -5.5858 -5.2341 -4.9682 -4.7506 -4.5630 -4.1708 -3.8548 -3.5809 -3.3314
 -9.2762 -9.1721 -9.0631 -8.9454 -8.7848 -8.4960 -7.9972 -7.2898 -6.5851 -5.9550
 -5.4761 -5.1305 -4.8681 -4.6541 -4.4689 -4.0824 -3.7687 -3.4990 -3.2573 -3.0390
 -2.8417
 -8.8036 -8.6817 -8.5642 -8.4462 -8.3036 -8.0935 -7.7323 -7.1496 -6.4929 -5.8908
 -5.4176 -5.0683 -4.8039 -4.5897 -4.4050 -4.0189 -3.7058 -3.4414 -3.2109 -3.0047
 -2.8209 -2.6557 -2.5055
 -8.3963 -8.2555 -8.1241 -7.9981 -7.8642 -7.6932 -7.4277 -6.9856 -6.4157 -5.8534
 -5.3859 -5.0321 -4.7625 -4.5460 -4.3608 -3.9741 -3.6603 -3.3992 -3.1751 -2.9770
 -2.8004 -2.6431 -2.5028 -2.3778 -2.2631
 -8.0657 -7.9028 -7.7511 -7.6090 -7.4716 -7.3176 -7.1137 -6.7910 -6.3273 -5.8196
 -5.3682 -5.0119 -4.7366 -4.5165 -4.3302 -3.9428 -3.6271 -3.3675 -3.1483 -2.9566
 -2.7873 -2.6376 -2.5050 -2.3871 -2.2820 -2.1852
 -7.8349 -7.6343 -7.4543 -7.2887 -7.1328 -6.9779 -6.8037 -6.5630 -6.2084 -5.7745
 -5.3531 -5.0006 -4.7218 -4.4979 -4.3101 -3.9222 -3.6040 -3.3438 -3.1281 -2.9419
 -2.7784 -2.6350 -2.5090 -2.3975 -2.2988 -2.2110 -2.1307 -2.0579 -1.9998 -1.9611
 -7.6729 -7.4089 -7.2348 -7.0430 -6.8636 -6.6918 -6.5190 -6.3217 -6.0546 -5.7047
 -5.3298 -4.9923 -4.7139 -4.4878 -4.2987 -3.9112 -3.5908 -3.3279 -3.1135 -2.9316
 -2.7731 -2.6349 -2.5145 -2.4089 -2.3160 -2.2342 -2.1623 -2.0971 -2.0369 -1.9936
 -1.9663
 -7.6132 -7.2685 -6.9938 -6.7803 -6.6039 -6.4402 -6.2703 -6.0877 -5.8751 -5.6036
 -5.2878 -4.9786 -4.7089 -4.4842 -4.2945 -3.9089 -3.5873 -3.3204 -3.1046 -2.9253
 -2.7709 -2.6370 -2.5213 -2.4210 -2.3335 -2.2571 -2.1909 -2.1335 -2.0824 -2.0361
 -2.0036
 -7.6916 -7.2640 -6.8971 -6.5929 -6.3461 -6.1433 -5.9701 -5.8103 -5.6433 -5.4447
 -5.2043 -4.9442 -4.6972 -4.4803 -4.2932 -3.9116 -3.5910 -3.3193 -3.0996 -2.9207
 -2.7692 -2.6388 -2.5272 -2.4316 -2.3492 -2.2781 -2.2174 -2.1656 -2.1214 -2.0833
 -2.0499
 -7.8852 -7.3871 -6.9495 -6.5715 -6.2517 -5.9845 -5.7591 -5.5625 -5.3839 -5.2119
 -5.0329 -4.8444 -4.6537 -4.4692 -4.2964 -3.9243 -3.6069 -3.3313 -3.1056 -2.9236
 -2.7729 -2.6448 -2.5360 -2.4440 -2.3659 -2.2994 -2.2437 -2.1969 -2.1581 -2.1259
 -2.0992
 -8.2007 -7.6224 -7.1146 -6.6706 -6.2870 -5.9595 -5.6819 -5.4448 -5.2374 -5.0496
 -4.8737 -4.7076 -4.5514 -4.4055 -4.2670 -3.9387 -3.6302 -3.3529 -3.1204 -2.9328
 -2.7801 -2.6528 -2.5456 -2.4559 -2.3812 -2.3187 -2.2674 -2.2255 -2.1918 -2.1646
 -2.1430
 -8.5997 -7.9602 -7.3807 -6.8711 -6.4256 -6.0412 -5.7122 -5.4320 -5.1922 -4.9836
 -4.7979 -4.6295 -4.4765 -4.3385 -4.2050 -3.9548 -3.6609 -3.3841 -3.1440
 [Fe/H] =  0.75 [alpha/Fe] = 0.00 BC value = BX   
-10.5384-10.5554-10.2209 -9.6080 -8.9752 -8.4558 -8.0769 -7.7519 -7.1254 -6.4632
 -5.8899 -5.4796 -5.1793 -4.9441 -4.7349 -4.3154
 -9.9780 -9.9355 -9.7731 -9.5035 -9.1376 -8.6853 -8.1550 -7.5544 -6.8953 -6.2343
 -5.7005 -5.3159 -5.0326 -4.8084 -4.6172 -4.2203 -3.9024 -3.6262 -3.3758
 -9.4606 -9.3776 -9.2972 -9.1993 -9.0011 -8.6515 -8.1177 -7.4290 -6.7608 -6.1196
 -5.6003 -5.2208 -4.9400 -4.7179 -4.5304 -4.1430 -3.8258 -3.5525 -3.3101 -3.0904
 -2.8877
 -8.9862 -8.8818 -8.7932 -8.6955 -8.5657 -8.3546 -7.9650 -7.3372 -6.6819 -6.0627
 -5.5491 -5.1655 -4.8802 -4.6564 -4.4688 -4.0835 -3.7685 -3.4994 -3.2642 -3.0541
 -2.8637 -2.6915 -2.5364
 -8.5634 -8.4442 -8.3355 -8.2312 -8.1144 -7.9519 -7.6842 -7.2188 -6.6201 -6.0330
 -5.5255 -5.1355 -4.8421 -4.6137 -4.4243 -4.0389 -3.7245 -3.4592 -3.2297 -3.0267
 -2.8445 -2.6814 -2.5361 -2.4047 -2.2833
 -8.2008 -8.0620 -7.9341 -7.8154 -7.6995 -7.5615 -7.3651 -7.0373 -6.5466 -6.0064
 -5.5159 -5.1214 -4.8195 -4.5844 -4.3919 -4.0054 -3.6904 -3.4273 -3.2026 -3.0056
 -2.8302 -2.6741 -2.5356 -2.4129 -2.3017 -2.1982
 -7.9162 -7.7502 -7.5988 -7.4594 -7.3285 -7.1966 -7.0389 -6.8044 -6.4383 -5.9711
 -5.5079 -5.1163 -4.8079 -4.5658 -4.3694 -3.9811 -3.6651 -3.4020 -3.1810 -2.9892
 -2.8194 -2.6691 -2.5369 -2.4201 -2.3163 -2.2229 -2.1363 -2.0575 -1.9994 -1.9575
 -7.7408 -7.5296 -7.3419 -7.1745 -7.0213 -6.8762 -6.7277 -6.5457 -6.2804 -5.9082
 -5.4928 -5.1136 -4.8029 -4.5560 -4.3555 -3.9654 -3.6486 -3.3837 -3.1641 -2.9766
 -2.8118 -2.6665 -2.5396 -2.4284 -2.3304 -2.2435 -2.1664 -2.0953 -2.0314 -1.9870
 -1.9574
 -7.5963 -7.3314 -7.1151 -6.9386 -6.7783 -6.6166 -6.4566 -6.2903 -6.0862 -5.8060
 -5.4573 -5.1068 -4.8031 -4.5535 -4.3495 -3.9578 -3.6414 -3.3736 -3.1527 -2.9677
 -2.8071 -2.6662 -2.5437 -2.4374 -2.3447 -2.2632 -2.1921 -2.1297 -2.0738 -2.0244
 -1.9916
 -7.6180 -7.2397 -6.9283 -6.6794 -6.4866 -6.3316 -6.1909 -6.0427 -5.8716 -5.6577
 -5.3847 -5.0812 -4.7955 -4.5510 -4.3471 -3.9551 -3.6408 -3.3701 -3.1456 -2.9606
 -2.8030 -2.6658 -2.5472 -2.4453 -2.3574 -2.2810 -2.2151 -2.1586 -2.1105 -2.0690
 -2.0332
 -7.7607 -7.3110 -6.9190 -6.5862 -6.3125 -6.0900 -5.9057 -5.7467 -5.5992 -5.4424
 -5.2517 -5.0219 -4.7788 -4.5519 -4.3531 -3.9629 -3.6517 -3.3796 -3.1499 -2.9618
 -2.8049 -2.6701 -2.5544 -2.4557 -2.3717 -2.2998 -2.2385 -2.1869 -2.1440 -2.1087
 -2.0804
 -8.0189 -7.4969 -7.0368 -6.6358 -6.2918 -6.0019 -5.7595 -5.5532 -5.3713 -5.2037
 -5.0399 -4.8689 -4.6904 -4.5124 -4.3431 -3.9761 -3.6699 -3.3984 -3.1637 -2.9700
 -2.8110 -2.6771 -2.5630 -2.4665 -2.3854 -2.3172 -2.2602 -2.2130 -2.1747 -2.1447
 -2.1220
 -8.3968 -7.7967 -7.2637 -6.7968 -6.3896 -6.0390 -5.7398 -5.4854 -5.2666 -5.0736
 -4.8971 -4.7310 -4.5741 -4.4260 -4.3171 -3.9947 -3.6954 -3.4265 -3.1870
 [Fe/H] =  1.00 [alpha/Fe] = 0.00 BC value = BX   
-10.6335 -9.4329 -8.2294 -7.7895 -7.7509 -8.0154 -8.2160 -7.8127 -7.2482 -6.6078
 -6.0157 -5.5684 -5.2473 -5.0008 -4.7990 -4.3652
-10.1006-10.0110 -9.8189 -9.5352 -9.1693 -8.7297 -8.2236 -7.6576 -7.0393 -6.4001
 -5.8359 -5.4170 -5.1128 -4.8778 -4.6829 -4.2827 -3.9578 -3.6776 -3.4240
 -9.6000 -9.9795-10.0736 -9.9116 -9.5194 -8.9197 -8.1907 -7.5421 -6.9187 -6.2917
 -5.7432 -5.3299 -5.0269 -4.7937 -4.6015 -4.2128 -3.8904 -3.6120 -3.3661 -3.1436
 -2.9382
 -9.1317 -9.3385 -8.9935 -8.9189 -8.8013 -8.5855 -8.1174 -7.4662 -6.8466 -6.2358
 -5.6980 -5.2805 -4.9709 -4.7341 -4.5413 -4.1555 -3.8388 -3.5647 -3.3239 -3.1091
 -2.9144 -2.7359 -2.5734
 -8.7035 -8.6080 -8.5249 -8.4443 -8.3440 -8.1863 -7.9078 -7.4035 -6.7973 -6.2082
 -5.6798 -5.2563 -4.9359 -4.6918 -4.4956 -4.1098 -3.7960 -3.5269 -3.2915 -3.0828
 -2.8957 -2.7263 -2.5736 -2.4353 -2.3067
 -8.3234 -8.2070 -8.1028 -8.0079 -7.9122 -7.7862 -7.5910 -7.2530 -6.7395 -6.1854
 -5.6727 -5.2465 -4.9166 -4.6629 -4.4613 -4.0730 -3.7605 -3.4950 -3.2649 -3.0623
 -2.8808 -2.7178 -2.5725 -2.4431 -2.3257 -2.2151
 -8.0039 -7.8646 -7.7376 -7.6222 -7.5142 -7.4010 -7.2541 -7.0209 -6.6431 -6.1552
 -5.6685 -5.2458 -4.9080 -4.6451 -4.4367 -4.0441 -3.7321 -3.4680 -3.2422 -3.0448
 -2.8689 -2.7114 -2.5719 -2.4489 -2.3400 -2.2400 -2.1461 -2.0651 -2.0035 -1.9570
 -7.7749 -7.5979 -7.4405 -7.3002 -7.1719 -7.0500 -6.9205 -6.7499 -6.4852 -6.0971
 -5.6561 -5.2470 -4.9058 -4.6362 -4.4210 -4.0229 -3.7114 -3.4469 -3.2232 -3.0302
 -2.8594 -2.7069 -2.5727 -2.4549 -2.3519 -2.2601 -2.1759 -2.0977 -2.0311 -1.9837
 -1.9507
 -7.6092 -7.4070 -7.2224 -7.0537 -6.8992 -6.7564 -6.6190 -6.4726 -6.2786 -5.9952
 -5.6248 -5.2426 -4.9078 -4.6343 -4.4135 -4.0098 -3.6991 -3.4337 -3.2092 -3.0189
 -2.8524 -2.7047 -2.5746 -2.4615 -2.3628 -2.2761 -2.2000 -2.1315 -2.0689 -2.0164
 -1.9820
 -7.5516 -7.2277 -6.9772 -6.7871 -6.6403 -6.5061 -6.3657 -6.2163 -6.0512 -5.8391
 -5.5532 -5.2207 -4.9033 -4.6324 -4.4100 -4.0017 -3.6929 -3.4266 -3.1996 -3.0092
 -2.8459 -2.7021 -2.5760 -2.4670 -2.3728 -2.2910 -2.2198 -2.1583 -2.1045 -2.0574
 -2.0186
 -7.6452 -7.2404 -6.8937 -6.6093 -6.3847 -6.2087 -6.0676 -5.9438 -5.8142 -5.6545
 -5.4434 -5.1780 -4.8959 -4.6373 -4.4163 -4.0046 -3.6976 -3.4320 -3.2014 -3.0082
 -2.8454 -2.7044 -2.5815 -2.4756 -2.3850 -2.3072 -2.2406 -2.1835 -2.1355 -2.0957
 -2.0634
 -7.8483 -7.3757 -6.9600 -6.6008 -6.2982 -6.0492 -5.8456 -5.6754 -5.5274 -5.3891
 -5.2420 -5.0626 -4.8478 -4.6247 -4.4187 -4.0143 -3.7096 -3.4461 -3.2127 -3.0147
 -2.8497 -2.7096 -2.5888 -2.4851 -2.3972 -2.3227 -2.2600 -2.2071 -2.1636 -2.1290
 -2.1024
 -8.1769 -7.6259 -7.1410 -6.7163 -6.3483 -6.0339 -5.7688 -5.5457 -5.3547 -5.1849
 -5.0273 -4.8736 -4.7141 -4.5480 -4.4172 -4.0308 -3.7289 -3.4689 -3.2335
