 [Fe/H] = -2.00 [alpha/Fe] =-0.40 BC value = F182M
  2.6720  2.8866  3.0503  3.0629  3.0176  2.9734  2.9266  2.8839  2.8264  2.7698
  2.7110  2.6488  2.5833  2.5127  2.4414  2.2668  2.0952  1.9191  1.7637
  2.7433  2.7662  2.7937  2.8451  2.9111  2.9270  2.8973  2.8506  2.7989  2.7448
  2.6871  2.6253  2.5595  2.4912  2.4223  2.2522  2.0869  1.9252  1.7673  1.6135
  2.6584  2.6787  2.6928  2.7071  2.7284  2.7748  2.8140  2.8078  2.7698  2.7179
  2.6627  2.6030  2.5389  2.4716  2.4036  2.2357  2.0738  1.9157  1.7606  1.6095
  1.4628
  2.5735  2.6004  2.6142  2.6218  2.6274  2.6331  2.6484  2.6799  2.6933  2.6742
  2.6316  2.5773  2.5166  2.4514  2.3845  2.2185  2.0593  1.9048  1.7534  1.6047
  1.4603  1.3200
  2.4753  2.5187  2.5398  2.5491  2.5517  2.5514  2.5490  2.5477  2.5582  2.5683
  2.5624  2.5331  2.4862  2.4278  2.3639  2.2007  2.0435  1.8929  1.7455  1.5994
  1.4568  1.3185  1.1844  1.0540
  2.3624  2.4217  2.4592  2.4764  2.4821  2.4816  2.4776  2.4711  2.4627  2.4566
  2.4543  2.4464  2.4233  2.3845  2.3341  2.1819  2.0270  1.8796  1.7362  1.5936
  1.4528  1.3160  1.1834  1.0548  0.9293  0.8068  0.6876  0.5718  0.4596  0.3509
  2.2373  2.3094  2.3656  2.3949  2.4095  2.4134  2.4108  2.4050  2.3966  2.3857
  2.3726  2.3582  2.3408  2.3158  2.2804  2.1566  2.0093  1.8643  1.7249  1.5868
  1.4487  1.3130  1.1814  1.0540  0.9305  0.8106  0.6938  0.5797  0.4680  0.3588
  0.2538
  2.1027  2.1851  2.2536  2.2983  2.3255  2.3390  2.3420  2.3389  2.3324  2.3237
  2.3118  2.2956  2.2746  2.2493  2.2195  2.1181  1.9878  1.8481  1.7119  1.5784
  1.4442  1.3103  1.1794  1.0526  0.9298  0.8109  0.6955  0.5832  0.4735  0.3661
  0.2607
  1.9609  2.0519  2.1274  2.1842  2.2252  2.2508  2.2641  2.2678  2.2649  2.2589
  2.2507  2.2387  2.2210  2.1970  2.1675  2.0753  1.9591  1.8291  1.6960  1.5660
  1.4362  1.3053  1.1753  1.0483  0.9255  0.8069  0.6919  0.5805  0.4721  0.3663
  0.2630
  1.8145  1.9129  1.9936  2.0582  2.1085  2.1456  2.1707  2.1847  2.1897  2.1885
  2.1838  2.1764  2.1651  2.1469  2.1220  2.0376  1.9309  1.8094  1.6817  1.5546
  1.4287  1.3023  1.1753  1.0492  0.9263  0.8073  0.6922  0.5810  0.4732  0.3686
  0.2650
  1.6672  1.7674  1.8518  1.9220  1.9794  2.0251  2.0602  2.0853  2.1005  2.1076
  2.1087  2.1060  2.1002  2.0903  2.0745  2.0039  1.9036  1.7901  1.6682  1.5435
  1.4201  1.2972  1.1740  1.0507  0.9288  0.8096  0.6940  0.5823  0.4742  0.3695
  0.2679
  1.5258  1.6025  1.6800  1.7549  1.8237  1.8836  1.9324  1.9690  1.9949  2.0119
  2.0216  2.0255  2.0254  2.0220  2.0145  1.9667  1.8778  1.7703  1.6543
 [Fe/H] = -1.50 [alpha/Fe] =-0.40 BC value = F182M
  2.9686  3.0629  3.0881  3.0571  3.0119  2.9652  2.9183  2.8683  2.8150  2.7599
  2.7018  2.6411  2.5778  2.5117  2.4436  2.2716  2.1021  1.9334  1.7731
  2.8491  2.8724  2.9387  3.0052  2.9938  2.9505  2.9014  2.8512  2.7986  2.7440
  2.6861  2.6256  2.5624  2.4966  2.4288  2.2580  2.0910  1.9286  1.7704  1.6164
  2.7752  2.7823  2.7912  2.8193  2.8871  2.9161  2.8845  2.8342  2.7811  2.7272
  2.6701  2.6102  2.5478  2.4827  2.4155  2.2458  2.0804  1.9202  1.7644  1.6130
  1.4660
  2.7059  2.7173  2.7183  2.7148  2.7216  2.7526  2.8003  2.8027  2.7610  2.7085
  2.6531  2.5945  2.5334  2.4694  2.4031  2.2345  2.0702  1.9119  1.7583  1.6089
  1.4641  1.3236
  2.6306  2.6531  2.6590  2.6557  2.6490  2.6414  2.6448  2.6632  2.6859  2.6726
  2.6306  2.5764  2.5176  2.4556  2.3907  2.2236  2.0603  1.9035  1.7520  1.6045
  1.4614  1.3227  1.1882  1.0574
  2.5438  2.5813  2.5975  2.5995  2.5929  2.5816  2.5668  2.5518  2.5459  2.5553
  2.5577  2.5361  2.4936  2.4384  2.3767  2.2128  2.0504  1.8948  1.7453  1.5999
  1.4582  1.3208  1.1878  1.0588  0.9333  0.8111  0.6920  0.5757  0.4624  0.3535
  2.4433  2.4965  2.5264  2.5388  2.5379  2.5288  2.5146  2.4958  2.4740  2.4551
  2.4437  2.4392  2.4259  2.3957  2.3509  2.2006  2.0402  1.8857  1.7380  1.5950
  1.4549  1.3185  1.1864  1.0586  0.9347  0.8141  0.6966  0.5821  0.4707  0.3622
  0.2565
  2.3310  2.3960  2.4414  2.4670  2.4763  2.4737  2.4629  2.4470  2.4264  2.4021
  2.3770  2.3549  2.3372  2.3189  2.2919  2.1789  2.0287  1.8762  1.7299  1.5893
  1.4517  1.3165  1.1849  1.0576  0.9345  0.8153  0.6994  0.5867  0.4766  0.3689
  0.2634
  2.2091  2.2834  2.3410  2.3805  2.4027  2.4102  2.4062  2.3948  2.3782  2.3573
  2.3326  2.3056  2.2781  2.2513  2.2245  2.1356  2.0085  1.8633  1.7190  1.5804
  1.4456  1.3124  1.1813  1.0538  0.9306  0.8115  0.6962  0.5842  0.4753  0.3692
  0.2658
  2.0811  2.1628  2.2284  2.2775  2.3130  2.3330  2.3398  2.3359  2.3245  2.3083
  2.2883  2.2646  2.2375  2.2078  2.1761  2.0894  1.9795  1.8484  1.7093  1.5729
  1.4408  1.3109  1.1821  1.0552  0.9317  0.8123  0.6968  0.5852  0.4770  0.3720
  0.2679
  1.9550  2.0352  2.1044  2.1613  2.2079  2.2395  2.2581  2.2650  2.2618  2.2515
  2.2365  2.2179  2.1958  2.1697  2.1396  2.0508  1.9479  1.8286  1.6978  1.5647
  1.4347  1.3077  1.1821  1.0574  0.9347  0.8150  0.6989  0.5867  0.4783  0.3732
  0.2712
  1.8323  1.9005  1.9692  2.0328  2.0878  2.1307  2.1604  2.1780  2.1852  2.1837
  2.1753  2.1620  2.1453  2.1251  2.1007  2.0197  1.9191  1.8071  1.6846
 [Fe/H] = -1.00 [alpha/Fe] =-0.40 BC value = F182M
  3.1351  3.1357  3.0890  3.0352  2.9877  2.9419  2.8932  2.8431  2.7916  2.7392
  2.6831  2.6242  2.5631  2.5002  2.4353  2.2684  2.1022  1.9391  1.7785
  2.9403  3.0309  3.0685  3.0290  2.9773  2.9277  2.8799  2.8304  2.7795  2.7274
  2.6713  2.6123  2.5510  2.4879  2.4229  2.2564  2.0916  1.9311  1.7738  1.6201
  2.8577  2.8598  2.9121  2.9864  2.9701  2.9206  2.8689  2.8188  2.7677  2.7157
  2.6603  2.6016  2.5406  2.4777  2.4131  2.2471  2.0829  1.9237  1.7687  1.6175
  1.4704
  2.8071  2.7966  2.7882  2.8048  2.8684  2.8995  2.8622  2.8093  2.7563  2.7038
  2.6494  2.5916  2.5313  2.4690  2.4050  2.2399  2.0758  1.9173  1.7637  1.6144
  1.4693  1.3285
  2.7525  2.7525  2.7382  2.7225  2.7181  2.7397  2.7870  2.7905  2.7462  2.6918
  2.6378  2.5813  2.5221  2.4607  2.3977  2.2340  2.0701  1.9118  1.7591  1.6111
  1.4676  1.3284  1.1935  1.0624
  2.6875  2.7023  2.6979  2.6806  2.6585  2.6411  2.6369  2.6521  2.6768  2.6664
  2.6227  2.5692  2.5118  2.4519  2.3901  2.2287  2.0652  1.9071  1.7550  1.6080
  1.4655  1.3275  1.1940  1.0645  0.9386  0.8160  0.6964  0.5797  0.4662  0.3578
  2.6108  2.6403  2.6498  2.6423  2.6233  2.5998  2.5761  2.5547  2.5418  2.5454
  2.5506  2.5332  2.4934  2.4399  2.3809  2.2231  2.0607  1.9028  1.7512  1.6051
  1.4634  1.3262  1.1935  1.0651  0.9407  0.8198  0.7021  0.5873  0.4750  0.3656
  0.2608
  2.5224  2.5654  2.5891  2.5944  2.5848  2.5649  2.5394  2.5114  2.4824  2.4558
  2.4373  2.4292  2.4199  2.3966  2.3576  2.2160  2.0561  1.8987  1.7476  1.6024
  1.4619  1.3252  1.1928  1.0649  0.9413  0.8214  0.7049  0.5916  0.4811  0.3732
  0.2677
  2.4236  2.4781  2.5147  2.5335  2.5358  2.5247  2.5040  2.4775  2.4471  2.4143
  2.3813  2.3517  2.3287  2.3109  2.2903  2.1940  2.0479  1.8923  1.7418  1.5974
  1.4581  1.3224  1.1901  1.0619  0.9381  0.8185  0.7025  0.5899  0.4804  0.3739
  0.2703
  2.3172  2.3799  2.4266  2.4581  2.4732  2.4736  2.4619  2.4414  2.4147  2.3837
  2.3496  2.3139  2.2794  2.2480  2.2203  2.1462  2.0313  1.8865  1.7381  1.5948
  1.4569  1.3230  1.1921  1.0641  0.9399  0.8199  0.7038  0.5916  0.4829  0.3773
  0.2745
  2.2104  2.2732  2.3274  2.3689  2.3960  2.4086  2.4080  2.3964  2.3762  2.3502
  2.3197  2.2857  2.2496  2.2131  2.1776  2.0942  1.9976  1.8733  1.7327  1.5914
  1.4548  1.3228  1.1939  1.0674  0.9436  0.8231  0.7064  0.5937  0.4846  0.3790
  0.2765
  2.1059  2.1658  2.2218  2.2691  2.3049  2.3284  2.3396  2.3387  2.3276  2.3085
  2.2837  2.2544  2.2217  2.1864  2.1496  2.0562  1.9609  1.8505  1.7229
 [Fe/H] = -0.75 [alpha/Fe] =-0.40 BC value = F182M
  3.1696  3.1333  3.0756  3.0182  2.9687  2.9246  2.8770  2.8269  2.7754  2.7248
  2.6702  2.6123  2.5523  2.4905  2.4272  2.2638  2.0997  1.9387  1.7797
  3.0168  3.0980  3.0697  3.0152  2.9603  2.9120  2.8646  2.8155  2.7649  2.7146
  2.6600  2.6020  2.5417  2.4796  2.4160  2.2525  2.0895  1.9307  1.7750  1.6219
  2.8866  2.9135  3.0050  3.0080  2.9586  2.9046  2.8545  2.8052  2.7548  2.7044
  2.6505  2.5929  2.5329  2.4709  2.4074  2.2442  2.0815  1.9238  1.7702  1.6197
  1.4728
  2.8402  2.8219  2.8250  2.8859  2.9366  2.9027  2.8493  2.7967  2.7455  2.6943
  2.6413  2.5846  2.5252  2.4639  2.4009  2.2384  2.0757  1.9182  1.7657  1.6171
  1.4722  1.3313
  2.7977  2.7838  2.7612  2.7496  2.7687  2.8249  2.8369  2.7924  2.7376  2.6846
  2.6319  2.5763  2.5180  2.4574  2.3952  2.2342  2.0715  1.9138  1.7619  1.6144
  1.4711  1.3318  1.1967  1.0653
  2.7449  2.7460  2.7289  2.7034  2.6825  2.6756  2.6938  2.7284  2.7224  2.6757
  2.6216  2.5672  2.5102  2.4508  2.3896  2.2307  2.0685  1.9106  1.7587  1.6119
  1.4696  1.3315  1.1978  1.0680  0.9419  0.8191  0.6992  0.5824  0.4693  0.3607
  2.6802  2.6967  2.6935  2.6744  2.6469  2.6202  2.5992  2.5886  2.5962  2.6100
  2.5956  2.5534  2.5003  2.4430  2.3832  2.2272  2.0661  1.9081  1.7562  1.6099
  1.4682  1.3307  1.1978  1.0692  0.9445  0.8232  0.7051  0.5900  0.4778  0.3685
  0.2657
  2.6041  2.6344  2.6458  2.6394  2.6191  2.5905  2.5602  2.5314  2.5060  2.4887
  2.4839  2.4807  2.4618  2.4241  2.3729  2.2229  2.0639  1.9062  1.7543  1.6084
  1.4673  1.3303  1.1977  1.0695  0.9456  0.8254  0.7086  0.5950  0.4842  0.3762
  0.2707
  2.5179  2.5603  2.5846  2.5915  2.5828  2.5617  2.5326  2.5002  2.4668  2.4338
  2.4038  2.3805  2.3651  2.3500  2.3253  2.2121  2.0590  1.9023  1.7506  1.6050
  1.4646  1.3281  1.1955  1.0670  0.9429  0.8230  0.7067  0.5939  0.4843  0.3775
  0.2734
  2.4234  2.4746  2.5104  2.5300  2.5339  2.5238  2.5027  2.4739  2.4406  2.4049
  2.3681  2.3318  2.2989  2.2713  2.2480  2.1742  2.0513  1.9001  1.7494  1.6045
  1.4650  1.3298  1.1980  1.0696  0.9451  0.8248  0.7084  0.5958  0.4868  0.3808
  0.2777
  2.3260  2.3812  2.4252  2.4553  2.4710  2.4727  2.4619  2.4412  2.4130  2.3799
  2.3435  2.3051  2.2662  2.2288  2.1942  2.1179  2.0222  1.8931  1.7473  1.6035
  1.4649  1.3311  1.2009  1.0736  0.9493  0.8284  0.7114  0.5983  0.4889  0.3829
  0.2802
  2.2304  2.2847  2.3323  2.3701  2.3953  2.4078  2.4080  2.3971  2.3770  2.3500
  2.3178  2.2818  2.2434  2.2038  2.1645  2.0722  1.9826  1.8725  1.7415
 [Fe/H] = -0.50 [alpha/Fe] =-0.40 BC value = F182M
  3.1795  3.1227  3.0592  2.9997  2.9477  2.9030  2.8565  2.8082  2.7573  2.7084
  2.6551  2.5985  2.5395  2.4788  2.4168  2.2572  2.0955  1.9361  1.7799
  3.1079  3.1130  3.0587  2.9983  2.9418  2.8926  2.8454  2.7974  2.7481  2.6995
  2.6464  2.5896  2.5304  2.4693  2.4069  2.2465  2.0857  1.9287  1.7751  1.6234
  2.9200  3.0056  3.0455  2.9987  2.9415  2.8867  2.8370  2.7884  2.7391  2.6905
  2.6381  2.5819  2.5230  2.4620  2.3996  2.2393  2.0785  1.9223  1.7705  1.6215
  1.4752
  2.8626  2.8471  2.8923  2.9668  2.9415  2.8871  2.8323  2.7812  2.7312  2.6814
  2.6301  2.5749  2.5167  2.4563  2.3943  2.2346  2.0737  1.9175  1.7666  1.6193
  1.4751  1.3343
  2.8304  2.8040  2.7809  2.7909  2.8530  2.8775  2.8330  2.7777  2.7245  2.6729
  2.6219  2.5678  2.5107  2.4511  2.3899  2.2316  2.0708  1.9142  1.7634  1.6171
  1.4744  1.3354  1.2002  1.0687
  2.7910  2.7768  2.7482  2.7197  2.7086  2.7290  2.7728  2.7701  2.7216  2.6662
  2.6133  2.5602  2.5043  2.4459  2.3856  2.2293  2.0691  1.9120  1.7610  1.6152
  1.4735  1.3356  1.2018  1.0719  0.9455  0.8224  0.7024  0.5855  0.4721  0.3642
  2.7394  2.7411  2.7240  2.6937  2.6619  2.6386  2.6300  2.6428  2.6643  2.6520
  2.6049  2.5516  2.4971  2.4400  2.3809  2.2270  2.0681  1.9109  1.7594  1.6137
  1.4726  1.3354  1.2025  1.0737  0.9488  0.8273  0.7089  0.5935  0.4811  0.3720
  0.2677
  2.6760  2.6924  2.6898  2.6708  2.6403  2.6060  2.5753  2.5517  2.5376  2.5372
  2.5407  2.5232  2.4834  2.4317  2.3750  2.2244  2.0675  1.9105  1.7588  1.6130
  1.4722  1.3355  1.2030  1.0746  0.9505  0.8300  0.7129  0.5990  0.4880  0.3797
  0.2744
  2.6023  2.6317  2.6424  2.6364  2.6160  2.5852  2.5497  2.5148  2.4826  2.4545
  2.4331  2.4206  2.4095  2.3882  2.3524  2.2186  2.0648  1.9085  1.7566  1.6108
  1.4701  1.3337  1.2011  1.0726  0.9483  0.8281  0.7115  0.5984  0.4885  0.3814
  0.2771
  2.5199  2.5593  2.5822  2.5890  2.5808  2.5599  2.5296  2.4939  2.4566  2.4197
  2.3841  2.3513  2.3238  2.3020  2.2814  2.1976  2.0624  1.9090  1.7576  1.6120
  1.4719  1.3362  1.2042  1.0756  0.9509  0.8304  0.7137  0.6008  0.4914  0.3851
  0.2817
  2.4331  2.4788  2.5110  2.5288  2.5323  2.5225  2.5015  2.4721  2.4368  2.3985
  2.3592  2.3196  2.2811  2.2455  2.2142  2.1434  2.0436  1.9071  1.7582  1.6132
  1.4736  1.3388  1.2080  1.0802  0.9556  0.8345  0.7171  0.6037  0.4939  0.3876
  0.2848
  2.3462  2.3931  2.4316  2.4580  2.4714  2.4722  2.4614  2.4408  2.4122  2.3779
  2.3398  2.2995  2.2582  2.2171  2.1776  2.0898  2.0040  1.8925  1.7567
 [Fe/H] = -0.25 [alpha/Fe] =-0.40 BC value = F182M
  3.1739  3.1077  3.0410  2.9798  2.9264  2.8802  2.8335  2.7872  2.7383  2.6899
  2.6380  2.5827  2.5247  2.4651  2.4043  2.2485  2.0897  1.9327  1.7783
  3.0930  3.1081  3.0435  2.9799  2.9226  2.8723  2.8244  2.7775  2.7297  2.6823
  2.6307  2.5753  2.5172  2.4571  2.3958  2.2387  2.0802  1.9251  1.7736  1.6240
  2.9862  3.0758  3.0437  2.9831  2.9229  2.8683  2.8178  2.7698  2.7213  2.6744
  2.6236  2.5688  2.5111  2.4512  2.3899  2.2324  2.0738  1.9192  1.7693  1.6223
  1.4772
  2.8796  2.8918  2.9848  2.9817  2.9266  2.8684  2.8142  2.7636  2.7144  2.6661
  2.6164  2.5627  2.5058  2.4466  2.3856  2.2287  2.0699  1.9152  1.7658  1.6203
  1.4774  1.3372
  2.8515  2.8179  2.8096  2.8694  2.9141  2.8719  2.8152  2.7603  2.7086  2.6582
  2.6088  2.5564  2.5006  2.4423  2.3821  2.2265  2.0680  1.9127  1.7632  1.6185
  1.4772  1.3388  1.2038  1.0724
  2.8248  2.7959  2.7601  2.7385  2.7557  2.8095  2.8121  2.7620  2.7057  2.6524
  2.6009  2.5495  2.4950  2.4378  2.3786  2.2250  2.0672  1.9114  1.7615  1.6171
  1.4766  1.3395  1.2060  1.0761  0.9497  0.8265  0.7063  0.5891  0.4759  0.3682
  2.7863  2.7729  2.7424  2.7051  2.6752  2.6653  2.6835  2.7131  2.7003  2.6500
  2.5950  2.5421  2.4888  2.4328  2.3747  2.2234  2.0670  1.9112  1.7607  1.6161
  1.4761  1.3398  1.2073  1.0785  0.9535  0.8317  0.7131  0.5976  0.4850  0.3760
  0.2721
  2.7373  2.7383  2.7211  2.6898  2.6517  2.6165  2.5920  2.5814  2.5870  2.5965
  2.5796  2.5339  2.4815  2.4271  2.3704  2.2216  2.0672  1.9118  1.7608  1.6159
  1.4760  1.3402  1.2082  1.0800  0.9558  0.8352  0.7177  0.6033  0.4921  0.3839
  0.2787
  2.6763  2.6909  2.6875  2.6681  2.6365  2.5980  2.5596  2.5268  2.5009  2.4833
  2.4753  2.4691  2.4482  2.4106  2.3614  2.2178  2.0657  1.9110  1.7596  1.6142
  1.4742  1.3385  1.2066  1.0784  0.9542  0.8339  0.7170  0.6035  0.4933  0.3860
  0.2815
  2.6062  2.6323  2.6415  2.6349  2.6143  2.5829  2.5449  2.5050  2.4671  2.4328
  2.4024  2.3771  2.3577  2.3395  2.3153  2.2105  2.0657  1.9132  1.7622  1.6167
  1.4768  1.3414  1.2098  1.0817  0.9572  0.8366  0.7198  0.6066  0.4968  0.3884
  0.2863
  2.5300  2.5645  2.5843  2.5891  2.5799  2.5586  2.5278  2.4906  2.4502  2.4098
  2.3706  2.3331  2.2980  2.2669  2.2400  2.1686  2.0582  1.9144  1.7649  1.6196
  1.4799  1.3451  1.2143  1.0866  0.9622  0.8411  0.7236  0.6100  0.4999  0.3932
  0.2901
  2.4516  2.4906  2.5181  2.5325  2.5335  2.5224  2.5008  2.4709  2.4346  2.3946
  2.3530  2.3112  2.2698  2.2298  2.1921  2.1105  2.0241  1.9079  1.7667
 [Fe/H] =  0.00 [alpha/Fe] =-0.40 BC value = F182M
  3.1606  3.0892  3.0207  2.9582  2.9051  2.8583  2.8105  2.7637  2.7172  2.6699
  2.6191  2.5649  2.5081  2.4495  2.3898  2.2376  2.0837  1.9293  1.7749
  3.1523  3.0957  3.0259  2.9604  2.9019  2.8515  2.8024  2.7558  2.7098  2.6635
  2.6132  2.5591  2.5021  2.4431  2.3829  2.2288  2.0730  1.9197  1.7701  1.6230
  3.0799  3.0896  3.0315  2.9654  2.9034  2.8483  2.7978  2.7495  2.7017  2.6565
  2.6070  2.5537  2.4972  2.4385  2.3782  2.2236  2.0674  1.9144  1.7662  1.6213
  1.4782
  2.9585  2.9798  3.0219  2.9708  2.9085  2.8490  2.7949  2.7444  2.6956  2.6487
  2.6006  2.5484  2.4928  2.4348  2.3750  2.2208  2.0643  1.9111  1.7632  1.6196
  1.4786  1.3396
  2.8636  2.8335  2.8715  2.9453  2.9127  2.8540  2.7956  2.7416  2.6906  2.6410
  2.5934  2.5425  2.4882  2.4312  2.3722  2.2193  2.0631  1.9093  1.7612  1.6182
  1.4786  1.3415  1.2071  1.0760
  2.8462  2.8061  2.7711  2.7746  2.8365  2.8514  2.8007  2.7428  2.6878  2.6358
  2.5856  2.5359  2.4830  2.4272  2.3692  2.2182  2.0630  1.9088  1.7601  1.6171
  1.4783  1.3426  1.2098  1.0802  0.9539  0.8308  0.7105  0.5932  0.4802  0.3728
  2.8223  2.7923  2.7517  2.7130  2.6956  2.7163  2.7556  2.7430  2.6899  2.6333
  2.5800  2.5287  2.4769  2.4224  2.3656  2.2170  2.0632  1.9092  1.7598  1.6165
  1.4781  1.3432  1.2116  1.0832  0.9583  0.8366  0.7178  0.6020  0.4895  0.3807
  0.2771
  2.7860  2.7712  2.7401  2.6992  2.6581  2.6287  2.6193  2.6322  2.6473  2.6283
  2.5778  2.5232  2.4705  2.4172  2.3616  2.2155  2.0636  1.9103  1.7604  1.6166
  1.4782  1.3437  1.2128  1.0853  0.9613  0.8406  0.7231  0.6088  0.4973  0.3887
  0.2837
  2.7407  2.7377  2.7194  2.6874  2.6467  2.6041  2.5676  2.5423  2.5289  2.5271
  2.5253  2.5042  2.4604  2.4094  2.3557  2.2123  2.0624  1.9100  1.7598  1.6153
  1.4764  1.3419  1.2112  1.0839  0.9602  0.8400  0.7231  0.6094  0.4989  0.3914
  0.2867
  2.6809  2.6926  2.6875  2.6673  2.6352  2.5951  2.5521  2.5116  2.4771  2.4493
  2.4280  2.4128  2.3981  2.3736  2.3375  2.2101  2.0635  1.9130  1.7632  1.6184
  1.4793  1.3449  1.2144  1.0872  0.9634  0.8432  0.7264  0.6131  0.5030  0.3961
  0.2921
  2.6147  2.6377  2.6440  2.6354  2.6138  2.5819  2.5428  2.5000  2.4574  2.4177
  2.3817  2.3491  2.3203  2.2952  2.2709  2.1886  2.0624  1.9159  1.7673  1.6225
  1.4833  1.3491  1.2191  1.0923  0.9685  0.8479  0.7306  0.6169  0.5066  0.3997
  0.2962
  2.5422  2.5729  2.5913  2.5928  2.5811  2.5585  2.5270  2.4890  2.4470  2.4036
  2.3610  2.3202  2.2812  2.2444  2.1559  2.1478  2.0591  1.9187  1.7721
 [Fe/H] =  0.25 [alpha/Fe] =-0.40 BC value = F182M
  3.1433  3.0679  2.9986  2.9349  2.8823  2.8345  2.7877  2.7403  2.6951  2.6481
  2.5983  2.5453  2.4897  2.4321  2.3734  2.2243  2.0734  1.9217  1.7696
  3.1500  3.0793  3.0065  2.9397  2.8801  2.8289  2.7806  2.7333  2.6888  2.6430
  2.5936  2.5408  2.4851  2.4271  2.3679  2.2169  2.0640  1.9127  1.7647  1.6199
  3.0532  3.0844  3.0140  2.9465  2.8829  2.8269  2.7763  2.7280  2.6807  2.6369
  2.5885  2.5365  2.4813  2.4237  2.3645  2.2127  2.0591  1.9079  1.7611  1.6182
  1.4774
  2.9546  3.0502  3.0194  2.9549  2.8893  2.8286  2.7743  2.7238  2.6752  2.6297
  2.5827  2.5319  2.4777  2.4209  2.3622  2.2107  2.0568  1.9052  1.7587  1.6168
  1.4779  1.3408
  2.8724  2.8678  2.9607  2.9564  2.8972  2.8346  2.7757  2.7218  2.6710  2.6220
  2.5759  2.5264  2.4736  2.4179  2.3601  2.2099  2.0563  1.9042  1.7572  1.6158
  1.4781  1.3427  1.2097  1.0792
  2.8582  2.8125  2.7920  2.8491  2.8894  2.8415  2.7812  2.7228  2.6686  2.6173
  2.5681  2.5200  2.4686  2.4142  2.3575  2.2093  2.0566  1.9043  1.7568  1.6152
  1.4781  1.3441  1.2127  1.0839  0.9582  0.8352  0.7148  0.5978  0.4852  0.3780
  2.8455  2.8028  2.7565  2.7253  2.7393  2.7910  2.7833  2.7285  2.6700  2.6148
  2.5627  2.5126  2.4625  2.4095  2.3540  2.2082  2.0571  1.9051  1.7570  1.6150
  1.4782  1.3449  1.2147  1.0873  0.9629  0.8415  0.7230  0.6073  0.4945  0.3860
  0.2826
  2.8226  2.7927  2.7499  2.7033  2.6652  2.6515  2.6704  2.6937  2.6713  2.6171
  2.5606  2.5071  2.4558  2.4040  2.3498  2.2067  2.0575  1.9064  1.7580  1.6154
  1.4784  1.3456  1.2162  1.0897  0.9664  0.8461  0.7285  0.6138  0.5023  0.3941
  0.2894
  2.7927  2.7723  2.7401  2.6974  2.6507  2.6084  2.5797  2.5694  2.5747  2.5773
  2.5533  2.5035  2.4496  2.3972  2.3440  2.2034  2.0560  1.9060  1.7574  1.6140
  1.4765  1.3437  1.2145  1.0885  0.9657  0.8460  0.7294  0.6158  0.5052  0.3975
  0.2926
  2.7453  2.7407  2.7212  2.6885  2.6465  2.6003  2.5555  2.5184  2.4916  2.4748
  2.4652  2.4537  2.4289  2.3868  2.3379  2.2022  2.0572  1.9090  1.7609  1.6172
  1.4793  1.3463  1.2174  1.0916  0.9690  0.8496  0.7332  0.6200  0.5099  0.4028
  0.2986
  2.6906  2.6982  2.6906  2.6693  2.6363  2.5952  2.5497  2.5040  2.4620  2.4262
  2.3962  2.3713  2.3498  2.3280  2.2991  2.1954  2.0582  1.9124  1.7655  1.6218
  1.4835  1.3505  1.2217  1.0963  0.9739  0.8543  0.7377  0.6243  0.5141  0.4070
  0.3031
  2.6285  2.6449  2.6513  2.6393  2.6161  2.5830  2.5429  2.4985  2.4526  2.4081
  2.3670  2.3295  2.2950  2.2633  2.2276  2.1830  2.0590  1.9162  1.7712
 [Fe/H] =  0.50 [alpha/Fe] =-0.40 BC value = F182M
  3.1207  3.0443  2.9745  2.9107  2.8597  2.8108  2.7634  2.7175  2.6718  2.6250
  2.5760  2.5240  2.4694  2.4133  2.3561  2.2090  2.0595  1.9101  1.7621
  3.1414  3.0598  2.9853  2.9173  2.8578  2.8061  2.7571  2.7094  2.6661  2.6209
  2.5724  2.5207  2.4660  2.4092  2.3510  2.2027  2.0528  1.9037  1.7575  1.6145
  3.1328  3.0718  2.9976  2.9263  2.8611  2.8050  2.7539  2.7051  2.6592  2.6157
  2.5682  2.5173  2.4634  2.4069  2.3487  2.1996  2.0487  1.8995  1.7542  1.6130
  1.4745
  2.9713  3.0656  3.0075  2.9370  2.8694  2.8076  2.7530  2.7021  2.6534  2.6094
  2.5631  2.5134  2.4605  2.4049  2.3473  2.1985  2.0472  1.8975  1.7522  1.6119
  1.4750  1.3401
  2.8856  2.9475  2.9970  2.9457  2.8792  2.8145  2.7549  2.7009  2.6502  2.6015
  2.5568  2.5085  2.4569  2.4025  2.3459  2.1983  2.0473  1.8971  1.7516  1.6113
  1.4754  1.3422  1.2109  1.0817
  2.8641  2.8210  2.8448  2.9203  2.8859  2.8235  2.7609  2.7024  2.6483  2.5973
  2.5491  2.5022  2.4521  2.3991  2.3437  2.1982  2.0481  1.8979  1.7516  1.6112
  1.4758  1.3437  1.2140  1.0866  0.9617  0.8395  0.7197  0.6027  0.4907  0.3838
  2.8586  2.8071  2.7615  2.7544  2.8150  2.8241  2.7692  2.7081  2.6494  2.5951
  2.5435  2.4947  2.4459  2.3944  2.3403  2.1974  2.0489  1.8992  1.7524  1.6115
  1.4762  1.3448  1.2163  1.0902  0.9669  0.8462  0.7281  0.6127  0.5000  0.3919
  0.2888
  2.8482  2.8042  2.7534  2.7060  2.6803  2.6994  2.7346  2.7125  2.6556  2.5967
  2.5413  2.4888  2.4388  2.3885  2.3358  2.1957  2.0492  1.9006  1.7537  1.6122
  1.4766  1.3455  1.2178  1.0929  0.9707  0.8512  0.7344  0.6204  0.5089  0.4002
  0.2957
  2.8321  2.7951  2.7511  2.7009  2.6521  2.6158  2.6040  2.6172  2.6254  2.5968
  2.5424  2.4860  2.4322  2.3810  2.3293  2.1919  2.0472  1.8998  1.7530  1.6109
  1.4747  1.3435  1.2161  1.0917  0.9702  0.8515  0.7355  0.6223  0.5119  0.4042
  0.2992
  2.7968  2.7761  2.7434  2.7000  2.6508  2.6014  2.5589  2.5302  2.5170  2.5140
  2.5058  2.4780  2.4297  2.3767  2.3247  2.1902  2.0477  1.9019  1.7560  1.6136
  1.4769  1.3456  1.2184  1.0944  0.9734  0.8552  0.7397  0.6270  0.5172  0.4086
  0.3038
  2.7565  2.7472  2.7252  2.6918  2.6491  2.6010  2.5517  2.5058  2.4677  2.4392
  2.4185  2.4018  2.3823  2.3531  2.3115  2.1879  2.0488  1.9049  1.7601  1.6178
  1.4807  1.3491  1.2220  1.0983  0.9776  0.8596  0.7442  0.6316  0.5218  0.4148
  0.3108
  2.7110  2.7084  2.6979  2.6733  2.6395  2.5976  2.5507  2.5020  2.4544  2.4112
  2.3740  2.3419  2.3136  2.2871  2.2897  2.1850  2.0505  1.9088  1.7653
 [Fe/H] =  0.75 [alpha/Fe] =-0.40 BC value = F182M
  3.0942  3.0182  2.9488  2.8854  2.8356  2.7852  2.7373  2.6920  2.6470  2.6009
  2.5523  2.5010  2.4474  2.3924  2.3362  2.1917  2.0452  1.8990  1.7532
  3.1200  3.0376  2.9623  2.8935  2.8344  2.7819  2.7322  2.6849  2.6425  2.5978
  2.5496  2.4988  2.4452  2.3894  2.3322  2.1864  2.0394  1.8929  1.7485  1.6072
  3.1270  3.0552  2.9776  2.9051  2.8388  2.7823  2.7303  2.6811  2.6368  2.5933
  2.5463  2.4963  2.4434  2.3880  2.3309  2.1843  2.0361  1.8891  1.7454  1.6057
  1.4693
  3.0958  3.0616  2.9918  2.9179  2.8487  2.7858  2.7307  2.6794  2.6304  2.5877
  2.5420  2.4931  2.4413  2.3869  2.3303  2.1841  2.0353  1.8877  1.7439  1.6050
  1.4699  1.3374
  2.9224  3.0197  2.9961  2.9303  2.8602  2.7939  2.7337  2.6791  2.6282  2.5796
  2.5363  2.4887  2.4383  2.3851  2.3296  2.1846  2.0361  1.8880  1.7437  1.6048
  1.4706  1.3394  1.2104  1.0830
  2.8680  2.8435  2.9286  2.9315  2.8712  2.8043  2.7402  2.6813  2.6271  2.5761
  2.5287  2.4829  2.4338  2.3820  2.3278  2.1850  2.0375  1.8894  1.7446  1.6053
  1.4713  1.3411  1.2134  1.0878  0.9643  0.8432  0.7242  0.6079  0.4967  0.3903
  2.8648  2.8091  2.7742  2.8207  2.8629  2.8137  2.7498  2.6872  2.6286  2.5744
  2.5231  2.4753  2.4277  2.3774  2.3246  2.1846  2.0386  1.8912  1.7460  1.6061
  1.4721  1.3424  1.2157  1.0915  0.9695  0.8500  0.7329  0.6180  0.5059  0.3985
  0.2957
  2.8639  2.8093  2.7543  2.7123  2.7173  2.7672  2.7543  2.6963  2.6345  2.5756
  2.5209  2.4689  2.4202  2.3711  2.3197  2.1828  2.0389  1.8927  1.7476  1.6072
  1.4728  1.3433  1.2174  1.0942  0.9735  0.8552  0.7395  0.6261  0.5151  0.4067
  0.3028
  2.8595  2.8085  2.7556  2.7011  2.6546  2.6336  2.6515  2.6693  2.6383  2.5807
  2.5216  2.4657  2.4127  2.3627  2.3124  2.1783  2.0365  1.8915  1.7468  1.6059
  1.4709  1.3412  1.2156  1.0929  0.9730  0.8557  0.7409  0.6286  0.5187  0.4113
  0.3065
  2.8363  2.8006  2.7565  2.7049  2.6511  2.6018  2.5666  2.5541  2.5585  2.5544
  2.5222  2.4685  2.4123  2.3584  2.3070  2.1755  2.0359  1.8926  1.7489  1.6081
  1.4726  1.3428  1.2174  1.0953  0.9760  0.8594  0.7452  0.6336  0.5245  0.4179
  0.3137
  2.8147  2.7856  2.7489  2.7054  2.6550  2.6021  2.5514  2.5086  2.4786  2.4617
  2.4505  2.4333  2.4017  2.3545  2.3025  2.1732  2.0361  1.8944  1.7518  1.6113
  1.4755  1.3452  1.2199  1.0982  0.9794  0.8633  0.7495  0.6382  0.5294  0.4230
  0.3192
  2.7947  2.7635  2.7313  2.6967  2.6541  2.6050  2.5533  2.5021  2.4551  2.4159
  2.3851  2.3604  2.3377  2.3115  2.2989  2.1714  2.0371  1.8969  1.7555
 [Fe/H] =  1.00 [alpha/Fe] =-0.40 BC value = F182M
  3.0688  2.9903  2.9210  2.8600  2.8097  2.7627  2.7163  2.6699  2.6231  2.5754
  2.5265  2.4761  2.4240  2.3699  2.3141  2.1728  2.0292  1.8829  1.7410
  3.0942  3.0129  2.9376  2.8678  2.8095  2.7565  2.7068  2.6588  2.6181  2.5734
  2.5257  2.4753  2.4226  2.3678  2.3116  2.1683  2.0240  1.8790  1.7372  1.5978
  3.1205  3.0352  2.9559  2.8821  2.8153  2.7585  2.7057  2.6563  2.6131  2.5697
  2.5231  2.4737  2.4216  2.3673  2.3111  2.1670  2.0214  1.8767  1.7348  1.5967
  1.4622
  3.1075  3.0501  2.9738  2.8977  2.8266  2.7634  2.7076  2.6558  2.6065  2.5650
  2.5195  2.4712  2.4203  2.3669  2.3114  2.1676  2.0214  1.8760  1.7338  1.5963
  1.4629  1.3326
  3.0046  3.0392  2.9856  2.9129  2.8404  2.7722  2.7117  2.6568  2.6055  2.5576
  2.5146  2.4675  2.4179  2.3657  2.3113  2.1688  2.0228  1.8769  1.7342  1.5966
  1.4638  1.3346  1.2078  1.0827
  2.8748  2.9061  2.9688  2.9226  2.8539  2.7846  2.7189  2.6600  2.6053  2.5540
  2.5075  2.4621  2.4138  2.3631  2.3100  2.1698  2.0247  1.8789  1.7356  1.5975
  1.4648  1.3363  1.2108  1.0872  0.9656  0.8459  0.7280  0.6131  0.5030  0.3972
  2.8667  2.8125  2.8117  2.8884  2.8610  2.7968  2.7300  2.6661  2.6074  2.5531
  2.5016  2.4548  2.4080  2.3586  2.3070  2.1697  2.0262  1.8810  1.7376  1.5988
  1.4659  1.3378  1.2131  1.0908  0.9706  0.8527  0.7367  0.6228  0.5118  0.4054
  0.3031
  2.8700  2.8101  2.7552  2.7314  2.7844  2.7966  2.7408  2.6762  2.6132  2.5545
  2.4999  2.4480  2.4004  2.3523  2.3020  2.1680  2.0267  1.8828  1.7396  1.6004
  1.4670  1.3389  1.2148  1.0934  0.9745  0.8578  0.7433  0.6311  0.5210  0.4135
  0.3103
  2.8767  2.8143  2.7556  2.7003  2.6632  2.6743  2.7071  2.6809  2.6213  2.5593
  2.5003  2.4446  2.3921  2.3432  2.2940  2.1630  2.0239  1.8815  1.7388  1.5993
  1.4653  1.3369  1.2129  1.0921  0.9740  0.8583  0.7450  0.6339  0.5252  0.4184
  0.3142
  2.8638  2.8153  2.7622  2.7050  2.6496  2.6047  2.5855  2.5965  2.5996  2.5644
  2.5069  2.4477  2.3913  2.3378  2.2875  2.1590  2.0224  1.8817  1.7403  1.6011
  1.4668  1.3381  1.2143  1.0941  0.9767  0.8618  0.7493  0.6391  0.5312  0.4255
  0.3218
  2.8608  2.8131  2.7632  2.7114  2.6559  2.6006  2.5513  2.5161  2.5002  2.4956
  2.4815  2.4464  2.3936  2.3378  2.2838  2.1555  2.0211  1.8820  1.7418  1.6031
  1.4686  1.3397  1.2159  1.0961  0.9793  0.8652  0.7533  0.6437  0.5363  0.4310
  0.3279
  2.8679  2.8077  2.7586  2.7116  2.6613  2.6071  2.5524  2.5009  2.4572  2.4252
  2.4037  2.3853  2.3609  2.3257  2.2829  2.1525  2.0200  1.8824  1.7433
