 [Fe/H] = -2.50 [alpha/Fe] = 0.00 BC value = F250M
 -2.8385 -2.8594 -2.8791 -2.8975 -2.9200 -2.9319 -2.8445 -2.8070 -2.7692 -2.7461
 -2.7444 -2.7799 -2.8104 -2.8640 -2.9261 -3.0775 -3.2016 -3.4235 -3.6240
 -2.7277 -2.7580 -2.7883 -2.8186 -2.8399 -2.8493 -2.8487 -2.8387 -2.8202 -2.7945
 -2.7752 -2.7798 -2.8172 -2.8735 -2.9353 -3.0872 -3.2432 -3.4092 -3.5723 -3.7294
 -2.7364 -2.7473 -2.7664 -2.7904 -2.8146 -2.8336 -2.8431 -2.8446 -2.8431 -2.8390
 -2.8253 -2.8147 -2.8359 -2.8869 -2.9477 -3.1026 -3.2569 -3.4209 -3.5830 -3.7387
 -3.8885
 -2.7737 -2.7689 -2.7745 -2.7884 -2.8074 -2.8268 -2.8413 -2.8490 -2.8511 -2.8537
 -2.8609 -2.8579 -2.8653 -2.9040 -2.9605 -3.1153 -3.2694 -3.4302 -3.5913 -3.7462
 -3.8947 -4.0378
 -2.8470 -2.8233 -2.8121 -2.8125 -2.8221 -2.8374 -2.8534 -2.8653 -2.8724 -2.8775
 -2.8850 -2.8958 -2.9030 -2.9315 -2.9784 -3.1279 -3.2816 -3.4385 -3.5976 -3.7520
 -3.8998 -4.0418 -4.1785 -4.3110
 -2.9551 -2.9125 -2.8812 -2.8638 -2.8598 -2.8662 -2.8785 -2.8920 -2.9028 -2.9109
 -2.9201 -2.9340 -2.9448 -2.9686 -3.0080 -3.1429 -3.2941 -3.4471 -3.6027 -3.7561
 -3.9037 -4.0450 -4.1807 -4.3118 -4.4392 -4.5631 -4.6835 -4.8004 -4.9140 -5.0243
 -3.0860 -3.0342 -2.9838 -2.9458 -2.9235 -2.9162 -2.9197 -2.9294 -2.9411 -2.9516
 -2.9614 -2.9744 -2.9892 -3.0099 -3.0442 -3.1647 -3.3083 -3.4568 -3.6077 -3.7588
 -3.9062 -4.0475 -4.1827 -4.3127 -4.4383 -4.5600 -4.6784 -4.7938 -4.9065 -5.0166
 -5.1233
 -3.2367 -3.1769 -3.1166 -3.0611 -3.0179 -2.9919 -2.9811 -2.9819 -2.9896 -2.9996
 -3.0101 -3.0215 -3.0352 -3.0530 -3.0823 -3.1907 -3.3253 -3.4684 -3.6140 -3.7610
 -3.9070 -4.0487 -4.1841 -4.3138 -4.4384 -4.5588 -4.6756 -4.7892 -4.9000 -5.0083
 -5.1144
 -3.3920 -3.3316 -3.2689 -3.2042 -3.1442 -3.0980 -3.0686 -3.0547 -3.0526 -3.0578
 -3.0665 -3.0765 -3.0877 -3.1018 -3.1242 -3.2191 -3.3450 -3.4830 -3.6241 -3.7665
 -3.9095 -4.0505 -4.1868 -4.3171 -4.4417 -4.5615 -4.6774 -4.7899 -4.8993 -5.0057
 -5.1094
 -3.5519 -3.4983 -3.4299 -3.3635 -3.2969 -3.2353 -3.1866 -3.1541 -3.1366 -3.1309
 -3.1331 -3.1398 -3.1486 -3.1593 -3.1744 -3.2491 -3.3635 -3.4953 -3.6326 -3.7711
 -3.9099 -4.0484 -4.1844 -4.3155 -4.4409 -4.5609 -4.6763 -4.7876 -4.8980 -5.0029
 -5.1045
 -3.7164 -3.6770 -3.5996 -3.5257 -3.4624 -3.3963 -3.3346 -3.2840 -3.2480 -3.2262
 -3.2160 -3.2146 -3.2184 -3.2253 -3.2349 -3.2866 -3.3846 -3.5079 -3.6409 -3.7764
 -3.9120 -4.0471 -4.1810 -4.3121 -4.4385 -4.5594 -4.6754 -4.7866 -4.8939 -4.9978
 -5.0987
 -3.8855 -3.8677 -3.7780 -3.6878 -3.6291 -3.5668 -3.5021 -3.4410 -3.3890 -3.3491
 -3.3221 -3.3069 -3.3008 -3.3009 -3.3057 -3.3316 -3.4083 -3.5208 -3.6490
 [Fe/H] = -2.00 [alpha/Fe] = 0.00 BC value = F250M
 -2.8404 -2.8528 -2.8602 -2.8626 -2.8631 -2.8582 -2.8196 -2.7982 -2.7788 -2.7664
 -2.7677 -2.7951 -2.8357 -2.8922 -2.9544 -3.1072 -3.2408 -3.4103 -3.5756
 -2.7654 -2.8039 -2.8402 -2.8662 -2.8817 -2.8855 -2.8773 -2.8593 -2.8368 -2.8154
 -2.8020 -2.8094 -2.8462 -2.9019 -2.9639 -3.1179 -3.2594 -3.4094 -3.5703 -3.7277
 -2.7250 -2.7555 -2.7921 -2.8292 -2.8617 -2.8824 -2.8926 -2.8933 -2.8841 -2.8655
 -2.8455 -2.8362 -2.8579 -2.9084 -2.9697 -3.1263 -3.2721 -3.4217 -3.5809 -3.7363
 -3.8862
 -2.7167 -2.7364 -2.7640 -2.7964 -2.8289 -2.8566 -2.8769 -2.8867 -2.8903 -2.8916
 -2.8846 -2.8735 -2.8772 -2.9157 -2.9714 -3.1315 -3.2817 -3.4316 -3.5890 -3.7436
 -3.8921 -4.0353
 -2.7395 -2.7459 -2.7619 -2.7850 -2.8124 -2.8398 -2.8630 -2.8793 -2.8894 -2.8945
 -2.9010 -2.9029 -2.9055 -2.9296 -2.9789 -3.1347 -3.2888 -3.4395 -3.5952 -3.7490
 -3.8969 -4.0389 -4.1758 -4.3085
 -2.7948 -2.7850 -2.7862 -2.7971 -2.8151 -2.8379 -2.8611 -2.8809 -2.8956 -2.9069
 -2.9170 -2.9273 -2.9337 -2.9527 -2.9916 -3.1379 -3.2941 -3.4461 -3.5998 -3.7529
 -3.9004 -4.0419 -4.1777 -4.3089 -4.4361 -4.5597 -4.6803 -4.7979 -4.9122 -5.0223
 -2.8821 -2.8557 -2.8396 -2.8346 -2.8399 -2.8532 -2.8718 -2.8920 -2.9099 -2.9246
 -2.9385 -2.9544 -2.9676 -2.9849 -3.0175 -3.1450 -3.2993 -3.4519 -3.6037 -3.7552
 -3.9026 -4.0440 -4.1794 -4.3096 -4.4353 -4.5573 -4.6760 -4.7917 -4.9046 -5.0147
 -5.1215
 -2.9942 -2.9562 -2.9244 -2.9011 -2.8897 -2.8900 -2.8995 -2.9148 -2.9324 -2.9492
 -2.9646 -2.9816 -2.9989 -3.0205 -3.0506 -3.1635 -3.3070 -3.4580 -3.6078 -3.7567
 -3.9033 -4.0450 -4.1805 -4.3104 -4.4352 -4.5559 -4.6730 -4.7869 -4.8979 -5.0064
 -5.1126
 -3.1219 -3.0781 -3.0356 -2.9969 -2.9681 -2.9519 -2.9481 -2.9542 -2.9668 -2.9825
 -2.9986 -3.0152 -3.0331 -3.0546 -3.0838 -3.1893 -3.3225 -3.4679 -3.6149 -3.7608
 -3.9052 -4.0467 -4.1830 -4.3134 -4.4382 -4.5582 -4.6743 -4.7869 -4.8963 -5.0030
 -5.1074
 -3.2554 -3.2121 -3.1657 -3.1183 -3.0755 -3.0422 -3.0220 -3.0145 -3.0176 -3.0277
 -3.0416 -3.0568 -3.0732 -3.0925 -3.1177 -3.2142 -3.3392 -3.4778 -3.6210 -3.7635
 -3.9048 -4.0443 -4.1805 -4.3118 -4.4372 -4.5574 -4.6730 -4.7846 -4.8928 -4.9979
 -5.1024
 -3.3900 -3.3488 -3.3060 -3.2563 -3.2064 -3.1600 -3.1242 -3.1007 -3.0901 -3.0899
 -3.0975 -3.1092 -3.1236 -3.1400 -3.1600 -3.2411 -3.3573 -3.4894 -3.6279 -3.7675
 -3.9057 -4.0423 -4.1769 -4.3082 -4.4347 -4.5558 -4.6719 -4.7834 -4.8910 -4.9951
 -5.0963
 -3.5207 -3.4860 -3.4459 -3.4007 -3.3507 -3.2996 -3.2523 -3.2147 -3.1890 -3.1749
 -3.1714 -3.1757 -3.1774 -3.1926 -3.2107 -3.2700 -3.3768 -3.5027 -3.6356
 [Fe/H] = -1.50 [alpha/Fe] = 0.00 BC value = F250M
 -2.8259 -2.8308 -2.8286 -2.8193 -2.8039 -2.7870 -2.7732 -2.7657 -2.7642 -2.7680
 -2.7822 -2.8145 -2.8644 -2.9238 -2.9861 -3.1391 -3.2782 -3.4156 -3.5544
 -2.8184 -2.8394 -2.8513 -2.8550 -2.8514 -2.8420 -2.8304 -2.8215 -2.8149 -2.8102
 -2.8121 -2.8317 -2.8750 -2.9328 -2.9953 -3.1504 -3.2916 -3.4211 -3.5683 -3.7239
 -2.7576 -2.7955 -2.8320 -2.8592 -2.8758 -2.8819 -2.8788 -2.8719 -2.8640 -2.8551
 -2.8478 -2.8521 -2.8822 -2.9352 -2.9970 -3.1547 -3.3002 -3.4336 -3.5793 -3.7327
 -3.8825
 -2.7110 -2.7424 -2.7803 -2.8194 -2.8545 -2.8810 -2.8958 -2.9017 -2.9010 -2.8961
 -2.8882 -2.8822 -2.8944 -2.9364 -2.9952 -3.1544 -3.3046 -3.4430 -3.5879 -3.7396
 -3.8880 -4.0313
 -2.6940 -2.7166 -2.7478 -2.7845 -2.8219 -2.8557 -2.8826 -2.9003 -2.9089 -2.9135
 -2.9153 -2.9148 -2.9174 -2.9425 -2.9934 -3.1511 -3.3056 -3.4491 -3.5943 -3.7448
 -3.8923 -4.0345 -4.1716 -4.3046
 -2.7037 -2.7160 -2.7381 -2.7677 -2.8016 -2.8361 -2.8669 -2.8911 -2.9085 -2.9197
 -2.9262 -2.9319 -2.9400 -2.9575 -2.9961 -3.1467 -3.3041 -3.4524 -3.5989 -3.7484
 -3.8953 -4.0369 -4.1730 -4.3045 -4.4320 -4.5562 -4.6771 -4.7949 -4.9093 -5.0194
 -2.7409 -2.7401 -2.7507 -2.7704 -2.7966 -2.8266 -2.8575 -2.8854 -2.9082 -2.9259
 -2.9408 -2.9522 -2.9612 -2.9769 -3.0075 -3.1432 -3.3015 -3.4537 -3.6017 -3.7505
 -3.8972 -4.0386 -4.1742 -4.3047 -4.4308 -4.5532 -4.6723 -4.7884 -4.9015 -5.0117
 -5.1184
 -2.8068 -2.7913 -2.7878 -2.7947 -2.8102 -2.8318 -2.8578 -2.8851 -2.9109 -2.9334
 -2.9530 -2.9720 -2.9893 -3.0063 -3.0321 -3.1457 -3.2995 -3.4539 -3.6034 -3.7514
 -3.8975 -4.0392 -4.1749 -4.3050 -4.4301 -4.5512 -4.6688 -4.7831 -4.8945 -5.0032
 -5.1095
 -2.8980 -2.8689 -2.8514 -2.8439 -2.8457 -2.8561 -2.8733 -2.8953 -2.9196 -2.9439
 -2.9669 -2.9892 -3.0118 -3.0355 -3.0635 -3.1650 -3.3034 -3.4566 -3.6069 -3.7541
 -3.8991 -4.0407 -4.1771 -4.3076 -4.4327 -4.5531 -4.6696 -4.7827 -4.8925 -4.9996
 -5.1042
 -3.0063 -2.9693 -2.9408 -2.9197 -2.9066 -2.9030 -2.9082 -2.9211 -2.9397 -2.9617
 -2.9849 -3.0085 -3.0328 -3.0592 -3.0895 -3.1891 -3.3155 -3.4596 -3.6083 -3.7543
 -3.8975 -4.0379 -4.1743 -4.3057 -4.4314 -4.5519 -4.6679 -4.7799 -4.8885 -4.9941
 -5.0990
 -3.1241 -3.0843 -3.0499 -3.0188 -2.9935 -2.9757 -2.9669 -2.9677 -2.9769 -2.9926
 -3.0125 -3.0346 -3.0586 -3.0845 -3.1144 -3.2119 -3.3325 -3.4681 -3.6116 -3.7555
 -3.8966 -4.0350 -4.1704 -4.3020 -4.4286 -4.5500 -4.6664 -4.7782 -4.8862 -4.9909
 -5.0925
 -3.2479 -3.2078 -3.1699 -3.1342 -3.1013 -3.0727 -3.0509 -3.0383 -3.0355 -3.0415
 -3.0545 -3.0726 -3.0923 -3.1184 -3.1382 -3.2334 -3.3544 -3.4821 -3.6168
 [Fe/H] = -1.00 [alpha/Fe] = 0.00 BC value = F250M
 -2.7950 -2.7935 -2.7843 -2.7676 -2.7424 -2.7181 -2.7053 -2.7095 -2.7254 -2.7509
 -2.7879 -2.8380 -2.8966 -2.9587 -3.0212 -3.1731 -3.3139 -3.4395 -3.5604
 -2.8137 -2.8191 -2.8166 -2.8062 -2.7894 -2.7691 -2.7555 -2.7566 -2.7661 -2.7824
 -2.8082 -2.8487 -2.9032 -2.9648 -3.0280 -3.1827 -3.3256 -3.4526 -3.5751 -3.7196
 -2.8081 -2.8278 -2.8374 -2.8375 -2.8295 -2.8155 -2.8032 -2.8014 -2.8063 -2.8159
 -2.8314 -2.8592 -2.9046 -2.9629 -3.0261 -3.1837 -3.3306 -3.4613 -3.5865 -3.7287
 -3.8769
 -2.7486 -2.7866 -2.8206 -2.8440 -2.8550 -2.8547 -2.8478 -2.8452 -2.8476 -2.8529
 -2.8611 -2.8768 -2.9085 -2.9592 -3.0201 -3.1796 -3.3307 -3.4664 -3.5952 -3.7357
 -3.8818 -4.0252
 -2.6987 -2.7386 -2.7746 -2.8070 -2.8362 -2.8602 -2.8721 -2.8769 -2.8817 -2.8878
 -2.8945 -2.9032 -2.9211 -2.9586 -3.0135 -3.1723 -3.3270 -3.4683 -3.6011 -3.7409
 -3.8856 -4.0276 -4.1651 -4.2985
 -2.6776 -2.7010 -2.7316 -2.7676 -2.8038 -2.8369 -2.8646 -2.8849 -2.8975 -2.9065
 -2.9166 -2.9282 -2.9423 -2.9664 -3.0101 -3.1634 -3.3208 -3.4671 -3.6046 -3.7446
 -3.8881 -4.0293 -4.1657 -4.2977 -4.4257 -4.5504 -4.6720 -4.7903 -4.9048 -5.0147
 -2.6797 -2.6945 -2.7175 -2.7482 -2.7840 -2.8210 -2.8547 -2.8824 -2.9039 -2.9201
 -2.9320 -2.9430 -2.9583 -2.9804 -3.0140 -3.1544 -3.3131 -3.4637 -3.6057 -3.7468
 -3.8897 -4.0303 -4.1660 -4.2970 -4.4237 -4.5467 -4.6665 -4.7832 -4.8968 -5.0070
 -5.1133
 -2.7025 -2.7074 -2.7215 -2.7446 -2.7747 -2.8093 -2.8448 -2.8778 -2.9059 -2.9288
 -2.9477 -2.9643 -2.9795 -2.9978 -3.0256 -3.1476 -3.3049 -3.4587 -3.6048 -3.7475
 -3.8901 -4.0304 -4.1660 -4.2965 -4.4222 -4.5440 -4.6623 -4.7773 -4.8893 -4.9984
 -5.1046
 -2.7483 -2.7409 -2.7439 -2.7575 -2.7796 -2.8079 -2.8400 -2.8732 -2.9051 -2.9336
 -2.9584 -2.9810 -3.0029 -3.0255 -3.0512 -3.1515 -3.2998 -3.4554 -3.6046 -3.7491
 -3.8915 -4.0318 -4.1677 -4.2984 -4.4240 -4.5450 -4.6623 -4.7760 -4.8866 -4.9943
 -5.0992
 -2.8180 -2.7985 -2.7884 -2.7904 -2.8018 -2.8206 -2.8455 -2.8742 -2.9051 -2.9359
 -2.9652 -2.9926 -3.0193 -3.0470 -3.0773 -3.1708 -3.2986 -3.4503 -3.6013 -3.7469
 -3.8892 -4.0288 -4.1649 -4.2962 -4.4221 -4.5431 -4.6597 -4.7725 -4.8818 -4.9881
 -5.0916
 -2.9063 -2.8766 -2.8557 -2.8457 -2.8448 -2.8525 -2.8675 -2.8882 -2.9136 -2.9421
 -2.9719 -3.0021 -3.0323 -3.0632 -3.0963 -3.1942 -3.3119 -3.4498 -3.5986 -3.7447
 -3.8866 -4.0253 -4.1607 -4.2923 -4.4191 -4.5407 -4.6576 -4.7701 -4.8788 -4.9841
 -5.0864
 -3.0081 -2.9702 -2.9415 -2.9220 -2.9108 -2.9069 -2.9103 -2.9206 -2.9374 -2.9595
 -2.9857 -3.0147 -3.0456 -3.0782 -3.1082 -3.2217 -3.3397 -3.4539 -3.5965
 [Fe/H] = -0.75 [alpha/Fe] = 0.00 BC value = F250M
 -2.7734 -2.7691 -2.7574 -2.7386 -2.7108 -2.6846 -2.6722 -2.6806 -2.7057 -2.7437
 -2.7929 -2.8513 -2.9140 -2.9774 -3.0400 -3.1909 -3.3311 -3.4584 -3.5736
 -2.7970 -2.7986 -2.7925 -2.7785 -2.7582 -2.7337 -2.7183 -2.7224 -2.7394 -2.7675
 -2.8067 -2.8579 -2.9178 -2.9813 -3.0451 -3.1995 -3.3422 -3.4665 -3.5876 -3.7192
 -2.8078 -2.8183 -2.8202 -2.8139 -2.7995 -2.7792 -2.7632 -2.7631 -2.7736 -2.7930
 -2.8216 -2.8623 -2.9156 -2.9771 -3.0411 -3.1988 -3.3457 -3.4775 -3.5975 -3.7288
 -3.8738
 -2.7779 -2.8096 -2.8297 -2.8380 -2.8353 -2.8235 -2.8089 -2.8054 -2.8110 -2.8236
 -2.8430 -2.8721 -2.9148 -2.9706 -3.0331 -3.1928 -3.3440 -3.4804 -3.6047 -3.7361
 -3.8786 -4.0215
 -2.7315 -2.7593 -2.7876 -2.8204 -2.8431 -2.8523 -2.8487 -2.8459 -2.8496 -2.8584
 -2.8716 -2.8908 -2.9209 -2.9665 -3.0244 -3.1839 -3.3385 -3.4800 -3.6093 -3.7415
 -3.8823 -4.0235 -4.1610 -4.2947
 -2.6897 -2.7065 -2.7401 -2.7767 -2.8112 -2.8393 -2.8583 -2.8688 -2.8770 -2.8870
 -2.8999 -2.9157 -2.9367 -2.9694 -3.0182 -3.1734 -3.3306 -3.4768 -3.6114 -3.7452
 -3.8848 -4.0248 -4.1611 -4.2933 -4.4217 -4.5468 -4.6687 -4.7872 -4.9019 -5.0117
 -2.6686 -2.6887 -2.7154 -2.7484 -2.7848 -2.8199 -2.8497 -2.8726 -2.8905 -2.9051
 -2.9182 -2.9338 -2.9543 -2.9810 -3.0186 -3.1627 -3.3212 -3.4713 -3.6111 -3.7473
 -3.8864 -4.0255 -4.1610 -4.2921 -4.4192 -4.5425 -4.6627 -4.7798 -4.8936 -5.0039
 -5.1101
 -2.6775 -2.6900 -2.7092 -2.7361 -2.7691 -2.8053 -2.8407 -2.8719 -2.8978 -2.9191
 -2.9376 -2.9543 -2.9716 -2.9944 -3.0260 -3.1534 -3.3111 -3.4643 -3.6086 -3.7476
 -3.8869 -4.0255 -4.1606 -4.2911 -4.4171 -4.5392 -4.6579 -4.7734 -4.8857 -4.9951
 -5.1013
 -2.7042 -2.7071 -2.7182 -2.7375 -2.7646 -2.7973 -2.8328 -2.8678 -2.8999 -2.9278
 -2.9519 -2.9742 -2.9963 -3.0192 -3.0459 -3.1513 -3.3033 -3.4586 -3.6067 -3.7486
 -3.8885 -4.0270 -4.1621 -4.2927 -4.4184 -4.5398 -4.6574 -4.7716 -4.8826 -4.9906
 -5.0958
 -2.7514 -2.7442 -2.7439 -2.7539 -2.7728 -2.7988 -2.8301 -2.8637 -2.8980 -2.9305
 -2.9602 -2.9875 -3.0141 -3.0419 -3.0720 -3.1645 -3.2963 -3.4507 -3.6012 -3.7455
 -3.8860 -4.0242 -4.1593 -4.2902 -4.4162 -4.5374 -4.6544 -4.7675 -4.8773 -4.9840
 -5.0879
 -2.8194 -2.8010 -2.7906 -2.7890 -2.7977 -2.8147 -2.8385 -2.8668 -2.8983 -2.9312
 -2.9640 -2.9958 -3.0266 -3.0578 -3.0912 -3.1874 -3.3043 -3.4453 -3.5959 -3.7418
 -3.8828 -4.0206 -4.1553 -4.2864 -4.4130 -4.5347 -4.6518 -4.7646 -4.8737 -4.9795
 -5.0823
 -2.9054 -2.8771 -2.8568 -2.8451 -2.8430 -2.8494 -2.8633 -2.8833 -2.9084 -2.9374
 -2.9689 -3.0019 -3.0356 -3.0698 -3.1035 -3.2200 -3.3273 -3.4424 -3.5908
 [Fe/H] = -0.50 [alpha/Fe] = 0.00 BC value = F250M
 -2.7497 -2.7423 -2.7279 -2.7071 -2.6776 -2.6510 -2.6404 -2.6542 -2.6896 -2.7399
 -2.7999 -2.8649 -2.9310 -2.9961 -3.0594 -3.2095 -3.3484 -3.4760 -3.5919
 -2.7767 -2.7745 -2.7651 -2.7481 -2.7255 -2.6989 -2.6826 -2.6900 -2.7152 -2.7554
 -2.8072 -2.8675 -2.9322 -2.9977 -3.0623 -3.2167 -3.3588 -3.4881 -3.6044 -3.7232
 -2.7958 -2.8006 -2.7977 -2.7867 -2.7681 -2.7434 -2.7247 -2.7258 -2.7419 -2.7716
 -2.8134 -2.8659 -2.9264 -2.9909 -3.0561 -3.2141 -3.3607 -3.4935 -3.6122 -3.7328
 -3.8711
 -2.7943 -2.8122 -2.8205 -2.8192 -2.8086 -2.7897 -2.7694 -2.7649 -2.7737 -2.7942
 -2.8254 -2.8677 -2.9206 -2.9815 -3.0459 -3.2063 -3.3572 -3.4945 -3.6174 -3.7400
 -3.8761 -4.0174
 -2.7381 -2.7769 -2.8094 -2.8301 -2.8372 -2.8312 -2.8158 -2.8074 -2.8109 -2.8240
 -2.8460 -2.8775 -2.9201 -2.9737 -3.0350 -3.1957 -3.3502 -3.4921 -3.6201 -3.7451
 -3.8799 -4.0191 -4.1564 -4.2903
 -2.6861 -2.7190 -2.7558 -2.7916 -2.8214 -2.8411 -2.8468 -2.8445 -2.8476 -2.8575
 -2.8737 -2.8966 -2.9282 -2.9715 -3.0261 -3.1838 -3.3408 -3.4871 -3.6203 -3.7484
 -3.8825 -4.0202 -4.1560 -4.2883 -4.4170 -4.5424 -4.6646 -4.7835 -4.8985 -5.0083
 -2.6645 -2.6891 -2.7195 -2.7542 -2.7896 -2.8205 -2.8433 -2.8584 -2.8704 -2.8829
 -2.8983 -2.9185 -2.9444 -2.9777 -3.0224 -3.1717 -3.3300 -3.4799 -3.6183 -3.7500
 -3.8841 -4.0207 -4.1555 -4.2866 -4.4139 -4.5376 -4.6581 -4.7756 -4.8899 -5.0004
 -5.1063
 -2.6637 -2.6814 -2.7046 -2.7341 -2.7684 -2.8038 -2.8358 -2.8619 -2.8832 -2.9023
 -2.9204 -2.9389 -2.9608 -2.9893 -3.0264 -3.1607 -3.3185 -3.4712 -3.6141 -3.7497
 -3.8847 -4.0207 -4.1547 -4.2851 -4.4113 -4.5337 -4.6528 -4.7687 -4.8816 -4.9912
 -5.0975
 -2.6776 -2.6882 -2.7049 -2.7282 -2.7580 -2.7924 -2.8280 -2.8614 -2.8909 -2.9165
 -2.9398 -2.9626 -2.9855 -3.0103 -3.0403 -3.1547 -3.3088 -3.4636 -3.6105 -3.7499
 -3.8864 -4.0224 -4.1561 -4.2863 -4.4120 -4.5336 -4.6517 -4.7663 -4.8777 -4.9862
 -5.0917
 -2.7054 -2.7091 -2.7175 -2.7337 -2.7572 -2.7873 -2.8215 -2.8571 -2.8917 -2.9235
 -2.9523 -2.9793 -3.0063 -3.0347 -3.0651 -3.1604 -3.2985 -3.4535 -3.6031 -3.7458
 -3.8839 -4.0199 -4.1535 -4.2836 -4.4094 -4.5307 -4.6480 -4.7616 -4.8718 -4.9790
 -5.0834
 -2.7522 -2.7456 -2.7459 -2.7524 -2.7682 -2.7916 -2.8210 -2.8542 -2.8894 -2.9245
 -2.9581 -2.9898 -3.0205 -3.0520 -3.0857 -3.1809 -3.2992 -3.4447 -3.5957 -3.7406
 -3.8802 -4.0165 -4.1498 -4.2799 -4.4060 -4.5276 -4.6449 -4.7581 -4.8676 -4.9739
 -5.0772
 -2.8182 -2.8014 -2.7913 -2.7891 -2.7949 -2.8097 -2.8316 -2.8592 -2.8907 -2.9247
 -2.9597 -2.9948 -3.0294 -3.0640 -3.1021 -3.2162 -3.3109 -3.4372 -3.5883
 [Fe/H] = -0.25 [alpha/Fe] = 0.00 BC value = F250M
 -2.7263 -2.7162 -2.6997 -2.6774 -2.6466 -2.6202 -2.6128 -2.6338 -2.6802 -2.7410
 -2.8087 -2.8786 -2.9475 -3.0144 -3.0786 -3.2288 -3.3662 -3.4928 -3.6105
 -2.7557 -2.7500 -2.7375 -2.7181 -2.6937 -2.6668 -2.6511 -2.6631 -2.6975 -2.7491
 -2.8110 -2.8780 -2.9465 -3.0140 -3.0797 -3.2345 -3.3758 -3.5049 -3.6223 -3.7334
 -2.7797 -2.7799 -2.7731 -2.7585 -2.7370 -2.7101 -2.6901 -2.6929 -2.7157 -2.7561
 -2.8095 -2.8712 -2.9373 -3.0046 -3.0711 -3.2299 -3.3761 -3.5092 -3.6285 -3.7421
 -3.8703
 -2.7927 -2.8018 -2.8030 -2.7959 -2.7803 -2.7570 -2.7333 -2.7279 -2.7404 -2.7693
 -2.8121 -2.8659 -2.9271 -2.9923 -3.0586 -3.2201 -3.3708 -3.5086 -3.6318 -3.7482
 -3.8757 -4.0136
 -2.7684 -2.7978 -2.8160 -2.8228 -2.8185 -2.8037 -2.7813 -2.7690 -2.7731 -2.7916
 -2.8234 -2.8670 -2.9203 -2.9809 -3.0454 -3.2079 -3.3621 -3.5044 -3.6325 -3.7525
 -3.8796 -4.0153 -4.1517 -4.2855
 -2.7023 -2.7401 -2.7781 -2.8101 -2.8306 -2.8364 -2.8269 -2.8137 -2.8120 -2.8226
 -2.8446 -2.8775 -2.9208 -2.9737 -3.0338 -3.1947 -3.3514 -3.4977 -3.6308 -3.7548
 -3.8823 -4.0163 -4.1510 -4.2831 -4.4119 -4.5375 -4.6600 -4.7793 -4.8944 -5.0042
 -2.6662 -2.6952 -2.7293 -2.7655 -2.7989 -2.8248 -2.8400 -2.8437 -2.8466 -2.8556
 -2.8723 -2.8972 -2.9307 -2.9737 -3.0262 -3.1813 -3.3394 -3.4890 -3.6270 -3.7554
 -3.8839 -4.0168 -4.1501 -4.2809 -4.4082 -4.5322 -4.6531 -4.7709 -4.8855 -4.9962
 -5.1021
 -2.6562 -2.6778 -2.7049 -2.7370 -2.7718 -2.8048 -2.8315 -2.8502 -2.8648 -2.8802
 -2.8977 -2.9192 -2.9468 -2.9821 -3.0257 -3.1689 -3.3269 -3.4790 -3.6212 -3.7541
 -3.8844 -4.0168 -4.1491 -4.2789 -4.4050 -4.5277 -4.6471 -4.7633 -4.8765 -4.9866
 -5.0932
 -2.6616 -2.6780 -2.6987 -2.7251 -2.7566 -2.7910 -2.8243 -2.8531 -2.8774 -2.8996
 -2.9219 -2.9453 -2.9703 -2.9992 -3.0347 -3.1605 -3.3160 -3.4701 -3.6160 -3.7532
 -3.8861 -4.0188 -4.1506 -4.2798 -4.4052 -4.5270 -4.6453 -4.7603 -4.8721 -4.9811
 -5.0870
 -2.6776 -2.6886 -2.7037 -2.7242 -2.7506 -2.7824 -2.8170 -2.8514 -2.8835 -2.9125
 -2.9396 -2.9666 -2.9946 -3.0243 -3.0563 -3.1592 -3.3038 -3.4585 -3.6071 -3.7480
 -3.8834 -4.0167 -4.1483 -4.2771 -4.4023 -4.5235 -4.6409 -4.7548 -4.8655 -4.9732
 -5.0780
 -2.7055 -2.7096 -2.7185 -2.7324 -2.7531 -2.7801 -2.8123 -2.8473 -2.8831 -2.9176
 -2.9500 -2.9811 -3.0119 -3.0441 -3.0786 -3.1754 -3.2980 -3.4476 -3.5980 -3.7416
 -3.8794 -4.0135 -4.1451 -4.2737 -4.3988 -4.5200 -4.6373 -4.7507 -4.8606 -4.9674
 -5.0712
 -2.7510 -2.7455 -2.7459 -2.7526 -2.7657 -2.7865 -2.8137 -2.8457 -2.8808 -2.9171
 -2.9533 -2.9886 -3.0230 -3.0577 -3.1016 -3.2091 -3.2986 -3.4374 -3.5887
 [Fe/H] =  0.00 [alpha/Fe] = 0.00 BC value = F250M
 -2.6996 -2.6863 -2.6673 -2.6433 -2.6159 -2.5869 -2.5809 -2.6155 -2.6747 -2.7444
 -2.8179 -2.8915 -2.9631 -3.0318 -3.0975 -3.2487 -3.3846 -3.5095 -3.6275
 -2.7313 -2.7216 -2.7055 -2.6835 -2.6565 -2.6289 -2.6160 -2.6367 -2.6833 -2.7458
 -2.8158 -2.8881 -2.9598 -3.0294 -3.0966 -3.2528 -3.3934 -3.5214 -3.6397 -3.7487
 -2.7597 -2.7550 -2.7436 -2.7250 -2.7000 -2.6713 -2.6516 -2.6589 -2.6916 -2.7437
 -2.8074 -2.8766 -2.9473 -3.0173 -3.0854 -3.2459 -3.3919 -3.5245 -3.6449 -3.7557
 -3.8733
 -2.7814 -2.7836 -2.7788 -2.7663 -2.7459 -2.7188 -2.6933 -2.6885 -2.7072 -2.7465
 -2.8011 -2.8647 -2.9327 -3.0018 -3.0703 -3.2339 -3.3847 -3.5223 -3.6463 -3.7600
 -3.8785 -4.0103
 -2.7718 -2.7986 -2.8049 -2.8022 -2.7903 -2.7689 -2.7421 -2.7271 -2.7333 -2.7592
 -2.8021 -2.8573 -2.9201 -2.9867 -3.0545 -3.2198 -3.3742 -3.5165 -3.6452 -3.7626
 -3.8822 -4.0120 -4.1464 -4.2798
 -2.7303 -2.7687 -2.7991 -2.8175 -2.8227 -2.8144 -2.7942 -2.7739 -2.7696 -2.7835
 -2.8139 -2.8583 -2.9129 -2.9745 -3.0398 -3.2049 -3.3620 -3.5082 -3.6417 -3.7635
 -3.8845 -4.0130 -4.1454 -4.2769 -4.4057 -4.5315 -4.6544 -4.7741 -4.8894 -4.9994
 -2.6756 -2.7090 -2.7462 -2.7821 -2.8112 -2.8290 -2.8319 -2.8204 -2.8124 -2.8176
 -2.8371 -2.8699 -2.9143 -2.9680 -3.0283 -3.1902 -3.3489 -3.4983 -3.6362 -3.7626
 -3.8857 -4.0136 -4.1443 -4.2742 -4.4013 -4.5255 -4.6467 -4.7650 -4.8801 -4.9911
 -5.0972
 -2.6542 -2.6791 -2.7097 -2.7442 -2.7787 -2.8082 -2.8290 -2.8390 -2.8433 -2.8512
 -2.8666 -2.8913 -2.9257 -2.9697 -3.0222 -3.1762 -3.3354 -3.4872 -3.6289 -3.7600
 -3.8858 -4.0137 -4.1433 -4.2718 -4.3976 -4.5203 -4.6399 -4.7566 -4.8704 -4.9810
 -5.0880
 -2.6531 -2.6722 -2.6962 -2.7254 -2.7584 -2.7918 -2.8212 -2.8436 -2.8604 -2.8766
 -2.8957 -2.9189 -2.9471 -2.9822 -3.0255 -3.1657 -3.3235 -3.4772 -3.6223 -3.7578
 -3.8870 -4.0157 -4.1449 -4.2726 -4.3974 -4.5189 -4.6374 -4.7528 -4.8651 -4.9746
 -5.0811
 -2.6627 -2.6774 -2.6964 -2.7200 -2.7487 -2.7812 -2.8146 -2.8453 -2.8720 -2.8959
 -2.9200 -2.9462 -2.9749 -3.0064 -3.0419 -3.1583 -3.3097 -3.4643 -3.6121 -3.7514
 -3.8839 -4.0139 -4.1429 -4.2700 -4.3942 -4.5150 -4.6324 -4.7466 -4.8578 -4.9660
 -5.0714
 -2.6784 -2.6897 -2.7039 -2.7229 -2.7468 -2.7758 -2.8087 -2.8429 -2.8762 -2.9074
 -2.9369 -2.9664 -2.9974 -3.0305 -3.0661 -3.1680 -3.2989 -3.4515 -3.6012 -3.7436
 -3.8793 -4.0108 -4.1400 -4.2669 -4.3908 -4.5112 -4.6283 -4.7418 -4.8521 -4.9594
 -5.0638
 -2.7047 -2.7097 -2.7189 -2.7325 -2.7513 -2.7758 -2.8057 -2.8393 -2.8749 -2.9106
 -2.9454 -2.9792 -3.0128 -3.0476 -3.0981 -3.1948 -3.2911 -3.4388 -3.5896
 [Fe/H] =  0.25 [alpha/Fe] = 0.00 BC value = F250M
 -2.6747 -2.6587 -2.6383 -2.6072 -2.5763 -2.5588 -2.5654 -2.6048 -2.6755 -2.7512
 -2.8280 -2.9039 -2.9777 -3.0484 -3.1155 -3.2686 -3.4035 -3.5270 -3.6416
 -2.7082 -2.6950 -2.6763 -2.6522 -2.6237 -2.5938 -2.5861 -2.6181 -2.6773 -2.7482
 -2.8231 -2.8986 -2.9727 -3.0443 -3.1130 -3.2713 -3.4119 -3.5384 -3.6565 -3.7663
 -2.7398 -2.7307 -2.7155 -2.6938 -2.6662 -2.6363 -2.6177 -2.6318 -2.6763 -2.7389
 -2.8100 -2.8839 -2.9577 -3.0298 -3.0995 -3.2622 -3.4084 -3.5403 -3.6610 -3.7716
 -3.8888
 -2.7673 -2.7639 -2.7540 -2.7370 -2.7128 -2.6829 -2.6571 -2.6543 -2.6819 -2.7324
 -2.7966 -2.8671 -2.9395 -3.0116 -3.0819 -3.2479 -3.3992 -3.5365 -3.6611 -3.7743
 -3.8858 -4.0094
 -2.7840 -2.7894 -2.7877 -2.7782 -2.7603 -2.7345 -2.7052 -2.6890 -2.6994 -2.7348
 -2.7884 -2.8529 -2.9222 -2.9931 -3.0635 -3.2318 -3.3869 -3.5291 -3.6582 -3.7751
 -3.8886 -4.0112 -4.1418 -4.2741
 -2.7643 -2.7897 -2.8046 -2.8090 -2.8027 -2.7858 -2.7596 -2.7355 -2.7306 -2.7499
 -2.7900 -2.8451 -2.9088 -2.9767 -3.0460 -3.2152 -3.3731 -3.5193 -3.6531 -3.7743
 -3.8902 -4.0123 -4.1408 -4.2709 -4.3993 -4.5251 -4.6482 -4.7681 -4.8835 -4.9937
 -2.6958 -2.7353 -2.7710 -2.8014 -2.8196 -2.8234 -2.8116 -2.7892 -2.7743 -2.7789
 -2.8044 -2.8473 -2.9022 -2.9646 -3.0309 -3.1989 -3.3587 -3.5080 -3.6460 -3.7718
 -3.8907 -4.0128 -4.1398 -4.2680 -4.3945 -4.5185 -4.6398 -4.7584 -4.8738 -4.9851
 -5.0914
 -2.6588 -2.6871 -2.7210 -2.7570 -2.7898 -2.8150 -2.8292 -2.8291 -2.8203 -2.8184
 -2.8319 -2.8616 -2.9053 -2.9592 -3.0199 -3.1834 -3.3442 -3.4959 -3.6374 -3.7676
 -3.8900 -4.0128 -4.1389 -4.2656 -4.3905 -4.5128 -4.6324 -4.7493 -4.8634 -4.9745
 -5.0818
 -2.6495 -2.6709 -2.6976 -2.7294 -2.7633 -2.7949 -2.8199 -2.8355 -2.8444 -2.8517
 -2.8653 -2.8882 -2.9212 -2.9646 -3.0170 -3.1710 -3.3315 -3.4850 -3.6296 -3.7640
 -3.8904 -4.0148 -4.1406 -4.2663 -4.3900 -4.5109 -4.6292 -4.7446 -4.8573 -4.9673
 -5.0743
 -2.6545 -2.6716 -2.6927 -2.7188 -2.7495 -2.7822 -2.8133 -2.8391 -2.8591 -2.8764
 -2.8953 -2.9192 -2.9486 -2.9836 -3.0251 -3.1596 -3.3166 -3.4714 -3.6183 -3.7564
 -3.8866 -4.0130 -4.1388 -4.2639 -4.3866 -4.5066 -4.6237 -4.7378 -4.8492 -4.9579
 -5.0638
 -2.6652 -2.6798 -2.6971 -2.7187 -2.7449 -2.7752 -2.8078 -2.8396 -2.8684 -2.8941
 -2.9189 -2.9460 -2.9767 -3.0111 -3.0488 -3.1609 -3.3030 -3.4574 -3.6063 -3.7475
 -3.8812 -4.0099 -4.1364 -4.2611 -4.3834 -4.5027 -4.6191 -4.7324 -4.8428 -4.9504
 -5.0553
 -2.6797 -2.6910 -2.7058 -2.7231 -2.7457 -2.7725 -2.8035 -2.8368 -2.8706 -2.9032
 -2.9343 -2.9652 -2.9977 -3.0328 -3.0881 -3.1749 -3.2907 -3.4430 -3.5936
 [Fe/H] =  0.50 [alpha/Fe] = 0.00 BC value = F250M
 -2.6497 -2.5492 -2.4855 -2.4548 -2.4540 -2.4800 -2.5304 -2.6008 -2.6799 -2.7595
 -2.8383 -2.9159 -2.9914 -3.0638 -3.1328 -3.2882 -3.4236 -3.5454 -3.6574
 -2.6850 -2.6678 -2.6479 -2.6224 -2.5843 -2.5548 -2.5582 -2.6060 -2.6767 -2.7535
 -2.8315 -2.9091 -2.9850 -3.0584 -3.1287 -3.2897 -3.4310 -3.5560 -3.6670 -3.7731
 -2.7199 -2.7069 -2.6880 -2.6637 -2.6342 -2.6034 -2.5865 -2.6104 -2.6678 -2.7390
 -2.8150 -2.8919 -2.9678 -3.0418 -3.1131 -3.2785 -3.4256 -3.5566 -3.6769 -3.7881
 -3.9012
 -2.7523 -2.7437 -2.7291 -2.7081 -2.6805 -2.6486 -2.6224 -2.6241 -2.6633 -2.7248
 -2.7963 -2.8714 -2.9468 -3.0210 -3.0931 -3.2619 -3.4143 -3.5512 -3.6758 -3.7894
 -3.8971 -4.0120
 -2.7779 -2.7762 -2.7681 -2.7529 -2.7299 -2.7003 -2.6690 -2.6534 -2.6706 -2.7172
 -2.7808 -2.8520 -2.9258 -2.9996 -3.0721 -3.2435 -3.4000 -3.5421 -3.6714 -3.7886
 -3.8986 -4.0136 -4.1387 -4.2686
 -2.7836 -2.7945 -2.7976 -2.7923 -2.7781 -2.7548 -2.7242 -2.6980 -2.6945 -2.7220
 -2.7729 -2.8371 -2.9074 -2.9797 -3.0519 -3.2250 -3.3845 -3.5308 -3.6647 -3.7861
 -3.8990 -4.0144 -4.1378 -4.2654 -4.3928 -4.5183 -4.6413 -4.7612 -4.8767 -4.9871
 -2.7333 -2.7595 -2.7951 -2.8107 -2.8137 -2.8041 -2.7821 -2.7538 -2.7358 -2.7430
 -2.7771 -2.8302 -2.8941 -2.9630 -3.0336 -3.2070 -3.3687 -3.5182 -3.6562 -3.7820
 -3.8984 -4.0147 -4.1369 -4.2625 -4.3878 -4.5112 -4.6324 -4.7510 -4.8667 -4.9780
 -5.0846
 -2.6727 -2.7049 -2.7415 -2.7768 -2.8051 -2.8220 -2.8242 -2.8099 -2.7894 -2.7811
 -2.7968 -2.8350 -2.8887 -2.9514 -3.0186 -3.1899 -3.3530 -3.5050 -3.6463 -3.7764
 -3.8966 -4.0145 -4.1360 -4.2601 -4.3836 -4.5051 -4.6244 -4.7412 -4.8555 -4.9670
 -5.0745
 -2.6518 -2.6752 -2.7048 -2.7386 -2.7723 -2.8009 -2.8214 -2.8313 -2.8307 -2.8262
 -2.8319 -2.8554 -2.8958 -2.9489 -3.0099 -3.1757 -3.3393 -3.4933 -3.6375 -3.7714
 -3.8958 -4.0161 -4.1378 -4.2609 -4.3830 -4.5030 -4.6207 -4.7359 -4.8486 -4.9589
 -5.0663
 -2.6516 -2.6696 -2.6926 -2.7209 -2.7530 -2.7851 -2.8130 -2.8336 -2.8472 -2.8563
 -2.8674 -2.8871 -2.9174 -2.9583 -3.0086 -3.1614 -3.3235 -3.4790 -3.6254 -3.7626
 -3.8910 -4.0140 -4.1362 -4.2586 -4.3798 -4.4985 -4.6149 -4.7286 -4.8398 -4.9487
 -5.0550
 -2.6606 -2.6754 -2.6941 -2.7173 -2.7453 -2.7765 -2.8080 -2.8363 -2.8596 -2.8787
 -2.8972 -2.9201 -2.9492 -2.9847 -3.0262 -3.1542 -3.3082 -3.4642 -3.6127 -3.7528
 -3.8848 -4.0108 -4.1340 -4.2563 -4.3768 -4.4948 -4.6101 -4.7227 -4.8328 -4.9405
 -5.0457
 -2.6699 -2.6841 -2.7002 -2.7203 -2.7444 -2.7727 -2.8040 -2.8360 -2.8664 -2.8940
 -2.9196 -2.9463 -2.9767 -3.0118 -3.0627 -3.1541 -3.2934 -3.4489 -3.5994
 [Fe/H] =  0.75 [alpha/Fe] = 0.00 BC value = F250M
 -2.6237 -2.5333 -2.4771 -2.4516 -2.4539 -2.4811 -2.5311 -2.6015 -2.6863 -2.7687
 -2.8489 -2.9277 -3.0045 -3.0786 -3.1492 -3.3074 -3.4437 -3.5642 -3.6748
 -2.6615 -2.6411 -2.6199 -2.5936 -2.5520 -2.5219 -2.5344 -2.6001 -2.6796 -2.7605
 -2.8405 -2.9196 -2.9968 -3.0717 -3.1435 -3.3077 -3.4500 -3.5742 -3.6895 -3.7999
 -2.7001 -2.6930 -2.6611 -2.6347 -2.6044 -2.5738 -2.5591 -2.5952 -2.6647 -2.7423
 -2.8216 -2.9003 -2.9778 -3.0532 -3.1259 -3.2944 -3.4430 -3.5735 -3.6927 -3.8043
 -3.9089
 -2.7372 -2.7236 -2.7048 -2.6803 -2.6502 -2.6171 -2.5916 -2.5997 -2.6515 -2.7224
 -2.7991 -2.8770 -2.9544 -3.0302 -3.1037 -3.2756 -3.4296 -3.5665 -3.6905 -3.8046
 -3.9102 -4.0187
 -2.7698 -2.7619 -2.7482 -2.7280 -2.7007 -2.6681 -2.6355 -2.6216 -2.6482 -2.7065
 -2.7779 -2.8538 -2.9305 -3.0063 -3.0804 -3.2550 -3.4132 -3.5557 -3.6847 -3.8023
 -3.9110 -4.0198 -4.1380 -4.2637
 -2.7905 -2.7915 -2.7860 -2.7734 -2.7529 -2.7244 -2.6902 -2.6629 -2.6628 -2.7008
 -2.7620 -2.8335 -2.9082 -2.9834 -3.0576 -3.2343 -3.3958 -3.5428 -3.6766 -3.7983
 -3.9100 -4.0200 -4.1371 -4.2608 -4.3865 -4.5112 -4.6339 -4.7537 -4.8688 -4.9793
 -2.7720 -2.7941 -2.8055 -2.8070 -2.7984 -2.7797 -2.7510 -2.7187 -2.6997 -2.7119
 -2.7563 -2.8189 -2.8895 -2.9630 -3.0366 -3.2144 -3.3784 -3.5287 -3.6667 -3.7928
 -3.9081 -4.0197 -4.1362 -4.2580 -4.3814 -4.5039 -4.6246 -4.7430 -4.8586 -4.9698
 -5.0766
 -2.6996 -2.7383 -2.7721 -2.8001 -2.8173 -2.8195 -2.8070 -2.7810 -2.7545 -2.7447
 -2.7662 -2.8143 -2.8770 -2.9464 -3.0181 -3.1955 -3.3614 -3.5143 -3.6557 -3.7857
 -3.9051 -4.0189 -4.1353 -4.2557 -4.3773 -4.4977 -4.6163 -4.7326 -4.8468 -4.9584
 -5.0660
 -2.6621 -2.6881 -2.7207 -2.7551 -2.7868 -2.8115 -2.8255 -2.8259 -2.8124 -2.7957
 -2.7967 -2.8254 -2.8752 -2.9372 -3.0049 -3.1795 -3.3467 -3.5017 -3.6458 -3.7795
 -3.9030 -4.0199 -4.1370 -4.2567 -4.3768 -4.4956 -4.6123 -4.7269 -4.8393 -4.9495
 -5.0572
 -2.6540 -2.6728 -2.6976 -2.7278 -2.7604 -2.7907 -2.8147 -2.8304 -2.8381 -2.8393
 -2.8399 -2.8537 -2.8869 -2.9363 -2.9960 -3.1629 -3.3299 -3.4868 -3.6332 -3.7698
 -3.8970 -4.0172 -4.1355 -4.2547 -4.3737 -4.4912 -4.6064 -4.7193 -4.8300 -4.9386
 -5.0451
 -2.6603 -2.6754 -2.6946 -2.7191 -2.7484 -2.7797 -2.8092 -2.8332 -2.8508 -2.8636
 -2.8750 -2.8909 -2.9169 -2.9544 -3.0019 -3.1500 -3.3133 -3.4713 -3.6198 -3.7592
 -3.8899 -4.0135 -4.1335 -4.2527 -4.3711 -4.4876 -4.6017 -4.7133 -4.8227 -4.9299
 -5.0352
 -2.6699 -2.6836 -2.6999 -2.7206 -2.7457 -2.7748 -2.8058 -2.8356 -2.8616 -2.8835
 -2.9029 -2.9241 -2.9506 -2.9846 -3.0226 -3.1408 -3.2969 -3.4552 -3.6056
 [Fe/H] =  1.00 [alpha/Fe] = 0.00 BC value = F250M
 -2.5974 -2.5128 -2.4618 -2.4412 -2.4478 -2.4791 -2.5326 -2.6064 -2.6941 -2.7786
 -2.8602 -2.9399 -3.0178 -3.0931 -3.1652 -3.3268 -3.4634 -3.5835 -3.6939
 -2.6375 -2.5901 -2.5543 -2.5289 -2.5130 -2.5055 -2.5213 -2.5998 -2.6846 -2.7683
 -2.8501 -2.9300 -3.0083 -3.0844 -3.1576 -3.3251 -3.4687 -3.5926 -3.7062 -3.8158
 -2.6796 -2.6525 -2.6346 -2.6070 -2.5771 -2.5483 -2.5334 -2.5865 -2.6653 -2.7472
 -2.8287 -2.9088 -2.9874 -3.0640 -3.1381 -3.3097 -3.4600 -3.5906 -3.7085 -3.8195
 -3.9244
 -2.7219 -2.7036 -2.6810 -2.6537 -2.6223 -2.5893 -2.5653 -2.5812 -2.6454 -2.7231
 -2.8034 -2.8834 -2.9619 -3.0390 -3.1138 -3.2887 -3.4446 -3.5821 -3.7052 -3.8186
 -3.9254 -4.0295
 -2.7614 -2.7476 -2.7287 -2.7042 -2.6738 -2.6392 -2.6058 -2.5951 -2.6326 -2.7010
 -2.7781 -2.8571 -2.9356 -3.0128 -3.0882 -3.2658 -3.4262 -3.5696 -3.6982 -3.8159
 -3.9244 -4.0292 -4.1403 -4.2608
 -2.7925 -2.7859 -2.7735 -2.7547 -2.7289 -2.6964 -2.6595 -2.6315 -2.6370 -2.6863
 -2.7562 -2.8326 -2.9104 -2.9874 -3.0631 -3.2430 -3.4069 -3.5550 -3.6887 -3.8105
 -3.9222 -4.0286 -4.1401 -4.2580 -4.3805 -4.5042 -4.6263 -4.7452 -4.8599 -4.9705
 -2.8002 -2.8076 -2.8068 -2.7982 -2.7812 -2.7555 -2.7217 -2.6862 -2.6673 -2.6869
 -2.7419 -2.8123 -2.8876 -2.9639 -3.0396 -3.2211 -3.3877 -3.5395 -3.6776 -3.8037
 -3.9189 -4.0275 -4.1382 -4.2553 -4.3756 -4.4966 -4.6167 -4.7346 -4.8496 -4.9606
 -5.0675
 -2.7429 -2.7793 -2.8038 -2.8171 -2.8185 -2.8074 -2.7842 -2.7511 -2.7210 -2.7122
 -2.7418 -2.7995 -2.8694 -2.9435 -3.0182 -3.2003 -3.3692 -3.5238 -3.6655 -3.7956
 -3.9147 -4.0260 -4.1372 -4.2531 -4.3719 -4.4907 -4.6082 -4.7239 -4.8377 -4.9489
 -5.0563
 -2.6830 -2.7122 -2.7467 -2.7806 -2.8080 -2.8244 -2.8264 -2.8121 -2.7854 -2.7626
 -2.7646 -2.8012 -2.8602 -2.9291 -3.0015 -3.1826 -3.3532 -3.5101 -3.6546 -3.7882
 -3.9113 -4.0260 -4.1387 -4.2542 -4.3717 -4.4888 -4.6044 -4.7179 -4.8296 -4.9395
 -5.0471
 -2.6630 -2.6833 -2.7099 -2.7414 -2.7734 -2.8008 -2.8208 -2.8314 -2.8314 -2.8218
 -2.8106 -2.8219 -2.8620 -2.9203 -2.9872 -3.1640 -3.3353 -3.4943 -3.6413 -3.7777
 -3.9043 -4.0226 -4.1371 -4.2524 -4.3688 -4.4845 -4.5985 -4.7104 -4.8202 -4.9282
 -5.0344
 -2.6650 -2.6799 -2.6997 -2.7254 -2.7554 -2.7858 -2.8123 -2.8316 -2.8438 -2.8511
 -2.8557 -2.8626 -2.8847 -2.9265 -2.9825 -3.1478 -3.3177 -3.4783 -3.6275 -3.7665
 -3.8963 -4.0181 -4.1350 -4.2508 -4.3665 -4.4812 -4.5941 -4.7045 -4.8128 -4.9192
 -5.0238
 -2.6750 -2.6874 -2.7035 -2.7241 -2.7498 -2.7792 -2.8091 -2.8356 -2.8566 -2.8725
 -2.8860 -2.9009 -2.9218 -2.9536 -2.9874 -3.1340 -3.3004 -3.4621 -3.6132
