 [Fe/H] = -4.00 [alpha/Fe] = 0.40 BC value =F322W2
  4.0039  4.1678  4.0555  3.4217  2.3784  1.7688  1.4919  1.3833  1.5165  1.8555
  1.4952  1.0049  1.3285  2.1102  2.6579  2.4829
  3.4429  3.5636  3.5849  3.3739  2.9507  2.6898  2.5284  2.4086  2.3554  2.3643
  2.1458  1.9273  2.0659  2.4189  2.6573  2.4680  2.2832  2.1205  1.9455
  3.1477  3.1969  3.2427  3.2267  3.1376  3.0655  2.9825  2.8855  2.7780  2.6659
  2.5603  2.4970  2.5220  2.6017  2.6402  2.4555  2.2694  2.1020  1.9360  1.7800
  1.6302
  3.1183  3.0677  3.0289  2.9801  2.9392  2.8960  2.8542  2.8141  2.7842  2.7605
  2.7385  2.7140  2.6969  2.6586  2.6066  2.4454  2.2584  2.0872  1.9246  1.7678
  1.6176  1.4731  1.3335
  3.0058  2.9823  2.9611  2.9317  2.8994  2.8621  2.8224  2.7826  2.7451  2.7124
  2.6854  2.6590  2.6343  2.6022  2.5580  2.4182  2.2499  2.0788  1.9142  1.7575
  1.6081  1.4648  1.3269  1.1937  1.0644
  2.8853  2.8808  2.8736  2.8606  2.8399  2.8120  2.7785  2.7424  2.7056  2.6699
  2.6373  2.6079  2.5795  2.5525  2.5128  2.3889  2.2371  2.0710  1.9066  1.7497
  1.6005  1.4579  1.3211  1.1893  1.0618  0.9379
  2.7569  2.7632  2.7664  2.7668  2.7606  2.7457  2.7225  2.6935  2.6613  2.6276
  2.5939  2.5619  2.5318  2.5049  2.4710  2.3575  2.2200  2.0638  1.9018  1.7444
  1.5948  1.4524  1.3161  1.1852  1.0590  0.9367  0.8178  0.7021  0.5893  0.4796
  2.6205  2.6295  2.6395  2.6504  2.6582  2.6588  2.6504  2.6330  2.6090  2.5809
  2.5506  2.5192  2.4882  2.4595  2.4293  2.3289  2.1996  2.0545  1.8986  1.7420
  1.5914  1.4483  1.3120  1.1816  1.0561  0.9351  0.8178  0.7038  0.5926  0.4840
  0.3781
  2.4827  2.4894  2.5012  2.5174  2.5349  2.5496  2.5575  2.5561  2.5448  2.5261
  2.5026  2.4758  2.4467  2.4170  2.3884  2.3002  2.1805  2.0424  1.8946  1.7417
  1.5908  1.4463  1.3093  1.1786  1.0535  0.9331  0.8167  0.7040  0.5945  0.4876
  0.3830
  2.3560  2.3527  2.3591  2.3742  2.3959  2.4202  2.4419  2.4570  2.4625  2.4579
  2.4450  2.4263  2.4029  2.3762  2.3486  2.2687  2.1605  2.0288  1.8865  1.7391
  1.5901  1.4446  1.3059  1.1741  1.0485  0.9281  0.8121  0.7001  0.5916  0.4860
  0.3832
  2.2371  2.2269  2.2271  2.2366  2.2570  2.2831  2.3123  2.3400  2.3616  2.3735
  2.3746  2.3667  2.3521  2.3328  2.3101  2.2375  2.1397  2.0170  1.8801  1.7376
  1.5929  1.4487  1.3088  1.1753  1.0485  0.9275  0.8114  0.6997  0.5918  0.4873
  0.3837
  2.1319  2.1120  2.1048  2.1089  2.1235  2.1463  2.1767  2.2097  2.2419  2.2664
  2.2820  2.2892  2.2888  2.2810  2.2665  2.2050  2.1151  2.0032  1.8730  1.7350
  1.5943  1.4533  1.3141  1.1793  1.0507  0.9283  0.8114  0.6993  0.5914  0.4872
  0.3863
  2.0406  2.0081  1.9922  1.9911  1.9954  2.0098  2.0438  2.0765  2.1117  2.1435
  2.1709  2.1942  2.2136  2.2208  2.2179  2.1711  2.0867  1.9874  1.8652
 [Fe/H] = -3.00 [alpha/Fe] = 0.40 BC value =F322W2
  2.9735  2.9077  2.8397  2.7683  2.6991  2.7208  2.7843  2.8492  2.8908  2.8757
  2.7352  2.5601  2.5300  2.6213  2.6681  2.4915
  3.0292  2.9670  2.9029  2.8369  2.7727  2.7568  2.7681  2.7896  2.8076  2.8050
  2.7522  2.6798  2.6529  2.6649  2.6516  2.4723  2.2937  2.1218  1.9557
  3.0605  3.0036  2.9449  2.8851  2.8264  2.7867  2.7629  2.7530  2.7509  2.7509
  2.7479  2.7378  2.7170  2.6827  2.6325  2.4542  2.2766  2.1044  1.9395  1.7820
  1.6306
  3.0674  3.0175  2.9657  2.9129  2.8602  2.8105  2.7687  2.7393  2.7208  2.7134
  2.7223  2.7340  2.7224  2.6747  2.6108  2.4372  2.2621  2.0905  1.9262  1.7693
  1.6191  1.4746  1.3351
  3.0499  3.0087  2.9653  2.9203  2.8741  2.8282  2.7855  2.7485  2.7172  2.6925
  2.6754  2.6685  2.6690  2.6408  2.5865  2.4213  2.2502  2.0801  1.9158  1.7593
  1.6099  1.4666  1.3287  1.1953  1.0658
  3.0080  2.9772  2.9437  2.9073  2.8681  2.8272  2.7862  2.7479  2.7140  2.6855
  2.6577  2.6306  2.6168  2.5975  2.5543  2.4043  2.2393  2.0724  1.9084  1.7517
  1.6026  1.4600  1.3231  1.1911  1.0634  0.9393
  2.9413  2.9215  2.8997  2.8740  2.8440  2.8098  2.7731  2.7357  2.6998  2.6669
  2.6362  2.6058  2.5755  2.5570  2.5180  2.3830  2.2274  2.0660  1.9038  1.7466
  1.5971  1.4546  1.3183  1.1873  1.0609  0.9384  0.8193  0.7034  0.5905  0.4808
  2.8540  2.8427  2.8314  2.8180  2.7995  2.7750  2.7455  2.7123  2.6776  2.6432
  2.6102  2.5777  2.5444  2.5181  2.4833  2.3588  2.2127  2.0589  1.9009  1.7442
  1.5937  1.4507  1.3144  1.1838  1.0582  0.9369  0.8193  0.7051  0.5938  0.4852
  0.3792
  2.7977  2.7611  2.7420  2.7385  2.7322  2.7197  2.7004  2.6750  2.6451  2.6128
  2.5798  2.5465  2.5126  2.4799  2.4487  2.3344  2.1966  2.0496  1.8988  1.7441
  1.5940  1.4488  1.3118  1.1810  1.0557  0.9351  0.8185  0.7053  0.5954  0.4884
  0.3842
  2.6439  2.6505  2.6484  2.6385  2.6410  2.6406  2.6333  2.6189  2.5976  2.5712
  2.5416  2.5099  2.4770  2.4436  2.4123  2.3076  2.1790  2.0375  1.8912  1.7419
  1.5925  1.4470  1.3084  1.1765  1.0508  0.9302  0.8141  0.7018  0.5931  0.4875
  0.3844
  2.5446  2.5407  2.5347  2.5270  2.5343  2.5406  2.5447  2.5423  2.5325  2.5156
  2.4930  2.4663  2.4368  2.4055  2.3740  2.2794  2.1615  2.0275  1.8857  1.7412
  1.5955  1.4510  1.3111  1.1776  1.0507  0.9296  0.8134  0.7015  0.5934  0.4887
  0.3849
  2.4451  2.4315  2.4241  2.4221  2.4291  2.4418  2.4536  2.4437  2.4462  2.4411
  2.4290  2.4107  2.3876  2.3611  2.3321  2.2476  2.1405  2.0156  1.8796  1.7391
  1.5973  1.4556  1.3163  1.1815  1.0529  0.9304  0.8134  0.7011  0.5931  0.4887
  0.3876
  2.3453  2.3231  2.3165  2.3238  2.3254  2.3441  2.3325  2.3469  2.3570  2.3461
  2.3460  2.3391  2.3256  2.3067  2.2866  2.2122  2.1160  2.0018  1.8729
 [Fe/H] = -2.50 [alpha/Fe] = 0.40 BC value =F322W2
  2.8798  2.7985  2.7484  2.7588  2.8247  2.9084  2.9859  3.0459  3.0630  3.0145
  2.9470  2.8589  2.7771  2.7268  2.6654  2.4922
  2.9581  2.8841  2.8241  2.7946  2.7956  2.8140  2.8407  2.8694  2.8868  2.8809
  2.8635  2.8257  2.7700  2.7114  2.6447  2.4692  2.2946  2.1232  1.9586
  3.0145  2.9476  2.8833  2.8292  2.7881  2.7619  2.7509  2.7529  2.7632  2.7770
  2.7874  2.7828  2.7504  2.6929  2.6252  2.4495  2.2760  2.1056  1.9414  1.7837
  1.6321
  3.0490  2.9890  2.9260  2.8626  2.8022  2.7521  2.7165  2.6964  2.6922  2.7028
  2.7187  2.7302  2.7183  2.6713  2.6069  2.4331  2.2608  2.0915  1.9277  1.7709
  1.6208  1.4763  1.3366
  3.0616  3.0083  2.9522  2.8948  2.8379  2.7846  2.7375  2.6999  2.6738  2.6583
  2.6574  2.6679  2.6737  2.6466  2.5898  2.4200  2.2490  2.0809  1.9175  1.7611
  1.6118  1.4684  1.3304  1.1969  1.0673
  3.0536  3.0079  2.9592  2.9085  2.8568  2.8064  2.7598  2.7198  2.6863  2.6590
  2.6363  2.6214  2.6214  2.6116  2.5693  2.4088  2.2396  2.0731  1.9101  1.7537
  1.6047  1.4620  1.3251  1.1930  1.0651  0.9407
  3.0242  2.9876  2.9476  2.9049  2.8601  2.8141  2.7689  2.7271  2.6910  2.6603
  2.6325  2.6050  2.5839  2.5720  2.5400  2.3969  2.2315  2.0674  1.9055  1.7488
  1.5994  1.4569  1.3205  1.1893  1.0627  0.9401  0.8208  0.7047  0.5917  0.4820
  2.9722  2.9454  2.9156  2.8827  2.8464  2.8073  2.7662  2.7253  2.6865  2.6520
  2.6212  2.5912  2.5595  2.5378  2.5087  2.3802  2.2231  2.0624  1.9029  1.7465
  1.5962  1.4531  1.3168  1.1861  1.0603  0.9388  0.8210  0.7065  0.5951  0.4864
  0.3804
  2.8996  2.8806  2.8609  2.8391  2.8133  2.7834  2.7495  2.7129  2.6753  2.6385
  2.6043  2.5719  2.5390  2.5071  2.4790  2.3586  2.2118  2.0566  1.9010  1.7464
  1.5956  1.4513  1.3143  1.1834  1.0580  0.9372  0.8204  0.7072  0.5973  0.4902
  0.3854
  2.8131  2.7978  2.7844  2.7724  2.7578  2.7389  2.7147  2.6856  2.6527  2.6176
  2.5824  2.5479  2.5138  2.4794  2.4488  2.3353  2.1961  2.0470  1.8959  1.7447
  1.5949  1.4495  1.3109  1.1791  1.0532  0.9325  0.8161  0.7037  0.5947  0.4889
  0.3856
  2.7215  2.7053  2.6936  2.6866  2.6810  2.6723  2.6593  2.6403  2.6155  2.5861
  2.5536  2.5197  2.4854  2.4508  2.4172  2.3125  2.1815  2.0386  1.8919  1.7448
  1.5981  1.4534  1.3136  1.1802  1.0532  0.9320  0.8155  0.7034  0.5952  0.4903
  0.3862
  2.6268  2.6084  2.5961  2.5886  2.5856  2.5848  2.5813  2.5729  2.5585  2.5380
  2.5123  2.4826  2.4505  2.4172  2.3833  2.2864  2.1646  2.0290  1.8870  1.7436
  1.6003  1.4581  1.3187  1.1840  1.0553  0.9328  0.8156  0.7032  0.5950  0.4904
  0.3891
  2.5289  2.5071  2.4959  2.4847  2.4811  2.4817  2.4837  2.4842  2.4797  2.4696
  2.4535  2.4316  2.4052  2.3756  2.3471  2.2570  2.1454  2.0182  1.8812
 [Fe/H] = -2.00 [alpha/Fe] = 0.40 BC value =F322W2
  3.0365  3.0252  3.0133  2.9910  2.9848  2.9801  2.9738  2.9646  2.9500  2.9295
  2.8983  2.8521  2.7979  2.7358  2.6578  2.4879
  2.9775  2.9448  2.9201  2.9031  2.8931  2.8870  2.8818  2.8754  2.8681  2.8605
  2.8469  2.8180  2.7695  2.7068  2.6351  2.4626  2.2926  2.1251  1.9600
  2.9669  2.9187  2.8799  2.8499  2.8280  2.8135  2.8041  2.7970  2.7927  2.7922
  2.7907  2.7776  2.7410  2.6828  2.6156  2.4421  2.2726  2.1068  1.9434  1.7860
  1.6345
  3.0047  2.9469  2.8927  2.8314  2.7896  2.7596  2.7407  2.7294  2.7238  2.7246
  2.7297  2.7309  2.7124  2.6638  2.5993  2.4264  2.2569  2.0921  1.9300  1.7736
  1.6234  1.4789  1.3391
  3.0499  2.9908  2.9289  2.8656  2.8055  2.7533  2.7126  2.6855  2.6700  2.6643
  2.6669  2.6743  2.6743  2.6438  2.5862  2.4155  2.2455  2.0810  1.9198  1.7640
  1.6147  1.4713  1.3332  1.1995  1.0696
  3.0664  3.0139  2.9575  2.8981  2.8388  2.7827  2.7324  2.6899  2.6569  2.6345
  2.6227  2.6206  2.6237  2.6150  2.5717  2.4078  2.2377  2.0731  1.9125  1.7569
  1.6079  1.4652  1.3282  1.1958  1.0677  0.9431
  3.0647  3.0184  2.9683  2.9147  2.8590  2.8037  2.7521  2.7072  2.6698  2.6384
  2.6125  2.5923  2.5824  2.5751  2.5499  2.4015  2.2325  2.0679  1.9077  1.7521
  1.6030  1.4604  1.3239  1.1925  1.0657  0.9427  0.8230  0.7067  0.5937  0.4841
  3.0472  3.0070  2.9634  2.9163  2.8665  2.8155  2.7650  2.7179  2.6767  2.6424
  2.6128  2.5847  2.5594  2.5427  2.5211  2.3938  2.2285  2.0646  1.9051  1.7497
  1.5999  1.4570  1.3205  1.1896  1.0636  0.9418  0.8236  0.7088  0.5972  0.4885
  0.3826
  3.0105  2.9787  2.9427  2.9030  2.8604  2.8155  2.7692  2.7232  2.6795  2.6405
  2.6069  2.5763  2.5454  2.5177  2.4936  2.3793  2.2241  2.0621  1.9039  1.7494
  1.5993  1.4553  1.3182  1.1872  1.0616  0.9405  0.8233  0.7098  0.5996  0.4923
  0.3875
  2.9532  2.9311  2.9035  2.8724  2.8379  2.8007  2.7609  2.7193  2.6770  2.6360
  2.5980  2.5633  2.5302  2.4969  2.4676  2.3577  2.2138  2.0570  1.9008  1.7480
  1.5984  1.4534  1.3150  1.1831  1.0571  0.9361  0.8194  0.7066  0.5973  0.4912
  0.3877
  2.8810  2.8642  2.8445  2.8221  2.7969  2.7688  2.7375  2.7030  2.6656  2.6266
  2.5875  2.5497  2.5135  2.4780  2.4438  2.3380  2.2013  2.0521  1.8996  1.7493
  1.6017  1.4572  1.3176  1.1843  1.0573  0.9358  0.8191  0.7067  0.5981  0.4928
  0.3885
  2.8002  2.7829  2.7680  2.7524  2.7353  2.7164  2.6944  2.6690  2.6393  2.6059
  2.5698  2.5323  2.4947  2.4576  2.4209  2.3180  2.1876  2.0445  1.8968  1.7496
  1.6046  1.4619  1.3226  1.1880  1.0594  0.9368  0.8194  0.7067  0.5982  0.4932
  0.3916
  2.7120  2.6949  2.6803  2.6678  2.6562  2.6440  2.6303  2.6140  2.5936  2.5684
  2.5388  2.5055  2.4699  2.4331  2.3989  2.2977  2.1727  2.0342  1.8924
 [Fe/H] = -1.50 [alpha/Fe] = 0.40 BC value =F322W2
  3.0674  3.0454  3.0334  3.0311  3.0402  3.0455  3.0361  3.0180  2.9896  2.9544
  2.9085  2.8514  2.7897  2.7252  2.6574  2.4861
  3.0084  2.9831  2.9665  2.9589  2.9602  2.9624  2.9571  2.9404  2.9189  2.8947
  2.8636  2.8195  2.7617  2.6960  2.6275  2.4560  2.2884  2.1258  1.9645
  2.9750  2.9417  2.9171  2.9015  2.8939  2.8910  2.8862  2.8706  2.8531  2.8359
  2.8157  2.7845  2.7357  2.6732  2.6054  2.4336  2.2666  2.1057  1.9466  1.7898
  1.6383
  2.9672  2.9212  2.8852  2.8589  2.8414  2.8314  2.8234  2.8086  2.7922  2.7780
  2.7648  2.7464  2.7117  2.6568  2.5911  2.4189  2.2512  2.0905  1.9329  1.7776
  1.6276  1.4830  1.3431
  3.0063  2.9500  2.8892  2.8413  2.8063  2.7829  2.7680  2.7525  2.7354  2.7210
  2.7105  2.7005  2.6816  2.6406  2.5806  2.4098  2.2409  2.0795  1.9224  1.7683
  1.6192  1.4758  1.3374  1.2033  1.0731
  3.0548  2.9964  2.9345  2.8736  2.8180  2.7710  2.7355  2.7111  2.6898  2.6714
  2.6578  2.6490  2.6405  2.6178  2.5698  2.4043  2.2346  2.0720  1.9149  1.7614
  1.6129  1.4701  1.3328  1.2002  1.0717  0.9467
  3.0727  3.0215  2.9668  2.9090  2.8505  2.7954  2.7465  2.7055  2.6719  2.6447
  2.6232  2.6068  2.5949  2.5828  2.5529  2.4007  2.2312  2.0674  1.9098  1.7566
  1.6083  1.4658  1.3291  1.1974  1.0702  0.9468  0.8267  0.7099  0.5967  0.4874
  3.0728  3.0272  2.9788  2.9263  2.8708  2.8146  2.7613  2.7143  2.6749  2.6412
  2.6119  2.5869  2.5658  2.5474  2.5256  2.3971  2.2295  2.0651  1.9070  1.7538
  1.6054  1.4628  1.3262  1.1950  1.0686  0.9464  0.8277  0.7124  0.6004  0.4917
  0.3862
  3.0614  3.0203  2.9769  2.9300  2.8794  2.8264  2.7731  2.7226  2.6774  2.6392
  2.6068  2.5774  2.5498  2.5245  2.4990  2.3901  2.2286  2.0645  1.9060  1.7529
  1.6053  1.4613  1.3243  1.1931  1.0671  0.9456  0.8280  0.7140  0.6032  0.4956
  0.3909
  3.0367  3.0020  2.9643  2.9224  2.8771  2.8288  2.7788  2.7289  2.6811  2.6377
  2.6000  2.5670  2.5361  2.5058  2.4761  2.3731  2.2248  2.0623  1.9040  1.7512
  1.6029  1.4593  1.3213  1.1894  1.0631  0.9417  0.8246  0.7113  0.6014  0.4948
  0.3911
  2.9976  2.9700  2.9392  2.9038  2.8644  2.8219  2.7769  2.7307  2.6841  2.6388
  2.5966  2.5582  2.5232  2.4896  2.4562  2.3540  2.2177  2.0623  1.9053  1.7533
  1.6059  1.4625  1.3237  1.1907  1.0636  0.9418  0.8248  0.7119  0.6027  0.4969
  0.3921
  2.9433  2.9222  2.8977  2.8698  2.8374  2.8016  2.7632  2.7226  2.6802  2.6370
  2.5939  2.5522  2.5128  2.4753  2.4387  2.3361  2.2052  2.0588  1.9059  1.7554
  1.6093  1.4669  1.3283  1.1943  1.0658  0.9431  0.8254  0.7123  0.6033  0.4979
  0.3957
  2.8732  2.8569  2.8384  2.8174  2.7926  2.7644  2.7334  2.7000  2.6641  2.6258
  2.5857  2.5445  2.5033  2.4629  2.4236  2.3194  2.1873  2.0518  1.9058
 [Fe/H] = -1.00 [alpha/Fe] = 0.40 BC value =F322W2
  3.1160  3.1040  3.0995  3.1006  3.1165  3.1236  3.1090  3.0845  3.0453  2.9807
  2.9154  2.8470  2.7785  2.7113  2.6440  2.4771
  3.0558  3.0381  3.0288  3.0274  3.0354  3.0433  3.0402  3.0195  2.9839  2.9381
  2.8834  2.8210  2.7537  2.6848  2.6159  2.4467  2.2823  2.1227  1.9673
  3.0105  2.9860  2.9704  2.9641  2.9655  2.9722  2.9754  2.9586  2.9309  2.8946
  2.8498  2.7955  2.7328  2.6651  2.5959  2.4250  2.2601  2.1018  1.9484  1.7952
  1.6441
  2.9801  2.9477  2.9243  2.9107  2.9067  2.9104  2.9146  2.9018  2.8793  2.8502
  2.8146  2.7705  2.7158  2.6522  2.5840  2.4120  2.2455  2.0869  1.9342  1.7828
  1.6335  1.4888  1.3488
  2.9716  2.9272  2.8929  2.8689  2.8555  2.8520  2.8549  2.8465  2.8275  2.8033
  2.7748  2.7404  2.6966  2.6409  2.5763  2.4046  2.2367  2.0767  1.9237  1.7734
  1.6255  1.4821  1.3436  1.2093  1.0786
  3.0147  2.9501  2.8934  2.8492  2.8190  2.8026  2.7974  2.7919  2.7757  2.7543
  2.7303  2.7033  2.6704  2.6261  2.5689  2.4008  2.2319  2.0704  1.9164  1.7664
  1.6196  1.4771  1.3397  1.2067  1.0776  0.9521
  3.0621  3.0028  2.9414  2.8816  2.8282  2.7856  2.7586  2.7450  2.7285  2.7074
  2.6845  2.6609  2.6355  2.6031  2.5576  2.3990  2.2298  2.0669  1.9116  1.7616
  1.6153  1.4734  1.3367  1.2047  1.0769  0.9529  0.8322  0.7148  0.6010  0.4918
  3.0803  3.0291  2.9749  2.9181  2.8610  2.8082  2.7638  2.7303  2.7032  2.6760
  2.6493  2.6233  2.5979  2.5720  2.5378  2.3973  2.2295  2.0657  1.9091  1.7586
  1.6125  1.4710  1.3345  1.2030  1.0762  0.9533  0.8340  0.7180  0.6053  0.4961
  0.3910
  3.0796  3.0340  2.9863  2.9355  2.8818  2.8273  2.7760  2.7317  2.6955  2.6635
  2.6322  2.6016  2.5720  2.5424  2.5111  2.3936  2.2301  2.0660  1.9084  1.7573
  1.6112  1.4697  1.3332  1.2019  1.0754  0.9534  0.8350  0.7202  0.6087  0.5004
  0.3935
  3.0704  3.0268  2.9835  2.9380  2.8893  2.8378  2.7854  2.7356  2.6908  2.6522
  2.6180  2.5860  2.5542  2.5217  2.4880  2.3825  2.2288  2.0651  1.9068  1.7550
  1.6088  1.4672  1.3304  1.1987  1.0721  0.9502  0.8324  0.7184  0.6078  0.5003
  0.3961
  3.0549  3.0143  2.9744  2.9330  2.8887  2.8413  2.7915  2.7411  2.6923  2.6472
  2.6071  2.5713  2.5378  2.5042  2.4690  2.3655  2.2280  2.0673  1.9091  1.7571
  1.6109  1.4694  1.3324  1.2002  1.0731  0.9510  0.8333  0.7198  0.6099  0.5033
  0.3998
  3.0321  2.9957  2.9590  2.9216  2.8814  2.8382  2.7920  2.7440  2.6954  2.6478
  2.6029  2.5616  2.5238  2.4878  2.4515  2.3477  2.2188  2.0688  1.9118  1.7600
  1.6140  1.4728  1.3359  1.2033  1.0754  0.9526  0.8345  0.7209  0.6112  0.5050
  0.4021
  2.9959  2.9646  2.9336  2.9006  2.8656  2.8271  2.7853  2.7412  2.6953  2.6488
  2.6026  2.5580  2.5156  2.4754  2.4355  2.3291  2.2012  2.0696  1.9149
 [Fe/H] = -0.75 [alpha/Fe] = 0.30 BC value =F322W2
  3.1442  3.1335  3.1302  3.1318  3.1484  3.1547  3.1372  3.1070  3.0599  2.9871
  2.9162  2.8448  2.7746  2.7060  2.6384  2.4732
  3.0827  3.0668  3.0592  3.0590  3.0680  3.0761  3.0721  3.0484  3.0063  2.9519
  2.8891  2.8212  2.7510  2.6807  2.6115  2.4430  2.2798  2.1215  1.9677
  3.0351  3.0127  2.9992  2.9948  2.9977  3.0058  3.0096  2.9920  2.9597  2.9155
  2.8615  2.7996  2.7323  2.6625  2.5927  2.4218  2.2576  2.1002  1.9484  1.7979
  1.6479
  3.0014  2.9712  2.9502  2.9392  2.9376  2.9438  2.9497  2.9378  2.9130  2.8779
  2.8334  2.7800  2.7185  2.6514  2.5820  2.4096  2.2437  2.0856  1.9344  1.7853
  1.6369  1.4923  1.3520
  2.9850  2.9447  2.9140  2.8935  2.8836  2.8838  2.8898  2.8834  2.8642  2.8363
  2.8006  2.7568  2.7040  2.6426  2.5755  2.4030  2.2355  2.0760  1.9243  1.7759
  1.6291  1.4858  1.3470  1.2123  1.0815
  3.0118  2.9509  2.9014  2.8648  2.8411  2.8304  2.8302  2.8281  2.8134  2.7907
  2.7620  2.7270  2.6843  2.6317  2.5700  2.3999  2.2313  2.0703  1.9173  1.7691
  1.6233  1.4811  1.3436  1.2105  1.0813  0.9554
  3.0665  3.0043  2.9414  2.8829  2.8338  2.7991  2.7818  2.7754  2.7629  2.7431
  2.7187  2.6902  2.6566  2.6147  2.5619  2.3988  2.2298  2.0675  1.9130  1.7644
  1.6192  1.4778  1.3410  1.2089  1.0809  0.9565  0.8355  0.7178  0.6037  0.4943
  3.0919  3.0383  2.9819  2.9234  2.8668  2.8164  2.7761  2.7489  2.7274  2.7041
  2.6787  2.6517  2.6224  2.5890  2.5472  2.3981  2.2300  2.0667  1.9109  1.7616
  1.6166  1.4756  1.3393  1.2077  1.0806  0.9575  0.8378  0.7214  0.6083  0.4988
  0.3935
  3.0961  3.0484  2.9987  2.9461  2.8912  2.8372  2.7881  2.7479  2.7159  2.6862
  2.6552  2.6241  2.5931  2.5606  2.5247  2.3960  2.2312  2.0675  1.9105  1.7603
  1.6152  1.4745  1.3383  1.2070  1.0803  0.9579  0.8393  0.7241  0.6121  0.5034
  0.3983
  3.0887  3.0446  2.9996  2.9522  2.9020  2.8496  2.7976  2.7497  2.7080  2.6721
  2.6390  2.6061  2.5725  2.5378  2.5011  2.3876  2.2307  2.0670  1.9092  1.7581
  1.6127  1.4719  1.3357  1.2041  1.0774  0.9553  0.8371  0.7227  0.6116  0.5038
  0.3992
  3.0779  3.0350  2.9934  2.9501  2.9042  2.8555  2.8048  2.7544  2.7066  2.6634
  2.6248  2.5894  2.5549  2.5193  2.4817  2.3730  2.2314  2.0699  1.9118  1.7603
  1.6146  1.4738  1.3375  1.2057  1.0786  0.9564  0.8384  0.7245  0.6142  0.5072
  0.4033
  3.0622  3.0221  2.9825  2.9427  2.9005  2.8555  2.8078  2.7586  2.7093  2.6617
  2.6175  2.5768  2.5390  2.5022  2.4641  2.3556  2.2249  2.0724  1.9150  1.7633
  1.6176  1.4769  1.3407  1.2087  1.0811  0.9582  0.8400  0.7261  0.6160  0.5094
  0.4061
  3.0370  3.0010  2.9653  2.9287  2.8907  2.8496  2.8055  2.7592  2.7114  2.6633
  2.6163  2.5713  2.5289  2.4884  2.4483  2.3354  2.2112  2.0745  1.9188
 [Fe/H] = -0.50 [alpha/Fe] = 0.20 BC value =F322W2
  3.1750  3.1656  3.1631  3.1648  3.1816  3.1873  3.1661  3.1362  3.0718  3.0000
  2.9168  2.8430  2.7714  2.7016  2.6334  2.4690
  3.1127  3.0985  3.0925  3.0933  3.1032  3.1114  3.1052  3.0763  3.0261  2.9633
  2.8937  2.8214  2.7489  2.6775  2.6077  2.4396  2.2777  2.1205  1.9676
  3.0634  3.0430  3.0316  3.0289  3.0334  3.0423  3.0454  3.0254  2.9868  2.9340
  2.8715  2.8032  2.7322  2.6607  2.5901  2.4192  2.2558  2.0990  1.9483  1.8002
  1.6520
  3.0271  2.9991  2.9804  2.9716  2.9721  2.9801  2.9867  2.9746  2.9462  2.9038
  2.8502  2.7884  2.7213  2.6512  2.5806  2.4078  2.2424  2.0848  1.9344  1.7876
  1.6407  1.4962  1.3558
  3.0055  2.9682  2.9404  2.9229  2.9159  2.9191  2.9270  2.9218  2.9015  2.8687
  2.8249  2.7718  2.7110  2.6446  2.5754  2.4019  2.2349  2.0758  1.9248  1.7783
  1.6330  1.4901  1.3513  1.2166  1.0855
  3.0164  2.9618  2.9189  2.8879  2.8690  2.8626  2.8663  2.8665  2.8526  2.8277
  2.7930  2.7494  2.6973  2.6374  2.5716  2.3995  2.2312  2.0707  1.9183  1.7717
  1.6273  1.4857  1.3481  1.2149  1.0854  0.9593
  3.0725  3.0079  2.9451  2.8899  2.8476  2.8214  2.8118  2.8106  2.8011  2.7817
  2.7544  2.7195  2.6769  2.6258  2.5665  2.3990  2.2302  2.0683  1.9145  1.7672
  1.6234  1.4826  1.3460  1.2137  1.0855  0.9608  0.8394  0.7214  0.6070  0.4974
  3.1052  3.0493  2.9906  2.9313  2.8758  2.8283  2.7926  2.7723  2.7570  2.7374
  2.7129  2.6834  2.6486  2.6070  2.5566  2.3992  2.2308  2.0680  1.9128  1.7646
  1.6208  1.4806  1.3446  1.2130  1.0857  0.9623  0.8422  0.7255  0.6119  0.5021
  0.3966
  3.1144  3.0648  3.0129  2.9584  2.9030  2.8501  2.8039  2.7680  2.7399  2.7123
  2.6825  2.6513  2.6183  2.5816  2.5395  2.3984  2.2325  2.0691  1.9128  1.7635
  1.6195  1.4796  1.3439  1.2127  1.0859  0.9633  0.8442  0.7286  0.6163  0.5071
  0.4015
  3.1102  3.0643  3.0175  2.9684  2.9167  2.8639  2.8130  2.7676  2.7295  2.6962
  2.6636  2.6296  2.5940  2.5569  2.5171  2.3929  2.2326  2.0691  1.9118  1.7614
  1.6169  1.4769  1.3414  1.2101  1.0835  0.9611  0.8426  0.7278  0.6163  0.5080
  0.4029
  3.1017  3.0575  3.0139  2.9689  2.9215  2.8716  2.8205  2.7708  2.7248  2.6838
  2.6467  2.6110  2.5750  2.5371  2.4969  2.3817  2.2344  2.0724  1.9147  1.7636
  1.6187  1.4787  1.3431  1.2118  1.0850  0.9627  0.8445  0.7302  0.6194  0.5119
  0.4075
  3.0909  3.0481  3.0061  2.9644  2.9204  2.8739  2.8250  2.7751  2.7258  2.6790
  2.6358  2.5958  2.5575  2.5190  2.4786  2.3650  2.2310  2.0757  1.9182  1.7668
  1.6216  1.4815  1.3460  1.2146  1.0875  0.9648  0.8464  0.7322  0.6217  0.5147
  0.4109
  3.0742  3.0343  2.9951  2.9553  2.9149  2.8716  2.8257  2.7778  2.7287  2.6799
  2.6326  2.5877  2.5452  2.5041  2.4622  2.3428  2.2224  2.0790  1.9223
 [Fe/H] = -0.25 [alpha/Fe] = 0.10 BC value =F322W2
  3.2088  3.2004  3.1985  3.2006  3.2180  3.2215  3.1944  3.1537  3.0811  3.0040
  2.9261  2.8498  2.7760  2.7051  2.6294  2.4660
  3.1462  3.1335  3.1288  3.1307  3.1416  3.1490  3.1388  3.1020  3.0428  2.9724
  2.8977  2.8221  2.7477  2.6753  2.6050  2.4371  2.2762  2.1201  1.9680
  3.0959  3.0773  3.0677  3.0667  3.0726  3.0819  3.0827  3.0577  3.0111  2.9496
  2.8798  2.8067  2.7328  2.6599  2.5886  2.4174  2.2546  2.0985  1.9483  1.8021
  1.6558
  3.0579  3.0318  3.0152  3.0086  3.0110  3.0201  3.0261  3.0118  2.9776  2.9268
  2.8645  2.7959  2.7243  2.6519  2.5802  2.4069  2.2419  2.0846  1.9347  1.7896
  1.6447  1.5009  1.3602
  3.0328  2.9979  2.9726  2.9576  2.9532  2.9585  2.9672  2.9617  2.9385  2.8991
  2.8465  2.7848  2.7175  2.6472  2.5761  2.4017  2.2349  2.0762  1.9255  1.7806
  1.6370  1.4948  1.3560  1.2211  1.0897
  3.0325  2.9834  2.9452  2.9183  2.9031  2.9001  2.9064  2.9073  2.8930  2.8642
  2.8222  2.7696  2.7090  2.6430  2.5739  2.3998  2.2318  2.0716  1.9196  1.7742
  1.6315  1.4906  1.3532  1.2198  1.0902  0.9638
  3.0832  3.0174  2.9567  2.9070  2.8720  2.8528  2.8484  2.8504  2.8424  2.8219
  2.7899  2.7472  2.6955  2.6362  2.5713  2.3999  2.2312  2.0697  1.9163  1.7701
  1.6276  1.4877  1.3514  1.2191  1.0908  0.9659  0.8442  0.7256  0.6110  0.5011
  3.1222  3.0641  3.0038  2.9445  2.8908  2.8465  2.8165  2.8033  2.7930  2.7761
  2.7507  2.7168  2.6744  2.6239  2.5657  2.4007  2.2321  2.0697  1.9150  1.7677
  1.6252  1.4859  1.3503  1.2188  1.0914  0.9678  0.8475  0.7303  0.6163  0.5060
  0.4003
  3.1358  3.0843  3.0307  2.9749  2.9195  2.8684  2.8254  2.7933  2.7685  2.7432
  2.7150  2.6833  2.6468  2.6042  2.5545  2.4013  2.2340  2.0711  1.9153  1.7669
  1.6240  1.4850  1.3499  1.2189  1.0921  0.9693  0.8500  0.7340  0.6212  0.5116
  0.4055
  3.1348  3.0874  3.0389  2.9880  2.9352  2.8825  2.8334  2.7912  2.7564  2.7249
  2.6922  2.6571  2.6198  2.5797  2.5355  2.3982  2.2346  2.0713  1.9145  1.7649
  1.6214  1.4823  1.3474  1.2167  1.0901  0.9677  0.8490  0.7338  0.6218  0.5130
  0.4074
  3.1283  3.0832  3.0378  2.9911  2.9422  2.8914  2.8403  2.7919  2.7483  2.7094
  2.6731  2.6366  2.5984  2.5579  2.5147  2.3912  2.2374  2.0750  1.9177  1.7673
  1.6231  1.4838  1.3491  1.2184  1.0920  0.9697  0.8513  0.7367  0.6256  0.5175
  0.4126
  3.1209  3.0761  3.0327  2.9889  2.9433  2.8954  2.8455  2.7953  2.7467  2.7011
  2.6589  2.6190  2.5795  2.5386  2.4954  2.3759  2.2370  2.0789  1.9216  1.7706
  1.6259  1.4865  1.3517  1.2211  1.0946  0.9722  0.8538  0.7393  0.6285  0.5210
  0.4166
  3.1100  3.0673  3.0254  2.9834  2.9408  2.8957  2.8482  2.7990  2.7491  2.7000
  2.6529  2.6081  2.5652  2.5228  2.4776  2.3523  2.2334  2.0830  1.9262
 [Fe/H] =  0.00 [alpha/Fe] = 0.00 BC value =F322W2
  3.2492  3.2415  3.2399  3.2468  3.2528  3.2470  3.2209  3.1672  3.0880  3.0072
  2.9271  2.8492  2.7748  2.7030  2.6343  2.4729
  3.1843  3.1729  3.1693  3.1721  3.1792  3.1861  3.1724  3.1244  3.0562  2.9799
  2.9014  2.8236  2.7477  2.6744  2.6036  2.4357  2.2758  2.1206  1.9690
  3.1340  3.1168  3.1087  3.1092  3.1163  3.1250  3.1209  3.0880  3.0319  2.9623
  2.8871  2.8104  2.7345  2.6604  2.5884  2.4168  2.2545  2.0988  1.9489  1.8037
  1.6592
  3.0953  3.0707  3.0558  3.0511  3.0552  3.0648  3.0680  3.0486  3.0062  2.9462
  2.8765  2.8026  2.7278  2.6537  2.5811  2.4071  2.2423  2.0853  1.9355  1.7914
  1.6486  1.5057  1.3652
  3.0686  3.0354  3.0119  2.9990  2.9968  3.0035  3.0113  3.0031  2.9742  2.9263
  2.8649  2.7960  2.7237  2.6506  2.5780  2.4027  2.2360  2.0774  1.9268  1.7827
  1.6410  1.4999  1.3613  1.2263  1.0946
  3.0721  3.0164  2.9813  2.9573  2.9451  2.9444  2.9515  2.9514  2.9341  2.8989
  2.8483  2.7869  2.7193  2.6486  2.5770  2.4013  2.2334  2.0733  1.9215  1.7768
  1.6356  1.4959  1.3588  1.2253  1.0956  0.9690
  3.1039  3.0386  2.9817  2.9377  2.9082  2.8938  2.8929  2.8954  2.8866  2.8626
  2.8236  2.7721  2.7117  2.6456  2.5764  2.4017  2.2330  2.0718  1.9187  1.7730
  1.6319  1.4931  1.3572  1.2250  1.0966  0.9716  0.8496  0.7306  0.6157  0.5056
  3.1468  3.0872  3.0263  2.9678  2.9164  2.8764  2.8523  2.8439  2.8361  2.8191
  2.7901  2.7492  2.6981  2.6389  2.5743  2.4031  2.2341  2.0721  1.9178  1.7710
  1.6296  1.4914  1.3564  1.2251  1.0977  0.9738  0.8533  0.7358  0.6214  0.5108
  0.4048
  3.1638  3.1108  3.0557  2.9993  2.9449  2.8962  2.8563  2.8269  2.8042  2.7809
  2.7532  2.7189  2.6766  2.6261  2.5684  2.4047  2.2362  2.0736  1.9183  1.7705
  1.6285  1.4905  1.3561  1.2255  1.0988  0.9759  0.8565  0.7402  0.6269  0.5168
  0.4103
  3.1655  3.1167  3.0665  3.0143  2.9610  2.9092  2.8624  2.8233  2.7905  2.7594
  2.7261  2.6896  2.6496  2.6052  2.5549  2.4036  2.2371  2.0740  1.9177  1.7687
  1.6260  1.4878  1.3537  1.2235  1.0973  0.9749  0.8560  0.7406  0.6282  0.5190
  0.4128
  3.1611  3.1148  3.0679  3.0196  2.9694  2.9179  2.8674  2.8207  2.7792  2.7415
  2.7048  2.6664  2.6256  2.5821  2.5355  2.4009  2.2407  2.0779  1.9210  1.7711
  1.6276  1.4893  1.3552  1.2253  1.0994  0.9773  0.8590  0.7442  0.6326  0.5241
  0.4187
  3.1560  3.1099  3.0652  3.0195  2.9723  2.9230  2.8723  2.8222  2.7743  2.7297
  2.6878  2.6469  2.6050  2.5611  2.5149  2.3884  2.2427  2.0823  1.9251  1.7746
  1.6305  1.4918  1.3577  1.2279  1.1021  0.9801  0.8619  0.7473  0.6362  0.5283
  0.4234
  3.1494  3.1045  3.0605  3.0168  2.9720  2.9251  2.8761  2.8257  2.7752  2.7259
  2.6788  2.6336  2.5893  2.5444  2.4931  2.3661  2.2431  2.0872  1.9300
 [Fe/H] =  0.25 [alpha/Fe] = 0.00 BC value =F322W2
  3.2807  3.2764  3.2753  3.2882  3.2899  3.2590  3.2180  3.1796  3.0946  3.0107
  2.9285  2.8487  2.7721  2.6997  2.6300  2.4673
  3.2161  3.2087  3.2078  3.2161  3.2240  3.2205  3.1966  3.1452  3.0676  2.9863
  2.9049  2.8249  2.7473  2.6725  2.6008  2.4319  2.2730  2.1191  1.9692
  3.1618  3.1495  3.1458  3.1499  3.1600  3.1708  3.1615  3.1172  3.0497  2.9728
  2.8932  2.8136  2.7358  2.6602  2.5871  2.4144  2.2522  2.0976  1.9484  1.8040
  1.6623
  3.1178  3.0988  3.0893  3.0895  3.0979  3.1101  3.1127  3.0860  3.0322  2.9627
  2.8864  2.8083  2.7307  2.6548  2.5811  2.4059  2.2411  2.0846  1.9352  1.7920
  1.6503  1.5096  1.3707
  3.0841  3.0571  3.0398  3.0329  3.0363  3.0474  3.0570  3.0467  3.0089  2.9505
  2.8803  2.8051  2.7288  2.6532  2.5791  2.4023  2.2357  2.0774  1.9270  1.7837
  1.6441  1.5051  1.3673  1.2324  1.1008
  3.0642  3.0274  3.0002  2.9837  2.9787  2.9841  2.9955  2.9974  2.9760  2.9317
  2.8710  2.8012  2.7276  2.6531  2.5793  2.4016  2.2336  2.0740  1.9223  1.7782
  1.6389  1.5011  1.3649  1.2317  1.1018  0.9752
  3.0768  3.0222  2.9793  2.9485  2.9305  2.9256  2.9320  2.9396  2.9320  2.9029
  2.8547  2.7933  2.7247  2.6529  2.5802  2.4025  2.2337  2.0729  1.9200  1.7749
  1.6353  1.4983  1.3634  1.2316  1.1032  0.9781  0.8560  0.7367  0.6216  0.5112
  3.1316  3.0664  3.0057  2.9510  2.9094  2.8838  2.8751  2.8788  2.8789  2.8631
  2.8285  2.7783  2.7176  2.6506  2.5807  2.4045  2.2351  2.0735  1.9195  1.7733
  1.6332  1.4965  1.3626  1.2318  1.1046  0.9809  0.8603  0.7425  0.6277  0.5168
  0.4104
  3.1603  3.1048  3.0470  2.9892  2.9358  2.8902  2.8558  2.8364  2.8279  2.8161
  2.7920  2.7537  2.7032  2.6437  2.5787  2.4068  2.2374  2.0752  1.9203  1.7730
  1.6322  1.4956  1.3623  1.2324  1.1061  0.9835  0.8640  0.7475  0.6340  0.5233
  0.4164
  3.1678  3.1175  3.0654  3.0113  2.9575  2.9074  2.8646  2.8314  2.8054  2.7822
  2.7550  2.7208  2.6787  2.6282  2.5704  2.4070  2.2385  2.0757  1.9199  1.7715
  1.6297  1.4928  1.3597  1.2304  1.1048  0.9828  0.8642  0.7486  0.6360  0.5263
  0.4195
  3.1654  3.1182  3.0701  3.0203  2.9688  2.9176  2.8694  2.8273  2.7920  2.7606
  2.7284  2.6920  2.6510  2.6054  2.5552  2.4074  2.2424  2.0796  1.9232  1.7740
  1.6313  1.4940  1.3611  1.2321  1.1071  0.9857  0.8676  0.7529  0.6411  0.5322
  0.4262
  3.1603  3.1139  3.0682  3.0215  2.9731  2.9233  2.8734  2.8258  2.7822  2.7429
  2.7056  2.6671  2.6256  2.5807  2.5328  2.3997  2.2460  2.0842  1.9275  1.7775
  1.6340  1.4962  1.3632  1.2344  1.1097  0.9886  0.8709  0.7565  0.6454  0.5371
  0.4317
  3.1564  3.1100  3.0646  3.0201  2.9739  2.9263  2.8772  2.8277  2.7793  2.7333
  2.6899  2.6477  2.6048  2.5599  2.5032  2.3839  2.2493  2.0895  1.9328
 [Fe/H] =  0.50 [alpha/Fe] = 0.00 BC value =F322W2
  3.3164  3.5224  3.6257  3.6304  3.5336  3.3955  3.2712  3.1884  3.0998  3.0140
  2.9302  2.8488  2.7705  2.6959  2.6264  2.4632
  3.2494  3.3158  3.3510  3.3582  3.3402  3.2995  3.2382  3.1603  3.0761  2.9917
  2.9085  2.8269  2.7478  2.6717  2.5986  2.4282  2.2695  2.1169  1.9684
  3.1912  3.1844  3.1838  3.1910  3.2093  3.2193  3.1995  3.1404  3.0631  2.9812
  2.8988  2.8173  2.7379  2.6609  2.5867  2.4123  2.2499  2.0960  1.9488  1.8057
  1.6647
  3.1418  3.1282  3.1241  3.1287  3.1408  3.1550  3.1551  3.1182  3.0525  2.9754
  2.8948  2.8138  2.7343  2.6569  2.5820  2.4050  2.2400  2.0839  1.9349  1.7922
  1.6520  1.5133  1.3761
  3.1016  3.0807  3.0695  3.0684  3.0769  3.0919  3.1024  3.0870  3.0379  2.9694
  2.8926  2.8132  2.7341  2.6565  2.5811  2.4025  2.2355  2.0775  1.9273  1.7844
  1.6464  1.5097  1.3734  1.2389  1.1073
  3.0725  3.0428  3.0227  3.0131  3.0148  3.0257  3.0406  3.0422  3.0137  2.9587
  2.8890  2.8130  2.7352  2.6580  2.5824  2.4025  2.2341  2.0747  1.9232  1.7795
  1.6414  1.5057  1.3710  1.2383  1.1086  0.9819
  3.0632  3.0211  2.9890  2.9678  2.9585  2.9613  2.9737  2.9847  2.9758  2.9387
  2.8804  2.8107  2.7360  2.6601  2.5847  2.4040  2.2346  2.0741  1.9215  1.7766
  1.6382  1.5029  1.3695  1.2383  1.1102  0.9852  0.8630  0.7438  0.6285  0.5178
  3.1020  3.0473  2.9860  2.9450  2.9182  2.9062  2.9085  2.9195  2.9236  2.9054
  2.8627  2.8030  2.7341  2.6612  2.5872  2.4065  2.2362  2.0750  1.9214  1.7755
  1.6363  1.5011  1.3685  1.2386  1.1118  0.9883  0.8678  0.7500  0.6349  0.5238
  0.4170
  3.1501  3.0912  3.0307  2.9726  2.9222  2.8841  2.8623  2.8583  2.8628  2.8582
  2.8324  2.7864  2.7267  2.6593  2.5885  2.4097  2.2388  2.0768  1.9225  1.7756
  1.6355  1.5002  1.3682  1.2391  1.1135  0.9912  0.8719  0.7555  0.6418  0.5308
  0.4235
  3.1660  3.1143  3.0599  3.0043  2.9506  2.9029  2.8638  2.8355  2.8188  2.8083
  2.7904  2.7572  2.7092  2.6503  2.5849  2.4111  2.2401  2.0774  1.9222  1.7743
  1.6332  1.4974  1.3655  1.2370  1.1122  0.9908  0.8725  0.7572  0.6446  0.5346
  0.4273
  3.1671  3.1194  3.0701  3.0187  2.9664  2.9159  2.8707  2.8335  2.8042  2.7799
  2.7549  2.7232  2.6827  2.6335  2.5767  2.4139  2.2445  2.0813  1.9255  1.7768
  1.6349  1.4987  1.3668  1.2387  1.1144  0.9938  0.8764  0.7620  0.6503  0.5412
  0.4348
  3.1617  3.1161  3.0698  3.0222  2.9728  2.9226  2.8739  2.8297  2.7914  2.7584
  2.7271  2.6924  2.6524  2.6069  2.5565  2.4120  2.2491  2.0861  1.9296  1.7802
  1.6376  1.5007  1.3687  1.2408  1.1169  0.9967  0.8798  0.7661  0.6551  0.5468
  0.4411
  3.1577  3.1114  3.0665  3.0208  2.9741  2.9259  2.8770  2.8290  2.7839  2.7427
  2.7046  2.6666  2.6259  2.5812  2.5243  2.4054  2.2539  2.0918  1.9345
 [Fe/H] =  0.75 [alpha/Fe] = 0.00 BC value =F322W2
  3.3544  3.5107  3.5933  3.5797  3.4709  3.3366  3.2409  3.1948  3.1040  3.0163
  2.9316  2.8489  2.7691  2.6927  2.6206  2.4475
  3.2848  3.3401  3.3674  3.3694  3.3487  3.3075  3.2478  3.1713  3.0830  2.9964
  2.9120  2.8292  2.7488  2.6713  2.5970  2.4247  2.2655  2.1138  1.9664
  3.2224  3.2204  3.2230  3.2324  3.2527  3.2611  3.2321  3.1579  3.0736  2.9883
  2.9041  2.8213  2.7406  2.6624  2.5870  2.4104  2.2476  2.0940  1.9464  1.8036
  1.6650
  3.1672  3.1515  3.1602  3.1688  3.1831  3.1975  3.1938  3.1444  3.0682  2.9856
  2.9020  2.8194  2.7384  2.6598  2.5837  2.4046  2.2389  2.0830  1.9344  1.7921
  1.6546  1.5190  1.3827
  3.1204  3.1058  3.1006  3.1048  3.1177  3.1352  3.1449  3.1221  3.0611  2.9842
  2.9026  2.8206  2.7396  2.6606  2.5839  2.4031  2.2354  2.0775  1.9276  1.7849
  1.6479  1.5133  1.3790  1.2455  1.1141
  3.0833  3.0604  3.0470  3.0440  3.0518  3.0675  3.0847  3.0842  3.0460  2.9802
  2.9033  2.8231  2.7426  2.6634  2.5862  2.4039  2.2348  2.0754  1.9242  1.7806
  1.6434  1.5095  1.3766  1.2450  1.1156  0.9890
  3.0605  3.0274  3.0038  2.9907  2.9890  2.9985  3.0161  3.0289  3.0161  2.9688
  2.9010  2.8247  2.7459  2.6672  2.5899  2.4061  2.2358  2.0753  1.9230  1.7783
  1.6406  1.5069  1.3751  1.2450  1.1173  0.9925  0.8705  0.7513  0.6363  0.5253
  3.0719  3.0199  2.9803  2.9524  2.9372  2.9350  2.9453  2.9616  2.9673  2.9438
  2.8914  2.8230  2.7480  2.6709  2.5940  2.4093  2.2377  2.0765  1.9233  1.7776
  1.6390  1.5053  1.3742  1.2452  1.1191  0.9959  0.8756  0.7579  0.6429  0.5318
  0.4247
  3.1297  3.0647  3.0056  2.9532  2.9132  2.8900  2.8834  2.8918  2.9034  2.9007
  2.8694  2.8142  2.7464  2.6729  2.5978  2.4134  2.2405  2.0785  1.9245  1.7780
  1.6386  1.5045  1.3738  1.2457  1.1207  0.9989  0.8800  0.7639  0.6502  0.5391
  0.4317
  3.1584  3.1046  3.0478  2.9913  2.9387  2.8938  2.8604  2.8424  2.8400  2.8428
  2.8301  2.7925  2.7362  2.6694  2.5979  2.4160  2.2423  2.0791  1.9244  1.7770
  1.6365  1.5018  1.3711  1.2436  1.1194  0.9986  0.8809  0.7660  0.6536  0.5436
  0.4361
  3.1653  3.1170  3.0663  3.0135  2.9608  2.9120  2.8703  2.8375  2.8134  2.7972
  2.7833  2.7585  2.7166  2.6605  2.5959  2.4206  2.2471  2.0830  1.9276  1.7795
  1.6383  1.5030  1.3723  1.2451  1.1216  1.0016  0.8849  0.7711  0.6598  0.5509
  0.4443
  3.1615  3.1159  3.0693  3.0208  2.9705  2.9205  2.8738  2.8337  2.8009  2.7739
  2.7491  2.7211  2.6846  2.6383  2.5836  2.4233  2.2527  2.0880  1.9316  1.7828
  1.6409  1.5049  1.3739  1.2470  1.1239  1.0045  0.8884  0.7754  0.6651  0.5571
  0.4513
  3.1555  3.1106  3.0660  3.0203  2.9730  2.9244  2.8760  2.8302  2.7893  2.7538
  2.7217  2.6888  2.6518  2.6083  2.5610  2.4241  2.2591  2.0941  1.9364
 [Fe/H] =  1.00 [alpha/Fe] = 0.00 BC value =F322W2
  3.3933  3.4447  3.4393  3.4242  3.3849  3.3177  3.2391  3.1901  3.1066  3.0175
  2.9318  2.8480  2.7670  2.6893  2.6151  2.4408
  3.3217  3.3711  3.3932  3.3906  3.3658  3.3211  3.2583  3.1791  3.0886  3.0004
  2.9146  2.8311  2.7497  2.6710  2.5954  2.4206  2.2607  2.1096  1.9633
  3.2555  3.2920  3.3125  3.3188  3.3122  3.2940  3.2550  3.1706  3.0821  2.9946
  2.9088  2.8253  2.7435  2.6642  2.5877  2.4085  2.2449  2.0913  1.9444  1.8023
  1.6643
  3.1947  3.2071  3.1974  3.2089  3.2241  3.2365  3.2293  3.1646  3.0805  2.9943
  2.9088  2.8250  2.7429  2.6632  2.5860  2.4045  2.2376  2.0816  1.9334  1.7916
  1.6548  1.5211  1.3873
  3.1406  3.1323  3.1328  3.1418  3.1577  3.1760  3.1833  3.1515  3.0792  2.9963
  2.9116  2.8276  2.7455  2.6652  2.5874  2.4042  2.2353  2.0772  1.9275  1.7853
  1.6486  1.5156  1.3837  1.2517  1.1211
  3.0954  3.0792  3.0725  3.0756  3.0884  3.1077  3.1262  3.1213  3.0724  2.9974
  2.9153  2.8320  2.7499  2.6693  2.5909  2.4060  2.2356  2.0759  1.9248  1.7814
  1.6447  1.5122  1.3814  1.2512  1.1226  0.9964
  3.0623  3.0367  3.0206  3.0148  3.0200  3.0352  3.0569  3.0705  3.0515  2.9933
  2.9176  2.8367  2.7550  2.6745  2.5956  2.4090  2.2372  2.0764  1.9243  1.7798
  1.6424  1.5100  1.3797  1.2512  1.1245  1.0001  0.8782  0.7595  0.6448  0.5339
  3.0514  3.0120  2.9835  2.9655  2.9593  2.9653  2.9823  3.0029  3.0082  2.9773
  2.9149  2.8394  2.7599  2.6801  2.6012  2.4130  2.2396  2.0779  1.9249  1.7795
  1.6413  1.5087  1.3792  1.2515  1.1262  1.0036  0.8835  0.7660  0.6515  0.5407
  0.4334
  3.0961  3.0315  2.9803  2.9416  2.9167  2.9067  2.9114  2.9281  2.9442  2.9404
  2.9013  2.8372  2.7627  2.6849  2.6069  2.4180  2.2428  2.0801  1.9264  1.7803
  1.6412  1.5081  1.3789  1.2520  1.1278  1.0065  0.8881  0.7723  0.6590  0.5482
  0.4409
  3.1427  3.0861  3.0271  2.9703  2.9205  2.8834  2.8630  2.8606  2.8721  2.8816
  2.8682  2.8233  2.7587  2.6857  2.6098  2.4217  2.2450  2.0809  1.9264  1.7795
  1.6395  1.5056  1.3762  1.2498  1.1264  1.0062  0.8889  0.7746  0.6628  0.5531
  0.4457
  3.1584  3.1090  3.0569  3.0030  2.9507  2.9040  2.8656  2.8375  2.8218  2.8178
  2.8165  2.7947  2.7468  2.6831  2.6121  2.4279  2.2505  2.0849  1.9295  1.7820
  1.6414  1.5068  1.3773  1.2512  1.1285  1.0092  0.8930  0.7799  0.6693  0.5609
  0.4545
  3.1578  3.1124  3.0654  3.0160  2.9652  2.9161  2.8723  2.8366  2.8089  2.7871
  2.7693  2.7507  2.7189  2.6697  2.6081  2.4332  2.2569  2.0901  1.9335  1.7851
  1.6438  1.5086  1.3787  1.2528  1.1306  1.0119  0.8965  0.7843  0.6748  0.5674
  0.4621
  3.1510  3.1075  3.0633  3.0176  2.9699  2.9212  2.8739  2.8313  2.7953  2.7656
  2.7393  2.7125  2.6809  2.6400  2.5978  2.4376  2.2642  2.0965  1.9384
