 [Fe/H] = -4.00 [alpha/Fe] = 0.40 BC value = F140M
  2.7556  3.1541  3.2581  2.7131  1.6293  1.1076  1.2796  1.0887  0.9214  1.1062
  1.1692  1.2716  1.4793  1.6499  1.7208  1.6112
  2.2260  2.4841  2.6420  2.4970  2.0861  1.8130  1.8013  1.6434  1.5051  1.5133
  1.5100  1.5432  1.6212  1.6824  1.6955  1.5870  1.4745  1.3646  1.2416
  1.9141  2.0394  2.1611  2.1996  2.1479  2.0454  1.9721  1.8729  1.7866  1.7276
  1.6974  1.6900  1.6914  1.6862  1.6676  1.5627  1.4539  1.3451  1.2304  1.1157
  1.0037
  1.8199  1.8200  1.8154  1.8209  1.8146  1.8049  1.7920  1.7771  1.7659  1.7490
  1.7315  1.7119  1.6899  1.6615  1.6371  1.5383  1.4345  1.3261  1.2158  1.1052
  0.9941  0.8826  0.7711
  1.8237  1.8152  1.8056  1.8014  1.7950  1.7867  1.7747  1.7581  1.7369  1.7133
  1.6901  1.6676  1.6457  1.6215  1.5936  1.5097  1.4133  1.3094  1.2016  1.0931
  0.9849  0.8769  0.7691  0.6612  0.5531
  1.8020  1.7909  1.7802  1.7715  1.7650  1.7584  1.7490  1.7344  1.7142  1.6893
  1.6615  1.6338  1.6076  1.5827  1.5563  1.4811  1.3918  1.2930  1.1885  1.0822
  0.9762  0.8708  0.7659  0.6614  0.5571  0.4526
  1.7549  1.7471  1.7392  1.7312  1.7247  1.7200  1.7149  1.7060  1.6906  1.6689
  1.6420  1.6120  1.5815  1.5531  1.5252  1.4525  1.3700  1.2769  1.1765  1.0725
  0.9680  0.8643  0.7616  0.6597  0.5584  0.4574  0.3565  0.2548  0.1527  0.0536
  1.6823  1.6838  1.6826  1.6790  1.6751  1.6723  1.6709  1.6682  1.6607  1.6457
  1.6236  1.5960  1.5650  1.5332  1.5026  1.4285  1.3491  1.2610  1.1651  1.0639
  0.9608  0.8581  0.7567  0.6566  0.5576  0.4593  0.3616  0.2638  0.1652  0.0660
 -0.0307
  1.5826  1.5975  1.6073  1.6125  1.6150  1.6164  1.6184  1.6208  1.6211  1.6154
  1.6015  1.5796  1.5518  1.5204  1.4880  1.4100  1.3313  1.2461  1.1539  1.0562
  0.9551  0.8530  0.7521  0.6528  0.5553  0.4590  0.3635  0.2687  0.1738  0.0784
 -0.0181
  1.4696  1.4936  1.5129  1.5280  1.5403  1.5495  1.5575  1.5650  1.5717  1.5751
  1.5713  1.5581  1.5366  1.5088  1.4776  1.3956  1.3167  1.2326  1.1425  1.0476
  0.9488  0.8479  0.7471  0.6478  0.5506  0.4552  0.3613  0.2685  0.1763  0.0840
 -0.0086
  1.3504  1.3787  1.4054  1.4306  1.4527  1.4719  1.4880  1.5021  1.5149  1.5257
  1.5294  1.5253  1.5138  1.4953  1.4705  1.3915  1.3052  1.2224  1.1338  1.0409
  0.9445  0.8455  0.7455  0.6462  0.5488  0.4537  0.3605  0.2691  0.1789  0.0895
 -0.0012
  1.2086  1.2528  1.2907  1.3229  1.3534  1.3815  1.4069  1.4294  1.4497  1.4672
  1.4800  1.4866  1.4856  1.4757  1.4567  1.3828  1.2961  1.2136  1.1266  1.0350
  0.9403  0.8432  0.7447  0.6460  0.5484  0.4529  0.3596  0.2686  0.1795  0.0917
  0.0048
  1.0443  1.1159  1.1688  1.2049  1.2424  1.2783  1.3152  1.3460  1.3740  1.3980
  1.4181  1.4344  1.4474  1.4500  1.4360  1.3695  1.2894  1.2062  1.1209
 [Fe/H] = -3.00 [alpha/Fe] = 0.40 BC value = F140M
  1.4311  1.4713  1.5099  1.5498  1.5759  1.6247  1.7098  1.7188  1.7070  1.7044
  1.6890  1.6913  1.7170  1.7312  1.7213  1.6219
  1.4831  1.5159  1.5466  1.5773  1.5995  1.6308  1.6834  1.7031  1.7100  1.7153
  1.7110  1.7087  1.7108  1.7047  1.6851  1.5914  1.4827  1.3689  1.2524
  1.5333  1.5588  1.5820  1.6043  1.6220  1.6401  1.6680  1.6896  1.7048  1.7134
  1.7151  1.7099  1.6977  1.6786  1.6525  1.5631  1.4590  1.3482  1.2348  1.1202
  1.0049
  1.5817  1.6000  1.6161  1.6308  1.6433  1.6526  1.6636  1.6785  1.6916  1.6986
  1.7012  1.6948  1.6777  1.6528  1.6235  1.5370  1.4370  1.3295  1.2190  1.1078
  0.9964  0.8848  0.7731
  1.6283  1.6395  1.6489  1.6568  1.6635  1.6683  1.6702  1.6696  1.6703  1.6710
  1.6694  1.6635  1.6508  1.6274  1.5981  1.5131  1.4167  1.3128  1.2050  1.0964
  0.9880  0.8798  0.7717  0.6634  0.5549
  1.6731  1.6773  1.6804  1.6823  1.6826  1.6809  1.6770  1.6702  1.6604  1.6502
  1.6398  1.6292  1.6176  1.5998  1.5740  1.4914  1.3979  1.2975  1.1925  1.0860
  0.9798  0.8741  0.7690  0.6641  0.5593  0.4544
  1.7109  1.7101  1.7082  1.7054  1.7010  1.6945  1.6856  1.6740  1.6591  1.6417
  1.6230  1.6043  1.5862  1.5686  1.5457  1.4706  1.3804  1.2834  1.1814  1.0768
  0.9720  0.8680  0.7650  0.6627  0.5610  0.4596  0.3582  0.2563  0.1542  0.0550
  1.7322  1.7304  1.7263  1.7207  1.7138  1.7049  1.6935  1.6790  1.6614  1.6404
  1.6171  1.5925  1.5678  1.5446  1.5201  1.4488  1.3636  1.2700  1.1712  1.0689
  0.9653  0.8622  0.7604  0.6599  0.5605  0.4618  0.3634  0.2654  0.1667  0.0674
 -0.0293
  1.7443  1.7352  1.7281  1.7227  1.7154  1.7061  1.6947  1.6803  1.6622  1.6406
  1.6157  1.5884  1.5597  1.5311  1.5031  1.4293  1.3475  1.2574  1.1647  1.0619
  0.9617  0.8574  0.7561  0.6564  0.5584  0.4617  0.3658  0.2700  0.1742  0.0786
 -0.0168
  1.7062  1.7219  1.7213  1.7060  1.7012  1.6937  1.6839  1.6715  1.6557  1.6361
  1.6126  1.5854  1.5556  1.5245  1.4933  1.4139  1.3327  1.2448  1.1515  1.0541
  0.9540  0.8524  0.7512  0.6515  0.5539  0.4581  0.3638  0.2706  0.1781  0.0857
 -0.0072
  1.6461  1.6781  1.6847  1.6686  1.6686  1.6653  1.6590  1.6501  1.6382  1.6227
  1.6032  1.5793  1.5514  1.5205  1.4881  1.4043  1.3212  1.2351  1.1435  1.0481
  0.9501  0.8502  0.7497  0.6500  0.5522  0.4567  0.3632  0.2714  0.1809  0.0911
  0.0003
  1.5773  1.6037  1.6214  1.6315  1.6378  1.6396  1.6381  1.6139  1.6070  1.5969
  1.5830  1.5646  1.5415  1.5139  1.4829  1.3984  1.3120  1.2264  1.1366  1.0427
  0.9463  0.8481  0.7490  0.6497  0.5517  0.4559  0.3623  0.2710  0.1816  0.0935
  0.0063
  1.4999  1.4988  1.5316  1.5946  1.6088  1.6165  1.5820  1.5838  1.5822  1.5572
  1.5499  1.5384  1.5220  1.5004  1.4777  1.3962  1.3051  1.2187  1.1308
 [Fe/H] = -2.50 [alpha/Fe] = 0.40 BC value = F140M
  1.2453  1.2571  1.2939  1.4069  1.5705  1.6877  1.7480  1.7908  1.8125  1.7955
  1.7776  1.7646  1.7544  1.7379  1.7123  1.6221
  1.3410  1.3606  1.3901  1.4557  1.5452  1.6205  1.6747  1.7178  1.7448  1.7490
  1.7446  1.7347  1.7208  1.7012  1.6751  1.5891  1.4847  1.3715  1.2559
  1.4206  1.4445  1.4681  1.5012  1.5406  1.5840  1.6274  1.6654  1.6932  1.7093
  1.7135  1.7067  1.6914  1.6699  1.6433  1.5600  1.4599  1.3505  1.2377  1.1232
  1.0073
  1.4841  1.5088  1.5279  1.5434  1.5567  1.5782  1.6061  1.6336  1.6577  1.6764
  1.6843  1.6806  1.6662  1.6440  1.6169  1.5348  1.4380  1.3320  1.2219  1.1107
  0.9992  0.8873  0.7750
  1.5315  1.5535  1.5695  1.5823  1.5935  1.6031  1.6108  1.6224  1.6383  1.6503
  1.6570  1.6564  1.6452  1.6235  1.5959  1.5135  1.4190  1.3160  1.2084  1.0998
  0.9912  0.8827  0.7743  0.6658  0.5571
  1.5758  1.5934  1.6057  1.6139  1.6198  1.6241  1.6271  1.6280  1.6274  1.6291
  1.6318  1.6304  1.6237  1.6063  1.5792  1.4962  1.4026  1.3020  1.1967  1.0899
  0.9834  0.8775  0.7720  0.6667  0.5616  0.4564
  1.6245  1.6353  1.6425  1.6464  1.6470  1.6451  1.6415  1.6364  1.6289  1.6196
  1.6104  1.6027  1.5948  1.5830  1.5619  1.4820  1.3887  1.2898  1.1866  1.0814
  0.9761  0.8718  0.7684  0.6657  0.5636  0.4618  0.3602  0.2580  0.1557  0.0566
  1.6762  1.6797  1.6809  1.6799  1.6763  1.6695  1.6600  1.6485  1.6350  1.6196
  1.6028  1.5857  1.5696  1.5552  1.5371  1.4675  1.3768  1.2792  1.1779  1.0742
  0.9699  0.8663  0.7642  0.6633  0.5634  0.4643  0.3656  0.2672  0.1683  0.0689
 -0.0277
  1.7209  1.7201  1.7166  1.7113  1.7040  1.6939  1.6808  1.6648  1.6463  1.6257
  1.6037  1.5808  1.5577  1.5358  1.5147  1.4490  1.3648  1.2696  1.1701  1.0682
  0.9650  0.8618  0.7601  0.6601  0.5617  0.4646  0.3683  0.2726  0.1772  0.0814
 -0.0153
  1.7470  1.7459  1.7413  1.7339  1.7246  1.7128  1.6981  1.6802  1.6590  1.6352
  1.6093  1.5822  1.5545  1.5272  1.5011  1.4312  1.3505  1.2591  1.1617  1.0615
  0.9597  0.8572  0.7554  0.6554  0.5574  0.4613  0.3665  0.2729  0.1801  0.0874
 -0.0057
  1.7461  1.7476  1.7460  1.7404  1.7318  1.7206  1.7063  1.6889  1.6680  1.6437
  1.6166  1.5873  1.5569  1.5259  1.4955  1.4189  1.3383  1.2498  1.1549  1.0566
  0.9565  0.8554  0.7542  0.6540  0.5559  0.4600  0.3661  0.2739  0.1830  0.0930
  0.0019
  1.7167  1.7233  1.7258  1.7248  1.7203  1.7118  1.7002  1.6854  1.6670  1.6450
  1.6195  1.5909  1.5599  1.5275  1.4945  1.4119  1.3281  1.2412  1.1485  1.0519
  0.9534  0.8537  0.7537  0.6539  0.5556  0.4593  0.3654  0.2737  0.1839  0.0955
  0.0081
  1.6587  1.6730  1.6821  1.6860  1.6866  1.6833  1.6762  1.6657  1.6517  1.6340
  1.6125  1.5872  1.5586  1.5273  1.4981  1.4102  1.3199  1.2333  1.1425
 [Fe/H] = -2.00 [alpha/Fe] = 0.40 BC value = F140M
  1.3957  1.4870  1.5618  1.6081  1.6598  1.7036  1.7380  1.7594  1.7694  1.7709
  1.7663  1.7573  1.7438  1.7256  1.6968  1.6185
  1.3518  1.4245  1.4944  1.5596  1.6169  1.6641  1.6995  1.7225  1.7346  1.7379
  1.7336  1.7229  1.7076  1.6879  1.6619  1.5838  1.4853  1.3744  1.2580
  1.3597  1.4142  1.4713  1.5278  1.5803  1.6256  1.6611  1.6861  1.7011  1.7073
  1.7050  1.6948  1.6788  1.6580  1.6330  1.5547  1.4597  1.3533  1.2411  1.1266
  1.0109
  1.4194  1.4561  1.4925  1.5127  1.5500  1.5882  1.6228  1.6502  1.6689  1.6791
  1.6805  1.6730  1.6574  1.6359  1.6101  1.5312  1.4382  1.3352  1.2263  1.1152
  1.0034  0.8913  0.7784
  1.4869  1.5132  1.5335  1.5490  1.5629  1.5783  1.5978  1.6209  1.6397  1.6522
  1.6572  1.6536  1.6408  1.6197  1.5932  1.5133  1.4208  1.3201  1.2136  1.1050
  0.9961  0.8873  0.7784  0.6694  0.5601
  1.5258  1.5526  1.5700  1.5813  1.5890  1.5951  1.6011  1.6085  1.6182  1.6294
  1.6356  1.6347  1.6257  1.6074  1.5811  1.4999  1.4073  1.3077  1.2030  1.0961
  0.9891  0.8826  0.7767  0.6709  0.5652  0.4597
  1.5594  1.5844  1.6003  1.6088  1.6127  1.6144  1.6150  1.6147  1.6127  1.6102
  1.6114  1.6121  1.6078  1.5948  1.5718  1.4903  1.3970  1.2978  1.1944  1.0885
  0.9826  0.8776  0.7737  0.6705  0.5677  0.4653  0.3631  0.2606  0.1583  0.0593
  1.6014  1.6192  1.6315  1.6372  1.6379  1.6349  1.6296  1.6234  1.6158  1.6067
  1.5964  1.5873  1.5805  1.5725  1.5572  1.4831  1.3894  1.2901  1.1874  1.0825
  0.9772  0.8728  0.7700  0.6685  0.5681  0.4684  0.3691  0.2702  0.1709  0.0715
 -0.0250
  1.6529  1.6630  1.6686  1.6698  1.6669  1.6601  1.6501  1.6380  1.6244  1.6095
  1.5935  1.5766  1.5602  1.5460  1.5321  1.4729  1.3832  1.2840  1.1818  1.0778
  0.9731  0.8690  0.7665  0.6659  0.5669  0.4692  0.3722  0.2760  0.1802  0.0841
 -0.0127
  1.7105  1.7143  1.7125  1.7076  1.6998  1.6889  1.6751  1.6585  1.6396  1.6190
  1.5975  1.5752  1.5528  1.5309  1.5110  1.4540  1.3740  1.2775  1.1759  1.0727
  0.9688  0.8650  0.7624  0.6616  0.5631  0.4663  0.3709  0.2767  0.1833  0.0903
 -0.0032
  1.7596  1.7593  1.7537  1.7445  1.7327  1.7184  1.7014  1.6818  1.6594  1.6347
  1.6084  1.5813  1.5539  1.5268  1.5008  1.4364  1.3614  1.2710  1.1717  1.0696
  0.9668  0.8639  0.7616  0.6607  0.5620  0.4655  0.3710  0.2782  0.1867  0.0961
  0.0046
  1.7858  1.7866  1.7811  1.7714  1.7584  1.7426  1.7240  1.7029  1.6788  1.6520
  1.6230  1.5924  1.5610  1.5297  1.4991  1.4251  1.3487  1.2625  1.1668  1.0666
  0.9650  0.8632  0.7617  0.6610  0.5620  0.4652  0.3706  0.2784  0.1880  0.0990
  0.0111
  1.7862  1.7885  1.7859  1.7790  1.7681  1.7539  1.7365  1.7159  1.6923  1.6657
  1.6363  1.6046  1.5712  1.5370  1.5059  1.4201  1.3359  1.2520  1.1612
 [Fe/H] = -1.50 [alpha/Fe] = 0.40 BC value = F140M
  1.4422  1.5170  1.5918  1.6623  1.7216  1.7667  1.7924  1.7983  1.7909  1.7777
  1.7621  1.7464  1.7295  1.7102  1.6876  1.6121
  1.4189  1.4980  1.5729  1.6414  1.6987  1.7406  1.7640  1.7687  1.7624  1.7499
  1.7338  1.7159  1.6970  1.6762  1.6523  1.5770  1.4842  1.3779  1.2630
  1.4056  1.4797  1.5501  1.6147  1.6695  1.7102  1.7340  1.7404  1.7366  1.7261
  1.7109  1.6924  1.6722  1.6501  1.6251  1.5492  1.4583  1.3562  1.2462  1.1323
  1.0163
  1.4023  1.4621  1.5234  1.5822  1.6341  1.6755  1.7024  1.7134  1.7135  1.7063
  1.6934  1.6759  1.6551  1.6319  1.6060  1.5287  1.4383  1.3386  1.2321  1.1217
  1.0098  0.8972  0.7840
  1.4505  1.4923  1.5221  1.5595  1.6009  1.6393  1.6686  1.6851  1.6902  1.6872
  1.6778  1.6629  1.6430  1.6195  1.5928  1.5141  1.4233  1.3247  1.2204  1.1125
  1.0034  0.8940  0.7845  0.6748  0.5649
  1.5118  1.5423  1.5651  1.5835  1.6003  1.6180  1.6377  1.6556  1.6656  1.6671
  1.6618  1.6505  1.6334  1.6109  1.5840  1.5041  1.4126  1.3142  1.2110  1.1048
  0.9975  0.8903  0.7836  0.6770  0.5706  0.4643
  1.5425  1.5742  1.5954  1.6094  1.6193  1.6268  1.6325  1.6368  1.6400  1.6424
  1.6429  1.6364  1.6232  1.6038  1.5782  1.4976  1.4052  1.3065  1.2037  1.0984
  0.9921  0.8864  0.7816  0.6775  0.5739  0.4707  0.3678  0.2648  0.1623  0.0636
  1.5645  1.5968  1.6178  1.6294  1.6345  1.6358  1.6348  1.6322  1.6275  1.6207
  1.6150  1.6118  1.6061  1.5933  1.5725  1.4938  1.4004  1.3012  1.1984  1.0936
  0.9879  0.8827  0.7789  0.6765  0.5752  0.4746  0.3744  0.2747  0.1751  0.0758
 -0.0205
  1.5917  1.6207  1.6401  1.6501  1.6524  1.6493  1.6430  1.6348  1.6250  1.6137
  1.6011  1.5881  1.5774  1.5685  1.5561  1.4912  1.3976  1.2977  1.1948  1.0903
  0.9865  0.8798  0.7764  0.6748  0.5749  0.4762  0.3784  0.2814  0.1848  0.0883
 -0.0084
  1.6377  1.6559  1.6703  1.6763  1.6755  1.6691  1.6587  1.6456  1.6307  1.6145
  1.5973  1.5791  1.5607  1.5437  1.5290  1.4801  1.3949  1.2946  1.1914  1.0868
  0.9817  0.8768  0.7731  0.6714  0.5719  0.4742  0.3779  0.2828  0.1886  0.0948
  0.0011
  1.6966  1.7057  1.7115  1.7111  1.7054  1.6951  1.6810  1.6640  1.6447  1.6239
  1.6019  1.5792  1.5561  1.5330  1.5109  1.4590  1.3883  1.2933  1.1903  1.0860
  0.9813  0.8768  0.7732  0.6712  0.5715  0.4741  0.3787  0.2850  0.1926  0.1012
  0.0091
  1.7570  1.7605  1.7592  1.7533  1.7422  1.7272  1.7090  1.6882  1.6652  1.6404
  1.6141  1.5870  1.5594  1.5318  1.5047  1.4406  1.3737  1.2887  1.1891  1.0856
  0.9814  0.8775  0.7743  0.6723  0.5722  0.4745  0.3791  0.2859  0.1946  0.1048
  0.0161
  1.8094  1.8095  1.8043  1.7943  1.7797  1.7613  1.7397  1.7156  1.6894  1.6614
  1.6318  1.6010  1.5695  1.5378  1.5104  1.4249  1.3511  1.2808  1.1878
 [Fe/H] = -1.00 [alpha/Fe] = 0.40 BC value = F140M
  1.5222  1.6049  1.6822  1.7503  1.8076  1.8452  1.8576  1.8479  1.8284  1.7947
  1.7683  1.7442  1.7216  1.6988  1.6748  1.6022
  1.5106  1.5937  1.6701  1.7368  1.7902  1.8254  1.8377  1.8266  1.8023  1.7737
  1.7451  1.7185  1.6939  1.6698  1.6444  1.5703  1.4822  1.3810  1.2694
  1.4916  1.5727  1.6473  1.7129  1.7654  1.8013  1.8163  1.8075  1.7859  1.7582
  1.7288  1.7004  1.6739  1.6483  1.6217  1.5459  1.4575  1.3592  1.2525  1.1399
  1.0243
  1.4652  1.5419  1.6138  1.6786  1.7331  1.7730  1.7934  1.7906  1.7734  1.7482
  1.7194  1.6899  1.6616  1.6343  1.6067  1.5290  1.4400  1.3429  1.2390  1.1302
  1.0185  0.9055  0.7917
  1.4513  1.5156  1.5800  1.6411  1.6953  1.7385  1.7660  1.7717  1.7606  1.7396
  1.7131  1.6839  1.6545  1.6257  1.5970  1.5177  1.4278  1.3308  1.2284  1.1221
  1.0133  0.9034  0.7931  0.6827  0.5720
  1.4951  1.5306  1.5687  1.6124  1.6586  1.7009  1.7329  1.7480  1.7447  1.7295
  1.7069  1.6799  1.6507  1.6209  1.5911  1.5105  1.4195  1.3222  1.2203  1.1155
  1.0087  0.9010  0.7934  0.6859  0.5785  0.4712
  1.5432  1.5763  1.6030  1.6271  1.6504  1.6738  1.6978  1.7169  1.7224  1.7149
  1.6981  1.6750  1.6480  1.6185  1.5881  1.5062  1.4143  1.3163  1.2145  1.1103
  1.0047  0.8986  0.7929  0.6877  0.5830  0.4787  0.3747  0.2710  0.1683  0.0699
  1.5673  1.6020  1.6269  1.6454  1.6603  1.6728  1.6827  1.6888  1.6903  1.6870
  1.6790  1.6641  1.6428  1.6165  1.5868  1.5042  1.4115  1.3128  1.2107  1.1067
  1.0017  0.8964  0.7918  0.6881  0.5856  0.4837  0.3825  0.2818  0.1814  0.0820
 -0.0136
  1.5804  1.6172  1.6425  1.6584  1.6679  1.6730  1.6752  1.6741  1.6690  1.6592
  1.6464  1.6343  1.6223  1.6060  1.5832  1.5040  1.4106  1.3111  1.2086  1.1046
  0.9998  0.8949  0.7907  0.6879  0.5866  0.4866  0.3876  0.2894  0.1918  0.0947
 -0.0029
  1.5956  1.6320  1.6575  1.6726  1.6791  1.6792  1.6749  1.6676  1.6573  1.6438
  1.6273  1.6089  1.5911  1.5761  1.5618  1.5029  1.4106  1.3101  1.2069  1.1025
  0.9977  0.8928  0.7886  0.6858  0.5849  0.4859  0.3883  0.2919  0.1965  0.1019
  0.0076
  1.6241  1.6545  1.6776  1.6909  1.6954  1.6923  1.6836  1.6712  1.6560  1.6386
  1.6192  1.5978  1.5755  1.5535  1.5337  1.4876  1.4118  1.3118  1.2080  1.1034
  0.9985  0.8938  0.7896  0.6867  0.5858  0.4871  0.3903  0.2953  0.2017  0.1092
  0.0174
  1.6738  1.6948  1.7096  1.7183  1.7193  1.7129  1.7007  1.6842  1.6648  1.6433
  1.6203  1.5959  1.5705  1.5448  1.5194  1.4630  1.4020  1.3135  1.2101  1.1052
  1.0003  0.8956  0.7917  0.6887  0.5875  0.4885  0.3918  0.2974  0.2049  0.1138
  0.0240
  1.7406  1.7505  1.7566  1.7575  1.7530  1.7422  1.7259  1.7055  1.6822  1.6569
  1.6301  1.6023  1.5738  1.5448  1.5189  1.4291  1.3812  1.3152  1.2132
 [Fe/H] = -0.75 [alpha/Fe] = 0.30 BC value = F140M
  1.5628  1.6444  1.7203  1.7856  1.8398  1.8729  1.8801  1.8638  1.8391  1.8017
  1.7723  1.7454  1.7202  1.6956  1.6704  1.5978
  1.5537  1.6355  1.7099  1.7735  1.8233  1.8542  1.8616  1.8449  1.8154  1.7826
  1.7508  1.7216  1.6948  1.6689  1.6424  1.5675  1.4800  1.3815  1.2724
  1.5352  1.6153  1.6880  1.7508  1.7997  1.8318  1.8423  1.8286  1.8018  1.7695
  1.7365  1.7054  1.6768  1.6495  1.6218  1.5449  1.4573  1.3609  1.2559  1.1442
  1.0293
  1.5073  1.5838  1.6546  1.7175  1.7691  1.8057  1.8222  1.8149  1.7926  1.7624
  1.7294  1.6968  1.6662  1.6374  1.6086  1.5300  1.4414  1.3455  1.2430  1.1349
  1.0234  0.9102  0.7960
  1.4860  1.5536  1.6192  1.6798  1.7325  1.7736  1.7980  1.7995  1.7835  1.7573
  1.7260  1.6930  1.6609  1.6303  1.6005  1.5202  1.4305  1.3344  1.2330  1.1273
  1.0187  0.9086  0.7978  0.6866  0.5754
  1.5093  1.5504  1.5968  1.6466  1.6951  1.7372  1.7675  1.7793  1.7715  1.7511
  1.7232  1.6916  1.6590  1.6270  1.5959  1.5142  1.4234  1.3267  1.2256  1.1213
  1.0148  0.9070  0.7990  0.6910  0.5831  0.4753
  1.5616  1.5943  1.6218  1.6481  1.6752  1.7045  1.7329  1.7518  1.7537  1.7409
  1.7185  1.6901  1.6587  1.6263  1.5940  1.5109  1.4191  1.3216  1.2204  1.1167
  1.0114  0.9053  0.7992  0.6935  0.5882  0.4833  0.3788  0.2746  0.1717  0.0733
  1.5888  1.6219  1.6468  1.6663  1.6833  1.6983  1.7105  1.7198  1.7235  1.7190
  1.7058  1.6845  1.6573  1.6266  1.5942  1.5096  1.4170  1.3187  1.2172  1.1136
  1.0090  0.9038  0.7989  0.6947  0.5915  0.4891  0.3872  0.2859  0.1851  0.0855
 -0.0100
  1.6031  1.6378  1.6619  1.6778  1.6883  1.6953  1.6995  1.7002  1.6960  1.6862
  1.6732  1.6597  1.6436  1.6217  1.5939  1.5101  1.4168  1.3177  1.2156  1.1120
  1.0076  0.9028  0.7985  0.6953  0.5934  0.4927  0.3930  0.2941  0.1959  0.0985
  0.0018
  1.6160  1.6514  1.6757  1.6900  1.6965  1.6974  1.6944  1.6885  1.6789  1.6652
  1.6476  1.6282  1.6101  1.5946  1.5780  1.5108  1.4174  1.3173  1.2144  1.1104
  1.0058  0.9012  0.7970  0.6939  0.5924  0.4927  0.3944  0.2973  0.2013  0.1061
  0.0115
  1.6380  1.6693  1.6927  1.7058  1.7100  1.7069  1.6987  1.6869  1.6723  1.6550
  1.6350  1.6125  1.5892  1.5670  1.5476  1.5001  1.4199  1.3196  1.2161  1.1118
  1.0072  0.9026  0.7985  0.6953  0.5939  0.4946  0.3972  0.3015  0.2072  0.1140
  0.0217
  1.6800  1.7028  1.7196  1.7294  1.7306  1.7243  1.7121  1.6957  1.6764  1.6550
  1.6319  1.6071  1.5811  1.5547  1.5293  1.4748  1.4136  1.3225  1.2189  1.1142
  1.0094  0.9049  0.8009  0.6977  0.5961  0.4967  0.3994  0.3043  0.2110  0.1193
  0.0289
  1.7429  1.7545  1.7621  1.7643  1.7607  1.7503  1.7341  1.7137  1.6903  1.6648
  1.6381  1.6102  1.5815  1.5524  1.5231  1.4349  1.3985  1.3260  1.2228
 [Fe/H] = -0.50 [alpha/Fe] = 0.20 BC value = F140M
  1.6046  1.6841  1.7579  1.8209  1.8716  1.9001  1.9020  1.8834  1.8497  1.8144
  1.7768  1.7473  1.7197  1.6933  1.6659  1.5916
  1.5981  1.6778  1.7497  1.8101  1.8560  1.8823  1.8843  1.8618  1.8279  1.7916
  1.7570  1.7253  1.6962  1.6684  1.6403  1.5637  1.4770  1.3811  1.2751
  1.5809  1.6592  1.7294  1.7888  1.8338  1.8614  1.8667  1.8479  1.8164  1.7803
  1.7444  1.7108  1.6800  1.6508  1.6218  1.5432  1.4560  1.3616  1.2590  1.1488
  1.0347
  1.5530  1.6283  1.6970  1.7570  1.8049  1.8373  1.8492  1.8371  1.8100  1.7754
  1.7390  1.7038  1.6711  1.6405  1.6104  1.5301  1.4417  1.3473  1.2467  1.1399
  1.0289  0.9155  0.8010
  1.5281  1.5965  1.6613  1.7201  1.7701  1.8077  1.8280  1.8251  1.8042  1.7733
  1.7379  1.7018  1.6674  1.6351  1.6038  1.5221  1.4324  1.3373  1.2374  1.1329
  1.0247  0.9146  0.8035  0.6921  0.5805
  1.5335  1.5819  1.6335  1.6854  1.7334  1.7733  1.8006  1.8084  1.7960  1.7706
  1.7380  1.7026  1.6672  1.6333  1.6007  1.5175  1.4266  1.3306  1.2308  1.1274
  1.0213  0.9136  0.8052  0.6968  0.5884  0.4801
  1.5849  1.6170  1.6455  1.6743  1.7064  1.7395  1.7683  1.7848  1.7824  1.7646
  1.7369  1.7039  1.6689  1.6340  1.6002  1.5152  1.4234  1.3265  1.2263  1.1234
  1.0186  0.9126  0.8062  0.7001  0.5943  0.4887  0.3835  0.2789  0.1759  0.0774
  1.6145  1.6464  1.6711  1.6916  1.7100  1.7264  1.7408  1.7532  1.7576  1.7496
  1.7304  1.7029  1.6706  1.6362  1.6016  1.5149  1.4222  1.3243  1.2235  1.1208
  1.0167  0.9117  0.8067  0.7022  0.5984  0.4953  0.3927  0.2909  0.1895  0.0898
 -0.0058
  1.6301  1.6626  1.6853  1.7010  1.7126  1.7212  1.7269  1.7290  1.7258  1.7163
  1.7031  1.6865  1.6644  1.6362  1.6038  1.5162  1.4227  1.3239  1.2225  1.1196
  1.0157  0.9113  0.8071  0.7035  0.6011  0.4998  0.3993  0.2998  0.2011  0.1030
  0.0061
  1.6426  1.6756  1.6980  1.7112  1.7174  1.7190  1.7174  1.7125  1.7036  1.6895
  1.6710  1.6510  1.6327  1.6153  1.5949  1.5181  1.4239  1.3241  1.2218  1.1183
  1.0143  0.9100  0.8061  0.7028  0.6010  0.5006  0.4015  0.3038  0.2071  0.1113
  0.0161
  1.6599  1.6912  1.7129  1.7248  1.7281  1.7249  1.7170  1.7059  1.6918  1.6743
  1.6534  1.6298  1.6056  1.5833  1.5642  1.5128  1.4272  1.3270  1.2240  1.1201
  1.0160  0.9117  0.8079  0.7048  0.6031  0.5033  0.4051  0.3087  0.2137  0.1198
  0.0269
  1.6948  1.7188  1.7357  1.7452  1.7458  1.7391  1.7266  1.7102  1.6911  1.6697
  1.6461  1.6205  1.5936  1.5667  1.5412  1.4881  1.4249  1.3308  1.2274  1.1231
  1.0187  0.9144  0.8107  0.7076  0.6059  0.5060  0.4081  0.3123  0.2183  0.1258
  0.0346
  1.7519  1.7649  1.7734  1.7760  1.7726  1.7619  1.7454  1.7247  1.7009  1.6753
  1.6484  1.6203  1.5912  1.5616  1.5259  1.4440  1.4170  1.3355  1.2320
 [Fe/H] = -0.25 [alpha/Fe] = 0.10 BC value = F140M
  1.6468  1.7244  1.7956  1.8560  1.9019  1.9255  1.9227  1.8981  1.8606  1.8229
  1.7873  1.7548  1.7248  1.6964  1.6629  1.5863
  1.6431  1.7200  1.7888  1.8457  1.8874  1.9088  1.9053  1.8774  1.8399  1.8011
  1.7642  1.7301  1.6988  1.6688  1.6389  1.5598  1.4727  1.3789  1.2766
  1.6282  1.7034  1.7703  1.8258  1.8667  1.8894  1.8890  1.8652  1.8297  1.7907
  1.7525  1.7168  1.6839  1.6527  1.6220  1.5409  1.4533  1.3606  1.2611  1.1533
  1.0397
  1.6021  1.6746  1.7401  1.7963  1.8398  1.8673  1.8738  1.8567  1.8251  1.7872
  1.7483  1.7110  1.6763  1.6438  1.6122  1.5296  1.4407  1.3477  1.2495  1.1448
  1.0347  0.9215  0.8067
  1.5766  1.6436  1.7059  1.7614  1.8074  1.8404  1.8556  1.8476  1.8221  1.7871
  1.7486  1.7102  1.6738  1.6398  1.6070  1.5231  1.4330  1.3390  1.2411  1.1383
  1.0311  0.9211  0.8099  0.6980  0.5857
  1.5714  1.6237  1.6765  1.7273  1.7726  1.8088  1.8318  1.8345  1.8172  1.7872
  1.7508  1.7124  1.6749  1.6392  1.6052  1.5198  1.4286  1.3334  1.2353  1.1334
  1.0282  0.9207  0.8122  0.7033  0.5945  0.4857
  1.6160  1.6470  1.6764  1.7087  1.7434  1.7765  1.8027  1.8151  1.8078  1.7849
  1.7527  1.7159  1.6781  1.6413  1.6059  1.5189  1.4266  1.3303  1.2314  1.1300
  1.0260  0.9204  0.8139  0.7074  0.6011  0.4951  0.3894  0.2840  0.1808  0.0823
  1.6468  1.6774  1.7016  1.7223  1.7407  1.7576  1.7739  1.7874  1.7894  1.7762
  1.7511  1.7185  1.6822  1.6450  1.6086  1.5196  1.4264  1.3290  1.2293  1.1278
  1.0246  0.9201  0.8152  0.7104  0.6061  0.5024  0.3994  0.2968  0.1948  0.0948
 -0.0008
  1.6629  1.6929  1.7143  1.7297  1.7415  1.7507  1.7570  1.7597  1.7571  1.7479
  1.7328  1.7110  1.6823  1.6486  1.6126  1.5218  1.4277  1.3293  1.2287  1.1269
  1.0239  0.9201  0.8162  0.7125  0.6097  0.5078  0.4067  0.3066  0.2071  0.1083
  0.0113
  1.6755  1.7056  1.7255  1.7371  1.7428  1.7447  1.7435  1.7392  1.7302  1.7155
  1.6966  1.6766  1.6573  1.6364  1.6105  1.5248  1.4297  1.3302  1.2285  1.1260
  1.0228  0.9191  0.8156  0.7125  0.6104  0.5095  0.4098  0.3113  0.2139  0.1174
  0.0216
  1.6906  1.7201  1.7390  1.7487  1.7506  1.7466  1.7386  1.7277  1.7136  1.6956
  1.6735  1.6489  1.6244  1.6025  1.5832  1.5246  1.4339  1.3338  1.2313  1.1281
  1.0247  0.9211  0.8177  0.7150  0.6133  0.5131  0.4143  0.3172  0.2213  0.1267
  0.0331
  1.7202  1.7436  1.7594  1.7668  1.7657  1.7577  1.7444  1.7277  1.7083  1.6865
  1.6623  1.6356  1.6077  1.5803  1.5552  1.5027  1.4352  1.3384  1.2353  1.1315
  1.0277  0.9240  0.8208  0.7182  0.6166  0.5165  0.4181  0.3217  0.2269  0.1336
  0.0416
  1.7710  1.7844  1.7925  1.7943  1.7895  1.7776  1.7600  1.7384  1.7142  1.6881
  1.6607  1.6320  1.6022  1.5720  1.5265  1.4591  1.4336  1.3440  1.2405
 [Fe/H] =  0.00 [alpha/Fe] = 0.00 BC value = F140M
  1.6739  1.7500  1.8219  1.8791  1.9178  1.9368  1.9350  1.9118  1.8717  1.8320
  1.7944  1.7596  1.7280  1.6968  1.6663  1.5879
  1.6883  1.7615  1.8266  1.8798  1.9170  1.9331  1.9239  1.8911  1.8513  1.8108
  1.7722  1.7361  1.7026  1.6705  1.6387  1.5562  1.4679  1.3747  1.2759
  1.6767  1.7475  1.8099  1.8610  1.8973  1.9148  1.9082  1.8797  1.8414  1.8008
  1.7610  1.7236  1.6887  1.6556  1.6230  1.5388  1.4498  1.3579  1.2613  1.1569
  1.0445
  1.6544  1.7224  1.7830  1.8343  1.8728  1.8948  1.8950  1.8728  1.8377  1.7976
  1.7571  1.7182  1.6819  1.6477  1.6143  1.5287  1.4387  1.3464  1.2507  1.1488
  1.0405  0.9278  0.8131
  1.6316  1.6945  1.7523  1.8029  1.8436  1.8710  1.8799  1.8663  1.8364  1.7983
  1.7578  1.7179  1.6801  1.6445  1.6102  1.5234  1.4323  1.3389  1.2433  1.1429
  1.0373  0.9280  0.8167  0.7046  0.5916
  1.6343  1.6746  1.7248  1.7716  1.8122  1.8431  1.8601  1.8567  1.8343  1.8003
  1.7611  1.7208  1.6818  1.6447  1.6093  1.5213  1.4291  1.3345  1.2382  1.1386
  1.0349  0.9281  0.8197  0.7106  0.6015  0.4921
  1.6592  1.6880  1.7181  1.7512  1.7844  1.8140  1.8353  1.8417  1.8287  1.8009
  1.7649  1.7255  1.6859  1.6476  1.6110  1.5214  1.4282  1.3324  1.2352  1.1357
  1.0332  0.9283  0.8221  0.7153  0.6087  0.5023  0.3960  0.2900  0.1867  0.0881
  1.6899  1.7185  1.7411  1.7599  1.7766  1.7930  1.8088  1.8195  1.8164  1.7974
  1.7670  1.7303  1.6913  1.6524  1.6146  1.5232  1.4291  1.3320  1.2338  1.1340
  1.0322  0.9285  0.8239  0.7191  0.6145  0.5104  0.4068  0.3035  0.2009  0.1008
  0.0052
  1.7051  1.7322  1.7513  1.7653  1.7761  1.7841  1.7891  1.7910  1.7880  1.7774
  1.7581  1.7301  1.6957  1.6581  1.6198  1.5264  1.4314  1.3332  1.2337  1.1335
  1.0318  0.9289  0.8255  0.7220  0.6190  0.5167  0.4151  0.3142  0.2141  0.1147
  0.0174
  1.7177  1.7438  1.7604  1.7695  1.7737  1.7746  1.7726  1.7672  1.7571  1.7415
  1.7225  1.7024  1.6807  1.6546  1.6228  1.5304  1.4343  1.3349  1.2340  1.1328
  1.0309  0.9282  0.8253  0.7225  0.6205  0.5194  0.4192  0.3200  0.2218  0.1246
  0.0281
  1.7323  1.7578  1.7728  1.7790  1.7783  1.7727  1.7636  1.7518  1.7366  1.7171
  1.6937  1.6686  1.6446  1.6230  1.6026  1.5341  1.4394  1.3393  1.2373  1.1352
  1.0329  0.9303  0.8277  0.7255  0.6240  0.5237  0.4246  0.3268  0.2302  0.1347
  0.0404
  1.7592  1.7795  1.7921  1.7954  1.7912  1.7807  1.7656  1.7477  1.7273  1.7044
  1.6787  1.6508  1.6224  1.5952  1.5709  1.5176  1.4436  1.3447  1.2419  1.1389
  1.0361  0.9333  0.8308  0.7289  0.6278  0.5278  0.4292  0.3322  0.2368  0.1427
  0.0498
  1.8052  1.8166  1.8220  1.8209  1.8128  1.7980  1.7782  1.7550  1.7294  1.7024
  1.6740  1.6442  1.6136  1.5830  1.5277  1.4809  1.4469  1.3511  1.2478
 [Fe/H] =  0.25 [alpha/Fe] = 0.00 BC value = F140M
  1.7231  1.8024  1.8732  1.9194  1.9408  1.9495  1.9502  1.9420  1.8976  1.8538
  1.8119  1.7725  1.7359  1.7024  1.6688  1.5851
  1.7262  1.8023  1.8689  1.9185  1.9490  1.9599  1.9510  1.9225  1.8785  1.8343
  1.7915  1.7512  1.7135  1.6778  1.6433  1.5566  1.4663  1.3719  1.2741
  1.7161  1.7897  1.8537  1.9053  1.9413  1.9560  1.9457  1.9121  1.8697  1.8254
  1.7818  1.7403  1.7014  1.6647  1.6294  1.5409  1.4497  1.3566  1.2610  1.1593
  1.0498
  1.6928  1.7646  1.8276  1.8797  1.9178  1.9378  1.9342  1.9069  1.8672  1.8233
  1.7791  1.7363  1.6960  1.6581  1.6219  1.5322  1.4401  1.3466  1.2517  1.1521
  1.0462  0.9353  0.8210
  1.6656  1.7340  1.7956  1.8483  1.8893  1.9153  1.9208  1.9026  1.8675  1.8252
  1.7810  1.7372  1.6955  1.6562  1.6188  1.5279  1.4349  1.3405  1.2454  1.1469
  1.0433  0.9352  0.8245  0.7124  0.5996
  1.6445  1.7059  1.7630  1.8141  1.8568  1.8877  1.9025  1.8954  1.8678  1.8289
  1.7856  1.7414  1.6986  1.6578  1.6191  1.5266  1.4327  1.3373  1.2414  1.1434
  1.0414  0.9358  0.8279  0.7189  0.6095  0.4998
  1.6514  1.6952  1.7402  1.7841  1.8240  1.8566  1.8781  1.8822  1.8650  1.8320
  1.7912  1.7476  1.7041  1.6620  1.6220  1.5274  1.4326  1.3361  1.2392  1.1411
  1.0402  0.9364  0.8308  0.7242  0.6175  0.5108  0.4040  0.2974  0.1941  0.0954
  1.6920  1.7217  1.7487  1.7744  1.8020  1.8285  1.8502  1.8620  1.8562  1.8320
  1.7959  1.7543  1.7110  1.6683  1.6270  1.5299  1.4341  1.3366  1.2385  1.1400
  1.0396  0.9370  0.8331  0.7286  0.6241  0.5197  0.4156  0.3119  0.2087  0.1085
  0.0127
  1.7100  1.7396  1.7626  1.7817  1.7979  1.8118  1.8242  1.8345  1.8368  1.8241
  1.7966  1.7597  1.7182  1.6756  1.6337  1.5340  1.4370  1.3384  1.2392  1.1399
  1.0396  0.9378  0.8351  0.7321  0.6293  0.5269  0.4249  0.3235  0.2228  0.1227
  0.0253
  1.7217  1.7495  1.7686  1.7818  1.7916  1.7987  1.8030  1.8043  1.8012  1.7920
  1.7751  1.7505  1.7187  1.6810  1.6404  1.5390  1.4405  1.3407  1.2400  1.1395
  1.0388  0.9372  0.8352  0.7331  0.6315  0.5305  0.4301  0.3304  0.2316  0.1336
  0.0364
  1.7325  1.7598  1.7771  1.7863  1.7897  1.7894  1.7863  1.7805  1.7708  1.7558
  1.7359  1.7127  1.6886  1.6633  1.6353  1.5457  1.4461  1.3454  1.2436  1.1421
  1.0408  0.9393  0.8377  0.7363  0.6356  0.5357  0.4365  0.3383  0.2411  0.1449
  0.0497
  1.7490  1.7748  1.7909  1.7976  1.7969  1.7906  1.7805  1.7677  1.7522  1.7331
  1.7099  1.6829  1.6548  1.6277  1.6027  1.5396  1.4523  1.3514  1.2486  1.1459
  1.0440  0.9423  0.8409  0.7399  0.6396  0.5403  0.4419  0.3447  0.2487  0.1539
  0.0603
  1.7800  1.8004  1.8125  1.8170  1.8129  1.8023  1.7867  1.7676  1.7461  1.7224
  1.6963  1.6676  1.6370  1.6061  1.5426  1.5207  1.4591  1.3587  1.2550
 [Fe/H] =  0.50 [alpha/Fe] = 0.00 BC value = F140M
  1.7521  1.9445  2.0586  2.1045  2.1004  2.0670  2.0196  1.9745  1.9258  1.8781
  1.8321  1.7884  1.7473  1.7089  1.6736  1.5856
  1.7590  1.8752  1.9568  2.0071  2.0293  2.0260  1.9997  1.9557  1.9081  1.8604
  1.8139  1.7695  1.7277  1.6882  1.6503  1.5584  1.4651  1.3692  1.2716
  1.7509  1.8284  1.8935  1.9463  1.9826  1.9968  1.9842  1.9462  1.9004  1.8528
  1.8057  1.7603  1.7174  1.6770  1.6383  1.5447  1.4505  1.3556  1.2587  1.1579
  1.0520
  1.7278  1.8040  1.8687  1.9220  1.9603  1.9794  1.9731  1.9419  1.8986  1.8516
  1.8041  1.7577  1.7135  1.6718  1.6323  1.5373  1.4424  1.3472  1.2519  1.1541
  1.0503  0.9410  0.8278
  1.6981  1.7716  1.8367  1.8914  1.9332  1.9583  1.9614  1.9392  1.9001  1.8544
  1.8069  1.7597  1.7143  1.6712  1.6304  1.5340  1.4383  1.3424  1.2468  1.1499
  1.0483  0.9419  0.8322  0.7204  0.6075
  1.6700  1.7388  1.8015  1.8563  1.9009  1.9318  1.9447  1.9340  1.9020  1.8591
  1.8124  1.7649  1.7185  1.6740  1.6318  1.5333  1.4370  1.3402  1.2439  1.1471
  1.0470  0.9429  0.8360  0.7273  0.6180  0.5080
  1.6565  1.7145  1.7700  1.8211  1.8654  1.9001  1.9211  1.9227  1.9015  1.8639
  1.8192  1.7721  1.7251  1.6795  1.6359  1.5349  1.4376  1.3399  1.2427  1.1456
  1.0463  0.9439  0.8392  0.7331  0.6265  0.5198  0.4128  0.3063  0.2027  0.1038
  1.6798  1.7234  1.7576  1.7969  1.8345  1.8673  1.8920  1.9034  1.8948  1.8663
  1.8257  1.7801  1.7333  1.6870  1.6422  1.5382  1.4397  1.3411  1.2428  1.1451
  1.0462  0.9449  0.8419  0.7379  0.6337  0.5294  0.4252  0.3211  0.2175  0.1173
  0.0214
  1.7119  1.7449  1.7723  1.7962  1.8192  1.8424  1.8633  1.8779  1.8798  1.8629
  1.8297  1.7876  1.7420  1.6957  1.6502  1.5433  1.4431  1.3436  1.2441  1.1455
  1.0465  0.9460  0.8443  0.7419  0.6395  0.5374  0.4355  0.3338  0.2325  0.1319
  0.0344
  1.7242  1.7544  1.7772  1.7957  1.8116  1.8250  1.8360  1.8450  1.8501  1.8449
  1.8243  1.7904  1.7488  1.7039  1.6586  1.5494  1.4471  1.3463  1.2455  1.1455
  1.0460  0.9457  0.8446  0.7433  0.6423  0.5417  0.4415  0.3417  0.2425  0.1439
  0.0460
  1.7333  1.7625  1.7821  1.7948  1.8032  1.8091  1.8125  1.8132  1.8104  1.8030
  1.7889  1.7671  1.7385  1.7040  1.6647  1.5577  1.4534  1.3514  1.2494  1.1483
  1.0481  0.9478  0.8473  0.7468  0.6468  0.5475  0.4487  0.3505  0.2531  0.1563
  0.0604
  1.7443  1.7738  1.7920  1.8014  1.8043  1.8027  1.7983  1.7916  1.7819  1.7684
  1.7498  1.7263  1.6999  1.6723  1.6437  1.5613  1.4608  1.3577  1.2547  1.1523
  1.0511  0.9506  0.8503  0.7503  0.6510  0.5525  0.4547  0.3578  0.2617  0.1664
  0.0721
  1.7646  1.7912  1.8084  1.8156  1.8151  1.8083  1.7972  1.7832  1.7668  1.7479
  1.7256  1.6994  1.6701  1.6396  1.5956  1.5602  1.4693  1.3652  1.2614
 [Fe/H] =  0.75 [alpha/Fe] = 0.00 BC value = F140M
  1.7769  1.9338  2.0336  2.0722  2.0683  2.0457  2.0237  2.0075  1.9551  1.9036
  1.8538  1.8060  1.7607  1.7177  1.6776  1.5789
  1.7864  1.8944  1.9716  2.0210  2.0453  2.0470  2.0281  1.9906  1.9395  1.8884
  1.8383  1.7901  1.7443  1.7008  1.6594  1.5614  1.4641  1.3665  1.2682
  1.7801  1.8612  1.9289  1.9838  2.0226  2.0382  2.0242  1.9820  1.9330  1.8823
  1.8319  1.7829  1.7362  1.6919  1.6498  1.5498  1.4522  1.3549  1.2581  1.1597
  1.0557
  1.7580  1.8341  1.9054  1.9606  2.0000  2.0193  2.0119  1.9782  1.9320  1.8821
  1.8316  1.7818  1.7339  1.6885  1.6454  1.5441  1.4456  1.3481  1.2517  1.1548
  1.0535  0.9462  0.8343
  1.7268  1.8053  1.8741  1.9311  1.9740  1.9992  2.0008  1.9761  1.9341  1.8856
  1.8353  1.7849  1.7360  1.6892  1.6448  1.5418  1.4427  1.3446  1.2479  1.1516
  1.0519  0.9477  0.8394  0.7283  0.6156
  1.6941  1.7697  1.8375  1.8959  1.9426  1.9739  1.9857  1.9724  1.9370  1.8911
  1.8415  1.7911  1.7413  1.6932  1.6475  1.5420  1.4422  1.3434  1.2461  1.1498
  1.0514  0.9491  0.8434  0.7356  0.6266  0.5167
  1.6688  1.7375  1.8011  1.8580  1.9062  1.9425  1.9634  1.9628  1.9381  1.8969
  1.8491  1.7991  1.7490  1.6999  1.6529  1.5444  1.4434  1.3440  1.2458  1.1490
  1.0513  0.9505  0.8470  0.7417  0.6356  0.5291  0.4220  0.3153  0.2125  0.1135
  1.6714  1.7236  1.7750  1.8248  1.8699  1.9073  1.9340  1.9447  1.9334  1.9010
  1.8568  1.8081  1.7581  1.7086  1.6604  1.5487  1.4461  1.3459  1.2467  1.1492
  1.0516  0.9519  0.8501  0.7469  0.6431  0.5392  0.4352  0.3310  0.2273  0.1275
  0.0313
  1.7077  1.7418  1.7761  1.8104  1.8442  1.8762  1.9022  1.9189  1.9197  1.8998
  1.8627  1.8168  1.7679  1.7184  1.6696  1.5550  1.4501  1.3489  1.2487  1.1502
  1.0524  0.9533  0.8528  0.7512  0.6494  0.5477  0.4460  0.3445  0.2431  0.1422
  0.0449
  1.7231  1.7570  1.7851  1.8095  1.8317  1.8522  1.8720  1.8887  1.8967  1.8892
  1.8628  1.8228  1.7765  1.7279  1.6791  1.5622  1.4548  1.3520  1.2506  1.1508
  1.0521  0.9532  0.8534  0.7529  0.6525  0.5525  0.4527  0.3533  0.2541  0.1551
  0.0569
  1.7319  1.7636  1.7865  1.8040  1.8187  1.8313  1.8416  1.8494  1.8549  1.8556
  1.8448  1.8185  1.7803  1.7359  1.6890  1.5718  1.4619  1.3575  1.2549  1.1538
  1.0543  0.9554  0.8561  0.7566  0.6573  0.5587  0.4606  0.3629  0.2656  0.1687
  0.0723
  1.7407  1.7721  1.7929  1.8055  1.8128  1.8169  1.8189  1.8188  1.8157  1.8092
  1.7981  1.7801  1.7547  1.7228  1.6860  1.5802  1.4703  1.3642  1.2603  1.1579
  1.0573  0.9579  0.8589  0.7600  0.6616  0.5640  0.4670  0.3708  0.2750  0.1798
  0.0850
  1.7539  1.7850  1.8053  1.8155  1.8182  1.8156  1.8095  1.8012  1.7908  1.7777
  1.7609  1.7393  1.7137  1.6849  1.6701  1.5874  1.4800  1.3721  1.2668
 [Fe/H] =  1.00 [alpha/Fe] = 0.00 BC value = F140M
  1.7949  1.9090  1.9785  2.0357  2.0679  2.0717  2.0549  2.0364  1.9838  1.9289
  1.8754  1.8238  1.7745  1.7277  1.6831  1.5780
  1.8070  1.9218  2.0039  2.0566  2.0827  2.0847  2.0650  2.0255  1.9715  1.9171
  1.8637  1.8117  1.7621  1.7148  1.6697  1.5645  1.4636  1.3639  1.2642
  1.8027  1.9110  1.9901  2.0430  2.0721  2.0798  2.0641  2.0186  1.9667  1.9131
  1.8596  1.8072  1.7568  1.7088  1.6630  1.5559  1.4543  1.3545  1.2560  1.1579
  1.0561
  1.7820  1.8765  1.9371  1.9949  2.0363  2.0570  2.0522  2.0157  1.9668  1.9143
  1.8609  1.8079  1.7566  1.7074  1.6608  1.5522  1.4495  1.3493  1.2512  1.1542
  1.0548  0.9501  0.8401
  1.7503  1.8341  1.9068  1.9666  2.0113  2.0374  2.0392  2.0137  1.9695  1.9186
  1.8656  1.8123  1.7601  1.7098  1.6619  1.5513  1.4479  1.3472  1.2488  1.1523
  1.0543  0.9520  0.8455  0.7356  0.6236
  1.7143  1.7967  1.8698  1.9319  1.9809  2.0134  2.0252  2.0104  1.9730  1.9248
  1.8727  1.8195  1.7666  1.7152  1.6660  1.5527  1.4484  1.3471  1.2481  1.1514
  1.0544  0.9539  0.8499  0.7433  0.6349  0.5254
  1.6814  1.7592  1.8300  1.8924  1.9442  1.9826  2.0039  2.0022  1.9751  1.9313
  1.8810  1.8283  1.7753  1.7231  1.6727  1.5562  1.4503  1.3484  1.2487  1.1515
  1.0548  0.9558  0.8537  0.7496  0.6444  0.5382  0.4313  0.3257  0.2235  0.1244
  1.6652  1.7321  1.7950  1.8535  1.9048  1.9464  1.9749  1.9853  1.9719  1.9365
  1.8895  1.8381  1.7854  1.7329  1.6815  1.5618  1.4537  1.3510  1.2504  1.1524
  1.0557  0.9576  0.8572  0.7551  0.6523  0.5490  0.4451  0.3410  0.2382  0.1388
  0.0426
  1.6913  1.7343  1.7796  1.8263  1.8708  1.9098  1.9405  1.9593  1.9593  1.9369
  1.8965  1.8477  1.7961  1.7437  1.6919  1.5693  1.4586  1.3545  1.2531  1.1540
  1.0569  0.9594  0.8603  0.7597  0.6586  0.5575  0.4565  0.3553  0.2540  0.1536
  0.0567
  1.7161  1.7551  1.7887  1.8194  1.8499  1.8813  1.9089  1.9288  1.9373  1.9279
  1.8985  1.8551  1.8056  1.7541  1.7023  1.5777  1.4640  1.3582  1.2556  1.1552
  1.0571  0.9595  0.8611  0.7617  0.6621  0.5627  0.4635  0.3647  0.2660  0.1671
  0.0690
  1.7261  1.7613  1.7891  1.8128  1.8345  1.8544  1.8724  1.8894  1.9027  1.9057
  1.8909  1.8575  1.8131  1.7641  1.7136  1.5884  1.4721  1.3641  1.2602  1.1587
  1.0595  0.9616  0.8638  0.7655  0.6671  0.5692  0.4718  0.3748  0.2782  0.1816
  0.0851
  1.7338  1.7680  1.7920  1.8089  1.8219  1.8327  1.8419  1.8489  1.8535  1.8555
  1.8524  1.8374  1.8071  1.7660  1.7198  1.5989  1.4814  1.3712  1.2658  1.1629
  1.0625  0.9640  0.8664  0.7688  0.6714  0.5746  0.4785  0.3831  0.2881  0.1934
  0.0990
  1.7431  1.7781  1.8010  1.8145  1.8212  1.8235  1.8235  1.8217  1.8179  1.8113
  1.8015  1.7874  1.7669  1.7388  1.7209  1.6092  1.4919  1.3795  1.2724
