 [Fe/H] = -2.50 [alpha/Fe] = 0.00 BC value = F210M
 -1.9565 -1.9707 -1.9694 -1.9571 -1.9303 -1.8958 -1.7900 -1.7722 -1.7745 -1.7990
 -1.8444 -1.9061 -1.9736 -2.0468 -2.1223 -2.3061 -2.4800 -2.6408 -2.7996
 -1.9127 -1.9481 -1.9589 -1.9476 -1.9144 -1.8823 -1.8596 -1.8459 -1.8429 -1.8532
 -1.8833 -1.9341 -1.9985 -2.0681 -2.1386 -2.3128 -2.4830 -2.6485 -2.8090 -2.9643
 -1.9674 -1.9762 -1.9899 -2.0004 -1.9973 -1.9735 -1.9356 -1.9078 -1.9000 -1.9102
 -1.9322 -1.9695 -2.0253 -2.0913 -2.1600 -2.3305 -2.4964 -2.6589 -2.8174 -2.9705
 -3.1185
 -2.0354 -2.0272 -2.0301 -2.0389 -2.0469 -2.0460 -2.0318 -2.0069 -1.9819 -1.9746
 -1.9888 -2.0161 -2.0591 -2.1175 -2.1827 -2.3492 -2.5108 -2.6691 -2.8251 -2.9765
 -3.1226 -3.2639
 -2.1390 -2.1076 -2.0927 -2.0901 -2.0944 -2.0997 -2.0995 -2.0911 -2.0785 -2.0676
 -2.0667 -2.0820 -2.1103 -2.1541 -2.2100 -2.3690 -2.5268 -2.6801 -2.8324 -2.9821
 -3.1268 -3.2664 -3.4013 -3.5322
 -2.2791 -2.2224 -2.1840 -2.1628 -2.1553 -2.1559 -2.1588 -2.1588 -2.1545 -2.1500
 -2.1507 -2.1602 -2.1786 -2.2098 -2.2527 -2.3918 -2.5444 -2.6930 -2.8403 -2.9872
 -3.1308 -3.2693 -3.4028 -3.5319 -3.6576 -3.7801 -3.8993 -4.0153 -4.1279 -4.2373
 -2.4444 -2.3705 -2.3073 -2.2631 -2.2371 -2.2256 -2.2230 -2.2238 -2.2239 -2.2223
 -2.2226 -2.2302 -2.2462 -2.2708 -2.3052 -2.4228 -2.5641 -2.7079 -2.8498 -2.9925
 -3.1342 -3.2720 -3.4048 -3.5327 -3.6564 -3.7764 -3.8933 -4.0073 -4.1190 -4.2282
 -4.3338
 -2.6319 -2.5424 -2.4615 -2.3946 -2.3460 -2.3162 -2.3009 -2.2952 -2.2943 -2.2941
 -2.2940 -2.2970 -2.3074 -2.3267 -2.3557 -2.4585 -2.5870 -2.7244 -2.8614 -2.9990
 -3.1374 -3.2741 -3.4065 -3.5340 -3.6568 -3.7756 -3.8908 -4.0029 -4.1124 -4.2197
 -4.3251
 -2.8245 -2.7269 -2.6371 -2.5544 -2.4845 -2.4331 -2.3995 -2.3808 -2.3722 -2.3692
 -2.3683 -2.3687 -2.3726 -2.3835 -2.4045 -2.4943 -2.6126 -2.7433 -2.8764 -3.0095
 -3.1436 -3.2781 -3.4102 -3.5378 -3.6605 -3.7788 -3.8932 -4.0043 -4.1125 -4.2179
 -4.3206
 -3.0222 -2.9240 -2.8237 -2.7334 -2.6503 -2.5792 -2.5251 -2.4881 -2.4656 -2.4536
 -2.4480 -2.4457 -2.4455 -2.4489 -2.4593 -2.5283 -2.6360 -2.7598 -2.8891 -3.0189
 -3.1489 -3.2797 -3.4099 -3.5373 -3.6603 -3.7786 -3.8927 -4.0028 -4.1121 -4.2160
 -4.3165
 -3.2250 -3.1337 -3.0213 -2.9173 -2.8322 -2.7507 -2.6794 -2.6227 -2.5819 -2.5550
 -2.5387 -2.5299 -2.5253 -2.5236 -2.5256 -2.5667 -2.6602 -2.7759 -2.9009 -3.0282
 -3.1555 -3.2827 -3.4099 -3.5360 -3.6591 -3.7779 -3.8923 -4.0024 -4.1088 -4.2118
 -4.3120
 -3.4330 -3.3560 -3.2299 -3.1027 -3.0184 -2.9354 -2.8557 -2.7844 -2.7256 -2.6804
 -2.6484 -2.6273 -2.6142 -2.6064 -2.6034 -2.6095 -2.6852 -2.7916 -2.9118
 [Fe/H] = -2.00 [alpha/Fe] = 0.00 BC value = F210M
 -1.9432 -1.9374 -1.9182 -1.8909 -1.8581 -1.8256 -1.7753 -1.7629 -1.7677 -1.7923
 -1.8371 -1.8979 -1.9663 -2.0386 -2.1122 -2.2940 -2.4696 -2.6362 -2.7983
 -1.9293 -1.9493 -1.9460 -1.9301 -1.9084 -1.8821 -1.8557 -1.8357 -1.8288 -1.8391
 -1.8701 -1.9217 -1.9869 -2.0574 -2.1291 -2.3067 -2.4793 -2.6459 -2.8066 -2.9621
 -1.9200 -1.9507 -1.9756 -1.9837 -1.9663 -1.9348 -1.9105 -1.8959 -1.8895 -1.8929
 -1.9114 -1.9495 -2.0073 -2.0751 -2.1457 -2.3211 -2.4913 -2.6557 -2.8146 -2.9679
 -3.1161
 -1.9329 -1.9554 -1.9814 -2.0046 -2.0166 -2.0117 -1.9873 -1.9537 -1.9358 -1.9391
 -1.9561 -1.9850 -2.0309 -2.0930 -2.1608 -2.3347 -2.5026 -2.6648 -2.8218 -2.9735
 -3.1198 -3.2612
 -1.9773 -1.9840 -1.9999 -2.0201 -2.0395 -2.0518 -2.0527 -2.0427 -2.0231 -2.0049
 -2.0065 -2.0268 -2.0624 -2.1145 -2.1781 -2.3478 -2.5138 -2.6735 -2.8284 -2.9787
 -3.1236 -3.2634 -3.3985 -3.5296
 -2.0592 -2.0441 -2.0428 -2.0515 -2.0661 -2.0815 -2.0929 -2.0973 -2.0965 -2.0937
 -2.0900 -2.0948 -2.1139 -2.1498 -2.2010 -2.3614 -2.5251 -2.6826 -2.8347 -2.9832
 -3.1272 -3.2660 -3.3996 -3.5290 -3.6545 -3.7766 -3.8959 -4.0124 -4.1261 -4.2354
 -2.1795 -2.1402 -2.1166 -2.1075 -2.1097 -2.1190 -2.1309 -2.1413 -2.1482 -2.1537
 -2.1616 -2.1724 -2.1864 -2.2092 -2.2455 -2.3789 -2.5372 -2.6923 -2.8417 -2.9875
 -3.1302 -3.2684 -3.4013 -3.5295 -3.6534 -3.7737 -3.8909 -4.0052 -4.1170 -4.2263
 -4.3320
 -2.3293 -2.2702 -2.2242 -2.1931 -2.1773 -2.1740 -2.1790 -2.1878 -2.1973 -2.2057
 -2.2150 -2.2291 -2.2478 -2.2715 -2.3014 -2.4104 -2.5524 -2.7032 -2.8499 -2.9924
 -3.1327 -3.2701 -3.4028 -3.5305 -3.6535 -3.7725 -3.8881 -4.0006 -4.1103 -4.2177
 -4.3232
 -2.4956 -2.4241 -2.3604 -2.3087 -2.2726 -2.2519 -2.2443 -2.2456 -2.2521 -2.2604
 -2.2694 -2.2810 -2.2981 -2.3215 -2.3511 -2.4495 -2.5764 -2.7181 -2.8612 -3.0008
 -3.1381 -3.2737 -3.4062 -3.5340 -3.6570 -3.7755 -3.8901 -4.0014 -4.1095 -4.2151
 -4.3186
 -2.6662 -2.5912 -2.5178 -2.4511 -2.3962 -2.3563 -2.3317 -2.3202 -2.3184 -2.3226
 -2.3297 -2.3386 -2.3505 -2.3681 -2.3932 -2.4846 -2.6014 -2.7335 -2.8715 -3.0079
 -3.1419 -3.2746 -3.4056 -3.5334 -3.6566 -3.7751 -3.8894 -3.9999 -4.1069 -4.2110
 -4.3145
 -2.8324 -2.7586 -2.6854 -2.6115 -2.5440 -2.4869 -2.4446 -2.4169 -2.4021 -2.3972
 -2.3989 -2.4044 -2.4125 -2.4237 -2.4407 -2.5168 -2.6260 -2.7502 -2.8823 -3.0156
 -3.1470 -3.2767 -3.4051 -3.5318 -3.6552 -3.7743 -3.8889 -3.9993 -4.1059 -4.2092
 -4.3096
 -2.9880 -2.9214 -2.8514 -2.7790 -2.7070 -2.6400 -2.5826 -2.5385 -2.5081 -2.4899
 -2.4816 -2.4804 -2.4727 -2.4834 -2.4936 -2.5461 -2.6502 -2.7682 -2.8936
 [Fe/H] = -1.50 [alpha/Fe] = 0.00 BC value = F210M
 -1.8953 -1.8741 -1.8429 -1.8073 -1.7732 -1.7461 -1.7306 -1.7302 -1.7463 -1.7798
 -1.8303 -1.8935 -1.9632 -2.0350 -2.1072 -2.2863 -2.4614 -2.6309 -2.7948
 -1.9289 -1.9281 -1.9124 -1.8860 -1.8553 -1.8267 -1.8055 -1.7955 -1.7993 -1.8195
 -1.8581 -1.9142 -1.9812 -2.0523 -2.1241 -2.3016 -2.4743 -2.6416 -2.8028 -2.9585
 -1.9218 -1.9474 -1.9514 -1.9395 -1.9209 -1.8985 -1.8775 -1.8631 -1.8586 -1.8670
 -1.8919 -1.9361 -1.9971 -2.0663 -2.1375 -2.3141 -2.4853 -2.6508 -2.8102 -2.9638
 -3.1122
 -1.9004 -1.9369 -1.9667 -1.9828 -1.9783 -1.9537 -1.9298 -1.9163 -1.9121 -1.9169
 -1.9330 -1.9641 -2.0141 -2.0787 -2.1486 -2.3243 -2.4945 -2.6586 -2.8167 -2.9688
 -3.1154 -3.2571
 -1.8954 -1.9276 -1.9617 -1.9925 -2.0138 -2.0197 -2.0078 -1.9845 -1.9614 -1.9577
 -1.9716 -1.9979 -2.0371 -2.0926 -2.1589 -2.3328 -2.5022 -2.6651 -2.8221 -2.9732
 -3.1186 -3.2587 -3.3941 -3.5256
 -1.9159 -1.9364 -1.9638 -1.9940 -2.0226 -2.0445 -2.0568 -2.0588 -2.0520 -2.0365
 -2.0271 -2.0374 -2.0669 -2.1123 -2.1712 -2.3405 -2.5090 -2.6709 -2.8267 -2.9769
 -3.1216 -3.2607 -3.3948 -3.5245 -3.6504 -3.7730 -3.8925 -4.0093 -4.1231 -4.2323
 -1.9713 -1.9732 -1.9867 -2.0079 -2.0330 -2.0582 -2.0799 -2.0954 -2.1052 -2.1119
 -2.1152 -2.1156 -2.1244 -2.1501 -2.1933 -2.3488 -2.5155 -2.6764 -2.8310 -2.9799
 -3.1238 -3.2626 -3.3959 -3.5244 -3.6488 -3.7695 -3.8872 -4.0018 -4.1138 -4.2232
 -4.3288
 -2.0661 -2.0454 -2.0392 -2.0449 -2.0591 -2.0785 -2.1001 -2.1206 -2.1384 -2.1541
 -2.1699 -2.1864 -2.2016 -2.2179 -2.2442 -2.3631 -2.5226 -2.6820 -2.8353 -2.9827
 -3.1254 -3.2637 -3.3969 -3.5250 -3.6484 -3.7678 -3.8839 -3.9968 -4.1069 -4.2145
 -4.3201
 -2.1939 -2.1518 -2.1249 -2.1113 -2.1095 -2.1172 -2.1314 -2.1493 -2.1685 -2.1877
 -2.2073 -2.2293 -2.2540 -2.2795 -2.3061 -2.3996 -2.5359 -2.6906 -2.8423 -2.9883
 -3.1293 -3.2667 -3.3998 -3.5280 -3.6514 -3.7703 -3.8854 -3.9971 -4.1057 -4.2117
 -4.3154
 -2.3430 -2.2861 -2.2412 -2.2083 -2.1880 -2.1797 -2.1817 -2.1913 -2.2060 -2.2237
 -2.2431 -2.2649 -2.2902 -2.3192 -2.3511 -2.4419 -2.5596 -2.7001 -2.8478 -2.9918
 -3.1310 -3.2665 -3.3987 -3.5270 -3.6506 -3.7695 -3.8842 -3.9951 -4.1027 -4.2072
 -4.3111
 -2.4997 -2.4358 -2.3795 -2.3313 -2.2939 -2.2685 -2.2551 -2.2524 -2.2583 -2.2702
 -2.2861 -2.3050 -2.3272 -2.3537 -2.3846 -2.4781 -2.5879 -2.7159 -2.8554 -2.9963
 -3.1335 -3.2669 -3.3974 -3.5250 -3.6489 -3.7683 -3.8833 -3.9941 -4.1012 -4.2050
 -4.3058
 -2.6564 -2.5904 -2.5287 -2.4716 -2.4220 -2.3818 -2.3527 -2.3356 -2.3293 -2.3318
 -2.3411 -2.3552 -2.3701 -2.3947 -2.4066 -2.5082 -2.6208 -2.7380 -2.8651
 [Fe/H] = -1.00 [alpha/Fe] = 0.00 BC value = F210M
 -1.8127 -1.7808 -1.7435 -1.7062 -1.6756 -1.6573 -1.6559 -1.6741 -1.7103 -1.7615
 -1.8240 -1.8930 -1.9644 -2.0361 -2.1073 -2.2830 -2.4555 -2.6247 -2.7892
 -1.8732 -1.8520 -1.8213 -1.7862 -1.7533 -1.7293 -1.7197 -1.7269 -1.7508 -1.7903
 -1.8441 -1.9088 -1.9790 -2.0508 -2.1225 -2.2980 -2.4687 -2.6350 -2.7966 -2.9528
 -1.9093 -1.9065 -1.8888 -1.8614 -1.8311 -1.8048 -1.7887 -1.7864 -1.7986 -1.8257
 -1.8678 -1.9242 -1.9906 -2.0615 -2.1332 -2.3092 -2.4792 -2.6438 -2.8032 -2.9573
 -3.1061
 -1.9039 -1.9284 -1.9319 -1.9191 -1.8983 -1.8756 -1.8579 -1.8495 -1.8528 -1.8688
 -1.8986 -1.9434 -2.0022 -2.0700 -2.1409 -2.3172 -2.4871 -2.6507 -2.8089 -2.9614
 -3.1084 -3.2507
 -1.8800 -1.9287 -1.9568 -1.9664 -1.9594 -1.9393 -1.9173 -1.9052 -1.9046 -1.9149
 -1.9363 -1.9700 -2.0178 -2.0789 -2.1472 -2.3228 -2.4928 -2.6560 -2.8133 -2.9648
 -3.1107 -3.2514 -3.3874 -3.5194
 -1.8667 -1.9031 -1.9397 -1.9721 -1.9931 -2.0018 -1.9991 -1.9859 -1.9671 -1.9606
 -1.9730 -2.0006 -2.0400 -2.0915 -2.1542 -2.3269 -2.4968 -2.6599 -2.8166 -2.9675
 -3.1126 -3.2524 -3.3871 -3.5174 -3.6439 -3.7671 -3.8873 -4.0045 -4.1184 -4.2275
 -1.8700 -1.8993 -1.9331 -1.9684 -2.0014 -2.0279 -2.0454 -2.0545 -2.0569 -2.0522
 -2.0438 -2.0469 -2.0700 -2.1111 -2.1652 -2.3306 -2.4998 -2.6627 -2.8190 -2.9693
 -3.1140 -3.2533 -3.3873 -3.5165 -3.6415 -3.7629 -3.8812 -3.9965 -4.1090 -4.2184
 -4.3237
 -1.8991 -1.9148 -1.9394 -1.9697 -2.0025 -2.0347 -2.0631 -2.0857 -2.1028 -2.1166
 -2.1278 -2.1348 -2.1409 -2.1576 -2.1915 -2.3354 -2.5024 -2.6649 -2.8207 -2.9704
 -3.1146 -3.2536 -3.3874 -3.5161 -3.6402 -3.7604 -3.8772 -3.9908 -4.1015 -4.2096
 -4.3150
 -1.9637 -1.9600 -1.9689 -1.9878 -2.0133 -2.0425 -2.0725 -2.1012 -2.1271 -2.1504
 -2.1723 -2.1944 -2.2154 -2.2338 -2.2543 -2.3529 -2.5078 -2.6690 -2.8244 -2.9736
 -3.1171 -3.2557 -3.3896 -3.5184 -3.6424 -3.7620 -3.8779 -3.9904 -4.0997 -4.2063
 -4.3103
 -2.0649 -2.0406 -2.0296 -2.0319 -2.0442 -2.0640 -2.0885 -2.1156 -2.1436 -2.1714
 -2.1990 -2.2271 -2.2564 -2.2864 -2.3156 -2.3955 -2.5180 -2.6714 -2.8255 -2.9738
 -3.1165 -3.2543 -3.3877 -3.5168 -3.6410 -3.7606 -3.8760 -3.9876 -4.0959 -4.2012
 -4.3038
 -2.1926 -2.1508 -2.1217 -2.1063 -2.1022 -2.1080 -2.1217 -2.1414 -2.1653 -2.1919
 -2.2205 -2.2507 -2.2828 -2.3169 -2.3525 -2.4427 -2.5467 -2.6790 -2.8274 -2.9743
 -3.1160 -3.2528 -3.3854 -3.5141 -3.6387 -3.7588 -3.8744 -3.9859 -4.0937 -4.1983
 -4.2998
 -2.3348 -2.2799 -2.2374 -2.2068 -2.1872 -2.1778 -2.1779 -2.1861 -2.2014 -2.2221
 -2.2469 -2.2751 -2.3063 -2.3404 -2.3650 -2.4945 -2.5939 -2.6918 -2.8301
 [Fe/H] = -0.75 [alpha/Fe] = 0.00 BC value = F210M
 -1.7584 -1.7229 -1.6848 -1.6491 -1.6220 -1.6094 -1.6163 -1.6453 -1.6932 -1.7540
 -1.8224 -1.8942 -1.9666 -2.0384 -2.1093 -2.2830 -2.4534 -2.6213 -2.7856
 -1.8270 -1.7992 -1.7645 -1.7280 -1.6965 -1.6760 -1.6727 -1.6896 -1.7252 -1.7762
 -1.8382 -1.9071 -1.9790 -2.0513 -2.1230 -2.2975 -2.4665 -2.6317 -2.7928 -2.9492
 -1.8795 -1.8648 -1.8387 -1.8065 -1.7741 -1.7485 -1.7365 -1.7420 -1.7649 -1.8038
 -1.8562 -1.9191 -1.9884 -2.0602 -2.1322 -2.3078 -2.4767 -2.6402 -2.7992 -2.9532
 -3.1023
 -1.8996 -1.9076 -1.8986 -1.8770 -1.8493 -1.8231 -1.8053 -1.8015 -1.8129 -1.8394
 -1.8802 -1.9338 -1.9975 -2.0670 -2.1384 -2.3148 -2.4840 -2.6469 -2.8045 -2.9569
 -3.1041 -3.2466
 -1.8902 -1.9134 -1.9326 -1.9301 -1.9118 -1.8894 -1.8714 -1.8628 -1.8664 -1.8828
 -1.9121 -1.9545 -2.0093 -2.0738 -2.1432 -2.3192 -2.4890 -2.6518 -2.8087 -2.9599
 -3.1059 -3.2468 -3.3831 -3.5154
 -1.8682 -1.8996 -1.9341 -1.9589 -1.9690 -1.9638 -1.9464 -1.9272 -1.9192 -1.9270
 -1.9486 -1.9822 -2.0271 -2.0834 -2.1484 -2.3221 -2.4921 -2.6550 -2.8116 -2.9622
 -3.1073 -3.2473 -3.3822 -3.5129 -3.6397 -3.7633 -3.8838 -4.0013 -4.1153 -4.2242
 -1.8529 -1.8881 -1.9247 -1.9596 -1.9884 -2.0074 -2.0162 -2.0170 -2.0111 -2.0014
 -1.9998 -2.0164 -2.0511 -2.0987 -2.1564 -2.3243 -2.4940 -2.6570 -2.8134 -2.9636
 -3.1082 -3.2476 -3.3818 -3.5114 -3.6368 -3.7586 -3.8773 -3.9929 -4.1056 -4.2151
 -4.3202
 -1.8597 -1.8873 -1.9198 -1.9549 -1.9898 -2.0212 -2.0463 -2.0644 -2.0775 -2.0874
 -2.0934 -2.0960 -2.1048 -2.1300 -2.1729 -2.3270 -2.4952 -2.6581 -2.8143 -2.9642
 -3.1084 -3.2475 -3.3814 -3.5104 -3.6349 -3.7555 -3.8728 -3.9868 -4.0978 -4.2061
 -4.3115
 -1.8920 -1.9057 -1.9284 -1.9575 -1.9904 -2.0245 -2.0570 -2.0858 -2.1104 -2.1319
 -2.1522 -2.1718 -2.1886 -2.2038 -2.2253 -2.3365 -2.4985 -2.6608 -2.8169 -2.9666
 -3.1105 -3.2493 -3.3832 -3.5123 -3.6366 -3.7566 -3.8730 -3.9858 -4.0956 -4.2025
 -4.3068
 -1.9589 -1.9544 -1.9605 -1.9777 -2.0022 -2.0317 -2.0636 -2.0958 -2.1267 -2.1558
 -2.1835 -2.2113 -2.2397 -2.2677 -2.2937 -2.3719 -2.5024 -2.6611 -2.8165 -2.9657
 -3.1091 -3.2474 -3.3811 -3.5103 -3.6347 -3.7547 -3.8705 -3.9826 -4.0913 -4.1971
 -4.3001
 -2.0596 -2.0356 -2.0243 -2.0244 -2.0355 -2.0547 -2.0798 -2.1085 -2.1393 -2.1709
 -2.2028 -2.2351 -2.2684 -2.3029 -2.3380 -2.4230 -2.5264 -2.6639 -2.8164 -2.9647
 -3.1075 -3.2452 -3.3783 -3.5073 -3.6321 -3.7524 -3.8684 -3.9804 -4.0886 -4.1936
 -4.2956
 -2.1851 -2.1446 -2.1164 -2.1001 -2.0956 -2.1010 -2.1147 -2.1348 -2.1599 -2.1885
 -2.2197 -2.2531 -2.2881 -2.3250 -2.3582 -2.4898 -2.5705 -2.6692 -2.8166
 [Fe/H] = -0.50 [alpha/Fe] = 0.00 BC value = F210M
 -1.6985 -1.6606 -1.6227 -1.5900 -1.5681 -1.5628 -1.5795 -1.6203 -1.6795 -1.7487
 -1.8219 -1.8961 -1.9696 -2.0419 -2.1127 -2.2846 -2.4523 -2.6181 -2.7817
 -1.7734 -1.7403 -1.7029 -1.6668 -1.6384 -1.6231 -1.6276 -1.6552 -1.7029 -1.7643
 -1.8334 -1.9060 -1.9795 -2.0525 -2.1243 -2.2980 -2.4651 -2.6285 -2.7888 -2.9451
 -1.8368 -1.8137 -1.7821 -1.7470 -1.7145 -1.6913 -1.6846 -1.6989 -1.7333 -1.7840
 -1.8459 -1.9147 -1.9866 -2.0594 -2.1317 -2.3071 -2.4747 -2.6369 -2.7950 -2.9488
 -3.0979
 -1.8800 -1.8735 -1.8531 -1.8242 -1.7927 -1.7654 -1.7496 -1.7518 -1.7729 -1.8111
 -1.8629 -1.9249 -1.9931 -2.0644 -2.1364 -2.3128 -2.4814 -2.6433 -2.8001 -2.9521
 -3.0992 -3.2419
 -1.8822 -1.9031 -1.9038 -1.8888 -1.8648 -1.8392 -1.8193 -1.8123 -1.8217 -1.8472
 -1.8873 -1.9397 -2.0014 -2.0692 -2.1398 -2.3162 -2.4856 -2.6477 -2.8039 -2.9547
 -3.1005 -3.2415 -3.3781 -3.5107
 -1.8608 -1.8976 -1.9252 -1.9363 -1.9292 -1.9089 -1.8868 -1.8740 -1.8751 -1.8907
 -1.9199 -1.9616 -2.0143 -2.0759 -2.1433 -2.3181 -2.4880 -2.6504 -2.8064 -2.9567
 -3.1015 -3.2414 -3.3766 -3.5075 -3.6348 -3.7587 -3.8796 -3.9975 -4.1115 -4.2204
 -1.8464 -1.8838 -1.9199 -1.9502 -1.9696 -1.9761 -1.9718 -1.9605 -1.9486 -1.9458
 -1.9597 -1.9903 -2.0338 -2.0872 -2.1488 -2.3192 -2.4890 -2.6519 -2.8079 -2.9578
 -3.1021 -3.2413 -3.3756 -3.5054 -3.6312 -3.7534 -3.8725 -3.9886 -4.1016 -4.2112
 -4.3161
 -1.8414 -1.8754 -1.9113 -1.9469 -1.9793 -2.0049 -2.0218 -2.0320 -2.0386 -2.0424
 -2.0440 -2.0497 -2.0698 -2.1076 -2.1596 -2.3204 -2.4892 -2.6522 -2.8083 -2.9580
 -3.1020 -3.2408 -3.3746 -3.5039 -3.6287 -3.7497 -3.8674 -3.9819 -4.0934 -4.2020
 -4.3075
 -1.8510 -1.8771 -1.9083 -1.9426 -1.9780 -2.0121 -2.0421 -2.0668 -2.0872 -2.1055
 -2.1232 -2.1391 -2.1527 -2.1689 -2.1965 -2.3256 -2.4912 -2.6540 -2.8102 -2.9600
 -3.1038 -3.2424 -3.3761 -3.5052 -3.6298 -3.7502 -3.8670 -3.9803 -4.0906 -4.1979
 -4.3025
 -1.8848 -1.8981 -1.9186 -1.9462 -1.9784 -2.0130 -2.0479 -2.0809 -2.1110 -2.1385
 -2.1648 -2.1914 -2.2181 -2.2433 -2.2668 -2.3496 -2.4917 -2.6528 -2.8088 -2.9583
 -3.1019 -3.2402 -3.3738 -3.5029 -3.6274 -3.7477 -3.8639 -3.9765 -4.0857 -4.1920
 -4.2954
 -1.9521 -1.9473 -1.9533 -1.9680 -1.9915 -2.0206 -2.0534 -2.0877 -2.1220 -2.1555
 -2.1880 -2.2203 -2.2533 -2.2871 -2.3207 -2.4011 -2.5074 -2.6526 -2.8072 -2.9563
 -3.0995 -3.2375 -3.3707 -3.4997 -3.6245 -3.7450 -3.8613 -3.9736 -4.0824 -4.1879
 -4.2905
 -2.0515 -2.0282 -2.0168 -2.0166 -2.0262 -2.0449 -2.0700 -2.0997 -2.1324 -2.1668
 -2.2019 -2.2377 -2.2743 -2.3119 -2.3582 -2.4801 -2.5383 -2.6534 -2.8054
 [Fe/H] = -0.25 [alpha/Fe] = 0.00 BC value = F210M
 -1.6375 -1.5987 -1.5626 -1.5342 -1.5188 -1.5224 -1.5498 -1.6025 -1.6713 -1.7465
 -1.8232 -1.8994 -1.9740 -2.0469 -2.1179 -2.2886 -2.4534 -2.6165 -2.7787
 -1.7164 -1.6793 -1.6411 -1.6070 -1.5832 -1.5750 -1.5889 -1.6280 -1.6869 -1.7566
 -1.8309 -1.9064 -1.9813 -2.0550 -2.1271 -2.3003 -2.4657 -2.6269 -2.7858 -2.9415
 -1.7881 -1.7583 -1.7228 -1.6868 -1.6563 -1.6377 -1.6380 -1.6623 -1.7082 -1.7694
 -1.8389 -1.9120 -1.9861 -2.0599 -2.1326 -2.3080 -2.4745 -2.6351 -2.7919 -2.9450
 -3.0940
 -1.8458 -1.8284 -1.8007 -1.7677 -1.7350 -1.7091 -1.6974 -1.7070 -1.7385 -1.7880
 -1.8497 -1.9183 -1.9902 -2.0631 -2.1358 -2.3124 -2.4803 -2.6410 -2.7968 -2.9481
 -3.0950 -3.2376
 -1.8744 -1.8790 -1.8668 -1.8427 -1.8133 -1.7852 -1.7654 -1.7621 -1.7792 -1.8153
 -1.8664 -1.9278 -1.9953 -2.0660 -2.1378 -2.3147 -2.4837 -2.6450 -2.8003 -2.9506
 -3.0959 -3.2368 -3.3734 -3.5063
 -1.8619 -1.8930 -1.9067 -1.9011 -1.8819 -1.8577 -1.8363 -1.8249 -1.8299 -1.8528
 -1.8915 -1.9430 -2.0037 -2.0702 -2.1398 -2.3156 -2.4854 -2.6473 -2.8026 -2.9523
 -3.0967 -3.2363 -3.3714 -3.5025 -3.6299 -3.7539 -3.8750 -3.9932 -4.1073 -4.2160
 -1.8442 -1.8818 -1.9144 -1.9356 -1.9411 -1.9320 -1.9138 -1.8962 -1.8893 -1.8992
 -1.9257 -1.9663 -2.0177 -2.0776 -2.1432 -2.3158 -2.4857 -2.6482 -2.8038 -2.9532
 -3.0970 -3.2358 -3.3699 -3.4998 -3.6257 -3.7481 -3.8674 -3.9838 -4.0971 -4.2067
 -4.3114
 -1.8342 -1.8709 -1.9073 -1.9405 -1.9663 -1.9814 -1.9866 -1.9856 -1.9827 -1.9812
 -1.9864 -2.0056 -2.0416 -2.0913 -2.1500 -2.3160 -2.4852 -2.6481 -2.8038 -2.9532
 -3.0968 -3.2351 -3.3686 -3.4977 -3.6226 -3.7438 -3.8617 -3.9764 -4.0883 -4.1973
 -4.3028
 -1.8317 -1.8650 -1.9002 -1.9359 -1.9699 -1.9996 -2.0227 -2.0394 -2.0531 -2.0667
 -2.0803 -2.0934 -2.1087 -2.1333 -2.1720 -2.3190 -2.4861 -2.6491 -2.8053 -2.9549
 -3.0984 -3.2366 -3.3698 -3.4986 -3.6231 -3.7436 -3.8607 -3.9744 -4.0850 -4.1927
 -4.2976
 -1.8426 -1.8683 -1.8983 -1.9317 -1.9669 -2.0021 -2.0352 -2.0646 -2.0903 -2.1142
 -2.1382 -2.1632 -2.1878 -2.2110 -2.2350 -2.3314 -2.4850 -2.6470 -2.8032 -2.9527
 -3.0962 -3.2343 -3.3674 -3.4960 -3.6203 -3.7405 -3.8570 -3.9698 -4.0795 -4.1861
 -4.2900
 -1.8768 -1.8898 -1.9102 -1.9363 -1.9675 -2.0020 -2.0379 -2.0734 -2.1074 -2.1394
 -2.1703 -2.2015 -2.2338 -2.2666 -2.2985 -2.3780 -2.4921 -2.6451 -2.8005 -2.9499
 -3.0933 -3.2313 -3.3642 -3.4927 -3.6171 -3.7374 -3.8538 -3.9664 -4.0755 -4.1814
 -4.2845
 -1.9433 -1.9390 -1.9446 -1.9594 -1.9812 -2.0098 -2.0427 -2.0782 -2.1148 -2.1514
 -2.1875 -2.2235 -2.2600 -2.2974 -2.3625 -2.4588 -2.5074 -2.6434 -2.7972
 [Fe/H] =  0.00 [alpha/Fe] = 0.00 BC value = F210M
 -1.5719 -1.5328 -1.4992 -1.4758 -1.4679 -1.4819 -1.5221 -1.5878 -1.6648 -1.7446
 -1.8241 -1.9022 -1.9781 -2.0518 -2.1232 -2.2932 -2.4553 -2.6150 -2.7748
 -1.6533 -1.6130 -1.5746 -1.5435 -1.5251 -1.5256 -1.5515 -1.6040 -1.6733 -1.7497
 -1.8280 -1.9059 -1.9823 -2.0569 -2.1295 -2.3027 -2.4663 -2.6249 -2.7817 -2.9364
 -1.7322 -1.6960 -1.6573 -1.6212 -1.5939 -1.5816 -1.5915 -1.6280 -1.6860 -1.7563
 -1.8317 -1.9083 -1.9845 -2.0594 -2.1327 -2.3083 -2.4738 -2.6324 -2.7874 -2.9395
 -3.0880
 -1.8010 -1.7745 -1.7405 -1.7043 -1.6715 -1.6489 -1.6437 -1.6630 -1.7065 -1.7671
 -1.8371 -1.9111 -1.9860 -2.0605 -2.1340 -2.3110 -2.4783 -2.6376 -2.7918 -2.9422
 -3.0886 -3.2310
 -1.8481 -1.8407 -1.8172 -1.7861 -1.7530 -1.7246 -1.7075 -1.7105 -1.7376 -1.7852
 -1.8468 -1.9158 -1.9881 -2.0614 -2.1344 -2.3120 -2.4806 -2.6409 -2.7949 -2.9442
 -3.0890 -3.2297 -3.3663 -3.4993
 -1.8622 -1.8786 -1.8756 -1.8580 -1.8315 -1.8030 -1.7799 -1.7699 -1.7810 -1.8136
 -1.8635 -1.9247 -1.9924 -2.0631 -2.1348 -2.3119 -2.4814 -2.6426 -2.7968 -2.9455
 -3.0893 -3.2286 -3.3637 -3.4950 -3.6226 -3.7471 -3.8687 -3.9874 -4.1017 -4.2106
 -1.8446 -1.8800 -1.9042 -1.9106 -1.8993 -1.8775 -1.8542 -1.8378 -1.8361 -1.8538
 -1.8900 -1.9405 -2.0009 -2.0670 -2.1362 -2.3114 -2.4812 -2.6431 -2.7977 -2.9462
 -3.0894 -3.2277 -3.3616 -3.4915 -3.6177 -3.7406 -3.8604 -3.9773 -4.0912 -4.2010
 -4.3059
 -1.8317 -1.8691 -1.9039 -1.9315 -1.9465 -1.9478 -1.9385 -1.9243 -1.9136 -1.9144
 -1.9320 -1.9673 -2.0166 -2.0753 -2.1398 -2.3107 -2.4802 -2.6426 -2.7976 -2.9461
 -3.0890 -3.2268 -3.3599 -3.4888 -3.6139 -3.7355 -3.8539 -3.9692 -4.0816 -4.1912
 -4.2970
 -1.8245 -1.8608 -1.8971 -1.9317 -1.9614 -1.9830 -1.9953 -2.0011 -2.0052 -2.0109
 -2.0199 -2.0348 -2.0600 -2.0992 -2.1516 -2.3122 -2.4804 -2.6432 -2.7989 -2.9478
 -3.0906 -3.2282 -3.3609 -3.4893 -3.6138 -3.7345 -3.8520 -3.9662 -4.0774 -4.1858
 -4.2913
 -1.8237 -1.8561 -1.8908 -1.9262 -1.9611 -1.9934 -2.0208 -2.0426 -2.0608 -2.0789
 -2.0992 -2.1213 -2.1440 -2.1681 -2.1978 -2.3166 -2.4782 -2.6405 -2.7964 -2.9455
 -3.0884 -3.2259 -3.3584 -3.4865 -3.6105 -3.7307 -3.8475 -3.9609 -4.0711 -4.1784
 -4.2830
 -1.8345 -1.8603 -1.8895 -1.9224 -1.9572 -1.9928 -2.0276 -2.0602 -2.0898 -2.1174
 -2.1451 -2.1746 -2.2058 -2.2373 -2.2679 -2.3525 -2.4795 -2.6375 -2.7931 -2.9423
 -3.0853 -3.2228 -3.3552 -3.4832 -3.6070 -3.7271 -3.8436 -3.9566 -4.0663 -4.1729
 -4.2767
 -1.8680 -1.8813 -1.9016 -1.9274 -1.9578 -1.9918 -2.0280 -2.0649 -2.1014 -2.1366
 -2.1710 -2.2054 -2.2410 -2.2780 -2.3619 -2.4199 -2.4843 -2.6342 -2.7890
 [Fe/H] =  0.25 [alpha/Fe] = 0.00 BC value = F210M
 -1.5093 -1.4717 -1.4422 -1.4300 -1.4377 -1.4652 -1.5126 -1.5798 -1.6624 -1.7453
 -1.8269 -1.9065 -1.9838 -2.0584 -2.1304 -2.3003 -2.4601 -2.6165 -2.7735
 -1.5909 -1.5494 -1.5128 -1.4861 -1.4745 -1.4852 -1.5233 -1.5882 -1.6656 -1.7466
 -1.8275 -1.9072 -1.9849 -2.0605 -2.1337 -2.3072 -2.4695 -2.6256 -2.7797 -2.9327
 -1.6745 -1.6340 -1.5940 -1.5598 -1.5372 -1.5325 -1.5534 -1.6028 -1.6715 -1.7485
 -1.8278 -1.9069 -1.9846 -2.0606 -2.1346 -2.3107 -2.4754 -2.6322 -2.7851 -2.9356
 -3.0829
 -1.7521 -1.7182 -1.6798 -1.6423 -1.6115 -1.5939 -1.5970 -1.6277 -1.6832 -1.7531
 -1.8290 -1.9066 -1.9838 -2.0597 -2.1339 -2.3117 -2.4786 -2.6365 -2.7890 -2.9379
 -3.0834 -3.2254
 -1.8165 -1.7945 -1.7633 -1.7278 -1.6933 -1.6667 -1.6548 -1.6662 -1.7046 -1.7632
 -1.8330 -1.9076 -1.9833 -2.0586 -2.1327 -2.3113 -2.4797 -2.6390 -2.7916 -2.9396
 -3.0836 -3.2237 -3.3600 -3.4928
 -1.8538 -1.8534 -1.8369 -1.8094 -1.7772 -1.7468 -1.7248 -1.7194 -1.7388 -1.7822
 -1.8423 -1.9113 -1.9841 -2.0580 -2.1315 -2.3100 -2.4795 -2.6400 -2.7930 -2.9406
 -3.0836 -3.2224 -3.3570 -3.4881 -3.6157 -3.7403 -3.8620 -3.9810 -4.0954 -4.2044
 -1.8472 -1.8761 -1.8841 -1.8743 -1.8529 -1.8266 -1.8018 -1.7858 -1.7878 -1.8135
 -1.8600 -1.9202 -1.9879 -2.0588 -2.1308 -2.3085 -2.4784 -2.6398 -2.7935 -2.9410
 -3.0834 -3.2212 -3.3546 -3.4842 -3.6103 -3.7331 -3.8531 -3.9702 -4.0845 -4.1945
 -4.2995
 -1.8319 -1.8685 -1.8990 -1.9164 -1.9168 -1.9028 -1.8817 -1.8623 -1.8527 -1.8610
 -1.8905 -1.9377 -1.9968 -2.0626 -2.1317 -2.3068 -2.4768 -2.6388 -2.7932 -2.9408
 -3.0829 -3.2200 -3.3526 -3.4811 -3.6059 -3.7274 -3.8459 -3.9614 -4.0742 -4.1842
 -4.2903
 -1.8226 -1.8598 -1.8955 -1.9268 -1.9491 -1.9593 -1.9587 -1.9517 -1.9445 -1.9432
 -1.9538 -1.9794 -2.0208 -2.0751 -2.1376 -2.3072 -2.4765 -2.6391 -2.7942 -2.9423
 -3.0845 -3.2214 -3.3535 -3.4813 -3.6053 -3.7258 -3.8432 -3.9577 -4.0692 -4.1781
 -4.2841
 -1.8170 -1.8528 -1.8889 -1.9242 -1.9565 -1.9830 -2.0016 -2.0131 -2.0216 -2.0317
 -2.0458 -2.0649 -2.0893 -2.1212 -2.1626 -2.3073 -2.4735 -2.6360 -2.7915 -2.9400
 -3.0823 -3.2191 -3.3509 -3.4783 -3.6017 -3.7215 -3.8381 -3.9516 -4.0621 -4.1699
 -4.2750
 -1.8165 -1.8489 -1.8830 -1.9183 -1.9536 -1.9875 -2.0182 -2.0443 -2.0664 -2.0872
 -2.1101 -2.1368 -2.1662 -2.1970 -2.2291 -2.3285 -2.4717 -2.6322 -2.7877 -2.9366
 -3.0791 -3.2160 -3.3477 -3.4750 -3.5981 -3.7175 -3.8337 -3.9466 -4.0565 -4.1636
 -4.2678
 -1.8266 -1.8524 -1.8820 -1.9141 -1.9488 -1.9846 -2.0205 -2.0551 -2.0877 -2.1184
 -2.1485 -2.1803 -2.2146 -2.2510 -2.3371 -2.3708 -2.4711 -2.6277 -2.7828
 [Fe/H] =  0.50 [alpha/Fe] = 0.00 BC value = F210M
 -1.4486 -1.3848 -1.3534 -1.3510 -1.3749 -1.4224 -1.4913 -1.5761 -1.6625 -1.7478
 -1.8310 -1.9121 -1.9905 -2.0662 -2.1390 -2.3092 -2.4674 -2.6206 -2.7743
 -1.5291 -1.4868 -1.4547 -1.4337 -1.4309 -1.4522 -1.5020 -1.5781 -1.6615 -1.7456
 -1.8285 -1.9097 -1.9887 -2.0653 -2.1393 -2.3135 -2.4748 -2.6285 -2.7804 -2.9311
 -1.6157 -1.5712 -1.5330 -1.5022 -1.4857 -1.4897 -1.5225 -1.5846 -1.6620 -1.7438
 -1.8258 -1.9068 -1.9859 -2.0630 -2.1377 -2.3148 -2.4790 -2.6339 -2.7844 -2.9328
 -3.0788
 -1.7005 -1.6606 -1.6193 -1.5822 -1.5548 -1.5436 -1.5564 -1.5996 -1.6665 -1.7436
 -1.8236 -1.9038 -1.9828 -2.0599 -2.1351 -2.3140 -2.4806 -2.6372 -2.7877 -2.9347
 -3.0790 -3.2201
 -1.7756 -1.7448 -1.7075 -1.6690 -1.6348 -1.6116 -1.6065 -1.6281 -1.6786 -1.7471
 -1.8233 -1.9016 -1.9798 -2.0567 -2.1320 -2.3119 -2.4804 -2.6387 -2.7897 -2.9361
 -3.0789 -3.2181 -3.3539 -3.4863
 -1.8331 -1.8176 -1.7903 -1.7563 -1.7210 -1.6907 -1.6719 -1.6733 -1.7029 -1.7576
 -1.8264 -1.9012 -1.9777 -2.0539 -2.1289 -2.3092 -2.4789 -2.6388 -2.7906 -2.9367
 -3.0786 -3.2165 -3.3506 -3.4812 -3.6085 -3.7329 -3.8547 -3.9735 -4.0880 -4.1972
 -1.8467 -1.8584 -1.8556 -1.8350 -1.8058 -1.7748 -1.7488 -1.7353 -1.7437 -1.7794
 -1.8361 -1.9044 -1.9776 -2.0521 -2.1263 -2.3064 -2.4768 -2.6378 -2.7906 -2.9368
 -3.0781 -3.2151 -3.3479 -3.4770 -3.6027 -3.7253 -3.8452 -3.9624 -4.0769 -4.1869
 -4.2921
 -1.8349 -1.8687 -1.8899 -1.8912 -1.8766 -1.8531 -1.8291 -1.8098 -1.8027 -1.8174
 -1.8568 -1.9142 -1.9811 -2.0523 -2.1248 -2.3037 -2.4743 -2.6361 -2.7898 -2.9364
 -3.0774 -3.2138 -3.3457 -3.4736 -3.5979 -3.7191 -3.8374 -3.9529 -4.0659 -4.1763
 -4.2825
 -1.8237 -1.8606 -1.8941 -1.9191 -1.9301 -1.9263 -1.9122 -1.8945 -1.8815 -1.8807
 -1.8994 -1.9389 -1.9940 -2.0583 -2.1270 -2.3028 -2.4734 -2.6359 -2.7904 -2.9377
 -3.0790 -3.2151 -3.3465 -3.4737 -3.5971 -3.7170 -3.8341 -3.9484 -4.0601 -4.1693
 -4.2757
 -1.8163 -1.8531 -1.8893 -1.9228 -1.9503 -1.9682 -1.9756 -1.9754 -1.9729 -1.9730
 -1.9811 -2.0014 -2.0348 -2.0804 -2.1364 -2.3007 -2.4698 -2.6324 -2.7876 -2.9354
 -3.0768 -3.2128 -3.3439 -3.4706 -3.5932 -3.7123 -3.8285 -3.9417 -4.0523 -4.1603
 -4.2658
 -1.8117 -1.8465 -1.8826 -1.9184 -1.9524 -1.9825 -2.0066 -2.0236 -2.0361 -2.0485
 -2.0645 -2.0863 -2.1138 -2.1465 -2.1848 -2.3086 -2.4663 -2.6281 -2.7835 -2.9319
 -3.0737 -3.2098 -3.3408 -3.4673 -3.5895 -3.7082 -3.8237 -3.9362 -4.0459 -4.1532
 -4.2578
 -1.8104 -1.8425 -1.8762 -1.9116 -1.9474 -1.9825 -2.0156 -2.0453 -2.0712 -2.0946
 -2.1187 -2.1463 -2.1784 -2.2136 -2.2722 -2.3265 -2.4629 -2.6230 -2.7781
 [Fe/H] =  0.75 [alpha/Fe] = 0.00 BC value = F210M
 -1.3900 -1.3544 -1.3433 -1.3541 -1.3845 -1.4328 -1.4971 -1.5759 -1.6649 -1.7521
 -1.8367 -1.9192 -1.9988 -2.0755 -2.1490 -2.3200 -2.4770 -2.6274 -2.7774
 -1.4689 -1.4283 -1.4007 -1.3869 -1.3942 -1.4270 -1.4879 -1.5727 -1.6601 -1.7466
 -1.8312 -1.9138 -1.9940 -2.0716 -2.1464 -2.3217 -2.4823 -2.6339 -2.7821 -2.9298
 -1.5574 -1.5129 -1.4753 -1.4494 -1.4404 -1.4545 -1.4991 -1.5724 -1.6563 -1.7415
 -1.8258 -1.9082 -1.9886 -2.0667 -2.1424 -2.3207 -2.4846 -2.6379 -2.7859 -2.9318
 -3.0762
 -1.6481 -1.6035 -1.5610 -1.5258 -1.5034 -1.4999 -1.5233 -1.5788 -1.6550 -1.7375
 -1.8206 -1.9027 -1.9831 -2.0615 -2.1376 -2.3179 -2.4845 -2.6400 -2.7884 -2.9333
 -3.0758 -3.2156
 -1.7326 -1.6940 -1.6521 -1.6123 -1.5799 -1.5615 -1.5644 -1.5972 -1.6592 -1.7358
 -1.8166 -1.8977 -1.9778 -2.0562 -2.1325 -2.3141 -2.4828 -2.6404 -2.7897 -2.9341
 -3.0753 -3.2134 -3.3483 -3.4800
 -1.8035 -1.7768 -1.7416 -1.7030 -1.6662 -1.6373 -1.6234 -1.6332 -1.6740 -1.7392
 -1.8150 -1.8940 -1.9731 -2.0511 -2.1275 -2.3099 -2.4800 -2.6394 -2.7899 -2.9344
 -3.0748 -3.2116 -3.3448 -3.4748 -3.6015 -3.7255 -3.8470 -3.9657 -4.0795 -4.1888
 -1.8465 -1.8411 -1.8216 -1.7907 -1.7555 -1.7225 -1.6977 -1.6887 -1.7055 -1.7519
 -1.8181 -1.8927 -1.9697 -2.0469 -2.1229 -2.3056 -2.4767 -2.6375 -2.7893 -2.9341
 -3.0740 -3.2099 -3.3419 -3.4704 -3.5955 -3.7175 -3.8370 -3.9541 -4.0684 -4.1782
 -4.2836
 -1.8419 -1.8680 -1.8730 -1.8602 -1.8365 -1.8083 -1.7810 -1.7611 -1.7577 -1.7804
 -1.8301 -1.8961 -1.9690 -2.0441 -2.1191 -2.3014 -2.4731 -2.6349 -2.7879 -2.9333
 -3.0731 -3.2084 -3.3395 -3.4668 -3.5905 -3.7110 -3.8288 -3.9440 -4.0570 -4.1673
 -4.2735
 -1.8279 -1.8633 -1.8918 -1.9065 -1.9026 -1.8845 -1.8611 -1.8411 -1.8294 -1.8325
 -1.8600 -1.9107 -1.9750 -2.0457 -2.1185 -2.2992 -2.4713 -2.6339 -2.7880 -2.9344
 -3.0745 -3.2097 -3.3402 -3.4667 -3.5894 -3.7087 -3.8251 -3.9390 -4.0504 -4.1596
 -4.2663
 -1.8193 -1.8559 -1.8908 -1.9207 -1.9406 -1.9470 -1.9415 -1.9294 -1.9170 -1.9114
 -1.9197 -1.9481 -1.9950 -2.0542 -2.1204 -2.2954 -2.4670 -2.6300 -2.7848 -2.9319
 -3.0724 -3.2074 -3.3376 -3.4635 -3.5854 -3.7038 -3.8191 -3.9318 -4.0420 -4.1499
 -4.2556
 -1.8131 -1.8491 -1.8852 -1.9200 -1.9511 -1.9754 -1.9903 -1.9967 -1.9989 -2.0017
 -2.0092 -2.0261 -2.0550 -2.0954 -2.1449 -2.2959 -2.4624 -2.6253 -2.7806 -2.9284
 -3.0694 -3.2046 -3.3347 -3.4603 -3.5818 -3.6995 -3.8141 -3.9259 -4.0351 -4.1421
 -4.2469
 -1.8084 -1.8426 -1.8780 -1.9139 -1.9491 -1.9819 -2.0104 -2.0330 -2.0502 -2.0651
 -2.0817 -2.1035 -2.1314 -2.1655 -2.1920 -2.3007 -2.4575 -2.6198 -2.7754
 [Fe/H] =  1.00 [alpha/Fe] = 0.00 BC value = F210M
 -1.3349 -1.3136 -1.3144 -1.3350 -1.3734 -1.4278 -1.4968 -1.5788 -1.6698 -1.7585
 -1.8447 -1.9281 -2.0087 -2.0863 -2.1607 -2.3325 -2.4887 -2.6369 -2.7827
 -1.4112 -1.3483 -1.3195 -1.3213 -1.3507 -1.4049 -1.4810 -1.5712 -1.6614 -1.7499
 -1.8361 -1.9198 -2.0010 -2.0796 -2.1553 -2.3316 -2.4919 -2.6418 -2.7871 -2.9317
 -1.5006 -1.4389 -1.4219 -1.4022 -1.4020 -1.4271 -1.4826 -1.5654 -1.6538 -1.7416
 -1.8276 -1.9114 -1.9931 -2.0723 -2.1488 -2.3284 -2.4923 -2.6444 -2.7900 -2.9333
 -3.0751
 -1.5963 -1.5483 -1.5060 -1.4743 -1.4581 -1.4635 -1.4981 -1.5643 -1.6478 -1.7341
 -1.8196 -1.9035 -1.9851 -2.0647 -2.1418 -2.3237 -2.4906 -2.6452 -2.7916 -2.9342
 -3.0743 -3.2124
 -1.6896 -1.6442 -1.5990 -1.5592 -1.5301 -1.5180 -1.5297 -1.5736 -1.6457 -1.7283
 -1.8125 -1.8959 -1.9774 -2.0571 -2.1346 -2.3181 -2.4873 -2.6443 -2.7921 -2.9344
 -3.0736 -3.2101 -3.3437 -3.4744
 -1.7721 -1.7359 -1.6941 -1.6520 -1.6151 -1.5892 -1.5812 -1.6000 -1.6519 -1.7259
 -1.8070 -1.8892 -1.9704 -2.0498 -2.1275 -2.3121 -2.4831 -2.6422 -2.7916 -2.9342
 -3.0727 -3.2080 -3.3402 -3.4691 -3.5949 -3.7182 -3.8393 -3.9570 -4.0702 -4.1794
 -1.8351 -1.8142 -1.7836 -1.7457 -1.7070 -1.6733 -1.6509 -1.6479 -1.6739 -1.7308
 -1.8048 -1.8842 -1.9642 -2.0432 -2.1207 -2.3060 -2.4784 -2.6392 -2.7901 -2.9335
 -3.0717 -3.2062 -3.3371 -3.4646 -3.5888 -3.7101 -3.8290 -3.9456 -4.0591 -4.1685
 -4.2739
 -1.8524 -1.8618 -1.8533 -1.8298 -1.7978 -1.7637 -1.7342 -1.7160 -1.7182 -1.7501
 -1.8095 -1.8826 -1.9599 -2.0378 -2.1147 -2.3002 -2.4734 -2.6355 -2.7879 -2.9323
 -3.0706 -3.2045 -3.3345 -3.4609 -3.5837 -3.7035 -3.8205 -3.9352 -4.0477 -4.1575
 -4.2633
 -1.8367 -1.8689 -1.8872 -1.8877 -1.8695 -1.8439 -1.8186 -1.7973 -1.7856 -1.7935
 -1.8298 -1.8898 -1.9610 -2.0361 -2.1118 -2.2965 -2.4704 -2.6335 -2.7873 -2.9328
 -3.0717 -3.2056 -3.3351 -3.4607 -3.5825 -3.7011 -3.8167 -3.9297 -4.0405 -4.1494
 -4.2558
 -1.8258 -1.8613 -1.8937 -1.9176 -1.9264 -1.9191 -1.9006 -1.8794 -1.8643 -1.8607
 -1.8741 -1.9124 -1.9702 -2.0378 -2.1096 -2.2911 -2.4652 -2.6290 -2.7836 -2.9301
 -3.0695 -3.2033 -3.3325 -3.4575 -3.5785 -3.6960 -3.8105 -3.9223 -4.0317 -4.1391
 -4.2446
 -1.8190 -1.8546 -1.8899 -1.9226 -1.9490 -1.9649 -1.9687 -1.9636 -1.9554 -1.9493
 -1.9515 -1.9685 -2.0050 -2.0574 -2.1190 -2.2880 -2.4597 -2.6238 -2.7792 -2.9265
 -3.0666 -3.2007 -3.3298 -3.4544 -3.5749 -3.6918 -3.8054 -3.9162 -4.0246 -4.1309
 -4.2352
 -1.8136 -1.8479 -1.8834 -1.9187 -1.9521 -1.9811 -2.0031 -2.0167 -2.0242 -2.0301
 -2.0385 -2.0530 -2.0770 -2.1126 -2.1400 -2.2872 -2.4539 -2.6179 -2.7741
