 [Fe/H] = -2.00 [alpha/Fe] =-0.40 BC value = F775W
 -2.1239 -2.1101 -2.2954 -2.2993 -2.2158 -2.0819 -1.9191 -1.8089 -1.7109 -1.6066
 -1.5058 -1.4090 -1.3179 -1.2361 -1.1660 -1.0192 -0.9704 -0.9825 -0.9705
 -2.1134 -2.0352 -1.9727 -1.9404 -1.9391 -1.9124 -1.8367 -1.7422 -1.6482 -1.5558
 -1.4655 -1.3797 -1.3009 -1.2310 -1.1707 -1.0601 -1.0000 -0.9785 -0.9799 -0.9941
 -1.9769 -1.9063 -1.8374 -1.7767 -1.7298 -1.7096 -1.7018 -1.6659 -1.5995 -1.5195
 -1.4396 -1.3621 -1.2904 -1.2266 -1.1716 -1.0709 -1.0156 -0.9969 -0.9997 -1.0137
 -1.0349
 -1.8530 -1.7990 -1.7393 -1.6794 -1.6239 -1.5755 -1.5397 -1.5231 -1.5060 -1.4679
 -1.4105 -1.3455 -1.2816 -1.2236 -1.1733 -1.0804 -1.0286 -1.0116 -1.0160 -1.0304
 -1.0507 -1.0760
 -1.7295 -1.6945 -1.6503 -1.6002 -1.5489 -1.5000 -1.4551 -1.4158 -1.3883 -1.3671
 -1.3435 -1.3085 -1.2641 -1.2163 -1.1714 -1.0862 -1.0373 -1.0221 -1.0282 -1.0442
 -1.0648 -1.0893 -1.1174 -1.1495
 -1.6058 -1.5854 -1.5581 -1.5224 -1.4813 -1.4381 -1.3962 -1.3563 -1.3190 -1.2861
 -1.2603 -1.2390 -1.2156 -1.1881 -1.1580 -1.0863 -1.0407 -1.0266 -1.0345 -1.0539
 -1.0765 -1.1016 -1.1294 -1.1598 -1.1935 -1.2309 -1.2721 -1.3175 -1.3669 -1.4204
 -1.4853 -1.4743 -1.4599 -1.4379 -1.4098 -1.3769 -1.3418 -1.3066 -1.2724 -1.2391
 -1.2083 -1.1820 -1.1606 -1.1418 -1.1230 -1.0764 -1.0380 -1.0235 -1.0339 -1.0575
 -1.0842 -1.1118 -1.1406 -1.1711 -1.2033 -1.2367 -1.2729 -1.3137 -1.3605 -1.4133
 -1.4683
 -1.3712 -1.3655 -1.3583 -1.3465 -1.3298 -1.3090 -1.2840 -1.2564 -1.2279 -1.1995
 -1.1717 -1.1456 -1.1224 -1.1031 -1.0868 -1.0535 -1.0279 -1.0162 -1.0269 -1.0537
 -1.0857 -1.1178 -1.1495 -1.1815 -1.2142 -1.2478 -1.2821 -1.3188 -1.3599 -1.4068
 -1.4605
 -1.2667 -1.2632 -1.2589 -1.2521 -1.2436 -1.2319 -1.2174 -1.1997 -1.1795 -1.1575
 -1.1351 -1.1134 -1.0929 -1.0745 -1.0584 -1.0286 -1.0110 -1.0050 -1.0154 -1.0438
 -1.0803 -1.1179 -1.1543 -1.1897 -1.2245 -1.2591 -1.2942 -1.3303 -1.3692 -1.4109
 -1.4553
 -1.1752 -1.1718 -1.1675 -1.1626 -1.1570 -1.1509 -1.1439 -1.1349 -1.1240 -1.1103
 -1.0950 -1.0790 -1.0633 -1.0485 -1.0348 -1.0078 -0.9930 -0.9906 -1.0019 -1.0294
 -1.0677 -1.1098 -1.1517 -1.1919 -1.2305 -1.2677 -1.3044 -1.3408 -1.3777 -1.4160
 -1.4565
 -1.0981 -1.0909 -1.0847 -1.0793 -1.0746 -1.0706 -1.0673 -1.0643 -1.0606 -1.0553
 -1.0480 -1.0391 -1.0294 -1.0195 -1.0100 -0.9895 -0.9766 -0.9762 -0.9888 -1.0146
 -1.0522 -1.0960 -1.1420 -1.1873 -1.2308 -1.2722 -1.3120 -1.3505 -1.3883 -1.4262
 -1.4651
 -1.0313 -1.0067 -0.9930 -0.9871 -0.9863 -0.9881 -0.9907 -0.9927 -0.9938 -0.9942
 -0.9937 -0.9923 -0.9894 -0.9855 -0.9809 -0.9701 -0.9618 -0.9624 -0.9758
 [Fe/H] = -1.50 [alpha/Fe] =-0.40 BC value = F775W
 -2.4119 -2.4132 -2.3782 -2.2623 -2.1203 -1.9821 -1.8636 -1.7628 -1.6693 -1.5796
 -1.4937 -1.4115 -1.3335 -1.2604 -1.1937 -1.0549 -0.9790 -0.9554 -0.9511
 -2.2184 -2.1440 -2.1189 -2.1195 -2.0516 -1.9375 -1.8223 -1.7228 -1.6338 -1.5497
 -1.4695 -1.3927 -1.3200 -1.2524 -1.1911 -1.0722 -1.0011 -0.9711 -0.9694 -0.9830
 -2.0982 -2.0119 -1.9372 -1.8871 -1.8791 -1.8601 -1.7848 -1.6916 -1.6062 -1.5276
 -1.4529 -1.3813 -1.3134 -1.2503 -1.1934 -1.0837 -1.0179 -0.9891 -0.9879 -1.0012
 -1.0226
 -1.9958 -1.9198 -1.8422 -1.7683 -1.7100 -1.6784 -1.6702 -1.6415 -1.5777 -1.5065
 -1.4377 -1.3713 -1.3080 -1.2491 -1.1958 -1.0935 -1.0317 -1.0039 -1.0026 -1.0162
 -1.0370 -1.0629
 -1.8956 -1.8353 -1.7680 -1.6991 -1.6345 -1.5769 -1.5323 -1.5060 -1.4935 -1.4643
 -1.4150 -1.3578 -1.3002 -1.2455 -1.1957 -1.0998 -1.0415 -1.0146 -1.0135 -1.0281
 -1.0495 -1.0748 -1.1039 -1.1378
 -1.7964 -1.7479 -1.6950 -1.6363 -1.5761 -1.5189 -1.4661 -1.4194 -1.3837 -1.3626
 -1.3453 -1.3188 -1.2807 -1.2358 -1.1910 -1.1015 -1.0466 -1.0206 -1.0199 -1.0362
 -1.0595 -1.0858 -1.1146 -1.1462 -1.1804 -1.2180 -1.2600 -1.3070 -1.3590 -1.4135
 -1.6922 -1.6554 -1.6154 -1.5703 -1.5201 -1.4686 -1.4190 -1.3723 -1.3292 -1.2918
 -1.2625 -1.2418 -1.2230 -1.2002 -1.1723 -1.0979 -1.0467 -1.0218 -1.0212 -1.0392
 -1.0657 -1.0946 -1.1246 -1.1563 -1.1898 -1.2252 -1.2635 -1.3057 -1.3527 -1.4048
 -1.4617
 -1.5920 -1.5593 -1.5302 -1.4958 -1.4582 -1.4163 -1.3732 -1.3310 -1.2907 -1.2525
 -1.2174 -1.1870 -1.1630 -1.1445 -1.1277 -1.0834 -1.0416 -1.0183 -1.0176 -1.0366
 -1.0667 -1.0994 -1.1323 -1.1656 -1.1995 -1.2335 -1.2689 -1.3076 -1.3507 -1.3992
 -1.4538
 -1.5015 -1.4677 -1.4418 -1.4151 -1.3863 -1.3556 -1.3220 -1.2865 -1.2516 -1.2175
 -1.1848 -1.1540 -1.1263 -1.1033 -1.0852 -1.0531 -1.0279 -1.0103 -1.0100 -1.0290
 -1.0616 -1.0990 -1.1364 -1.1728 -1.2088 -1.2448 -1.2814 -1.3201 -1.3609 -1.4037
 -1.4481
 -1.4272 -1.3887 -1.3596 -1.3333 -1.3104 -1.2868 -1.2625 -1.2363 -1.2085 -1.1802
 -1.1525 -1.1258 -1.1003 -1.0771 -1.0573 -1.0244 -1.0065 -0.9973 -0.9992 -1.0173
 -1.0504 -1.0911 -1.1333 -1.1744 -1.2140 -1.2525 -1.2905 -1.3284 -1.3668 -1.4066
 -1.4486
 -1.3783 -1.3240 -1.2861 -1.2566 -1.2355 -1.2148 -1.1957 -1.1771 -1.1577 -1.1366
 -1.1150 -1.0937 -1.0730 -1.0533 -1.0352 -1.0019 -0.9852 -0.9807 -0.9863 -1.0041
 -1.0360 -1.0778 -1.1235 -1.1695 -1.2138 -1.2563 -1.2973 -1.3372 -1.3764 -1.4158
 -1.4560
 -1.3521 -1.2736 -1.2212 -1.1864 -1.1626 -1.1441 -1.1279 -1.1128 -1.0990 -1.0853
 -1.0707 -1.0555 -1.0404 -1.0257 -1.0116 -0.9830 -0.9670 -0.9638 -0.9721
 [Fe/H] = -1.00 [alpha/Fe] =-0.40 BC value = F775W
 -2.6031 -2.5336 -2.3737 -2.2045 -2.0432 -1.9070 -1.8059 -1.7180 -1.6342 -1.5541
 -1.4788 -1.4073 -1.3394 -1.2747 -1.2137 -1.0830 -0.9916 -0.9438 -0.9341
 -2.3249 -2.3198 -2.2978 -2.1728 -2.0264 -1.8904 -1.7799 -1.6909 -1.6088 -1.5324
 -1.4609 -1.3933 -1.3290 -1.2680 -1.2106 -1.0896 -1.0074 -0.9647 -0.9552 -0.9665
 -2.1999 -2.1069 -2.0694 -2.0730 -1.9984 -1.8781 -1.7633 -1.6693 -1.5892 -1.5157
 -1.4479 -1.3840 -1.3232 -1.2655 -1.2113 -1.0978 -1.0218 -0.9820 -0.9723 -0.9830
 -1.0045
 -2.1186 -2.0163 -1.9256 -1.8650 -1.8517 -1.8309 -1.7485 -1.6534 -1.5717 -1.5005
 -1.4359 -1.3754 -1.3179 -1.2634 -1.2122 -1.1048 -1.0334 -0.9958 -0.9860 -0.9961
 -1.0171 -1.0439
 -2.0427 -1.9511 -1.8583 -1.7733 -1.7051 -1.6640 -1.6519 -1.6210 -1.5543 -1.4847
 -1.4226 -1.3653 -1.3111 -1.2596 -1.2111 -1.1094 -1.0419 -1.0061 -0.9964 -1.0063
 -1.0275 -1.0540 -1.0843 -1.1181
 -1.9648 -1.8861 -1.8039 -1.7212 -1.6433 -1.5761 -1.5248 -1.4938 -1.4794 -1.4516
 -1.4036 -1.3519 -1.3013 -1.2529 -1.2073 -1.1109 -1.0468 -1.0128 -1.0034 -1.0134
 -1.0355 -1.0629 -1.0931 -1.1262 -1.1620 -1.2014 -1.2453 -1.2946 -1.3484 -1.4025
 -1.8849 -1.8165 -1.7462 -1.6738 -1.6010 -1.5324 -1.4710 -1.4185 -1.3781 -1.3532
 -1.3370 -1.3145 -1.2813 -1.2411 -1.1996 -1.1090 -1.0482 -1.0159 -1.0069 -1.0170
 -1.0403 -1.0696 -1.1011 -1.1343 -1.1696 -1.2067 -1.2467 -1.2910 -1.3406 -1.3951
 -1.4507
 -1.8083 -1.7431 -1.6819 -1.6205 -1.5578 -1.4948 -1.4348 -1.3800 -1.3317 -1.2907
 -1.2590 -1.2372 -1.2205 -1.2018 -1.1775 -1.1031 -1.0460 -1.0153 -1.0067 -1.0168
 -1.0411 -1.0729 -1.1069 -1.1417 -1.1774 -1.2144 -1.2526 -1.2932 -1.3378 -1.3874
 -1.4428
 -1.7419 -1.6716 -1.6129 -1.5589 -1.5059 -1.4525 -1.3989 -1.3473 -1.2997 -1.2565
 -1.2184 -1.1862 -1.1607 -1.1414 -1.1257 -1.0842 -1.0389 -1.0107 -1.0027 -1.0126
 -1.0375 -1.0718 -1.1094 -1.1473 -1.1850 -1.2229 -1.2617 -1.3025 -1.3454 -1.3902
 -1.4365
 -1.6936 -1.6132 -1.5479 -1.4949 -1.4476 -1.4026 -1.3579 -1.3130 -1.2695 -1.2287
 -1.1912 -1.1574 -1.1276 -1.1023 -1.0819 -1.0484 -1.0230 -1.0023 -0.9954 -1.0047
 -1.0289 -1.0647 -1.1057 -1.1477 -1.1888 -1.2291 -1.2692 -1.3092 -1.3498 -1.3918
 -1.4362
 -1.6741 -1.5695 -1.4944 -1.4356 -1.3873 -1.3460 -1.3081 -1.2711 -1.2344 -1.1984
 -1.1643 -1.1327 -1.1037 -1.0777 -1.0550 -1.0163 -0.9973 -0.9872 -0.9847 -0.9941
 -1.0173 -1.0529 -1.0963 -1.1423 -1.1877 -1.2317 -1.2746 -1.3165 -1.3578 -1.3993
 -1.4415
 -1.6883 -1.5542 -1.4594 -1.3889 -1.3339 -1.2898 -1.2532 -1.2212 -1.1913 -1.1617
 -1.1327 -1.1051 -1.0794 -1.0557 -1.0343 -0.9936 -0.9733 -0.9672 -0.9702
 [Fe/H] = -0.75 [alpha/Fe] =-0.40 BC value = F775W
 -2.6624 -2.5253 -2.3387 -2.1678 -2.0115 -1.8787 -1.7790 -1.6961 -1.6191 -1.5419
 -1.4703 -1.4027 -1.3387 -1.2781 -1.2208 -1.0942 -0.9994 -0.9438 -0.9265
 -2.4075 -2.4186 -2.3122 -2.1505 -1.9994 -1.8642 -1.7585 -1.6730 -1.5961 -1.5221
 -1.4539 -1.3898 -1.3290 -1.2714 -1.2169 -1.0984 -1.0123 -0.9629 -0.9475 -0.9562
 -2.2390 -2.1686 -2.1771 -2.1215 -1.9893 -1.8587 -1.7447 -1.6546 -1.5780 -1.5065
 -1.4415 -1.3806 -1.3230 -1.2684 -1.2166 -1.1044 -1.0243 -0.9788 -0.9641 -0.9718
 -0.9929
 -2.1643 -2.0516 -1.9695 -1.9471 -1.9368 -1.8475 -1.7375 -1.6402 -1.5619 -1.4923
 -1.4298 -1.3720 -1.3174 -1.2656 -1.2165 -1.1099 -1.0342 -0.9916 -0.9773 -0.9843
 -1.0046 -1.0318
 -2.1020 -1.9931 -1.8897 -1.8054 -1.7542 -1.7418 -1.7096 -1.6299 -1.5476 -1.4784
 -1.4173 -1.3621 -1.3103 -1.2613 -1.2148 -1.1135 -1.0415 -1.0011 -0.9874 -0.9940
 -1.0140 -1.0409 -1.0718 -1.1065
 -2.0393 -1.9407 -1.8429 -1.7496 -1.6690 -1.6069 -1.5702 -1.5546 -1.5219 -1.4626
 -1.4032 -1.3502 -1.3010 -1.2547 -1.2107 -1.1146 -1.0461 -1.0076 -0.9946 -1.0009
 -1.0211 -1.0485 -1.0794 -1.1132 -1.1503 -1.1913 -1.2367 -1.2863 -1.3397 -1.3950
 -1.9748 -1.8853 -1.7972 -1.7106 -1.6278 -1.5538 -1.4916 -1.4440 -1.4146 -1.3976
 -1.3718 -1.3319 -1.2881 -1.2450 -1.2037 -1.1129 -1.0477 -1.0111 -0.9985 -1.0050
 -1.0254 -1.0540 -1.0860 -1.1201 -1.1563 -1.1952 -1.2370 -1.2825 -1.3324 -1.3874
 -1.4428
 -1.9137 -1.8262 -1.7462 -1.6688 -1.5932 -1.5207 -1.4544 -1.3968 -1.3489 -1.3118
 -1.2873 -1.2702 -1.2505 -1.2238 -1.1912 -1.1078 -1.0462 -1.0113 -0.9994 -1.0056
 -1.0263 -1.0563 -1.0905 -1.1261 -1.1629 -1.2011 -1.2407 -1.2828 -1.3287 -1.3793
 -1.4351
 -1.8633 -1.7691 -1.6902 -1.6196 -1.5524 -1.4873 -1.4246 -1.3665 -1.3149 -1.2702
 -1.2330 -1.2039 -1.1827 -1.1665 -1.1501 -1.0964 -1.0406 -1.0080 -0.9967 -1.0029
 -1.0237 -1.0552 -1.0921 -1.1306 -1.1693 -1.2084 -1.2485 -1.2897 -1.3327 -1.3790
 -1.4285
 -1.8314 -1.7247 -1.6389 -1.5678 -1.5059 -1.4482 -1.3928 -1.3392 -1.2892 -1.2439
 -1.2038 -1.1692 -1.1401 -1.1168 -1.0986 -1.0646 -1.0300 -1.0014 -0.9908 -0.9966
 -1.0169 -1.0489 -1.0883 -1.1303 -1.1722 -1.2136 -1.2549 -1.2963 -1.3383 -1.3816
 -1.4273
 -1.8275 -1.6980 -1.6000 -1.5213 -1.4566 -1.4024 -1.3532 -1.3065 -1.2616 -1.2191
 -1.1801 -1.1452 -1.1144 -1.0877 -1.0651 -1.0270 -1.0052 -0.9894 -0.9817 -0.9875
 -1.0069 -1.0386 -1.0795 -1.1247 -1.1705 -1.2154 -1.2593 -1.3024 -1.3451 -1.3880
 -1.4313
 -1.8612 -1.6977 -1.5796 -1.4879 -1.4144 -1.3558 -1.3080 -1.2660 -1.2272 -1.1899
 -1.1546 -1.1219 -1.0924 -1.0660 -1.0427 -0.9997 -0.9779 -0.9693 -0.9686
 [Fe/H] = -0.50 [alpha/Fe] =-0.40 BC value = F775W
 -2.6840 -2.4922 -2.2985 -2.1333 -1.9901 -1.8617 -1.7621 -1.6781 -1.6044 -1.5302
 -1.4615 -1.3970 -1.3361 -1.2787 -1.2246 -1.1035 -1.0082 -0.9477 -0.9195
 -2.5168 -2.4599 -2.2941 -2.1215 -1.9745 -1.8464 -1.7434 -1.6589 -1.5830 -1.5117
 -1.4460 -1.3845 -1.3266 -1.2719 -1.2201 -1.1056 -1.0177 -0.9622 -0.9403 -0.9450
 -2.2805 -2.2692 -2.2515 -2.1177 -1.9674 -1.8379 -1.7294 -1.6419 -1.5662 -1.4966
 -1.4337 -1.3752 -1.3202 -1.2682 -1.2189 -1.1098 -1.0271 -0.9762 -0.9560 -0.9599
 -0.9797
 -2.1976 -2.0855 -2.0411 -2.0458 -1.9599 -1.8339 -1.7211 -1.6275 -1.5509 -1.4828
 -1.4221 -1.3663 -1.3141 -1.2648 -1.2180 -1.1139 -1.0351 -0.9874 -0.9685 -0.9718
 -0.9905 -1.0179
 -2.1480 -2.0234 -1.9169 -1.8497 -1.8359 -1.8078 -1.7154 -1.6184 -1.5370 -1.4698
 -1.4098 -1.3564 -1.3068 -1.2601 -1.2157 -1.1167 -1.0414 -0.9960 -0.9781 -0.9812
 -0.9991 -1.0258 -1.0573 -1.0929
 -2.1017 -1.9826 -1.8706 -1.7719 -1.6969 -1.6540 -1.6387 -1.5996 -1.5267 -1.4563
 -1.3969 -1.3448 -1.2975 -1.2532 -1.2112 -1.1174 -1.0455 -1.0021 -0.9851 -0.9880
 -1.0055 -1.0322 -1.0635 -1.0981 -1.1361 -1.1780 -1.2246 -1.2762 -1.3316 -1.3861
 -2.0552 -1.9425 -1.8360 -1.7361 -1.6471 -1.5731 -1.5176 -1.4839 -1.4650 -1.4329
 -1.3816 -1.3312 -1.2859 -1.2438 -1.2041 -1.1155 -1.0472 -1.0057 -0.9892 -0.9922
 -1.0095 -1.0366 -1.0687 -1.1035 -1.1408 -1.1809 -1.2240 -1.2709 -1.3225 -1.3782
 -1.4338
 -2.0124 -1.9002 -1.7995 -1.7057 -1.6184 -1.5385 -1.4697 -1.4133 -1.3704 -1.3420
 -1.3232 -1.2997 -1.2671 -1.2306 -1.1941 -1.1108 -1.0461 -1.0065 -0.9906 -0.9934
 -1.0107 -1.0383 -1.0720 -1.1082 -1.1459 -1.1853 -1.2271 -1.2711 -1.3181 -1.3694
 -1.4258
 -1.9810 -1.8616 -1.7589 -1.6699 -1.5882 -1.5122 -1.4422 -1.3801 -1.3274 -1.2840
 -1.2503 -1.2266 -1.2089 -1.1913 -1.1700 -1.1018 -1.0413 -1.0039 -0.9888 -0.9917
 -1.0089 -1.0373 -1.0728 -1.1114 -1.1510 -1.1913 -1.2327 -1.2755 -1.3201 -1.3674
 -1.4188
 -1.9684 -1.8335 -1.7238 -1.6327 -1.5545 -1.4838 -1.4182 -1.3574 -1.3027 -1.2550
 -1.2144 -1.1809 -1.1543 -1.1341 -1.1183 -1.0802 -1.0335 -0.9986 -0.9842 -0.9868
 -1.0036 -1.0321 -1.0690 -1.1104 -1.1528 -1.1952 -1.2377 -1.2806 -1.3242 -1.3691
 -1.4164
 -1.9825 -1.8248 -1.7013 -1.6006 -1.5186 -1.4501 -1.3891 -1.3329 -1.2809 -1.2333
 -1.1912 -1.1548 -1.1236 -1.0976 -1.0764 -1.0406 -1.0139 -0.9894 -0.9766 -0.9792
 -0.9954 -1.0235 -1.0612 -1.1048 -1.1505 -1.1960 -1.2410 -1.2854 -1.3295 -1.3740
 -1.4187
 -2.0336 -1.8415 -1.6974 -1.5825 -1.4896 -1.4154 -1.3549 -1.3024 -1.2549 -1.2107
 -1.1701 -1.1338 -1.1018 -1.0741 -1.0504 -1.0076 -0.9846 -0.9716 -0.9655
 [Fe/H] = -0.25 [alpha/Fe] =-0.40 BC value = F775W
 -2.6613 -2.4456 -2.2544 -2.0992 -1.9660 -1.8461 -1.7496 -1.6630 -1.5891 -1.5192
 -1.4528 -1.3903 -1.3318 -1.2770 -1.2254 -1.1099 -1.0164 -0.9497 -0.9154
 -2.5064 -2.4546 -2.2625 -2.0907 -1.9488 -1.8282 -1.7300 -1.6454 -1.5704 -1.5013
 -1.4375 -1.3780 -1.3222 -1.2698 -1.2203 -1.1103 -1.0227 -0.9626 -0.9339 -0.9333
 -2.3533 -2.3716 -2.2632 -2.0960 -1.9439 -1.8164 -1.7144 -1.6288 -1.5545 -1.4863
 -1.4251 -1.3685 -1.3155 -1.2656 -1.2183 -1.1130 -1.0296 -0.9740 -0.9482 -0.9476
 -0.9651
 -2.2238 -2.1369 -2.1473 -2.0865 -1.9474 -1.8146 -1.7041 -1.6148 -1.5398 -1.4727
 -1.4133 -1.3593 -1.3089 -1.2616 -1.2167 -1.1161 -1.0361 -0.9835 -0.9596 -0.9589
 -0.9751 -1.0020
 -2.1807 -2.0458 -1.9517 -1.9291 -1.9149 -1.8144 -1.7010 -1.6043 -1.5263 -1.4601
 -1.4011 -1.3491 -1.3012 -1.2564 -1.2139 -1.1183 -1.0414 -0.9911 -0.9684 -0.9678
 -0.9830 -1.0088 -1.0408 -1.0771
 -2.1503 -2.0114 -1.8901 -1.7956 -1.7427 -1.7297 -1.6874 -1.5997 -1.5158 -1.4472
 -1.3886 -1.3376 -1.2917 -1.2492 -1.2090 -1.1186 -1.0452 -0.9968 -0.9750 -0.9744
 -0.9890 -1.0141 -1.0456 -1.0810 -1.1199 -1.1631 -1.2111 -1.2642 -1.3205 -1.3756
 -2.1226 -1.9856 -1.8625 -1.7542 -1.6641 -1.5988 -1.5615 -1.5416 -1.5006 -1.4358
 -1.3758 -1.3247 -1.2802 -1.2397 -1.2018 -1.1165 -1.0468 -1.0004 -0.9792 -0.9786
 -0.9929 -1.0177 -1.0495 -1.0848 -1.1230 -1.1642 -1.2088 -1.2574 -1.3106 -1.3672
 -1.4230
 -2.1021 -1.9612 -1.8394 -1.7313 -1.6348 -1.5522 -1.4857 -1.4363 -1.4044 -1.3827
 -1.3525 -1.3094 -1.2666 -1.2279 -1.1920 -1.1117 -1.0458 -1.0016 -0.9810 -0.9803
 -0.9943 -1.0193 -1.0517 -1.0880 -1.1266 -1.1671 -1.2102 -1.2559 -1.3048 -1.3576
 -1.4147
 -2.0919 -1.9408 -1.8154 -1.7081 -1.6133 -1.5287 -1.4543 -1.3917 -1.3411 -1.3022
 -1.2747 -1.2548 -1.2332 -1.2068 -1.1771 -1.1031 -1.0413 -0.9994 -0.9799 -0.9793
 -0.9934 -1.0187 -1.0521 -1.0901 -1.1302 -1.1714 -1.2142 -1.2584 -1.3046 -1.3540
 -1.4070
 -2.1014 -1.9343 -1.7983 -1.6864 -1.5919 -1.5093 -1.4353 -1.3694 -1.3125 -1.2648
 -1.2257 -1.1949 -1.1720 -1.1543 -1.1382 -1.0898 -1.0346 -0.9951 -0.9763 -0.9755
 -0.9892 -1.0146 -1.0487 -1.0886 -1.1309 -1.1740 -1.2176 -1.2619 -1.3073 -1.3542
 -1.4033
 -2.1372 -1.9460 -1.7943 -1.6708 -1.5705 -1.4874 -1.4155 -1.3512 -1.2937 -1.2431
 -1.1996 -1.1631 -1.1330 -1.1087 -1.0897 -1.0555 -1.0213 -0.9875 -0.9700 -0.9692
 -0.9824 -1.0075 -1.0420 -1.0833 -1.1281 -1.1738 -1.2196 -1.2652 -1.3109 -1.3572
 -1.4036
 -2.2070 -1.9823 -1.8087 -1.6692 -1.5563 -1.4660 -1.3926 -1.3300 -1.2747 -1.2249
 -1.1807 -1.1422 -1.1092 -1.0814 -1.0581 -1.0176 -0.9930 -0.9738 -0.9607
 [Fe/H] =  0.00 [alpha/Fe] =-0.40 BC value = F775W
 -2.6162 -2.4010 -2.2198 -2.0744 -1.9428 -1.8266 -1.7351 -1.6530 -1.5770 -1.5085
 -1.4441 -1.3831 -1.3262 -1.2730 -1.2234 -1.1127 -1.0254 -0.9599 -0.9131
 -2.5683 -2.4263 -2.2294 -2.0639 -1.9283 -1.8101 -1.7171 -1.6340 -1.5586 -1.4912
 -1.4288 -1.3707 -1.3164 -1.2657 -1.2178 -1.1118 -1.0258 -0.9633 -0.9285 -0.9217
 -2.4615 -2.4147 -2.2466 -2.0702 -1.9222 -1.7993 -1.6998 -1.6170 -1.5437 -1.4761
 -1.4163 -1.3609 -1.3093 -1.2609 -1.2153 -1.1136 -1.0310 -0.9722 -0.9408 -0.9353
 -0.9495
 -2.3120 -2.2316 -2.2187 -2.0809 -1.9268 -1.7962 -1.6890 -1.6024 -1.5290 -1.4625
 -1.4043 -1.3514 -1.3024 -1.2565 -1.2132 -1.1160 -1.0363 -0.9800 -0.9507 -0.9457
 -0.9588 -0.9845
 -2.1998 -2.0687 -2.0171 -2.0238 -1.9298 -1.7991 -1.6848 -1.5914 -1.5154 -1.4503
 -1.3920 -1.3411 -1.2944 -1.2509 -1.2100 -1.1178 -1.0410 -0.9866 -0.9586 -0.9538
 -0.9660 -0.9903 -1.0224 -1.0592
 -2.1806 -2.0292 -1.9077 -1.8344 -1.8224 -1.7862 -1.6852 -1.5861 -1.5041 -1.4376
 -1.3796 -1.3294 -1.2847 -1.2435 -1.2049 -1.1178 -1.0445 -0.9919 -0.9647 -0.9600
 -0.9716 -0.9948 -1.0260 -1.0620 -1.1020 -1.1460 -1.1953 -1.2502 -1.3074 -1.3632
 -2.1720 -2.0142 -1.8790 -1.7677 -1.6868 -1.6444 -1.6268 -1.5773 -1.4981 -1.4260
 -1.3675 -1.3168 -1.2732 -1.2338 -1.1974 -1.1155 -1.0462 -0.9955 -0.9690 -0.9641
 -0.9754 -0.9980 -1.0287 -1.0644 -1.1033 -1.1456 -1.1918 -1.2421 -1.2966 -1.3541
 -1.4105
 -2.1734 -2.0071 -1.8664 -1.7469 -1.6463 -1.5663 -1.5094 -1.4751 -1.4512 -1.4112
 -1.3550 -1.3040 -1.2601 -1.2222 -1.1874 -1.1104 -1.0453 -0.9970 -0.9712 -0.9662
 -0.9771 -0.9996 -1.0303 -1.0663 -1.1053 -1.1467 -1.1910 -1.2380 -1.2887 -1.3436
 -1.4016
 -2.1833 -2.0073 -1.8585 -1.7343 -1.6289 -1.5391 -1.4643 -1.4052 -1.3610 -1.3303
 -1.3065 -1.2785 -1.2428 -1.2070 -1.1741 -1.1018 -1.0408 -0.9954 -0.9708 -0.9660
 -0.9769 -0.9995 -1.0306 -1.0674 -1.1074 -1.1493 -1.1931 -1.2390 -1.2870 -1.3380
 -1.3930
 -2.2180 -2.0229 -1.8605 -1.7276 -1.6180 -1.5254 -1.4458 -1.3778 -1.3216 -1.2761
 -1.2406 -1.2141 -1.1935 -1.1735 -1.1517 -1.0910 -1.0343 -0.9916 -0.9681 -0.9633
 -0.9739 -0.9964 -1.0278 -1.0656 -1.1071 -1.1503 -1.1948 -1.2404 -1.2874 -1.3362
 -1.3873
 -2.2717 -2.0559 -1.8764 -1.7295 -1.6107 -1.5140 -1.4327 -1.3625 -1.3019 -1.2503
 -1.2073 -1.1722 -1.1441 -1.1222 -1.1048 -1.0674 -1.0242 -0.9849 -0.9627 -0.9581
 -0.9683 -0.9906 -1.0222 -1.0607 -1.1038 -1.1491 -1.1953 -1.2419 -1.2892 -1.3373
 -1.3859
 -2.3444 -2.1064 -1.9074 -1.7454 -1.6123 -1.5058 -1.4202 -1.3488 -1.2875 -1.2340
 -1.1878 -1.1486 -1.1158 -1.0887 -1.0334 -1.0310 -1.0105 -0.9753 -0.9546
 [Fe/H] =  0.25 [alpha/Fe] =-0.40 BC value = F775W
 -2.5700 -2.3575 -2.1861 -2.0518 -1.9218 -1.8108 -1.7183 -1.6392 -1.5645 -1.4983
 -1.4349 -1.3751 -1.3192 -1.2674 -1.2192 -1.1121 -1.0266 -0.9608 -0.9119
 -2.6038 -2.3886 -2.1953 -2.0375 -1.9091 -1.7949 -1.7009 -1.6214 -1.5464 -1.4810
 -1.4198 -1.3626 -1.3094 -1.2598 -1.2132 -1.1103 -1.0265 -0.9633 -0.9240 -0.9107
 -2.4458 -2.4136 -2.2131 -2.0441 -1.9029 -1.7841 -1.6860 -1.6052 -1.5325 -1.4660
 -1.4071 -1.3526 -1.3020 -1.2547 -1.2103 -1.1114 -1.0304 -0.9700 -0.9340 -0.9230
 -0.9332
 -2.3110 -2.3338 -2.2314 -2.0612 -1.9058 -1.7802 -1.6756 -1.5907 -1.5186 -1.4524
 -1.3951 -1.3429 -1.2948 -1.2500 -1.2078 -1.1135 -1.0349 -0.9764 -0.9423 -0.9323
 -0.9418 -0.9654
 -2.2146 -2.1094 -2.1195 -2.0600 -1.9173 -1.7813 -1.6698 -1.5792 -1.5051 -1.4407
 -1.3827 -1.3325 -1.2866 -1.2442 -1.2044 -1.1150 -1.0393 -0.9823 -0.9492 -0.9395
 -0.9484 -0.9706 -1.0022 -1.0401
 -2.1986 -2.0420 -1.9344 -1.9100 -1.8947 -1.7873 -1.6704 -1.5727 -1.4933 -1.4280
 -1.3705 -1.3208 -1.2768 -1.2366 -1.1991 -1.1149 -1.0428 -0.9874 -0.9548 -0.9452
 -0.9535 -0.9746 -1.0049 -1.0413 -1.0817 -1.1271 -1.1783 -1.2341 -1.2921 -1.3489
 -2.2038 -2.0304 -1.8900 -1.7849 -1.7296 -1.7174 -1.6655 -1.5716 -1.4860 -1.4161
 -1.3585 -1.3082 -1.2652 -1.2268 -1.1914 -1.1124 -1.0445 -0.9912 -0.9591 -0.9492
 -0.9572 -0.9776 -1.0069 -1.0425 -1.0820 -1.1247 -1.1716 -1.2235 -1.2804 -1.3388
 -1.3960
 -2.2248 -2.0362 -1.8819 -1.7567 -1.6576 -1.5890 -1.5525 -1.5289 -1.4782 -1.4081
 -1.3464 -1.2960 -1.2523 -1.2149 -1.1812 -1.1072 -1.0437 -0.9931 -0.9619 -0.9517
 -0.9592 -0.9792 -1.0081 -1.0434 -1.0825 -1.1244 -1.1698 -1.2189 -1.2714 -1.3273
 -1.3863
 -2.2613 -2.0555 -1.8862 -1.7498 -1.6383 -1.5475 -1.4771 -1.4269 -1.3941 -1.3670
 -1.3294 -1.2812 -1.2381 -1.2005 -1.1680 -1.0983 -1.0392 -0.9918 -0.9621 -0.9522
 -0.9595 -0.9795 -1.0084 -1.0438 -1.0833 -1.1253 -1.1698 -1.2168 -1.2664 -1.3194
 -1.3765
 -2.3230 -2.0939 -1.9058 -1.7548 -1.6340 -1.5351 -1.4530 -1.3860 -1.3333 -1.2930
 -1.2629 -1.2383 -1.2123 -1.1825 -1.1527 -1.0877 -1.0327 -0.9885 -0.9604 -0.9507
 -0.9575 -0.9772 -1.0062 -1.0418 -1.0820 -1.1248 -1.1697 -1.2163 -1.2647 -1.3155
 -1.3686
 -2.4080 -2.1533 -1.9430 -1.7728 -1.6380 -1.5309 -1.4432 -1.3697 -1.3083 -1.2577
 -1.2167 -1.1842 -1.1587 -1.1381 -1.1190 -1.0719 -1.0231 -0.9822 -0.9559 -0.9466
 -0.9531 -0.9725 -1.0014 -1.0374 -1.0784 -1.1225 -1.1686 -1.2160 -1.2644 -1.3142
 -1.3653
 -2.5161 -2.2338 -1.9921 -1.8079 -1.6546 -1.5338 -1.4384 -1.3607 -1.2955 -1.2401
 -1.1935 -1.1548 -1.1230 -1.0973 -1.0669 -1.0509 -1.0104 -0.9729 -0.9486
 [Fe/H] =  0.50 [alpha/Fe] =-0.40 BC value = F775W
 -2.5049 -2.3152 -2.1581 -2.0304 -1.8998 -1.7934 -1.7048 -1.6260 -1.5543 -1.4878
 -1.4251 -1.3662 -1.3111 -1.2599 -1.2124 -1.1083 -1.0221 -0.9567 -0.9106
 -2.5722 -2.3476 -2.1635 -2.0159 -1.8902 -1.7789 -1.6876 -1.6099 -1.5358 -1.4709
 -1.4103 -1.3538 -1.3013 -1.2523 -1.2066 -1.1059 -1.0241 -0.9613 -0.9194 -0.9010
 -2.5779 -2.3892 -2.1887 -2.0196 -1.8872 -1.7694 -1.6730 -1.5939 -1.5207 -1.4559
 -1.3978 -1.3438 -1.2938 -1.2472 -1.2035 -1.1067 -1.0272 -0.9664 -0.9272 -0.9110
 -0.9166
 -2.3520 -2.3822 -2.2178 -2.0380 -1.8864 -1.7653 -1.6625 -1.5795 -1.5086 -1.4422
 -1.3857 -1.3341 -1.2865 -1.2423 -1.2010 -1.1086 -1.0314 -0.9720 -0.9340 -0.9189
 -0.9242 -0.9454
 -2.2334 -2.1949 -2.1911 -2.0563 -1.8989 -1.7648 -1.6572 -1.5680 -1.4951 -1.4311
 -1.3734 -1.3237 -1.2783 -1.2365 -1.1974 -1.1100 -1.0358 -0.9775 -0.9404 -0.9253
 -0.9303 -0.9500 -0.9804 -1.0184
 -2.2078 -2.0567 -1.9910 -2.0011 -1.9072 -1.7732 -1.6556 -1.5604 -1.4832 -1.4188
 -1.3612 -1.3120 -1.2685 -1.2288 -1.1920 -1.1099 -1.0394 -0.9827 -0.9456 -0.9306
 -0.9350 -0.9537 -0.9826 -1.0189 -1.0603 -1.1060 -1.1579 -1.2160 -1.2746 -1.3325
 -2.2192 -2.0389 -1.9008 -1.8175 -1.8061 -1.7664 -1.6604 -1.5582 -1.4749 -1.4064
 -1.3498 -1.2995 -1.2569 -1.2190 -1.1842 -1.1074 -1.0412 -0.9867 -0.9501 -0.9347
 -0.9386 -0.9565 -0.9844 -1.0193 -1.0591 -1.1028 -1.1506 -1.2034 -1.2620 -1.3211
 -1.3795
 -2.2573 -2.0513 -1.8902 -1.7646 -1.6758 -1.6327 -1.6142 -1.5555 -1.4715 -1.3976
 -1.3374 -1.2876 -1.2440 -1.2070 -1.1739 -1.1021 -1.0405 -0.9891 -0.9535 -0.9377
 -0.9408 -0.9582 -0.9854 -1.0196 -1.0584 -1.1007 -1.1464 -1.1956 -1.2497 -1.3086
 -1.3684
 -2.3126 -2.0845 -1.9011 -1.7580 -1.6447 -1.5579 -1.4990 -1.4650 -1.4364 -1.3874
 -1.3263 -1.2735 -1.2303 -1.1927 -1.1606 -1.0930 -1.0360 -0.9882 -0.9544 -0.9388
 -0.9416 -0.9586 -0.9856 -1.0196 -1.0582 -1.1001 -1.1449 -1.1925 -1.2436 -1.2983
 -1.3575
 -2.4090 -2.1451 -1.9339 -1.7702 -1.6427 -1.5410 -1.4597 -1.3974 -1.3522 -1.3197
 -1.2908 -1.2562 -1.2154 -1.1788 -1.1465 -1.0823 -1.0293 -0.9852 -0.9535 -0.9384
 -0.9405 -0.9569 -0.9836 -1.0174 -1.0562 -1.0983 -1.1431 -1.1901 -1.2396 -1.2915
 -1.3484
 -2.5359 -2.2331 -1.9900 -1.8007 -1.6542 -1.5405 -1.4493 -1.3749 -1.3150 -1.2676
 -1.2305 -1.2013 -1.1763 -1.1517 -1.1263 -1.0686 -1.0197 -0.9790 -0.9497 -0.9355
 -0.9373 -0.9531 -0.9794 -1.0133 -1.0523 -1.0950 -1.1406 -1.1880 -1.2372 -1.2884
 -1.3416
 -2.6932 -2.3485 -2.0629 -1.8536 -1.6827 -1.5512 -1.4494 -1.3677 -1.3006 -1.2450
 -1.1994 -1.1623 -1.1323 -1.1080 -1.1000 -1.0519 -1.0072 -0.9696 -0.9430
 [Fe/H] =  0.75 [alpha/Fe] =-0.40 BC value = F775W
 -2.4589 -2.2822 -2.1342 -2.0121 -1.8810 -1.7804 -1.6945 -1.6156 -1.5430 -1.4762
 -1.4144 -1.3562 -1.3017 -1.2511 -1.2042 -1.1018 -1.0176 -0.9531 -0.9077
 -2.5197 -2.3087 -2.1359 -1.9976 -1.8731 -1.7654 -1.6759 -1.5975 -1.5246 -1.4595
 -1.4001 -1.3441 -1.2919 -1.2433 -1.1981 -1.0989 -1.0186 -0.9566 -0.9137 -0.8913
 -2.5700 -2.3561 -2.1592 -1.9978 -1.8711 -1.7555 -1.6615 -1.5831 -1.5092 -1.4456
 -1.3879 -1.3343 -1.2846 -1.2384 -1.1951 -1.0996 -1.0212 -0.9608 -0.9196 -0.8992
 -0.9001
 -2.5066 -2.3879 -2.1946 -2.0152 -1.8697 -1.7527 -1.6508 -1.5688 -1.4989 -1.4321
 -1.3761 -1.3248 -1.2774 -1.2336 -1.1926 -1.1015 -1.0254 -0.9658 -0.9254 -0.9057
 -0.9066 -0.9246
 -2.2771 -2.2974 -2.2097 -2.0404 -1.8805 -1.7511 -1.6451 -1.5577 -1.4854 -1.4216
 -1.3639 -1.3146 -1.2695 -1.2279 -1.1892 -1.1030 -1.0299 -0.9713 -0.9311 -0.9114
 -0.9119 -0.9286 -0.9576 -0.9955
 -2.2146 -2.0865 -2.0875 -2.0396 -1.8975 -1.7575 -1.6433 -1.5501 -1.4737 -1.4099
 -1.3521 -1.3031 -1.2598 -1.2203 -1.1839 -1.1031 -1.0337 -0.9768 -0.9365 -0.9165
 -0.9162 -0.9320 -0.9593 -0.9950 -1.0368 -1.0837 -1.1367 -1.1958 -1.2548 -1.3141
 -2.2239 -2.0451 -1.9199 -1.8857 -1.8749 -1.7672 -1.6470 -1.5462 -1.4648 -1.3976
 -1.3413 -1.2908 -1.2483 -1.2107 -1.1762 -1.1007 -1.0359 -0.9813 -0.9415 -0.9209
 -0.9198 -0.9346 -0.9607 -0.9948 -1.0346 -1.0788 -1.1273 -1.1817 -1.2415 -1.3012
 -1.3608
 -2.2718 -2.0566 -1.8954 -1.7764 -1.7131 -1.7018 -1.6461 -1.5482 -1.4598 -1.3881
 -1.3289 -1.2793 -1.2355 -1.1988 -1.1660 -1.0955 -1.0354 -0.9841 -0.9455 -0.9244
 -0.9224 -0.9364 -0.9616 -0.9946 -1.0331 -1.0755 -1.1213 -1.1715 -1.2272 -1.2877
 -1.3483
 -2.3357 -2.0968 -1.9074 -1.7626 -1.6520 -1.5768 -1.5402 -1.5140 -1.4549 -1.3805
 -1.3166 -1.2652 -1.2221 -1.1844 -1.1526 -1.0863 -1.0309 -0.9836 -0.9471 -0.9263
 -0.9236 -0.9370 -0.9618 -0.9943 -1.0321 -1.0737 -1.1186 -1.1667 -1.2187 -1.2751
 -1.3362
 -2.4613 -2.1730 -1.9471 -1.7774 -1.6473 -1.5459 -1.4694 -1.4173 -1.3838 -1.3518
 -1.3067 -1.2540 -1.2088 -1.1713 -1.1386 -1.0754 -1.0242 -0.9808 -0.9469 -0.9268
 -0.9234 -0.9357 -0.9599 -0.9920 -1.0295 -1.0708 -1.1153 -1.1624 -1.2126 -1.2660
 -1.3231
 -2.6256 -2.2852 -2.0174 -1.8150 -1.6624 -1.5455 -1.4534 -1.3806 -1.3249 -1.2833
 -1.2511 -1.2215 -1.1894 -1.1545 -1.1234 -1.0619 -1.0145 -0.9749 -0.9438 -0.9250
 -0.9214 -0.9327 -0.9561 -0.9880 -1.0254 -1.0669 -1.1116 -1.1587 -1.2082 -1.2603
 -1.3150
 -2.8286 -2.4334 -2.1196 -1.8820 -1.6981 -1.5606 -1.4553 -1.3719 -1.3047 -1.2506
 -1.2074 -1.1730 -1.1447 -1.1198 -1.1070 -1.0458 -1.0018 -0.9659 -0.9378
 [Fe/H] =  1.00 [alpha/Fe] =-0.40 BC value = F775W
 -2.4093 -2.2583 -2.1203 -1.9941 -1.8670 -1.7551 -1.6601 -1.5787 -1.5080 -1.4456
 -1.3893 -1.3373 -1.2881 -1.2404 -1.1938 -1.0925 -1.0096 -0.9456 -0.9020
 -2.4831 -2.2767 -2.1118 -1.9843 -1.8593 -1.7531 -1.6646 -1.5864 -1.5129 -1.4484
 -1.3888 -1.3330 -1.2811 -1.2329 -1.1880 -1.0896 -1.0101 -0.9486 -0.9060 -0.8814
 -2.5536 -2.3217 -2.1323 -1.9812 -1.8578 -1.7430 -1.6506 -1.5719 -1.4981 -1.4349
 -1.3773 -1.3238 -1.2742 -1.2280 -1.1851 -1.0902 -1.0125 -0.9525 -0.9105 -0.8872
 -0.8838
 -2.5498 -2.3717 -2.1688 -1.9941 -1.8578 -1.7407 -1.6396 -1.5583 -1.4887 -1.4218
 -1.3660 -1.3148 -1.2675 -1.2236 -1.1828 -1.0923 -1.0168 -0.9573 -0.9155 -0.8926
 -0.8891 -0.9037
 -2.3715 -2.3559 -2.2029 -2.0211 -1.8638 -1.7418 -1.6347 -1.5473 -1.4757 -1.4108
 -1.3542 -1.3050 -1.2598 -1.2183 -1.1797 -1.0941 -1.0216 -0.9630 -0.9210 -0.8976
 -0.8935 -0.9069 -0.9339 -0.9711
 -2.2264 -2.1561 -2.1645 -2.0421 -1.8828 -1.7434 -1.6342 -1.5399 -1.4643 -1.4010
 -1.3426 -1.2938 -1.2505 -1.2111 -1.1747 -1.0944 -1.0258 -0.9689 -0.9267 -0.9025
 -0.8975 -0.9096 -0.9349 -0.9698 -1.0115 -1.0597 -1.1143 -1.1737 -1.2330 -1.2936
 -2.2249 -2.0536 -1.9631 -1.9736 -1.8916 -1.7565 -1.6344 -1.5370 -1.4556 -1.3888
 -1.3330 -1.2818 -1.2394 -1.2017 -1.1673 -1.0923 -1.0283 -0.9740 -0.9323 -0.9073
 -0.9011 -0.9120 -0.9359 -0.9690 -1.0087 -1.0534 -1.1031 -1.1588 -1.2191 -1.2792
 -1.3401
 -2.2684 -2.0575 -1.9012 -1.8004 -1.7827 -1.7490 -1.6424 -1.5366 -1.4501 -1.3793
 -1.3205 -1.2712 -1.2268 -1.1900 -1.1573 -1.0873 -1.0281 -0.9774 -0.9371 -0.9116
 -0.9041 -0.9138 -0.9365 -0.9682 -1.0063 -1.0490 -1.0957 -1.1468 -1.2034 -1.2647
 -1.3258
 -2.3401 -2.0980 -1.9085 -1.7664 -1.6649 -1.6154 -1.5972 -1.5349 -1.4473 -1.3701
 -1.3075 -1.2572 -1.2139 -1.1758 -1.1440 -1.0783 -1.0240 -0.9773 -0.9394 -0.9144
 -0.9061 -0.9147 -0.9366 -0.9675 -1.0046 -1.0460 -1.0911 -1.1397 -1.1923 -1.2501
 -1.3125
 -2.4842 -2.1826 -1.9498 -1.7790 -1.6500 -1.5528 -1.4878 -1.4529 -1.4213 -1.3658
 -1.3010 -1.2456 -1.2009 -1.1632 -1.1302 -1.0673 -1.0173 -0.9749 -0.9400 -0.9160
 -0.9070 -0.9143 -0.9350 -0.9652 -1.0016 -1.0423 -1.0866 -1.1338 -1.1842 -1.2384
 -1.2970
 -2.6756 -2.3113 -2.0285 -1.8191 -1.6649 -1.5480 -1.4575 -1.3894 -1.3421 -1.3081
 -1.2745 -1.2333 -1.1879 -1.1488 -1.1164 -1.0539 -1.0075 -0.9690 -0.9374 -0.9152
 -0.9062 -0.9123 -0.9320 -0.9614 -0.9974 -1.0379 -1.0819 -1.1286 -1.1781 -1.2306
 -1.2863
 -2.9141 -2.4841 -2.1446 -1.8931 -1.7041 -1.5642 -1.4582 -1.3749 -1.3094 -1.2588
 -1.2199 -1.1881 -1.1584 -1.1282 -1.1026 -1.0381 -0.9946 -0.9596 -0.9316
