 [Fe/H] = -4.00 [alpha/Fe] = 0.40 BC value = F210M
 -0.9409 -1.3005 -2.3054 -3.0804 -2.6139 -1.2592 -2.2060 -3.4071 -3.9249 -3.7604
 -3.6812 -3.4760 -2.9647 -2.4468 -2.1524 -2.3132
 -1.6001 -1.6280 -1.9865 -2.3083 -2.1432 -1.5035 -1.8679 -2.3918 -2.7100 -2.7718
 -2.8115 -2.7447 -2.5275 -2.3046 -2.1921 -2.3487 -2.5209 -2.6838 -2.8487
 -2.0085 -1.9188 -1.9413 -2.0065 -1.9958 -1.8065 -1.8518 -1.9690 -2.1010 -2.2142
 -2.2829 -2.2922 -2.2561 -2.2207 -2.2231 -2.3729 -2.5313 -2.6955 -2.8564 -3.0110
 -3.1614
 -2.1661 -2.1729 -2.1698 -2.1750 -2.1715 -2.1681 -2.1577 -2.1387 -2.0978 -2.0876
 -2.0952 -2.1186 -2.1503 -2.1951 -2.2454 -2.3858 -2.5474 -2.7096 -2.8677 -3.0192
 -3.1669 -3.3100 -3.4493
 -2.3873 -2.3353 -2.2922 -2.2672 -2.2525 -2.2457 -2.2402 -2.2313 -2.2158 -2.1976
 -2.1893 -2.1978 -2.2195 -2.2530 -2.2964 -2.4231 -2.5665 -2.7194 -2.8745 -3.0256
 -3.1716 -3.3126 -3.4493 -3.5823 -3.7119
 -2.6203 -2.5252 -2.4490 -2.3942 -2.3598 -2.3405 -2.3303 -2.3229 -2.3146 -2.3030
 -2.2897 -2.2838 -2.2929 -2.3143 -2.3484 -2.4608 -2.5903 -2.7330 -2.8826 -3.0317
 -3.1762 -3.3156 -3.4503 -3.5809 -3.7079 -3.8317
 -2.8652 -2.7426 -2.6402 -2.5560 -2.4935 -2.4525 -2.4280 -2.4135 -2.4033 -2.3938
 -2.3834 -2.3731 -2.3695 -2.3779 -2.4014 -2.4989 -2.6188 -2.7504 -2.8920 -3.0375
 -3.1807 -3.3190 -3.4522 -3.5810 -3.7059 -3.8274 -3.9459 -4.0620 -4.1755 -4.2848
 -3.1219 -2.9875 -2.8658 -2.7556 -2.6631 -2.5928 -2.5440 -2.5131 -2.4936 -2.4798
 -2.4681 -2.4575 -2.4486 -2.4464 -2.4565 -2.5352 -2.6476 -2.7716 -2.9042 -3.0437
 -3.1845 -3.3221 -3.4545 -3.5822 -3.7055 -3.8252 -3.9416 -4.0553 -4.1667 -4.2758
 -4.3814
 -3.3655 -3.2379 -3.1111 -2.9852 -2.8686 -2.7685 -2.6894 -2.6324 -2.5945 -2.5696
 -2.5516 -2.5374 -2.5258 -2.5176 -2.5168 -2.5703 -2.6739 -2.7934 -2.9194 -3.0518
 -3.1883 -3.3244 -3.4566 -3.5838 -3.7062 -3.8246 -3.9395 -4.0513 -4.1604 -4.2674
 -4.3726
 -3.5987 -3.4813 -3.3579 -3.2293 -3.1003 -2.9773 -2.8697 -2.7824 -2.7174 -2.6722
 -2.6412 -2.6187 -2.6017 -2.5889 -2.5826 -2.6089 -2.6990 -2.8143 -2.9373 -3.0642
 -3.1954 -3.3287 -3.4603 -3.5877 -3.7101 -3.8280 -3.9420 -4.0526 -4.1601 -4.2652
 -4.3682
 -3.8236 -3.7103 -3.5916 -3.4682 -3.3356 -3.2040 -3.0771 -2.9634 -2.8692 -2.7970
 -2.7438 -2.7058 -2.6798 -2.6629 -2.6532 -2.6620 -2.7234 -2.8315 -2.9517 -3.0756
 -3.2019 -3.3309 -3.4602 -3.5873 -3.7100 -3.8280 -3.9417 -4.0515 -4.1579 -4.2614
 -4.3644
 -4.0313 -3.9249 -3.8113 -3.6914 -3.5635 -3.4322 -3.2980 -3.1692 -3.0517 -2.9555
 -2.8798 -2.8213 -2.7770 -2.7443 -2.7214 -2.7059 -2.7511 -2.8482 -2.9642 -3.0859
 -3.2096 -3.3346 -3.4606 -3.5860 -3.7087 -3.8273 -3.9414 -4.0512 -4.1572 -4.2600
 -4.3598
 -4.2219 -4.1251 -4.0170 -3.8989 -3.7840 -3.6619 -3.5172 -3.3831 -3.2546 -3.1404
 -3.0417 -2.9572 -2.8859 -2.8331 -2.7872 -2.7407 -2.7821 -2.8644 -2.9748
 [Fe/H] = -3.00 [alpha/Fe] = 0.40 BC value = F210M
 -2.1313 -2.1618 -2.1742 -2.1523 -2.0519 -1.8303 -1.8827 -1.9471 -2.0001 -2.0491
 -2.1366 -2.2019 -2.1824 -2.1436 -2.1504 -2.3286
 -2.0674 -2.0981 -2.1195 -2.1192 -2.0674 -1.9374 -1.9354 -1.9504 -1.9707 -1.9976
 -2.0458 -2.0919 -2.1121 -2.1295 -2.1688 -2.3441 -2.5180 -2.6847 -2.8468
 -2.0483 -2.0726 -2.0954 -2.1075 -2.0903 -2.0282 -1.9974 -1.9810 -1.9779 -1.9872
 -2.0079 -2.0393 -2.0805 -2.1311 -2.1902 -2.3616 -2.5303 -2.6955 -2.8559 -3.0111
 -3.1617
 -2.0740 -2.0853 -2.1019 -2.1172 -2.1206 -2.1027 -2.0687 -2.0391 -2.0218 -2.0179
 -2.0229 -2.0441 -2.0877 -2.1484 -2.2146 -2.3811 -2.5444 -2.7062 -2.8644 -3.0175
 -3.1654 -3.3090 -3.4480
 -2.1445 -2.1362 -2.1390 -2.1483 -2.1583 -2.1609 -2.1493 -2.1246 -2.1023 -2.0897
 -2.0908 -2.1064 -2.1336 -2.1815 -2.2420 -2.4026 -2.5603 -2.7168 -2.8724 -3.0237
 -3.1697 -3.3109 -3.4477 -3.5808 -3.7106
 -2.2598 -2.2253 -2.2067 -2.2008 -2.2034 -2.2082 -2.2090 -2.2006 -2.1852 -2.1706
 -2.1662 -2.1768 -2.1964 -2.2292 -2.2775 -2.4264 -2.5787 -2.7288 -2.8801 -3.0295
 -3.1741 -3.3136 -3.4484 -3.5792 -3.7064 -3.8305
 -2.4193 -2.3573 -2.3115 -2.2830 -2.2692 -2.2657 -2.2661 -2.2648 -2.2588 -2.2500
 -2.2450 -2.2499 -2.2661 -2.2890 -2.3264 -2.4545 -2.5994 -2.7433 -2.8886 -3.0350
 -3.1783 -3.3167 -3.4501 -3.5791 -3.7041 -3.8259 -3.9447 -4.0609 -4.1744 -4.2837
 -2.6113 -2.5280 -2.4566 -2.4013 -2.3641 -2.3435 -2.3342 -2.3308 -2.3280 -2.3231
 -2.3189 -2.3198 -2.3308 -2.3495 -2.3790 -2.4888 -2.6225 -2.7604 -2.8992 -3.0406
 -3.1820 -3.3197 -3.4523 -3.5801 -3.7036 -3.8235 -3.9402 -4.0540 -4.1655 -4.2747
 -4.3803
 -2.7508 -2.7009 -2.6355 -2.5563 -2.4935 -2.4496 -2.4226 -2.4084 -2.4016 -2.3973
 -2.3932 -2.3911 -2.3950 -2.4080 -2.4297 -2.5243 -2.6472 -2.7790 -2.9087 -3.0478
 -3.1842 -3.3219 -3.4542 -3.5815 -3.7042 -3.8228 -3.9379 -4.0501 -4.1597 -4.2668
 -4.3715
 -3.0356 -2.9138 -2.8167 -2.7417 -2.6578 -2.5891 -2.5395 -2.5069 -2.4879 -2.4775
 -2.4711 -2.4668 -2.4654 -2.4701 -2.4826 -2.5599 -2.6726 -2.7989 -2.9283 -3.0590
 -3.1920 -3.3260 -3.4579 -3.5854 -3.7080 -3.8261 -3.9403 -4.0510 -4.1587 -4.2639
 -4.3671
 -3.2245 -3.1198 -3.0267 -2.9441 -2.8466 -2.7611 -2.6883 -2.6333 -2.5952 -2.5713
 -2.5570 -2.5481 -2.5425 -2.5405 -2.5437 -2.5959 -2.6960 -2.8156 -2.9418 -3.0694
 -3.1979 -3.3278 -3.4577 -3.5850 -3.7078 -3.8260 -3.9399 -4.0499 -4.1565 -4.2601
 -4.3633
 -3.4086 -3.3189 -3.2266 -3.1323 -3.0326 -2.9329 -2.8432 -2.7913 -2.7307 -2.6871
 -2.6578 -2.6390 -2.6268 -2.6189 -2.6150 -2.6383 -2.7211 -2.8320 -2.9539 -3.0791
 -3.2049 -3.3312 -3.4579 -3.5837 -3.7066 -3.8253 -3.9396 -4.0495 -4.1557 -4.2586
 -4.3586
 -3.5880 -3.5110 -3.4164 -3.3062 -3.2160 -3.1046 -3.0407 -2.9498 -2.8727 -2.8310
 -2.7816 -2.7464 -2.7223 -2.7060 -2.6965 -2.6871 -2.7479 -2.8481 -2.9646
 [Fe/H] = -2.50 [alpha/Fe] = 0.40 BC value = F210M
 -2.1999 -2.1784 -2.0613 -1.9421 -1.9085 -1.8989 -1.8209 -1.7224 -1.6958 -1.7555
 -1.8451 -1.9406 -2.0128 -2.0737 -2.1433 -2.3245
 -2.1197 -2.1317 -2.0909 -2.0356 -2.0021 -1.9710 -1.9138 -1.8541 -1.8296 -1.8484
 -1.8930 -1.9559 -2.0227 -2.0901 -2.1612 -2.3403 -2.5149 -2.6829 -2.8451
 -2.0685 -2.0994 -2.1084 -2.0989 -2.0741 -2.0375 -1.9967 -1.9608 -1.9373 -1.9308
 -1.9454 -1.9832 -2.0408 -2.1088 -2.1796 -2.3561 -2.5277 -2.6937 -2.8542 -3.0097
 -3.1603
 -2.0463 -2.0815 -2.1138 -2.1320 -2.1245 -2.0984 -2.0696 -2.0425 -2.0189 -2.0027
 -2.0023 -2.0225 -2.0671 -2.1298 -2.1985 -2.3719 -2.5405 -2.7040 -2.8626 -3.0157
 -3.1638 -3.3074 -3.4471
 -2.0531 -2.0780 -2.1071 -2.1349 -2.1533 -2.1537 -2.1325 -2.0992 -2.0744 -2.0641
 -2.0637 -2.0738 -2.1016 -2.1531 -2.2179 -2.3877 -2.5533 -2.7138 -2.8702 -3.0217
 -3.1678 -3.3091 -3.4460 -3.5792 -3.7091
 -2.0974 -2.1045 -2.1211 -2.1427 -2.1647 -2.1800 -2.1825 -2.1705 -2.1484 -2.1270
 -2.1206 -2.1300 -2.1483 -2.1844 -2.2401 -2.4039 -2.5668 -2.7238 -2.8774 -3.0272
 -3.1720 -3.3116 -3.4465 -3.5774 -3.7048 -3.8291
 -2.1877 -2.1702 -2.1665 -2.1733 -2.1869 -2.2026 -2.2146 -2.2177 -2.2119 -2.2023
 -2.1947 -2.1963 -2.2096 -2.2330 -2.2738 -2.4216 -2.5810 -2.7349 -2.8847 -3.0322
 -3.1759 -3.3145 -3.4479 -3.5771 -3.7024 -3.8243 -3.9432 -4.0596 -4.1732 -4.2825
 -2.3242 -2.2805 -2.2513 -2.2364 -2.2336 -2.2395 -2.2494 -2.2580 -2.2616 -2.2604
 -2.2596 -2.2643 -2.2768 -2.2948 -2.3245 -2.4462 -2.5966 -2.7473 -2.8932 -3.0372
 -3.1792 -3.3172 -3.4499 -3.5779 -3.7016 -3.8217 -3.9386 -4.0526 -4.1642 -4.2734
 -4.3790
 -2.4951 -2.4313 -2.3778 -2.3376 -2.3128 -2.3015 -2.3003 -2.3048 -2.3105 -2.3141
 -2.3162 -2.3212 -2.3336 -2.3532 -2.3782 -2.4814 -2.6164 -2.7610 -2.9033 -3.0431
 -3.1822 -3.3192 -3.4516 -3.5792 -3.7020 -3.8208 -3.9361 -4.0483 -4.1577 -4.2650
 -4.3703
 -2.6810 -2.6073 -2.5383 -2.4762 -2.4277 -2.3944 -2.3759 -2.3687 -2.3688 -2.3719
 -2.3751 -2.3791 -2.3875 -2.4037 -2.4263 -2.5191 -2.6422 -2.7786 -2.9167 -3.0528
 -3.1882 -3.3231 -3.4552 -3.5829 -3.7056 -3.8239 -3.9384 -4.0493 -4.1572 -4.2626
 -4.3659
 -2.8676 -2.7935 -2.7190 -2.6440 -2.5758 -2.5212 -2.4812 -2.4567 -2.4443 -2.4404
 -2.4410 -2.4435 -2.4480 -2.4573 -2.4737 -2.5531 -2.6664 -2.7950 -2.9286 -3.0615
 -3.1930 -3.3245 -3.4549 -3.5824 -3.7054 -3.8237 -3.9378 -4.0480 -4.1548 -4.2587
 -4.3620
 -3.0524 -2.9794 -2.9036 -2.8265 -2.7501 -2.6783 -2.6187 -2.5739 -2.5439 -2.5267
 -2.5187 -2.5167 -2.5178 -2.5217 -2.5301 -2.5876 -2.6905 -2.8114 -2.9402 -3.0702
 -3.1991 -3.3272 -3.4548 -3.5810 -3.7041 -3.8230 -3.9374 -4.0476 -4.1539 -4.2570
 -4.3572
 -3.2353 -3.1650 -3.0863 -3.0135 -2.9349 -2.8567 -2.7840 -2.7210 -2.6721 -2.6372
 -2.6150 -2.6028 -2.5975 -2.5964 -2.5955 -2.6226 -2.7145 -2.8278 -2.9515
 [Fe/H] = -2.00 [alpha/Fe] = 0.40 BC value = F210M
 -1.9549 -1.9166 -1.8725 -1.8387 -1.8040 -1.7769 -1.7610 -1.7615 -1.7785 -1.8133
 -1.8644 -1.9257 -1.9919 -2.0623 -2.1384 -2.3186
 -2.0511 -2.0310 -1.9989 -1.9593 -1.9186 -1.8824 -1.8553 -1.8408 -1.8409 -1.8578
 -1.8936 -1.9469 -2.0122 -2.0829 -2.1563 -2.3355 -2.5107 -2.6796 -2.8429
 -2.0889 -2.0928 -2.0787 -2.0509 -2.0156 -1.9791 -1.9470 -1.9231 -1.9106 -1.9125
 -1.9329 -1.9741 -2.0331 -2.1016 -2.1729 -2.3507 -2.5237 -2.6907 -2.8517 -3.0072
 -3.1579
 -2.0683 -2.1020 -2.1119 -2.1135 -2.0951 -2.0671 -2.0361 -2.0084 -1.9876 -1.9774
 -1.9823 -2.0073 -2.0546 -2.1184 -2.1882 -2.3642 -2.5353 -2.7005 -2.8596 -3.0129
 -3.1612 -3.3049 -3.4449
 -2.0328 -2.0803 -2.1104 -2.1250 -2.1267 -2.1175 -2.0995 -2.0765 -2.0579 -2.0451
 -2.0413 -2.0514 -2.0819 -2.1357 -2.2022 -2.3760 -2.5455 -2.7090 -2.8666 -3.0184
 -3.1647 -3.3062 -3.4434 -3.5769 -3.7070
 -2.0234 -2.0567 -2.0932 -2.1194 -2.1339 -2.1388 -2.1358 -2.1262 -2.1114 -2.0962
 -2.0939 -2.1013 -2.1203 -2.1582 -2.2169 -2.3867 -2.5549 -2.7167 -2.8728 -3.0234
 -3.1685 -3.3083 -3.4435 -3.5746 -3.7023 -3.8268
 -2.0431 -2.0635 -2.0911 -2.1226 -2.1539 -2.1796 -2.1944 -2.1954 -2.1851 -2.1666
 -2.1512 -2.1514 -2.1644 -2.1913 -2.2368 -2.3973 -2.5638 -2.7241 -2.8785 -3.0277
 -3.1719 -3.3108 -3.4445 -3.5740 -3.6995 -3.8217 -3.9410 -4.0575 -4.1711 -4.2803
 -2.1034 -2.1028 -2.1147 -2.1348 -2.1598 -2.1857 -2.2085 -2.2235 -2.2291 -2.2284
 -2.2252 -2.2223 -2.2269 -2.2419 -2.2718 -2.4097 -2.5728 -2.7316 -2.8842 -3.0316
 -3.1748 -3.3131 -3.4461 -3.5744 -3.6984 -3.8188 -3.9361 -4.0504 -4.1621 -4.2713
 -4.3768
 -2.2081 -2.1840 -2.1742 -2.1762 -2.1872 -2.2044 -2.2245 -2.2436 -2.2585 -2.2678
 -2.2744 -2.2824 -2.2935 -2.3074 -2.3276 -2.4328 -2.5833 -2.7397 -2.8904 -3.0357
 -3.1771 -3.3148 -3.4476 -3.5753 -3.6984 -3.8175 -3.9332 -4.0457 -4.1555 -4.2628
 -4.3681
 -2.3539 -2.3059 -2.2738 -2.2541 -2.2463 -2.2481 -2.2576 -2.2716 -2.2870 -2.3012
 -2.3131 -2.3254 -2.3414 -2.3618 -2.3843 -2.4727 -2.6026 -2.7512 -2.8996 -3.0428
 -3.1819 -3.3182 -3.4508 -3.5788 -3.7018 -3.8204 -3.9351 -4.0464 -4.1547 -4.2603
 -4.3637
 -2.5240 -2.4608 -2.4101 -2.3699 -2.3409 -2.3236 -2.3169 -2.3190 -2.3275 -2.3395
 -2.3524 -2.3659 -2.3816 -2.4021 -2.4272 -2.5121 -2.6282 -2.7645 -2.9077 -3.0484
 -3.1850 -3.3188 -3.4502 -3.5781 -3.7013 -3.8199 -3.9343 -4.0449 -4.1520 -4.2562
 -4.3597
 -2.7013 -2.6336 -2.5708 -2.5156 -2.4691 -2.4323 -2.4070 -2.3929 -2.3889 -2.3925
 -2.4011 -2.4126 -2.4262 -2.4432 -2.4653 -2.5458 -2.6549 -2.7814 -2.9175 -3.0548
 -3.1891 -3.3204 -3.4495 -3.5764 -3.6999 -3.8190 -3.9337 -4.0442 -4.1509 -4.2543
 -4.3548
 -2.8824 -2.8106 -2.7428 -2.6790 -2.6209 -2.5700 -2.5278 -2.4961 -2.4762 -2.4668
 -2.4659 -2.4713 -2.4808 -2.4935 -2.4986 -2.5738 -2.6827 -2.8019 -2.9290
 [Fe/H] = -1.50 [alpha/Fe] = 0.40 BC value = F210M
 -1.8843 -1.8472 -1.8040 -1.7613 -1.7283 -1.7069 -1.7017 -1.7163 -1.7490 -1.7970
 -1.8571 -1.9227 -1.9908 -2.0610 -2.1328 -2.3125
 -1.9723 -1.9405 -1.9007 -1.8579 -1.8196 -1.7913 -1.7775 -1.7806 -1.7993 -1.8331
 -1.8817 -1.9425 -2.0106 -2.0815 -2.1532 -2.3313 -2.5058 -2.6754 -2.8395
 -2.0350 -2.0159 -1.9852 -1.9474 -1.9090 -1.8771 -1.8567 -1.8502 -1.8569 -1.8775
 -1.9135 -1.9653 -2.0291 -2.0987 -2.1699 -2.3468 -2.5190 -2.6861 -2.8475 -3.0033
 -3.1542
 -2.0724 -2.0734 -2.0575 -2.0298 -1.9966 -1.9643 -1.9393 -1.9251 -1.9218 -1.9302
 -1.9525 -1.9911 -2.0463 -2.1126 -2.1829 -2.3590 -2.5301 -2.6953 -2.8548 -3.0085
 -3.1570 -3.3010 -3.4411
 -2.0537 -2.0796 -2.0997 -2.0931 -2.0724 -2.0457 -2.0208 -2.0023 -1.9921 -1.9910
 -2.0010 -2.0252 -2.0669 -2.1256 -2.1933 -2.3685 -2.5389 -2.7030 -2.8612 -3.0134
 -3.1600 -3.3018 -3.4393 -3.5732 -3.7036
 -2.0149 -2.0558 -2.0889 -2.1111 -2.1191 -2.1103 -2.0877 -2.0685 -2.0566 -2.0523
 -2.0559 -2.0694 -2.0964 -2.1419 -2.2034 -2.3758 -2.5458 -2.7092 -2.8664 -3.0176
 -3.1631 -3.3033 -3.4388 -3.5704 -3.6984 -3.8232
 -1.9988 -2.0351 -2.0733 -2.1096 -2.1384 -2.1544 -2.1548 -2.1403 -2.1206 -2.1060
 -2.1038 -2.1140 -2.1345 -2.1669 -2.2167 -2.3820 -2.5512 -2.7141 -2.8706 -3.0211
 -3.1658 -3.3051 -3.4393 -3.5691 -3.6951 -3.8178 -3.9374 -4.0542 -4.1678 -4.2768
 -2.0026 -2.0309 -2.0638 -2.0994 -2.1342 -2.1642 -2.1848 -2.1940 -2.1937 -2.1862
 -2.1739 -2.1680 -2.1766 -2.2002 -2.2381 -2.3884 -2.5560 -2.7183 -2.8741 -3.0238
 -3.1680 -3.3068 -3.4402 -3.5689 -3.6934 -3.8143 -3.9320 -4.0467 -4.1587 -4.2678
 -4.3730
 -2.0339 -2.0482 -2.0710 -2.0996 -2.1316 -2.1641 -2.1936 -2.2164 -2.2310 -2.2388
 -2.2432 -2.2456 -2.2474 -2.2562 -2.2781 -2.3976 -2.5607 -2.7221 -2.8771 -3.0260
 -3.1681 -3.3079 -3.4411 -3.5693 -3.6929 -3.8124 -3.9286 -4.0417 -4.1519 -4.2594
 -4.3645
 -2.1084 -2.0986 -2.1041 -2.1202 -2.1431 -2.1701 -2.1988 -2.2263 -2.2499 -2.2684
 -2.2827 -2.2962 -2.3106 -2.3253 -2.3418 -2.4257 -2.5691 -2.7282 -2.8824 -3.0304
 -3.1728 -3.3107 -3.4439 -3.5723 -3.6957 -3.8148 -3.9300 -4.0418 -4.1506 -4.2566
 -4.3602
 -2.2223 -2.1905 -2.1737 -2.1714 -2.1794 -2.1949 -2.2156 -2.2392 -2.2638 -2.2872
 -2.3084 -2.3282 -2.3486 -2.3714 -2.3958 -2.4703 -2.5866 -2.7335 -2.8855 -3.0323
 -3.1735 -3.3102 -3.4428 -3.5712 -3.6949 -3.8139 -3.9287 -4.0398 -4.1474 -4.2521
 -4.3561
 -2.3669 -2.3175 -2.2819 -2.2591 -2.2489 -2.2483 -2.2557 -2.2693 -2.2875 -2.3085
 -2.3307 -2.3535 -2.3770 -2.4025 -2.4309 -2.5130 -2.6165 -2.7460 -2.8902 -3.0349
 -3.1747 -3.3099 -3.4412 -3.5691 -3.6931 -3.8126 -3.9277 -4.0386 -4.1458 -4.2497
 -4.3507
 -2.5346 -2.4711 -2.4200 -2.3803 -2.3521 -2.3342 -2.3256 -2.3251 -2.3319 -2.3446
 -2.3617 -2.3821 -2.4050 -2.4304 -2.4471 -2.5538 -2.6588 -2.7657 -2.8965
 [Fe/H] = -1.00 [alpha/Fe] = 0.40 BC value = F210M
 -1.7688 -1.7253 -1.6840 -1.6490 -1.6231 -1.6142 -1.6267 -1.6620 -1.7139 -1.7827
 -1.8526 -1.9235 -1.9940 -2.0647 -2.1352 -2.3106
 -1.8606 -1.8192 -1.7754 -1.7343 -1.7013 -1.6825 -1.6832 -1.7064 -1.7489 -1.8052
 -1.8701 -1.9398 -2.0112 -2.0828 -2.1540 -2.3293 -2.5010 -2.6697 -2.8339
 -1.9393 -1.9049 -1.8638 -1.8212 -1.7836 -1.7568 -1.7470 -1.7585 -1.7887 -1.8341
 -1.8912 -1.9564 -2.0261 -2.0974 -2.1688 -2.3442 -2.5146 -2.6803 -2.8415 -2.9976
 -3.1490
 -2.0049 -1.9824 -1.9492 -1.9097 -1.8700 -1.8372 -1.8181 -1.8183 -1.8361 -1.8694
 -1.9159 -1.9733 -2.0387 -2.1085 -2.1796 -2.3553 -2.5251 -2.6893 -2.8484 -3.0021
 -3.1509 -3.2953 -3.4357
 -2.0483 -2.0445 -2.0248 -1.9938 -1.9574 -1.9223 -1.8960 -1.8857 -1.8921 -1.9132
 -1.9477 -1.9946 -2.0522 -2.1179 -2.1875 -2.3631 -2.5329 -2.6964 -2.8541 -3.0062
 -3.1531 -3.2953 -3.4332 -3.5674 -3.6983
 -2.0346 -2.0658 -2.0755 -2.0639 -2.0378 -2.0063 -1.9777 -1.9594 -1.9559 -1.9660
 -1.9887 -2.0236 -2.0705 -2.1286 -2.1945 -2.3684 -2.5384 -2.7017 -2.8587 -3.0097
 -3.1553 -3.2959 -3.4319 -3.5640 -3.6926 -3.8179
 -1.9975 -2.0382 -2.0736 -2.0947 -2.0961 -2.0795 -2.0541 -2.0325 -2.0220 -2.0241
 -2.0376 -2.0619 -2.0971 -2.1444 -2.2030 -2.3722 -2.5421 -2.7053 -2.8620 -3.0124
 -3.1572 -3.2968 -3.4314 -3.5618 -3.6884 -3.8117 -3.9319 -4.0492 -4.1629 -4.2716
 -1.9802 -2.0174 -2.0552 -2.0897 -2.1155 -2.1274 -2.1256 -2.1140 -2.0988 -2.0885
 -2.0896 -2.1045 -2.1313 -2.1685 -2.2167 -2.3755 -2.5445 -2.7077 -2.8642 -3.0143
 -3.1586 -3.2976 -3.4314 -3.5607 -3.6858 -3.8074 -3.9258 -4.0411 -4.1535 -4.2627
 -4.3674
 -1.9776 -2.0097 -2.0444 -2.0801 -2.1139 -2.1423 -2.1615 -2.1710 -2.1741 -2.1742
 -2.1723 -2.1716 -2.1798 -2.2024 -2.2393 -2.3797 -2.5461 -2.7091 -2.8654 -3.0153
 -3.1592 -3.2979 -3.4315 -3.5602 -3.6844 -3.8047 -3.9216 -4.0353 -4.1461 -4.2541
 -4.3609
 -1.9902 -2.0148 -2.0435 -2.0756 -2.1095 -2.1430 -2.1732 -2.1975 -2.2151 -2.2280
 -2.2391 -2.2497 -2.2592 -2.2700 -2.2886 -2.3913 -2.5499 -2.7121 -2.8683 -3.0180
 -3.1617 -3.3002 -3.4337 -3.5624 -3.6864 -3.8061 -3.9222 -4.0347 -4.1441 -4.2508
 -4.3547
 -2.0292 -2.0398 -2.0574 -2.0817 -2.1107 -2.1425 -2.1752 -2.2063 -2.2340 -2.2573
 -2.2772 -2.2959 -2.3154 -2.3356 -2.3559 -2.4264 -2.5541 -2.7126 -2.8681 -3.0175
 -3.1608 -3.2988 -3.4321 -3.5608 -3.6849 -3.8045 -3.9201 -4.0318 -4.1402 -4.2456
 -4.3483
 -2.1050 -2.0965 -2.0980 -2.1086 -2.1272 -2.1519 -2.1807 -2.2113 -2.2420 -2.2714
 -2.2986 -2.3239 -2.3489 -2.3751 -2.4030 -2.4775 -2.5776 -2.7153 -2.8682 -3.0168
 -3.1596 -3.2970 -3.4298 -3.5584 -3.6827 -3.8027 -3.9183 -4.0299 -4.1378 -4.2425
 -4.3442
 -2.2195 -2.1915 -2.1735 -2.1670 -2.1701 -2.1823 -2.2016 -2.2258 -2.2531 -2.2821
 -2.3116 -2.3411 -2.3705 -2.4004 -2.4299 -2.5446 -2.6204 -2.7202 -2.8686
 [Fe/H] = -0.75 [alpha/Fe] = 0.30 BC value = F210M
 -1.7139 -1.6715 -1.6323 -1.6018 -1.5810 -1.5788 -1.6001 -1.6448 -1.7047 -1.7790
 -1.8519 -1.9242 -1.9959 -2.0669 -2.1370 -2.3106
 -1.8062 -1.7634 -1.7201 -1.6817 -1.6529 -1.6398 -1.6479 -1.6802 -1.7322 -1.7962
 -1.8662 -1.9386 -2.0113 -2.0834 -2.1545 -2.3288 -2.4992 -2.6668 -2.8307
 -1.8881 -1.8502 -1.8077 -1.7658 -1.7309 -1.7084 -1.7045 -1.7241 -1.7639 -1.8186
 -1.8828 -1.9524 -2.0242 -2.0964 -2.1680 -2.3430 -2.5123 -2.6773 -2.8381 -2.9943
 -3.1457
 -1.9596 -1.9319 -1.8951 -1.8541 -1.8151 -1.7847 -1.7699 -1.7765 -1.8031 -1.8462
 -1.9017 -1.9656 -2.0346 -2.1059 -2.1775 -2.3532 -2.5224 -2.6860 -2.8447 -2.9984
 -3.1473 -3.2918 -3.4325
 -2.0131 -2.0011 -1.9754 -1.9407 -1.9026 -1.8676 -1.8436 -1.8379 -1.8514 -1.8818
 -1.9262 -1.9816 -2.0451 -2.1137 -2.1844 -2.3602 -2.5297 -2.6927 -2.8501 -3.0021
 -3.1491 -3.2914 -3.4298 -3.5645 -3.6956
 -2.0226 -2.0415 -2.0387 -2.0179 -1.9867 -1.9529 -1.9238 -1.9077 -1.9093 -1.9271
 -1.9593 -2.0038 -2.0588 -2.1219 -2.1900 -2.3649 -2.5347 -2.6976 -2.8543 -3.0052
 -3.1508 -3.2916 -3.4278 -3.5601 -3.6890 -3.8146
 -1.9866 -2.0263 -2.0555 -2.0656 -2.0553 -2.0309 -2.0030 -1.9817 -1.9740 -1.9811
 -2.0018 -2.0348 -2.0791 -2.1337 -2.1965 -2.3679 -2.5378 -2.7008 -2.8573 -3.0076
 -3.1523 -3.2919 -3.4268 -3.5575 -3.6844 -3.8081 -3.9286 -4.0461 -4.1600 -4.2687
 -1.9649 -2.0033 -2.0406 -2.0719 -2.0902 -2.0925 -2.0813 -2.0624 -2.0461 -2.0410
 -2.0504 -2.0733 -2.1077 -2.1522 -2.2066 -2.3703 -2.5396 -2.7027 -2.8591 -3.0091
 -3.1533 -3.2923 -3.4263 -3.5558 -3.6813 -3.8032 -3.9220 -4.0377 -4.1504 -4.2597
 -4.3644
 -1.9573 -1.9921 -2.0282 -2.0637 -2.0954 -2.1188 -2.1311 -2.1340 -2.1323 -2.1291
 -2.1270 -2.1311 -2.1480 -2.1797 -2.2239 -2.3732 -2.5406 -2.7036 -2.8599 -3.0098
 -3.1537 -3.2923 -3.4259 -3.5548 -3.6793 -3.8000 -3.9173 -4.0314 -4.1426 -4.2508
 -4.3560
 -1.9621 -1.9909 -2.0230 -2.0572 -2.0917 -2.1240 -2.1512 -2.1711 -2.1848 -2.1956
 -2.2060 -2.2163 -2.2263 -2.2400 -2.2641 -2.3813 -2.5433 -2.7059 -2.8623 -3.0121
 -3.1559 -3.2943 -3.4278 -3.5566 -3.6809 -3.8010 -3.9174 -4.0303 -4.1402 -4.2472
 -4.3514
 -1.9845 -2.0037 -2.0278 -2.0568 -2.0889 -2.1225 -2.1555 -2.1855 -2.2113 -2.2327
 -2.2519 -2.2713 -2.2916 -2.3121 -2.3326 -2.4088 -2.5451 -2.7054 -2.8614 -3.0109
 -3.1545 -3.2926 -3.4259 -3.5547 -3.6790 -3.7989 -3.9148 -4.0269 -4.1358 -4.2416
 -4.3447
 -2.0370 -2.0403 -2.0520 -2.0705 -2.0955 -2.1250 -2.1571 -2.1898 -2.2216 -2.2511
 -2.2782 -2.3039 -2.3298 -2.3572 -2.3859 -2.4602 -2.5630 -2.7060 -2.8603 -3.0095
 -3.1526 -3.2904 -3.4234 -3.5521 -3.6765 -3.7967 -3.9126 -4.0246 -4.1329 -4.2380
 -4.3401
 -2.1270 -2.1115 -2.1057 -2.1097 -2.1220 -2.1420 -2.1677 -2.1971 -2.2284 -2.2604
 -2.2920 -2.3229 -2.3535 -2.3848 -2.4240 -2.5355 -2.5970 -2.7077 -2.8590
 [Fe/H] = -0.50 [alpha/Fe] = 0.20 BC value = F210M
 -1.6564 -1.6159 -1.5806 -1.5545 -1.5400 -1.5459 -1.5769 -1.6300 -1.6996 -1.7744
 -1.8527 -1.9269 -1.9997 -2.0711 -2.1412 -2.3127
 -1.7476 -1.7044 -1.6629 -1.6280 -1.6045 -1.5985 -1.6157 -1.6584 -1.7197 -1.7903
 -1.8642 -1.9388 -2.0127 -2.0853 -2.1565 -2.3296 -2.4980 -2.6639 -2.8273
 -1.8312 -1.7908 -1.7480 -1.7081 -1.6771 -1.6604 -1.6643 -1.6934 -1.7432 -1.8064
 -1.8766 -1.9496 -2.0232 -2.0962 -2.1681 -2.3426 -2.5106 -2.6743 -2.8344 -2.9904
 -3.1420
 -1.9072 -1.8751 -1.8359 -1.7948 -1.7579 -1.7316 -1.7227 -1.7372 -1.7736 -1.8265
 -1.8899 -1.9593 -2.0312 -2.1038 -2.1760 -2.3517 -2.5201 -2.6827 -2.8407 -2.9942
 -3.1432 -3.2879 -3.4287
 -1.9683 -1.9497 -1.9195 -1.8824 -1.8441 -1.8111 -1.7910 -1.7913 -1.8133 -1.8536
 -1.9075 -1.9705 -2.0388 -2.1098 -2.1814 -2.3577 -2.5267 -2.6890 -2.8458 -2.9976
 -3.1445 -3.2870 -3.4254 -3.5601 -3.6915
 -1.9975 -2.0037 -1.9908 -1.9639 -1.9298 -1.8955 -1.8679 -1.8556 -1.8637 -1.8903
 -1.9324 -1.9863 -2.0483 -2.1157 -2.1857 -2.3614 -2.5310 -2.6934 -2.8496 -3.0003
 -3.1458 -3.2866 -3.4231 -3.5557 -3.6848 -3.8107
 -1.9716 -2.0074 -2.0265 -2.0246 -2.0053 -1.9766 -1.9480 -1.9279 -1.9239 -1.9376
 -1.9669 -2.0095 -2.0626 -2.1238 -2.1903 -2.3638 -2.5336 -2.6962 -2.8522 -3.0023
 -3.1468 -3.2865 -3.4215 -3.5525 -3.6797 -3.8038 -3.9248 -4.0425 -4.1565 -4.2653
 -1.9470 -1.9858 -2.0212 -2.0465 -2.0554 -2.0476 -2.0279 -2.0056 -1.9916 -1.9931
 -2.0105 -2.0418 -2.0845 -2.1369 -2.1972 -2.3653 -2.5348 -2.6977 -2.8538 -3.0035
 -3.1475 -3.2864 -3.4205 -3.5502 -3.6760 -3.7983 -3.9174 -4.0335 -4.1466 -4.2561
 -4.3608
 -1.9359 -1.9723 -2.0091 -2.0435 -2.0713 -2.0879 -2.0926 -2.0888 -2.0818 -2.0763
 -2.0769 -2.0893 -2.1167 -2.1579 -2.2094 -2.3670 -2.5352 -2.6981 -2.8543 -3.0039
 -3.1476 -3.2860 -3.4196 -3.5486 -3.6735 -3.7945 -3.9122 -4.0268 -4.1383 -4.2469
 -4.3523
 -1.9347 -1.9671 -2.0015 -2.0367 -2.0707 -2.1006 -2.1233 -2.1380 -2.1476 -2.1563
 -2.1659 -2.1761 -2.1881 -2.2074 -2.2394 -2.3725 -2.5371 -2.6999 -2.8562 -3.0060
 -3.1496 -3.2879 -3.4212 -3.5500 -3.6745 -3.7949 -3.9117 -4.0251 -4.1354 -4.2428
 -4.3474
 -1.9463 -1.9714 -2.0004 -2.0325 -2.0665 -2.1006 -2.1325 -2.1603 -2.1831 -2.2026
 -2.2215 -2.2416 -2.2628 -2.2838 -2.3054 -2.3914 -2.5373 -2.6986 -2.8547 -3.0043
 -3.1478 -3.2860 -3.4191 -3.5478 -3.6721 -3.7923 -3.9085 -4.0211 -4.1304 -4.2367
 -4.3402
 -1.9801 -1.9931 -2.0127 -2.0373 -2.0669 -2.0994 -2.1334 -2.1669 -2.1984 -2.2272
 -2.2538 -2.2800 -2.3072 -2.3361 -2.3655 -2.4410 -2.5489 -2.6977 -2.8528 -3.0021
 -3.1455 -3.2833 -3.4163 -3.5449 -3.6693 -3.7896 -3.9059 -4.0182 -4.1270 -4.2326
 -4.3352
 -2.0470 -2.0430 -2.0479 -2.0611 -2.0808 -2.1070 -2.1374 -2.1704 -2.2043 -2.2380
 -2.2706 -2.3024 -2.3341 -2.3669 -2.4197 -2.5213 -2.5719 -2.6972 -2.8505
 [Fe/H] = -0.25 [alpha/Fe] = 0.10 BC value = F210M
 -1.5962 -1.5593 -1.5285 -1.5085 -1.5023 -1.5179 -1.5597 -1.6230 -1.6990 -1.7773
 -1.8553 -1.9315 -2.0056 -2.0775 -2.1483 -2.3173
 -1.6847 -1.6427 -1.6043 -1.5744 -1.5578 -1.5606 -1.5884 -1.6425 -1.7123 -1.7881
 -1.8651 -1.9416 -2.0165 -2.0897 -2.1609 -2.3326 -2.4982 -2.6616 -2.8237
 -1.7683 -1.7269 -1.6854 -1.6490 -1.6234 -1.6142 -1.6278 -1.6680 -1.7279 -1.7985
 -1.8732 -1.9489 -2.0240 -2.0978 -2.1701 -2.3440 -2.5102 -2.6718 -2.8307 -2.9863
 -3.1379
 -1.8470 -1.8119 -1.7718 -1.7323 -1.6992 -1.6787 -1.6779 -1.7023 -1.7493 -1.8114
 -1.8816 -1.9551 -2.0293 -2.1031 -2.1759 -2.3515 -2.5188 -2.6798 -2.8367 -2.9897
 -3.1386 -3.2834 -3.4244
 -1.9133 -1.8898 -1.8566 -1.8189 -1.7823 -1.7533 -1.7392 -1.7477 -1.7796 -1.8301
 -1.8927 -1.9619 -2.0340 -2.1069 -2.1795 -2.3561 -2.5245 -2.6856 -2.8414 -2.9927
 -3.1395 -3.2820 -3.4206 -3.5557 -3.6874
 -1.9562 -1.9522 -1.9324 -1.9020 -1.8672 -1.8346 -1.8108 -1.8047 -1.8211 -1.8577
 -1.9097 -1.9719 -2.0397 -2.1104 -2.1821 -2.3587 -2.5279 -2.6895 -2.8449 -2.9951
 -3.1403 -3.2811 -3.4177 -3.5506 -3.6799 -3.8062
 -1.9479 -1.9754 -1.9825 -1.9709 -1.9462 -1.9161 -1.8888 -1.8721 -1.8741 -1.8962
 -1.9354 -1.9876 -2.0487 -2.1153 -2.1847 -2.3601 -2.5297 -2.6918 -2.8471 -2.9967
 -3.1410 -3.2805 -3.4156 -3.5468 -3.6743 -3.7986 -3.9198 -4.0381 -4.1523 -4.2611
 -1.9237 -1.9617 -1.9930 -2.0096 -2.0080 -1.9913 -1.9672 -1.9458 -1.9368 -1.9455
 -1.9714 -2.0119 -2.0636 -2.1235 -2.1888 -2.3607 -2.5304 -2.6929 -2.8484 -2.9976
 -3.1413 -3.2800 -3.4140 -3.5439 -3.6700 -3.7926 -3.9121 -4.0286 -4.1421 -4.2518
 -4.3565
 -1.9107 -1.9481 -1.9843 -2.0162 -2.0383 -2.0472 -2.0443 -2.0342 -2.0234 -2.0186
 -2.0259 -2.0492 -2.0877 -2.1379 -2.1964 -2.3613 -2.5302 -2.6929 -2.8486 -2.9978
 -3.1412 -3.2794 -3.4127 -3.5418 -3.6668 -3.7882 -3.9063 -4.0212 -4.1332 -4.2423
 -4.3479
 -1.9057 -1.9404 -1.9761 -2.0115 -2.0439 -2.0700 -2.0874 -2.0969 -2.1032 -2.1100
 -2.1187 -2.1298 -2.1467 -2.1747 -2.2166 -2.3647 -2.5313 -2.6941 -2.8502 -2.9996
 -3.1430 -3.2810 -3.4140 -3.5427 -3.6672 -3.7879 -3.9051 -4.0189 -4.1297 -4.2376
 -4.3426
 -1.9099 -1.9391 -1.9715 -2.0057 -2.0405 -2.0740 -2.1040 -2.1286 -2.1485 -2.1666
 -2.1857 -2.2069 -2.2287 -2.2505 -2.2751 -2.3756 -2.5302 -2.6921 -2.8482 -2.9976
 -3.1410 -3.2789 -3.4117 -3.5402 -3.6644 -3.7847 -3.9013 -4.0143 -4.1240 -4.2309
 -4.3349
 -1.9299 -1.9503 -1.9756 -2.0050 -2.0375 -2.0720 -2.1067 -2.1399 -2.1704 -2.1981
 -2.2247 -2.2520 -2.2811 -2.3114 -2.3415 -2.4201 -2.5361 -2.6901 -2.8455 -2.9949
 -3.1382 -3.2759 -3.4087 -3.5371 -3.6613 -3.7816 -3.8980 -4.0107 -4.1199 -4.2261
 -4.3293
 -1.9777 -1.9834 -1.9970 -2.0174 -2.0431 -2.0738 -2.1075 -2.1428 -2.1782 -2.2127
 -2.2459 -2.2786 -2.3119 -2.3466 -2.4158 -2.4982 -2.5490 -2.6881 -2.8421
 [Fe/H] =  0.00 [alpha/Fe] = 0.00 BC value = F210M
 -1.5421 -1.5093 -1.4830 -1.4728 -1.4815 -1.5092 -1.5562 -1.6222 -1.7032 -1.7843
 -1.8641 -1.9417 -2.0164 -2.0886 -2.1583 -2.3241
 -1.6172 -1.5782 -1.5447 -1.5214 -1.5136 -1.5277 -1.5679 -1.6335 -1.7105 -1.7903
 -1.8698 -1.9479 -2.0238 -2.0975 -2.1689 -2.3389 -2.5010 -2.6607 -2.8204
 -1.6984 -1.6582 -1.6200 -1.5890 -1.5707 -1.5713 -1.5973 -1.6497 -1.7190 -1.7955
 -1.8737 -1.9516 -2.0280 -2.1026 -2.1752 -2.3483 -2.5119 -2.6706 -2.8273 -2.9820
 -3.1334
 -1.7773 -1.7412 -1.7026 -1.6666 -1.6394 -1.6273 -1.6372 -1.6737 -1.7318 -1.8021
 -1.8774 -1.9540 -2.0302 -2.1051 -2.1783 -2.3539 -2.5194 -2.6780 -2.8331 -2.9851
 -3.1336 -3.2784 -3.4194
 -1.8461 -1.8197 -1.7858 -1.7496 -1.7170 -1.6945 -1.6893 -1.7087 -1.7522 -1.8129
 -1.8829 -1.9568 -2.0317 -2.1062 -2.1796 -2.3567 -2.5240 -2.6832 -2.8375 -2.9878
 -3.1342 -3.2766 -3.4152 -3.5503 -3.6825
 -1.8933 -1.8859 -1.8624 -1.8314 -1.7984 -1.7701 -1.7532 -1.7562 -1.7834 -1.8310
 -1.8925 -1.9615 -2.0339 -2.1071 -2.1801 -2.3577 -2.5263 -2.6865 -2.8405 -2.9898
 -3.1346 -3.2753 -3.4119 -3.5449 -3.6744 -3.8009
 -1.9076 -1.9239 -1.9209 -1.9033 -1.8769 -1.8485 -1.8255 -1.8156 -1.8267 -1.8594
 -1.9092 -1.9705 -2.0382 -2.1089 -2.1806 -2.3576 -2.5271 -2.6882 -2.8424 -2.9911
 -3.1349 -3.2742 -3.4093 -3.5405 -3.6682 -3.7927 -3.9143 -4.0329 -4.1473 -4.2562
 -1.8900 -1.9254 -1.9496 -1.9560 -1.9448 -1.9229 -1.8998 -1.8834 -1.8818 -1.8996
 -1.9357 -1.9863 -2.0467 -2.1128 -2.1819 -2.3571 -2.5268 -2.6887 -2.8433 -2.9918
 -3.1350 -3.2733 -3.4072 -3.5371 -3.6633 -3.7862 -3.9059 -4.0228 -4.1367 -4.2466
 -4.3514
 -1.8772 -1.9146 -1.9494 -1.9769 -1.9920 -1.9934 -1.9841 -1.9700 -1.9593 -1.9602
 -1.9778 -2.0132 -2.0624 -2.1211 -2.1856 -2.3564 -2.5258 -2.6882 -2.8432 -2.9917
 -3.1346 -3.2724 -3.4054 -3.5344 -3.6595 -3.7810 -3.8994 -4.0148 -4.1272 -4.2367
 -4.3426
 -1.8701 -1.9064 -1.9427 -1.9772 -2.0070 -2.0286 -2.0409 -2.0468 -2.0509 -2.0567
 -2.0658 -2.0807 -2.1059 -2.1451 -2.1974 -2.3579 -2.5261 -2.6889 -2.8445 -2.9934
 -3.1363 -3.2738 -3.4065 -3.5349 -3.6593 -3.7801 -3.8975 -4.0118 -4.1230 -4.2313
 -4.3368
 -1.8694 -1.9018 -1.9364 -1.9719 -2.0067 -2.0390 -2.0665 -2.0884 -2.1066 -2.1248
 -2.1451 -2.1672 -2.1899 -2.2140 -2.2437 -2.3624 -2.5239 -2.6862 -2.8421 -2.9911
 -3.1340 -3.2715 -3.4040 -3.5321 -3.6561 -3.7763 -3.8930 -4.0064 -4.1166 -4.2239
 -4.3285
 -1.8803 -1.9060 -1.9353 -1.9682 -2.0030 -2.0386 -2.0734 -2.1060 -2.1356 -2.1633
 -2.1910 -2.2205 -2.2517 -2.2832 -2.3139 -2.3984 -2.5253 -2.6832 -2.8387 -2.9879
 -3.1309 -3.2684 -3.4008 -3.5288 -3.6526 -3.7727 -3.8892 -4.0022 -4.1118 -4.2184
 -4.3222
 -1.9139 -1.9272 -1.9475 -1.9733 -2.0037 -2.0377 -2.0740 -2.1109 -2.1473 -2.1826
 -2.2169 -2.2514 -2.2870 -2.3240 -2.4080 -2.4659 -2.5303 -2.6799 -2.8343
 [Fe/H] =  0.25 [alpha/Fe] = 0.00 BC value = F210M
 -1.4751 -1.4464 -1.4276 -1.4371 -1.4721 -1.5179 -1.5669 -1.6210 -1.7057 -1.7889
 -1.8706 -1.9497 -2.0259 -2.0989 -2.1691 -2.3343
 -1.5546 -1.5171 -1.4877 -1.4756 -1.4833 -1.5109 -1.5583 -1.6255 -1.7081 -1.7911
 -1.8726 -1.9523 -2.0295 -2.1041 -2.1761 -2.3459 -2.5057 -2.6621 -2.8190
 -1.6361 -1.5947 -1.5583 -1.5317 -1.5202 -1.5310 -1.5691 -1.6339 -1.7114 -1.7923
 -1.8732 -1.9529 -2.0306 -2.1062 -2.1794 -2.3529 -2.5152 -2.6712 -2.8254 -2.9784
 -3.1289
 -1.7196 -1.6792 -1.6394 -1.6053 -1.5828 -1.5783 -1.5992 -1.6486 -1.7173 -1.7943
 -1.8735 -1.9526 -2.0303 -2.1063 -2.1803 -2.3564 -2.5211 -2.6778 -2.8307 -2.9812
 -3.1285 -3.2726 -3.4136
 -1.7973 -1.7634 -1.7251 -1.6877 -1.6570 -1.6395 -1.6428 -1.6735 -1.7290 -1.7989
 -1.8748 -1.9524 -2.0295 -2.1054 -2.1796 -2.3574 -2.5243 -2.6822 -2.8346 -2.9835
 -3.1290 -3.2710 -3.4093 -3.5443 -3.6762
 -1.8617 -1.8397 -1.8086 -1.7732 -1.7388 -1.7123 -1.7005 -1.7119 -1.7503 -1.8090
 -1.8788 -1.9533 -2.0290 -2.1043 -2.1784 -2.3570 -2.5254 -2.6846 -2.8372 -2.9852
 -3.1292 -3.2693 -3.4056 -3.5384 -3.6680 -3.7946
 -1.8991 -1.8987 -1.8822 -1.8547 -1.8226 -1.7924 -1.7705 -1.7651 -1.7846 -1.8280
 -1.8881 -1.9571 -2.0299 -2.1037 -2.1772 -2.3557 -2.5252 -2.6856 -2.8387 -2.9862
 -3.1292 -3.2680 -3.4026 -3.5337 -3.6613 -3.7858 -3.9076 -4.0266 -4.1409 -4.2499
 -1.8926 -1.9215 -1.9295 -1.9196 -1.8983 -1.8721 -1.8474 -1.8315 -1.8335 -1.8593
 -1.9058 -1.9661 -2.0337 -2.1046 -2.1766 -2.3542 -2.5241 -2.6855 -2.8392 -2.9866
 -3.1290 -3.2668 -3.4002 -3.5298 -3.6558 -3.7787 -3.8986 -4.0158 -4.1300 -4.2401
 -4.3451
 -1.8774 -1.9140 -1.9445 -1.9619 -1.9623 -1.9484 -1.9274 -1.9080 -1.8985 -1.9069
 -1.9364 -1.9836 -2.0427 -2.1085 -2.1775 -2.3526 -2.5225 -2.6845 -2.8388 -2.9864
 -3.1285 -3.2656 -3.3982 -3.5267 -3.6515 -3.7729 -3.8914 -4.0070 -4.1198 -4.2298
 -4.3359
 -1.8682 -1.9053 -1.9411 -1.9723 -1.9946 -2.0049 -2.0044 -1.9975 -1.9904 -1.9891
 -1.9997 -2.0254 -2.0668 -2.1210 -2.1835 -2.3530 -2.5222 -2.6848 -2.8399 -2.9880
 -3.1301 -3.2670 -3.3991 -3.5269 -3.6509 -3.7714 -3.8888 -4.0032 -4.1148 -4.2236
 -4.3296
 -1.8626 -1.8984 -1.9345 -1.9698 -2.0021 -2.0287 -2.0473 -2.0589 -2.0674 -2.0777
 -2.0918 -2.1108 -2.1353 -2.1671 -2.2085 -2.3532 -2.5193 -2.6817 -2.8372 -2.9857
 -3.1279 -3.2647 -3.3965 -3.5239 -3.6472 -3.7670 -3.8836 -3.9971 -4.1076 -4.2154
 -4.3205
 -1.8622 -1.8946 -1.9287 -1.9641 -1.9994 -2.0333 -2.0640 -2.0901 -2.1122 -2.1331
 -2.1561 -2.1828 -2.2122 -2.2430 -2.2751 -2.3744 -2.5176 -2.6779 -2.8334 -2.9823
 -3.1247 -3.2616 -3.3933 -3.5206 -3.6436 -3.7631 -3.8792 -3.9922 -4.1020 -4.2091
 -4.3134
 -1.8725 -1.8982 -1.9279 -1.9599 -1.9947 -2.0305 -2.0664 -2.1010 -2.1337 -2.1643
 -2.1945 -2.2263 -2.2607 -2.2971 -2.3833 -2.4166 -2.5171 -2.6734 -2.8285
 [Fe/H] =  0.50 [alpha/Fe] = 0.00 BC value = F210M
 -1.4194 -1.3101 -1.2738 -1.2991 -1.3627 -1.4455 -1.5359 -1.6227 -1.7100 -1.7951
 -1.8783 -1.9589 -2.0364 -2.1106 -2.1812 -2.3460
 -1.4939 -1.4301 -1.3987 -1.3964 -1.4204 -1.4680 -1.5370 -1.6219 -1.7082 -1.7935
 -1.8767 -1.9578 -2.0363 -2.1119 -2.1847 -2.3549 -2.5131 -2.6662 -2.8198
 -1.5744 -1.5322 -1.5002 -1.4793 -1.4766 -1.4980 -1.5478 -1.6239 -1.7072 -1.7913
 -1.8742 -1.9554 -2.0344 -2.1110 -2.1850 -2.3592 -2.5205 -2.6741 -2.8260 -2.9766
 -3.1253
 -1.6609 -1.6165 -1.5784 -1.5478 -1.5314 -1.5355 -1.5683 -1.6304 -1.7077 -1.7895
 -1.8715 -1.9525 -2.0316 -2.1087 -2.1834 -2.3605 -2.5246 -2.6796 -2.8300 -2.9784
 -3.1244 -3.2676 -3.4081
 -1.7457 -1.7058 -1.6647 -1.6277 -1.6005 -1.5893 -1.6022 -1.6454 -1.7122 -1.7894
 -1.8694 -1.9496 -2.0285 -2.1056 -2.1808 -2.3597 -2.5263 -2.6829 -2.8333 -2.9804
 -3.1246 -3.2657 -3.4034 -3.5381 -3.6699
 -1.8208 -1.7900 -1.7528 -1.7145 -1.6804 -1.6573 -1.6523 -1.6739 -1.7244 -1.7929
 -1.8691 -1.9474 -2.0255 -2.1025 -2.1777 -2.3576 -2.5260 -2.6843 -2.8353 -2.9817
 -3.1245 -3.2638 -3.3995 -3.5319 -3.6612 -3.7878
 -1.8783 -1.8628 -1.8356 -1.8016 -1.7665 -1.7363 -1.7177 -1.7192 -1.7487 -1.8034
 -1.8722 -1.9470 -2.0235 -2.0997 -2.1747 -2.3550 -2.5246 -2.6844 -2.8362 -2.9824
 -3.1242 -3.2622 -3.3962 -3.5268 -3.6541 -3.7785 -3.9003 -4.0191 -4.1335 -4.2427
 -1.8920 -1.9037 -1.9009 -1.8803 -1.8513 -1.8204 -1.7945 -1.7810 -1.7895 -1.8252
 -1.8820 -1.9503 -2.0234 -2.0979 -2.1721 -2.3522 -2.5225 -2.6835 -2.8362 -2.9825
 -3.1238 -3.2607 -3.3935 -3.5226 -3.6483 -3.7709 -3.8907 -4.0079 -4.1224 -4.2325
 -4.3377
 -1.8803 -1.9141 -1.9353 -1.9367 -1.9221 -1.8986 -1.8747 -1.8556 -1.8485 -1.8633
 -1.9028 -1.9601 -2.0270 -2.0982 -2.1706 -2.3495 -2.5200 -2.6818 -2.8354 -2.9820
 -3.1230 -3.2594 -3.3913 -3.5192 -3.6435 -3.7646 -3.8829 -3.9985 -4.1115 -4.2218
 -4.3280
 -1.8692 -1.9061 -1.9396 -1.9646 -1.9757 -1.9720 -1.9579 -1.9403 -1.9273 -1.9266
 -1.9454 -1.9849 -2.0399 -2.1042 -2.1729 -2.3487 -2.5191 -2.6816 -2.8361 -2.9834
 -3.1246 -3.2607 -3.3921 -3.5193 -3.6426 -3.7626 -3.8797 -3.9940 -4.1057 -4.2148
 -4.3213
 -1.8619 -1.8987 -1.9349 -1.9684 -1.9959 -2.0139 -2.0213 -2.0212 -2.0188 -2.0189
 -2.0271 -2.0475 -2.0808 -2.1264 -2.1824 -2.3466 -2.5156 -2.6782 -2.8333 -2.9811
 -3.1224 -3.2584 -3.3895 -3.5162 -3.6388 -3.7579 -3.8740 -3.9872 -4.0978 -4.2058
 -4.3113
 -1.8574 -1.8922 -1.9283 -1.9640 -1.9981 -2.0282 -2.0523 -2.0694 -2.0820 -2.0944
 -2.1105 -2.1324 -2.1599 -2.1926 -2.2309 -2.3547 -2.5122 -2.6739 -2.8292 -2.9776
 -3.1194 -3.2554 -3.3864 -3.5129 -3.6351 -3.7537 -3.8692 -3.9817 -4.0915 -4.1987
 -4.3033
 -1.8562 -1.8883 -1.9220 -1.9574 -1.9932 -2.0283 -2.0615 -2.0912 -2.1171 -2.1406
 -2.1648 -2.1924 -2.2245 -2.2597 -2.3184 -2.3730 -2.5089 -2.6687 -2.8238
 [Fe/H] =  0.75 [alpha/Fe] = 0.00 BC value = F210M
 -1.3662 -1.3368 -1.3485 -1.3962 -1.4566 -1.5171 -1.5721 -1.6269 -1.7164 -1.8033
 -1.8876 -1.9696 -2.0483 -2.1236 -2.1954 -2.3612
 -1.4354 -1.3999 -1.3888 -1.3996 -1.4302 -1.4784 -1.5428 -1.6216 -1.7106 -1.7978
 -1.8825 -1.9649 -2.0445 -2.1212 -2.1947 -2.3657 -2.5227 -2.6730 -2.8230
 -1.5142 -1.4737 -1.4463 -1.4326 -1.4400 -1.4728 -1.5337 -1.6185 -1.7059 -1.7924
 -1.8769 -1.9595 -2.0397 -2.1173 -2.1921 -2.3674 -2.5280 -2.6795 -2.8277 -2.9755
 -3.1225
 -1.6026 -1.5583 -1.5209 -1.4951 -1.4861 -1.5003 -1.5449 -1.6182 -1.7021 -1.7873
 -1.8715 -1.9539 -2.0343 -2.1125 -2.1881 -2.3663 -2.5303 -2.6836 -2.8316 -2.9775
 -3.1218 -3.2640 -3.4034
 -1.6933 -1.6488 -1.6064 -1.5714 -1.5491 -1.5457 -1.5692 -1.6246 -1.7008 -1.7833
 -1.8664 -1.9484 -2.0288 -2.1072 -2.1833 -2.3636 -2.5302 -2.6857 -2.8341 -2.9789
 -3.1214 -3.2612 -3.3981 -3.5321 -3.6634
 -1.7778 -1.7393 -1.6975 -1.6578 -1.6255 -1.6073 -1.6103 -1.6431 -1.7051 -1.7817
 -1.8624 -1.9435 -2.0236 -2.1019 -2.1783 -2.3598 -2.5285 -2.6860 -2.8354 -2.9798
 -3.1209 -3.2590 -3.3939 -3.5256 -3.6544 -3.7807
 -1.8487 -1.8220 -1.7870 -1.7484 -1.7117 -1.6830 -1.6692 -1.6791 -1.7199 -1.7850
 -1.8608 -1.9399 -2.0189 -2.0969 -2.1733 -2.3556 -2.5257 -2.6851 -2.8356 -2.9800
 -3.1204 -3.2572 -3.3904 -3.5204 -3.6471 -3.7711 -3.8926 -4.0112 -4.1251 -4.2344
 -1.8918 -1.8864 -1.8669 -1.8361 -1.8010 -1.7681 -1.7434 -1.7346 -1.7514 -1.7978
 -1.8640 -1.9386 -2.0156 -2.0927 -2.1687 -2.3513 -2.5224 -2.6831 -2.8349 -2.9798
 -3.1197 -3.2556 -3.3876 -3.5160 -3.6411 -3.7631 -3.8826 -3.9996 -4.1139 -4.2237
 -4.3291
 -1.8873 -1.9134 -1.9184 -1.9057 -1.8820 -1.8539 -1.8267 -1.8069 -1.8036 -1.8264
 -1.8761 -1.9421 -2.0149 -2.0899 -2.1650 -2.3472 -2.5188 -2.6806 -2.8335 -2.9790
 -3.1188 -3.2541 -3.3851 -3.5124 -3.6360 -3.7566 -3.8744 -3.9896 -4.1025 -4.2129
 -4.3190
 -1.8734 -1.9088 -1.9372 -1.9520 -1.9482 -1.9301 -1.9068 -1.8869 -1.8753 -1.8785
 -1.9061 -1.9567 -2.0210 -2.0917 -2.1645 -2.3451 -2.5171 -2.6796 -2.8337 -2.9801
 -3.1202 -3.2553 -3.3859 -3.5123 -3.6350 -3.7542 -3.8707 -3.9845 -4.0960 -4.2051
 -4.3118
 -1.8648 -1.9014 -1.9363 -1.9663 -1.9862 -1.9927 -1.9872 -1.9752 -1.9629 -1.9574
 -1.9658 -1.9942 -2.0411 -2.1003 -2.1664 -2.3413 -2.5128 -2.6758 -2.8305 -2.9776
 -3.1180 -3.2530 -3.3832 -3.5091 -3.6310 -3.7493 -3.8647 -3.9773 -4.0875 -4.1954
 -4.3011
 -1.8587 -1.8947 -1.9308 -1.9657 -1.9968 -2.0211 -2.0361 -2.0426 -2.0449 -2.0478
 -2.0553 -2.0723 -2.1012 -2.1416 -2.1911 -2.3420 -2.5084 -2.6711 -2.8264 -2.9741
 -3.1151 -3.2503 -3.3803 -3.5059 -3.6273 -3.7451 -3.8597 -3.9714 -4.0806 -4.1876
 -4.2924
 -1.8541 -1.8884 -1.9237 -1.9597 -1.9948 -2.0277 -2.0562 -2.0788 -2.0961 -2.1111
 -2.1278 -2.1497 -2.1776 -2.2117 -2.2386 -2.3472 -2.5039 -2.6655 -2.8214
 [Fe/H] =  1.00 [alpha/Fe] = 0.00 BC value = F210M
 -1.3173 -1.3800 -1.4515 -1.4881 -1.5152 -1.5411 -1.5754 -1.6337 -1.7250 -1.8134
 -1.8989 -1.9819 -2.0617 -2.1379 -2.2105 -2.3768
 -1.3804 -1.3591 -1.3600 -1.3806 -1.4190 -1.4735 -1.5425 -1.6245 -1.7155 -1.8042
 -1.8904 -1.9738 -2.0545 -2.1320 -2.2064 -2.3782 -2.5343 -2.6825 -2.8284
 -1.4566 -1.3940 -1.3653 -1.3672 -1.3966 -1.4508 -1.5268 -1.6170 -1.7072 -1.7956
 -1.8818 -1.9655 -2.0468 -2.1253 -2.2010 -2.3773 -2.5376 -2.6875 -2.8328 -2.9774
 -3.1218
 -1.5459 -1.4844 -1.4675 -1.4480 -1.4479 -1.4729 -1.5284 -1.6112 -1.6995 -1.7873
 -1.8734 -1.9572 -2.0388 -2.1180 -2.1945 -2.3741 -2.5380 -2.6901 -2.8357 -2.9790
 -3.1208 -3.2610 -3.3990
 -1.6416 -1.5937 -1.5515 -1.5199 -1.5039 -1.5094 -1.5439 -1.6101 -1.6937 -1.7799
 -1.8654 -1.9493 -2.0309 -2.1104 -2.1875 -2.3694 -2.5363 -2.6909 -2.8373 -2.9799
 -3.1200 -3.2580 -3.3936 -3.5266 -3.6570
 -1.7349 -1.6896 -1.6445 -1.6048 -1.5758 -1.5638 -1.5756 -1.6195 -1.6916 -1.7742
 -1.8583 -1.9417 -2.0232 -2.1029 -2.1803 -2.3638 -2.5330 -2.6900 -2.8378 -2.9801
 -3.1192 -3.2557 -3.3893 -3.5200 -3.6480 -3.7736
 -1.8173 -1.7812 -1.7395 -1.6975 -1.6607 -1.6350 -1.6270 -1.6460 -1.6978 -1.7718
 -1.8529 -1.9350 -2.0162 -2.0956 -2.1733 -2.3578 -2.5288 -2.6879 -2.8372 -2.9799
 -3.1184 -3.2537 -3.3858 -3.5147 -3.6405 -3.7638 -3.8848 -4.0025 -4.1158 -4.2249
 -1.8803 -1.8594 -1.8289 -1.7911 -1.7526 -1.7190 -1.6968 -1.6938 -1.7199 -1.7767
 -1.8508 -1.9301 -2.0100 -2.0890 -2.1666 -2.3518 -2.5241 -2.6848 -2.8358 -2.9792
 -3.1174 -3.2518 -3.3827 -3.5102 -3.6344 -3.7558 -3.8746 -3.9911 -4.1047 -4.2140
 -4.3194
 -1.8978 -1.9071 -1.8987 -1.8753 -1.8434 -1.8094 -1.7800 -1.7619 -1.7642 -1.7961
 -1.8555 -1.9286 -2.0059 -2.0837 -2.1606 -2.3460 -2.5192 -2.6812 -2.8336 -2.9779
 -3.1162 -3.2502 -3.3801 -3.5065 -3.6293 -3.7491 -3.8661 -3.9807 -4.0932 -4.2031
 -4.3089
 -1.8821 -1.9143 -1.9327 -1.9332 -1.9151 -1.8896 -1.8644 -1.8432 -1.8316 -1.8395
 -1.8759 -1.9359 -2.0071 -2.0821 -2.1578 -2.3423 -2.5162 -2.6793 -2.8330 -2.9785
 -3.1174 -3.2512 -3.3807 -3.5063 -3.6281 -3.7466 -3.8623 -3.9753 -4.0861 -4.1949
 -4.3013
 -1.8713 -1.9068 -1.9393 -1.9631 -1.9720 -1.9648 -1.9464 -1.9254 -1.9104 -1.9068
 -1.9202 -1.9585 -2.0163 -2.0839 -2.1556 -2.3371 -2.5111 -2.6748 -2.8294 -2.9758
 -3.1152 -3.2490 -3.3781 -3.5031 -3.6241 -3.7416 -3.8561 -3.9679 -4.0773 -4.1847
 -4.2901
 -1.8645 -1.9001 -1.9354 -1.9682 -1.9946 -2.0106 -2.0145 -2.0095 -2.0014 -1.9954
 -1.9977 -2.0148 -2.0512 -2.1036 -2.1652 -2.3341 -2.5056 -2.6697 -2.8249 -2.9722
 -3.1123 -3.2464 -3.3754 -3.5000 -3.6205 -3.7374 -3.8510 -3.9618 -4.0701 -4.1764
 -4.2807
 -1.8593 -1.8935 -1.9290 -1.9644 -1.9978 -2.0269 -2.0490 -2.0627 -2.0702 -2.0762
 -2.0847 -2.0993 -2.1233 -2.1589 -2.1866 -2.3333 -2.4997 -2.6640 -2.8195
