 [Fe/H] = -2.50 [alpha/Fe] = 0.00 BC value = F360M
  3.3939  3.3138  3.2481  3.1876  3.1463  3.1194  3.1329  3.1065  3.0684  3.0172
  2.9534  2.8825  2.8074  2.7281  2.6508  2.4608  2.2762  2.1077  1.9399
  3.4622  3.3806  3.3029  3.2288  3.1630  3.1114  3.0702  3.0344  2.9988  2.9586
  2.9076  2.8445  2.7735  2.6995  2.6246  2.4384  2.2571  2.0830  1.9168  1.7581
  3.4512  3.3752  3.3001  3.2277  3.1597  3.0965  3.0392  2.9918  2.9496  2.9074
  2.8627  2.8104  2.7469  2.6765  2.6036  2.4206  2.2410  2.0674  1.9015  1.7434
  1.5924
  3.4276  3.3583  3.2879  3.2178  3.1496  3.0851  3.0253  2.9690  2.9163  2.8679
  2.8198  2.7717  2.7176  2.6541  2.5850  2.4065  2.2292  2.0560  1.8900  1.7322
  1.5818  1.4377
  3.3872  3.3270  3.2642  3.1994  3.1338  3.0693  3.0074  2.9491  2.8934  2.8390
  2.7860  2.7341  2.6828  2.6265  2.5643  2.3940  2.2205  2.0486  1.8820  1.7238
  1.5735  1.4301  1.2926  1.1601
  3.3291  3.2790  3.2258  3.1691  3.1094  3.0481  2.9870  2.9275  2.8700  2.8143
  2.7593  2.7043  2.6511  2.5964  2.5384  2.3803  2.2129  2.0443  1.8776  1.7182
  1.5674  1.4240  1.2870  1.1554  1.0284  0.9055  0.7863  0.6704  0.5575  0.4474
  3.2576  3.2146  3.1712  3.1242  3.0729  3.0179  2.9607  2.9030  2.8456  2.7893
  2.7339  2.6787  2.6240  2.5696  2.5133  2.3635  2.2042  2.0412  1.8766  1.7159
  1.5635  1.4195  1.2824  1.1512  1.0252  0.9036  0.7858  0.6715  0.5601  0.4514
  0.3451
  3.1740  3.1375  3.1014  3.0636  3.0219  2.9752  2.9248  2.8718  2.8172  2.7623
  2.7075  2.6528  2.5982  2.5443  2.4895  2.3462  2.1939  2.0370  1.8772  1.7171
  1.5628  1.4170  1.2791  1.1477  1.0218  0.9009  0.7843  0.6713  0.5615  0.4544
  0.3497
  3.0838  3.0513  3.0193  2.9878  2.9548  2.9175  2.8754  2.8293  2.7802  2.7291
  2.6768  2.6238  2.5705  2.5174  2.4640  2.3267  2.1813  2.0295  1.8748  1.7180
  1.5631  1.4148  1.2749  1.1425  1.0162  0.8952  0.7787  0.6661  0.5571  0.4515
  0.3491
  2.9871  2.9560  2.9314  2.9028  2.8750  2.8458  2.8127  2.7750  2.7334  2.6884
  2.6411  2.5917  2.5412  2.4899  2.4382  2.3064  2.1688  2.0235  1.8736  1.7214
  1.5689  1.4196  1.2772  1.1426  1.0152  0.8936  0.7771  0.6649  0.5543  0.4496
  0.3487
  2.8838  2.8516  2.8377  2.8143  2.7865  2.7611  2.7352  2.7061  2.6728  2.6358
  2.5954  2.5520  2.5062  2.4586  2.4098  2.2835  2.1530  2.0152  1.8708  1.7231
  1.5744  1.4267  1.2831  1.1459  1.0162  0.8932  0.7758  0.6633  0.5552  0.4507
  0.3497
  2.7739  2.7381  2.7382  2.7234  2.6947  2.6693  2.6463  2.6231  2.5976  2.5690
  2.5369  2.5012  2.4623  2.4205  2.3788  2.2580  2.1339  2.0046  1.8664
 [Fe/H] = -2.00 [alpha/Fe] = 0.00 BC value = F360M
  3.4032  3.3372  3.2832  3.2359  3.1983  3.1663  3.1461  3.1092  3.0644  3.0097
  2.9449  2.8734  2.7992  2.7233  2.6481  2.4621  2.2798  2.1075  1.9394
  3.4372  3.3514  3.2718  3.2062  3.1536  3.1113  3.0761  3.0430  3.0063  2.9620
  2.9073  2.8417  2.7696  2.6955  2.6212  2.4374  2.2581  2.0848  1.9189  1.7603
  3.4517  3.3684  3.2880  3.2127  3.1428  3.0834  3.0359  2.9951  2.9566  2.9169
  2.8709  2.8147  2.7476  2.6751  2.6013  2.4185  2.2408  2.0689  1.9037  1.7458
  1.5948
  3.4547  3.3748  3.2960  3.2202  3.1494  3.0851  3.0257  2.9722  2.9260  2.8814
  2.8359  2.7861  2.7274  2.6590  2.5871  2.4050  2.2282  2.0572  1.8923  1.7348
  1.5844  1.4404
  3.4444  3.3704  3.2957  3.2217  3.1500  3.0825  3.0207  2.9641  2.9094  2.8571
  2.8070  2.7572  2.7041  2.6428  2.5743  2.3953  2.2195  2.0492  1.8844  1.7267
  1.5765  1.4330  1.2955  1.1629
  3.4173  3.3516  3.2837  3.2147  3.1454  3.0775  3.0126  2.9520  2.8955  2.8406
  2.7854  2.7307  2.6777  2.6216  2.5597  2.3877  2.2137  2.0444  1.8797  1.7213
  1.5706  1.4272  1.2901  1.1584  1.0314  0.9084  0.7888  0.6725  0.5593  0.4494
  3.3708  3.3152  3.2565  3.1951  3.1315  3.0668  3.0024  2.9397  2.8799  2.8229
  2.7672  2.7108  2.6546  2.5983  2.5394  2.3794  2.2094  2.0420  1.8782  1.7189
  1.5670  1.4229  1.2858  1.1544  1.0282  0.9064  0.7883  0.6736  0.5621  0.4533
  0.3469
  3.3077  3.2606  3.2118  3.1598  3.1043  3.0458  2.9854  2.9244  2.8639  2.8050
  2.7480  2.6916  2.6353  2.5784  2.5200  2.3665  2.2044  2.0404  1.8787  1.7197
  1.5662  1.4206  1.2827  1.1511  1.0251  0.9040  0.7869  0.6736  0.5636  0.4564
  0.3516
  3.2327  3.1910  3.1502  3.1075  3.0610  3.0106  2.9567  2.9003  2.8424  2.7842
  2.7266  2.6699  2.6137  2.5577  2.5007  2.3513  2.1951  2.0359  1.8774  1.7203
  1.5662  1.4184  1.2787  1.1461  1.0197  0.8986  0.7819  0.6692  0.5601  0.4543
  0.3511
  3.1539  3.1136  3.0768  3.0410  3.0032  2.9614  2.9155  2.8661  2.8136  2.7590
  2.7034  2.6474  2.5918  2.5365  2.4810  2.3371  2.1867  2.0325  1.8779  1.7242
  1.5717  1.4230  1.2809  1.1464  1.0189  0.8972  0.7804  0.6681  0.5596  0.4546
  0.3507
  3.0763  3.0340  2.9968  2.9636  2.9316  2.8976  2.8598  2.8182  2.7728  2.7242
  2.6731  2.6202  2.5665  2.5125  2.4584  2.3202  2.1760  2.0274  1.8769  1.7268
  1.5774  1.4299  1.2866  1.1497  1.0201  0.8970  0.7794  0.6667  0.5582  0.4535
  0.3521
  3.0035  2.9564  2.9160  2.8814  2.8505  2.8213  2.7902  2.7560  2.7181  2.6768
  2.6322  2.5847  2.5379  2.4868  2.4329  2.3006  2.1630  2.0206  1.8744
 [Fe/H] = -1.50 [alpha/Fe] = 0.00 BC value = F360M
  3.4319  3.3774  3.3324  3.2934  3.2569  3.2193  3.1772  3.1287  3.0739  3.0118
  2.9428  2.8693  2.7950  2.7209  2.6472  2.4648  2.2850  2.1108  1.9427
  3.4106  3.3394  3.2801  3.2311  3.1893  3.1508  3.1116  3.0697  3.0233  2.9706
  2.9096  2.8404  2.7670  2.6928  2.6190  2.4374  2.2602  2.0880  1.9224  1.7638
  3.4351  3.3494  3.2692  3.2011  3.1456  3.0994  3.0582  3.0181  2.9766  2.9312
  2.8789  2.8173  2.7472  2.6737  2.5998  2.4180  2.2418  2.0714  1.9071  1.7495
  1.5986
  3.4552  3.3709  3.2901  3.2138  3.1429  3.0793  3.0267  2.9812  2.9380  2.8943
  2.8474  2.7941  2.7309  2.6601  2.5867  2.4047  2.2286  2.0592  1.8958  1.7388
  1.5886  1.4445
  3.4650  3.3830  3.3023  3.2243  3.1518  3.0849  3.0233  2.9668  2.9151  2.8675
  2.8199  2.7694  2.7134  2.6484  2.5772  2.3959  2.2198  2.0507  1.8878  1.7311
  1.5811  1.4375  1.2998  1.1670
  3.4647  3.3867  3.3086  3.2315  3.1570  3.0867  3.0220  2.9631  2.9073  2.8519
  2.7987  2.7471  2.6936  2.6348  2.5687  2.3903  2.2144  2.0454  1.8827  1.7259
  1.5757  1.4321  1.2949  1.1630  1.0356  0.9120  0.7920  0.6754  0.5621  0.4522
  3.4506  3.3790  3.3059  3.2324  3.1595  3.0883  3.0203  2.9568  2.8977  2.8415
  2.7853  2.7285  2.6730  2.6167  2.5564  2.3861  2.2114  2.0427  1.8802  1.7232
  1.5723  1.4283  1.2910  1.1594  1.0329  0.9107  0.7921  0.6770  0.5651  0.4562
  0.3499
  3.4187  3.3557  3.2901  3.2227  3.1543  3.0857  3.0179  2.9521  2.8893  2.8297
  2.7722  2.7149  2.6569  2.5988  2.5395  2.3807  2.2097  2.0419  1.8799  1.7230
  1.5713  1.4262  1.2883  1.1565  1.0303  0.9087  0.7912  0.6774  0.5669  0.4594
  0.3546
  3.3679  3.3141  3.2573  3.1979  3.1363  3.0730  3.0086  2.9441  2.8803  2.8182
  2.7583  2.6998  2.6417  2.5832  2.5236  2.3685  2.2056  2.0398  1.8788  1.7226
  1.5705  1.4240  1.2845  1.1519  1.0252  0.9037  0.7866  0.6735  0.5640  0.4576
  0.3542
  3.3036  3.2565  3.2082  3.1577  3.1043  3.0483  2.9900  2.9299  2.8684  2.8068
  2.7459  2.6861  2.6274  2.5692  2.5104  2.3581  2.2005  2.0399  1.8809  1.7263
  1.5752  1.4280  1.2867  1.1524  1.0248  0.9028  0.7856  0.6728  0.5639  0.4584
  0.3541
  3.2325  3.1877  3.1451  3.1020  3.0567  3.0087  2.9578  2.9041  2.8478  2.7896
  2.7304  2.6709  2.6120  2.5538  2.4957  2.3475  2.1940  2.0381  1.8824  1.7299
  1.5807  1.4343  1.2920  1.1556  1.0261  0.9028  0.7849  0.6718  0.5629  0.4577
  0.3560
  3.1606  3.1148  3.0732  3.0346  2.9954  2.9546  2.9112  2.8647  2.8151  2.7626
  2.7076  2.6510  2.5935  2.5360  2.4795  2.3367  2.1861  2.0344  1.8833
 [Fe/H] = -1.00 [alpha/Fe] = 0.00 BC value = F360M
  3.4801  3.4344  3.3955  3.3601  3.3222  3.2783  3.2262  3.1650  3.0969  3.0235
  2.9471  2.8703  2.7948  2.7209  2.6480  2.4688  2.2918  2.1179  1.9497
  3.4348  3.3791  3.3323  3.2923  3.2548  3.2147  3.1685  3.1156  3.0562  2.9906
  2.9195  2.8447  2.7689  2.6940  2.6203  2.4403  2.2649  2.0940  1.9285  1.7697
  3.4169  3.3472  3.2893  3.2411  3.1994  3.1594  3.1169  3.0696  3.0173  2.9594
  2.8954  2.8253  2.7513  2.6763  2.6020  2.4210  2.2458  2.0765  1.9129  1.7556
  1.6045
  3.4418  3.3567  3.2788  3.2129  3.1595  3.1141  3.0710  3.0264  2.9787  2.9271
  2.8704  2.8072  2.7375  2.6641  2.5899  2.4080  2.2326  2.0639  1.9015  1.7452
  1.5950  1.4508
  3.4640  3.3776  3.2978  3.2241  3.1559  3.0936  3.0396  2.9916  2.9444  2.8955
  2.8436  2.7870  2.7239  2.6544  2.5815  2.3996  2.2239  2.0552  1.8934  1.7377
  1.5881  1.4444  1.3065  1.1733
  3.4761  3.3940  3.3133  3.2356  3.1638  3.0976  3.0358  2.9773  2.9219  2.8702
  2.8191  2.7655  2.7077  2.6441  2.5746  2.3942  2.2184  2.0496  1.8879  1.7326
  1.5832  1.4397  1.3023  1.1700  1.0422  0.9181  0.7973  0.6799  0.5662  0.4565
  3.4805  3.4011  3.3221  3.2441  3.1687  3.0973  3.0312  2.9705  2.9132  2.8567
  2.8004  2.7454  2.6897  2.6308  2.5667  2.3907  2.2152  2.0464  1.8847  1.7294
  1.5801  1.4365  1.2991  1.1672  1.0402  0.9174  0.7981  0.6822  0.5696  0.4605
  0.3546
  3.4761  3.4009  3.3249  3.2490  3.1739  3.1007  3.0308  2.9651  2.9038  2.8457
  2.7886  2.7309  2.6726  2.6143  2.5541  2.3880  2.2137  2.0451  1.8834  1.7282
  1.5788  1.4349  1.2970  1.1650  1.0383  0.9162  0.7980  0.6834  0.5721  0.4641
  0.3592
  3.4580  3.3889  3.3182  3.2462  3.1737  3.1018  3.0312  2.9629  2.8976  2.8356
  2.7762  2.7178  2.6590  2.5992  2.5386  2.3808  2.2111  2.0430  1.8814  1.7263
  1.5768  1.4324  1.2937  1.1610  1.0339  0.9119  0.7941  0.6803  0.5700  0.4629
  0.3589
  3.4242  3.3626  3.2992  3.2333  3.1660  3.0977  3.0294  2.9616  2.8951  2.8305
  2.7681  2.7076  2.6480  2.5883  2.5278  2.3720  2.2105  2.0446  1.8836  1.7290
  1.5798  1.4353  1.2957  1.1618  1.0340  0.9115  0.7937  0.6802  0.5706  0.4643
  0.3613
  3.3745  3.3203  3.2646  3.2059  3.1453  3.0830  3.0193  2.9548  2.8899  2.8253
  2.7617  2.6993  2.6382  2.5780  2.5178  2.3641  2.2063  2.0460  1.8864  1.7326
  1.5842  1.4401  1.3000  1.1648  1.0355  0.9120  0.7936  0.6799  0.5703  0.4644
  0.3619
  3.3138  3.2651  3.2154  3.1637  3.1101  3.0547  2.9973  2.9382  2.8775  2.8156
  2.7532  2.6909  2.6290  2.5680  2.5086  2.3571  2.1985  2.0472  1.8898
 [Fe/H] = -0.75 [alpha/Fe] = 0.00 BC value = F360M
  3.5115  3.4692  3.4323  3.3969  3.3573  3.3101  3.2530  3.1853  3.1102  3.0312
  2.9513  2.8727  2.7962  2.7218  2.6490  2.4713  2.2958  2.1228  1.9546
  3.4590  3.4082  3.3653  3.3277  3.2907  3.2495  3.2001  3.1417  3.0752  3.0026
  2.9263  2.8486  2.7715  2.6960  2.6221  2.4427  2.2681  2.0977  1.9326  1.7736
  3.4279  3.3669  3.3159  3.2725  3.2339  3.1951  3.1512  3.0999  3.0413  2.9761
  2.9055  2.8310  2.7548  2.6790  2.6044  2.4235  2.2488  2.0798  1.9166  1.7594
  1.6083
  3.4308  3.3514  3.2853  3.2315  3.1868  3.1463  3.1048  3.0585  3.0064  2.9484
  2.8846  2.8154  2.7423  2.6673  2.5926  2.4107  2.2357  2.0671  1.9049  1.7490
  1.5989  1.4546
  3.4492  3.3683  3.2957  3.2236  3.1611  3.1095  3.0644  3.0193  2.9709  2.9184
  2.8612  2.7986  2.7305  2.6584  2.5845  2.4023  2.2270  2.0584  1.8967  1.7415
  1.5922  1.4486  1.3106  1.1772
  3.4702  3.3934  3.3130  3.2371  3.1678  3.1049  3.0463  2.9917  2.9406  2.8897
  2.8363  2.7788  2.7168  2.6495  2.5782  2.3969  2.2214  2.0528  1.8911  1.7362
  1.5874  1.4442  1.3068  1.1744  1.0463  0.9218  0.8007  0.6830  0.5689  0.4591
  3.4848  3.4039  3.3242  3.2466  3.1727  3.1041  3.0412  2.9828  2.9258  2.8690
  2.8135  2.7582  2.7003  2.6382  2.5714  2.3934  2.2180  2.0494  1.8878  1.7330
  1.5843  1.4413  1.3040  1.1720  1.0448  0.9217  0.8020  0.6857  0.5727  0.4632
  0.3575
  3.4870  3.4088  3.3310  3.2539  3.1784  3.1058  3.0374  2.9738  2.9141  2.8566
  2.7991  2.7408  2.6823  2.6230  2.5612  2.3910  2.2162  2.0477  1.8862  1.7315
  1.5829  1.4398  1.3023  1.1702  1.0434  0.9210  0.8025  0.6874  0.5756  0.4671
  0.3621
  3.4804  3.4063  3.3315  3.2566  3.1819  3.1085  3.0373  2.9694  2.9051  2.8442
  2.7853  2.7268  2.6674  2.6070  2.5459  2.3857  2.2137  2.0453  1.8837  1.7290
  1.5804  1.4372  1.2992  1.1666  1.0394  0.9171  0.7990  0.6847  0.5740  0.4664
  0.3621
  3.4628  3.3938  3.3244  3.2534  3.1817  3.1100  3.0390  2.9696  2.9024  2.8380
  2.7761  2.7159  2.6563  2.5960  2.5349  2.3779  2.2141  2.0468  1.8856  1.7311
  1.5827  1.4394  1.3009  1.1676  1.0397  0.9171  0.7990  0.6852  0.5750  0.4683
  0.3648
  3.4297  3.3678  3.3043  3.2394  3.1726  3.1047  3.0364  2.9683  2.9009  2.8349
  2.7706  2.7081  2.6469  2.5863  2.5255  2.3703  2.2112  2.0489  1.8883  1.7342
  1.5863  1.4432  1.3046  1.1704  1.0414  0.9179  0.7993  0.6853  0.5753  0.4689
  0.3659
  3.3817  3.3265  3.2700  3.2116  3.1511  3.0888  3.0252  2.9607  2.8957  2.8306
  2.7660  2.7023  2.6397  2.5780  2.5177  2.3629  2.2050  2.0516  1.8918
 [Fe/H] = -0.50 [alpha/Fe] = 0.00 BC value = F360M
  3.5463  3.5072  3.4718  3.4356  3.3934  3.3421  3.2794  3.2049  3.1234  3.0398
  2.9571  2.8767  2.7990  2.7240  2.6511  2.4743  2.3003  2.1283  1.9603
  3.4876  3.4413  3.4017  3.3657  3.3282  3.2849  3.2317  3.1673  3.0938  3.0150
  2.9343  2.8541  2.7756  2.6993  2.6251  2.4460  2.2721  2.1023  1.9374  1.7783
  3.4481  3.3931  3.3468  3.3073  3.2706  3.2320  3.1862  3.1305  3.0654  2.9930
  2.9163  2.8379  2.7597  2.6829  2.6079  2.4270  2.2528  2.0839  1.9209  1.7638
  1.6126
  3.4297  3.3623  3.3062  3.2597  3.2198  3.1820  3.1411  3.0924  3.0351  2.9701
  2.8993  2.8246  2.7482  2.6717  2.5964  2.4144  2.2397  2.0712  1.9090  1.7533
  1.6034  1.4590
  3.4518  3.3675  3.2923  3.2298  3.1797  3.1374  3.0971  3.0529  3.0020  2.9443
  2.8803  2.8111  2.7382  2.6635  2.5885  2.4060  2.2309  2.0625  1.9007  1.7457
  1.5967  1.4533  1.3152  1.1817
  3.4745  3.3910  3.3114  3.2382  3.1726  3.1142  3.0632  3.0165  2.9682  2.9155
  2.8578  2.7948  2.7272  2.6559  2.5826  2.4005  2.2252  2.0568  1.8952  1.7404
  1.5921  1.4492  1.3118  1.1794  1.0511  0.9264  0.8050  0.6867  0.5721  0.4621
  3.4863  3.4046  3.3248  3.2486  3.1777  3.1134  3.0547  2.9987  2.9433  2.8885
  2.8333  2.7753  2.7131  2.6468  2.5769  2.3969  2.2216  2.0532  1.8917  1.7371
  1.5890  1.4465  1.3095  1.1775  1.0501  0.9267  0.8067  0.6899  0.5763  0.4664
  0.3607
  3.4919  3.4122  3.3336  3.2567  3.1823  3.1121  3.0472  2.9870  2.9294  2.8720
  2.8137  2.7547  2.6953  2.6339  2.5690  2.3944  2.2196  2.0513  1.8899  1.7354
  1.5874  1.4451  1.3081  1.1761  1.0492  0.9265  0.8076  0.6921  0.5798  0.4708
  0.3653
  3.4917  3.4146  3.3379  3.2618  3.1868  3.1137  3.0439  2.9780  2.9159  2.8563
  2.7976  2.7383  2.6780  2.6167  2.5546  2.3902  2.2168  2.0484  1.8871  1.7326
  1.5845  1.4422  1.3050  1.1728  1.0457  0.9232  0.8047  0.6901  0.5788  0.4706
  0.3658
  3.4857  3.4115  3.3381  3.2642  3.1905  3.1174  3.0457  2.9764  2.9100  2.8467
  2.7857  2.7257  2.6656  2.6046  2.5427  2.3840  2.2173  2.0496  1.8884  1.7341
  1.5862  1.4438  1.3065  1.1739  1.0463  0.9236  0.8052  0.6910  0.5805  0.4732
  0.3691
  3.4685  3.3994  3.3298  3.2601  3.1892  3.1180  3.0471  2.9771  2.9088  2.8425
  2.7785  2.7164  2.6554  2.5945  2.5331  2.3765  2.2159  2.0516  1.8907  1.7367
  1.5890  1.4468  1.3094  1.1764  1.0481  0.9247  0.8059  0.6916  0.5812  0.4744
  0.3708
  3.4368  3.3741  3.3104  3.2454  3.1794  3.1119  3.0438  2.9755  2.9076  2.8406
  2.7750  2.7109  2.6481  2.5863  2.5258  2.3677  2.2126  2.0544  1.8940
 [Fe/H] = -0.25 [alpha/Fe] = 0.00 BC value = F360M
  3.5826  3.5460  3.5110  3.4733  3.4276  3.3712  3.3023  3.2212  3.1347  3.0479
  2.9630  2.8810  2.8022  2.7263  2.6530  2.4768  2.3043  2.1334  1.9659
  3.5187  3.4765  3.4395  3.4040  3.3650  3.3184  3.2603  3.1894  3.1095  3.0258
  2.9419  2.8596  2.7798  2.7026  2.6279  2.4488  2.2757  2.1065  1.9419  1.7830
  3.4725  3.4226  3.3805  3.3436  3.3076  3.2678  3.2189  3.1580  3.0861  3.0075
  2.9261  2.8446  2.7646  2.6868  2.6112  2.4301  2.2563  2.0877  1.9247  1.7678
  1.6168
  3.4426  3.3832  3.3334  3.2915  3.2546  3.2179  3.1761  3.1241  3.0611  2.9894
  2.9123  2.8331  2.7539  2.6760  2.5999  2.4176  2.2432  2.0749  1.9126  1.7570
  1.6074  1.4632
  3.4412  3.3648  3.3017  3.2503  3.2078  3.1700  3.1318  3.0870  3.0323  2.9685
  2.8976  2.8224  2.7454  2.6683  2.5923  2.4091  2.2344  2.0661  1.9043  1.7492
  1.6006  1.4575  1.3195  1.1858
  3.4702  3.3860  3.3077  3.2379  3.1791  3.1311  3.0896  3.0477  2.9995  2.9432
  2.8796  2.8101  2.7370  2.6620  2.5868  2.4035  2.2284  2.0603  1.8987  1.7440
  1.5959  1.4535  1.3164  1.1840  1.0557  0.9310  0.8094  0.6908  0.5759  0.4657
  3.4862  3.4038  3.3244  3.2502  3.1831  3.1230  3.0681  3.0171  2.9671  2.9145
  2.8570  2.7940  2.7263  2.6551  2.5821  2.3998  2.2246  2.0565  1.8951  1.7406
  1.5927  1.4508  1.3142  1.1825  1.0552  0.9317  0.8116  0.6945  0.5805  0.4702
  0.3643
  3.4942  3.4136  3.3347  3.2584  3.1864  3.1203  3.0600  3.0038  2.9483  2.8914
  2.8331  2.7734  2.7112  2.6454  2.5764  2.3975  2.2224  2.0543  1.8931  1.7387
  1.5910  1.4492  1.3129  1.1814  1.0546  0.9320  0.8129  0.6972  0.5846  0.4750
  0.3691
  3.4972  3.4182  3.3406  3.2643  3.1901  3.1191  3.0524  2.9903  2.9312  2.8730
  2.8140  2.7535  2.6916  2.6287  2.5645  2.3938  2.2194  2.0512  1.8900  1.7356
  1.5878  1.4460  1.3097  1.1783  1.0515  0.9291  0.8106  0.6957  0.5841  0.4755
  0.3701
  3.4970  3.4201  3.3444  3.2693  3.1951  3.1223  3.0517  2.9844  2.9203  2.8589
  2.7988  2.7384  2.6773  2.6150  2.5519  2.3898  2.2199  2.0521  1.8910  1.7367
  1.5890  1.4472  1.3109  1.1793  1.0523  0.9299  0.8116  0.6972  0.5863  0.4787
  0.3740
  3.4912  3.4170  3.3436  3.2708  3.1980  3.1256  3.0540  2.9840  2.9163  2.8511
  2.7882  2.7266  2.6653  2.6037  2.5414  2.3827  2.2199  2.0539  1.8930  1.7389
  1.5913  1.4496  1.3131  1.1814  1.0541  0.9313  0.8127  0.6983  0.5877  0.4804
  0.3764
  3.4752  3.4055  3.3359  3.2661  3.1963  3.1257  3.0551  2.9850  2.9160  2.8485
  2.7830  2.7191  2.6566  2.5947  2.5330  2.3725  2.2194  2.0566  1.8960
 [Fe/H] =  0.00 [alpha/Fe] = 0.00 BC value = F360M
  3.6228  3.5885  3.5539  3.5143  3.4654  3.4030  3.3267  3.2391  3.1489  3.0598
  2.9733  2.8898  2.8096  2.7327  2.6586  2.4821  2.3107  2.1408  1.9737
  3.5541  3.5161  3.4816  3.4464  3.4058  3.3553  3.2908  3.2126  3.1270  3.0398
  2.9535  2.8695  2.7884  2.7103  2.6348  2.4551  2.2824  2.1135  1.9490  1.7899
  3.5014  3.4570  3.4192  3.3848  3.3492  3.3074  3.2542  3.1866  3.1080  3.0242
  2.9393  2.8555  2.7739  2.6950  2.6187  2.4370  2.2634  2.0949  1.9316  1.7745
  1.6233
  3.4632  3.4103  3.3663  3.3288  3.2944  3.2581  3.2143  3.1576  3.0880  3.0099
  2.9278  2.8452  2.7638  2.6845  2.6076  2.4245  2.2504  2.0821  1.9196  1.7636
  1.6140  1.4697
  3.4503  3.3781  3.3246  3.2805  3.2432  3.2082  3.1706  3.1237  3.0641  2.9938
  2.9166  2.8366  2.7563  2.6771  2.5999  2.4159  2.2414  2.0734  1.9114  1.7560
  1.6073  1.4642  1.3262  1.1925
  3.4611  3.3779  3.3058  3.2471  3.2003  3.1613  3.1249  3.0849  3.0347  2.9733
  2.9031  2.8275  2.7497  2.6717  2.5946  2.4099  2.2351  2.0673  1.9058  1.7508
  1.6026  1.4604  1.3233  1.1908  1.0624  0.9374  0.8154  0.6963  0.5810  0.4703
  3.4841  3.4011  3.3225  3.2509  3.1878  3.1333  3.0871  3.0453  3.0003  2.9470
  2.8849  2.8157  2.7421  2.6665  2.5906  2.4060  2.2308  2.0632  1.9020  1.7474
  1.5995  1.4577  1.3214  1.1897  1.0623  0.9385  0.8181  0.7006  0.5861  0.4752
  0.3687
  3.4949  3.4136  3.3348  3.2600  3.1913  3.1299  3.0744  3.0226  2.9716  2.9183
  2.8610  2.7986  2.7311  2.6599  2.5865  2.4035  2.2281  2.0605  1.8996  1.7453
  1.5976  1.4561  1.3201  1.1890  1.0623  0.9396  0.8203  0.7041  0.5909  0.4807
  0.3740
  3.4997  3.4197  3.3416  3.2657  3.1932  3.1255  3.0635  3.0063  2.9513  2.8952
  2.8367  2.7755  2.7122  2.6465  2.5782  2.4000  2.2247  2.0569  1.8960  1.7418
  1.5942  1.4527  1.3169  1.1860  1.0595  0.9372  0.8186  0.7033  0.5912  0.4820
  0.3758
  3.5020  3.4239  3.3469  3.2714  3.1977  3.1264  3.0586  2.9950  2.9348  2.8763
  2.8173  2.7566  2.6943  2.6306  2.5657  2.3981  2.2249  2.0572  1.8964  1.7424
  1.5950  1.4535  1.3177  1.1869  1.0606  0.9385  0.8202  0.7055  0.5942  0.4860
  0.3806
  3.5020  3.4250  3.3499  3.2755  3.2021  3.1298  3.0592  2.9910  2.9257  2.8630
  2.8019  2.7409  2.6792  2.6166  2.5531  2.3916  2.2256  2.0585  1.8978  1.7440
  1.5967  1.4553  1.3195  1.1886  1.0623  0.9401  0.8217  0.7072  0.5962  0.4885
  0.3837
  3.4972  3.4225  3.3491  3.2766  3.2046  3.1329  3.0617  2.9917  2.9233  2.8570
  2.7927  2.7298  2.6677  2.6054  2.5404  2.3805  2.2268  2.0608  1.9002
 [Fe/H] =  0.25 [alpha/Fe] = 0.00 BC value = F360M
  3.6629  3.6301  3.5945  3.5479  3.4894  3.4203  3.3417  3.2547  3.1620  3.0713
  2.9835  2.8987  2.8173  2.7392  2.6643  2.4870  2.3164  2.1474  1.9803
  3.5907  3.5559  3.5228  3.4869  3.4439  3.3880  3.3170  3.2321  3.1424  3.0526
  2.9649  2.8795  2.7972  2.7180  2.6417  2.4611  2.2886  2.1201  1.9555  1.7964
  3.5324  3.4928  3.4585  3.4255  3.3893  3.3446  3.2857  3.2110  3.1264  3.0388
  2.9516  2.8661  2.7833  2.7033  2.6261  2.4435  2.2699  2.1015  1.9381  1.7808
  1.6296
  3.4871  3.4402  3.4011  3.3672  3.3343  3.2971  3.2498  3.1872  3.1108  3.0272
  2.9416  2.8566  2.7735  2.6930  2.6152  2.4311  2.2570  2.0889  1.9262  1.7699
  1.6200  1.4758
  3.4558  3.3993  3.3526  3.3138  3.2801  3.2467  3.2081  3.1576  3.0919  3.0151
  2.9330  2.8494  2.7667  2.6859  2.6075  2.4222  2.2478  2.0801  1.9180  1.7623
  1.6134  1.4703  1.3323  1.1986
  3.4499  3.3771  3.3175  3.2695  3.2303  3.1960  3.1617  3.1210  3.0670  2.9997
  2.9233  2.8428  2.7614  2.6810  2.6024  2.4159  2.2411  2.0737  1.9123  1.7571
  1.6087  1.4664  1.3295  1.1971  1.0687  0.9437  0.8216  0.7022  0.5867  0.4757
  3.4784  3.3938  3.3178  3.2509  3.1964  3.1526  3.1155  3.0787  3.0346  2.9779
  2.9099  2.8347  2.7563  2.6772  2.5990  2.4117  2.2363  2.0691  1.9082  1.7536
  1.6055  1.4637  1.3275  1.1961  1.0689  0.9453  0.8248  0.7071  0.5922  0.4810
  0.3741
  3.4938  3.4121  3.3336  3.2609  3.1960  3.1387  3.0880  3.0427  2.9988  2.9494
  2.8904  2.8226  2.7491  2.6730  2.5962  2.4092  2.2332  2.0659  1.9054  1.7513
  1.6035  1.4619  1.3262  1.1954  1.0690  0.9466  0.8274  0.7111  0.5977  0.4870
  0.3798
  3.5004  3.4199  3.3416  3.2666  3.1966  3.1331  3.0762  3.0238  2.9729  2.9206
  2.8640  2.8021  2.7353  2.6644  2.5909  2.4061  2.2295  2.0618  1.9013  1.7474
  1.5998  1.4584  1.3228  1.1923  1.0665  0.9446  0.8262  0.7110  0.5987  0.4890
  0.3823
  3.5043  3.4251  3.3476  3.2721  3.1994  3.1306  3.0668  3.0081  2.9528  2.8977
  2.8405  2.7798  2.7164  2.6504  2.5825  2.4057  2.2295  2.0616  1.9012  1.7475
  1.6002  1.4589  1.3234  1.1932  1.0676  0.9461  0.8283  0.7138  0.6024  0.4937
  0.3879
  3.5062  3.4282  3.3519  3.2769  3.2037  3.1324  3.0639  2.9990  2.9377  2.8788
  2.8201  2.7599  2.6976  2.6336  2.5685  2.4019  2.2307  2.0627  1.9021  1.7485
  1.6014  1.4603  1.3249  1.1946  1.0692  0.9479  0.8301  0.7159  0.6050  0.4970
  0.3918
  3.5068  3.4298  3.3544  3.2808  3.2079  3.1361  3.0656  2.9971  2.9309  2.8673
  2.8055  2.7442  2.6824  2.6195  2.5489  2.3947  2.2331  2.0651  1.9040
 [Fe/H] =  0.50 [alpha/Fe] = 0.00 BC value = F360M
  3.7039  3.6845  3.6481  3.5966  3.5315  3.4542  3.3659  3.2700  3.1756  3.0837
  2.9949  2.9089  2.8262  2.7469  2.6709  2.4924  2.3218  2.1536  1.9865
  3.6287  3.5975  3.5640  3.5267  3.4792  3.4180  3.3411  3.2504  3.1577  3.0663
  2.9773  2.8909  2.8074  2.7271  2.6499  2.4679  2.2951  2.1268  1.9629  1.8039
  3.5654  3.5312  3.4986  3.4663  3.4286  3.3802  3.3149  3.2332  3.1438  3.0535
  2.9648  2.8780  2.7940  2.7130  2.6350  2.4509  2.2771  2.1088  1.9452  1.7875
  1.6360
  3.5135  3.4724  3.4378  3.4067  3.3744  3.3356  3.2838  3.2143  3.1314  3.0437
  2.9557  2.8690  2.7846  2.7029  2.6241  2.4387  2.2644  2.0963  1.9335  1.7767
  1.6266  1.4822
  3.4739  3.4243  3.3836  3.3495  3.3187  3.2858  3.2451  3.1896  3.1172  3.0346
  2.9485  2.8626  2.7781  2.6959  2.6165  2.4297  2.2551  2.0875  1.9253  1.7693
  1.6200  1.4767  1.3388  1.2050
  3.4508  3.3895  3.3391  3.2983  3.2643  3.2330  3.1993  3.1563  3.0972  3.0234
  2.9417  2.8576  2.7737  2.6914  2.6114  2.4230  2.2479  2.0808  1.9195  1.7641
  1.6153  1.4728  1.3359  1.2036  1.0752  0.9503  0.8282  0.7089  0.5933  0.4820
  3.4646  3.3901  3.3157  3.2608  3.2175  3.1822  3.1497  3.1145  3.0684  3.0066
  2.9326  2.8523  2.7702  2.6885  2.6084  2.4185  2.2425  2.0757  1.9151  1.7604
  1.6120  1.4700  1.3338  1.2025  1.0755  0.9522  0.8318  0.7142  0.5991  0.4877
  0.3804
  3.4900  3.4077  3.3301  3.2601  3.1993  3.1485  3.1067  3.0699  3.0310  2.9814
  2.9180  2.8444  2.7660  2.6861  2.6066  2.4159  2.2388  2.0719  1.9118  1.7578
  1.6099  1.4682  1.3324  1.2018  1.0758  0.9536  0.8347  0.7187  0.6051  0.4941
  0.3867
  3.4993  3.4185  3.3404  3.2669  3.2003  3.1414  3.0888  3.0407  2.9954  2.9488
  2.8942  2.8294  2.7570  2.6807  2.6031  2.4131  2.2348  2.0672  1.9072  1.7536
  1.6060  1.4644  1.3289  1.1986  1.0732  0.9519  0.8340  0.7191  0.6068  0.4970
  0.3898
  3.5044  3.4247  3.3470  3.2720  3.2010  3.1356  3.0766  3.0232  2.9725  2.9216
  2.8675  2.8080  2.7428  2.6730  2.6000  2.4136  2.2348  2.0665  1.9064  1.7531
  1.6060  1.4648  1.3294  1.1994  1.0743  0.9535  0.8362  0.7222  0.6110  0.5023
  0.3961
  3.5071  3.4288  3.3518  3.2767  3.2040  3.1344  3.0690  3.0086  2.9523  2.8979
  2.8425  2.7837  2.7213  2.6560  2.5885  2.4134  2.2362  2.0672  1.9068  1.7535
  1.6067  1.4658  1.3305  1.2006  1.0757  0.9552  0.8383  0.7247  0.6141  0.5062
  0.4008
  3.5095  3.4317  3.3559  3.2813  3.2083  3.1371  3.0682  3.0023  2.9397  2.8802
  2.8220  2.7629  2.7017  2.6382  2.5686  2.4125  2.2390  2.0693  1.9084
 [Fe/H] =  0.75 [alpha/Fe] = 0.00 BC value = F360M
  3.7459  3.7107  3.6633  3.6052  3.5374  3.4609  3.3766  3.2854  3.1897  3.0967
  3.0070  2.9199  2.8360  2.7555  2.6783  2.4979  2.3266  2.1589  1.9924
  3.6681  3.6391  3.6053  3.5655  3.5130  3.4457  3.3630  3.2681  3.1733  3.0805
  2.9907  2.9032  2.8187  2.7374  2.6591  2.4750  2.3018  2.1335  1.9690  1.8096
  3.5999  3.5698  3.5393  3.5067  3.4665  3.4133  3.3416  3.2538  3.1610  3.0687
  2.9786  2.8910  2.8060  2.7240  2.6450  2.4591  2.2847  2.1162  1.9524  1.7944
  1.6426
  3.5417  3.5061  3.4756  3.4464  3.4138  3.3723  3.3153  3.2390  3.1508  3.0600
  2.9701  2.8823  2.7969  2.7142  2.6345  2.4473  2.2724  2.1042  1.9411  1.7840
  1.6334  1.4888
  3.4944  3.4514  3.4162  3.3863  3.3576  3.3243  3.2806  3.2193  3.1402  3.0528
  2.9640  2.8764  2.7906  2.7073  2.6268  2.4380  2.2629  2.0954  1.9332  1.7768
  1.6270  1.4835  1.3454  1.2117
  3.4605  3.4077  3.3646  3.3296  3.2998  3.2707  3.2366  3.1901  3.1250  3.0450
  2.9591  2.8722  2.7866  2.7029  2.6218  2.4311  2.2553  2.0885  1.9273  1.7717
  1.6225  1.4796  1.3426  1.2103  1.0820  0.9571  0.8352  0.7161  0.6007  0.4892
  3.4521  3.3823  3.3260  3.2815  3.2460  3.2157  3.1858  3.1502  3.1005  3.0329
  2.9531  2.8688  2.7842  2.7006  2.6190  2.4263  2.2494  2.0828  1.9225  1.7679
  1.6192  1.4769  1.3405  1.2092  1.0823  0.9591  0.8390  0.7216  0.6067  0.4953
  0.3877
  3.4813  3.3966  3.3227  3.2590  3.2072  3.1675  3.1346  3.1028  3.0646  3.0120
  2.9430  2.8642  2.7819  2.6993  2.6179  2.4238  2.2452  2.0782  1.9186  1.7649
  1.6169  1.4750  1.3390  1.2084  1.0825  0.9607  0.8421  0.7264  0.6130  0.5020
  0.3944
  3.4956  3.4147  3.3373  3.2661  3.2031  3.1482  3.1008  3.0599  3.0219  2.9794
  2.9235  2.8536  2.7763  2.6961  2.6157  2.4212  2.2409  2.0729  1.9133  1.7601
  1.6127  1.4711  1.3354  1.2052  1.0799  0.9589  0.8414  0.7270  0.6152  0.5055
  0.3981
  3.5025  3.4227  3.3451  3.2711  3.2027  3.1415  3.0876  3.0386  2.9920  2.9460
  2.8966  2.8376  2.7686  2.6933  2.6154  2.4224  2.2408  2.0717  1.9118  1.7590
  1.6122  1.4711  1.3357  1.2057  1.0809  0.9605  0.8438  0.7304  0.6197  0.5113
  0.4051
  3.5060  3.4273  3.3503  3.2754  3.2038  3.1366  3.0752  3.0200  2.9688  2.9188
  2.8672  2.8113  2.7495  2.6821  2.6107  2.4244  2.2425  2.0721  1.9116  1.7587
  1.6122  1.4715  1.3365  1.2067  1.0821  0.9620  0.8458  0.7331  0.6232  0.5157
  0.4103
  3.5084  3.4307  3.3546  3.2800  3.2073  3.1371  3.0704  3.0081  2.9501  2.8954
  2.8415  2.7852  2.7255  2.6619  2.6016  2.4272  2.2460  2.0741  1.9127
 [Fe/H] =  1.00 [alpha/Fe] = 0.00 BC value = F360M
  3.7881  3.7463  3.6935  3.6308  3.5592  3.4798  3.3933  3.3005  3.2037  3.1096
  3.0186  2.9308  2.8458  2.7641  2.6857  2.5029  2.3305  2.1630  1.9979
  3.7087  3.6973  3.6662  3.6174  3.5528  3.4740  3.3830  3.2853  3.1890  3.0951
  3.0040  2.9160  2.8305  2.7481  2.6688  2.4824  2.3081  2.1393  1.9749  1.8154
  3.6360  3.6206  3.5801  3.5464  3.5027  3.4437  3.3662  3.2734  3.1781  3.0844
  2.9931  2.9048  2.8188  2.7358  2.6558  2.4678  2.2923  2.1234  1.9593  1.8011
  1.6490
  3.5712  3.5411  3.5140  3.4859  3.4521  3.4069  3.3440  3.2619  3.1696  3.0766
  2.9853  2.8963  2.8101  2.7265  2.6458  2.4565  2.2806  2.1120  1.9487  1.7913
  1.6402  1.4954
  3.5161  3.4797  3.4499  3.4233  3.3956  3.3611  3.3137  3.2464  3.1616  3.0707
  2.9799  2.8907  2.8041  2.7198  2.6384  2.4474  2.2713  2.1035  1.9411  1.7844
  1.6341  1.4903  1.3521  1.2184
  3.4732  3.4277  3.3913  3.3617  3.3355  3.3076  3.2723  3.2217  3.1505  3.0652
  2.9761  2.8873  2.8002  2.7156  2.6334  2.4403  2.2634  2.0963  1.9352  1.7795
  1.6299  1.4866  1.3493  1.2170  1.0889  0.9642  0.8424  0.7238  0.6088  0.4973
  3.4479  3.3897  3.3429  3.3061  3.2764  3.2499  3.2216  3.1846  3.1305  3.0569
  2.9724  2.8851  2.7984  2.7135  2.6307  2.4354  2.2570  2.0901  1.9302  1.7756
  1.6267  1.4840  1.3474  1.2160  1.0891  0.9660  0.8462  0.7291  0.6147  0.5036
  0.3959
  3.4647  3.3827  3.3168  3.2651  3.2252  3.1940  3.1664  3.1368  3.0975  3.0405
  2.9659  2.8827  2.7975  2.7129  2.6300  2.4329  2.2524  2.0849  1.9257  1.7722
  1.6242  1.4821  1.3459  1.2153  1.0894  0.9676  0.8494  0.7340  0.6210  0.5104
  0.4030
  3.4880  3.4070  3.3308  3.2620  3.2030  3.1553  3.1176  3.0854  3.0527  3.0102
  2.9505  2.8757  2.7942  2.7111  2.6286  2.4306  2.2478  2.0790  1.9197  1.7669
  1.6197  1.4780  1.3422  1.2119  1.0866  0.9658  0.8486  0.7347  0.6234  0.5142
  0.4070
  3.4979  3.4183  3.3412  3.2688  3.2037  3.1471  3.0974  3.0528  3.0120  2.9721
  2.9259  2.8644  2.7904  2.7108  2.6299  2.4322  2.2477  2.0773  1.9174  1.7650
  1.6186  1.4776  1.3422  1.2123  1.0875  0.9673  0.8510  0.7382  0.6282  0.5204
  0.4145
  3.5024  3.4239  3.3471  3.2729  3.2029  3.1391  3.0826  3.0325  2.9859  2.9400
  2.8927  2.8405  2.7784  2.7069  2.6302  2.4352  2.2497  2.0775  1.9165  1.7639
  1.6179  1.4775  1.3426  1.2129  1.0884  0.9686  0.8529  0.7408  0.6317  0.5250
  0.4203
  3.5048  3.4276  3.3514  3.2771  3.2050  3.1365  3.0728  3.0149  2.9623  2.9125
  2.8627  2.8101  2.7528  2.6895  2.6295  2.4396  2.2538  2.0796  1.9170
