 [Fe/H] = -2.50 [alpha/Fe] = 0.40 BC value = F140M
  0.3201  0.3399  0.3691  0.4347  0.5238  0.5995  0.6533  0.6961  0.7232  0.7271
  0.7227  0.7128  0.6995  0.6796  0.6534  0.5678  0.4631  0.3496  0.2342
  0.3996  0.4235  0.4470  0.4800  0.5193  0.5627  0.6060  0.6438  0.6716  0.6876
  0.6918  0.6850  0.6698  0.6482  0.6216  0.5384  0.4383  0.3289  0.2162  0.1017
  0.4630  0.4876  0.5067  0.5221  0.5354  0.5568  0.5847  0.6121  0.6361  0.6548
  0.6627  0.6590  0.6445  0.6223  0.5952  0.5131  0.4164  0.3105  0.2004  0.0892
 -0.0223
  0.5103  0.5322  0.5482  0.5610  0.5721  0.5818  0.5894  0.6010  0.6167  0.6287
  0.6354  0.6348  0.6236  0.6019  0.5742  0.4919  0.3974  0.2944  0.1869  0.0783
 -0.0303 -0.1387
  0.5546  0.5722  0.5844  0.5926  0.5984  0.6027  0.6057  0.6066  0.6059  0.6075
  0.6102  0.6088  0.6021  0.5847  0.5576  0.4746  0.3810  0.2804  0.1752  0.0684
 -0.0381 -0.1440 -0.2494 -0.3546
  0.6032  0.6140  0.6212  0.6250  0.6256  0.6237  0.6201  0.6149  0.6075  0.5981
  0.5889  0.5811  0.5732  0.5614  0.5403  0.4604  0.3672  0.2683  0.1651  0.0599
 -0.0454 -0.1497 -0.2530 -0.3556 -0.4578 -0.5595 -0.6611 -0.7633 -0.8656 -0.9647
  0.6549  0.6584  0.6596  0.6586  0.6549  0.6481  0.6386  0.6271  0.6135  0.5981
  0.5813  0.5642  0.5480  0.5336  0.5155  0.4460  0.3553  0.2576  0.1564  0.0527
 -0.0516 -0.1551 -0.2573 -0.3581 -0.4579 -0.5570 -0.6557 -0.7541 -0.8530 -0.9523
 -1.0490
  0.6996  0.6988  0.6953  0.6899  0.6826  0.6725  0.6593  0.6434  0.6249  0.6043
  0.5822  0.5592  0.5362  0.5142  0.4932  0.4275  0.3432  0.2481  0.1486  0.0467
 -0.0565 -0.1596 -0.2613 -0.3613 -0.4597 -0.5568 -0.6530 -0.7487 -0.8441 -0.9398
 -1.0366
  0.7258  0.7247  0.7200  0.7126  0.7032  0.6914  0.6767  0.6587  0.6376  0.6137
  0.5878  0.5607  0.5330  0.5057  0.4796  0.4096  0.3290  0.2375  0.1402  0.0400
 -0.0618 -0.1642 -0.2660 -0.3660 -0.4640 -0.5601 -0.6548 -0.7484 -0.8412 -0.9339
 -1.0270
  0.7250  0.7264  0.7248  0.7191  0.7104  0.6992  0.6849  0.6675  0.6465  0.6223
  0.5951  0.5659  0.5354  0.5044  0.4740  0.3974  0.3168  0.2283  0.1334  0.0351
 -0.0649 -0.1660 -0.2672 -0.3674 -0.4655 -0.5614 -0.6553 -0.7474 -0.8383 -0.9283
 -1.0194
  0.6956  0.7022  0.7046  0.7036  0.6990  0.6905  0.6789  0.6641  0.6456  0.6236
  0.5981  0.5694  0.5384  0.5060  0.4730  0.3904  0.3066  0.2197  0.1270  0.0305
 -0.0681 -0.1677 -0.2677 -0.3675 -0.4658 -0.5620 -0.6560 -0.7476 -0.8374 -0.9258
 -1.0132
  0.6376  0.6521  0.6609  0.6648  0.6654  0.6621  0.6550  0.6444  0.6304  0.6126
  0.5911  0.5658  0.5372  0.5058  0.4766  0.3886  0.2984  0.2117  0.1210
 [Fe/H] = -2.00 [alpha/Fe] = 0.40 BC value = F140M
  0.3310  0.4036  0.4733  0.5383  0.5955  0.6426  0.6780  0.7009  0.7130  0.7163
  0.7119  0.7012  0.6860  0.6662  0.6402  0.5621  0.4638  0.3531  0.2368
  0.3388  0.3933  0.4502  0.5066  0.5591  0.6042  0.6396  0.6645  0.6795  0.6856
  0.6833  0.6732  0.6571  0.6364  0.6113  0.5331  0.4381  0.3318  0.2196  0.1052
  0.3983  0.4350  0.4714  0.4915  0.5287  0.5668  0.6014  0.6287  0.6474  0.6575
  0.6589  0.6513  0.6357  0.6142  0.5884  0.5096  0.4166  0.3136  0.2047  0.0937
 -0.0180
  0.4657  0.4920  0.5123  0.5278  0.5417  0.5571  0.5765  0.5995  0.6182  0.6306
  0.6356  0.6320  0.6192  0.5980  0.5715  0.4916  0.3993  0.2985  0.1921  0.0835
 -0.0253 -0.1341
  0.5046  0.5314  0.5487  0.5599  0.5675  0.5736  0.5796  0.5869  0.5967  0.6079
  0.6140  0.6130  0.6041  0.5858  0.5594  0.4783  0.3857  0.2861  0.1815  0.0746
 -0.0324 -0.1388 -0.2447 -0.3505
  0.5382  0.5632  0.5790  0.5875  0.5914  0.5931  0.5936  0.5933  0.5912  0.5887
  0.5898  0.5905  0.5862  0.5732  0.5501  0.4687  0.3755  0.2763  0.1728  0.0671
 -0.0389 -0.1438 -0.2477 -0.3509 -0.4536 -0.5560 -0.6582 -0.7607 -0.8630 -0.9620
  0.5802  0.5980  0.6102  0.6159  0.6165  0.6135  0.6082  0.6019  0.5943  0.5852
  0.5749  0.5657  0.5589  0.5509  0.5356  0.4615  0.3678  0.2686  0.1659  0.0610
 -0.0443 -0.1486 -0.2514 -0.3529 -0.4533 -0.5530 -0.6523 -0.7511 -0.8503 -0.9497
 -1.0463
  0.6317  0.6417  0.6473  0.6485  0.6455  0.6387  0.6287  0.6166  0.6029  0.5880
  0.5720  0.5551  0.5387  0.5244  0.5106  0.4513  0.3616  0.2625  0.1603  0.0563
 -0.0484 -0.1525 -0.2549 -0.3555 -0.4545 -0.5522 -0.6491 -0.7453 -0.8411 -0.9372
 -1.0340
  0.6893  0.6931  0.6912  0.6862  0.6784  0.6675  0.6537  0.6371  0.6182  0.5976
  0.5760  0.5537  0.5312  0.5094  0.4894  0.4324  0.3524  0.2560  0.1544  0.0512
 -0.0527 -0.1565 -0.2591 -0.3598 -0.4583 -0.5550 -0.6504 -0.7446 -0.8380 -0.9310
 -1.0244
  0.7384  0.7380  0.7324  0.7232  0.7113  0.6970  0.6800  0.6603  0.6379  0.6132
  0.5869  0.5598  0.5324  0.5053  0.4793  0.4148  0.3399  0.2495  0.1502  0.0482
 -0.0546 -0.1575 -0.2598 -0.3607 -0.4594 -0.5559 -0.6504 -0.7432 -0.8346 -0.9252
 -1.0166
  0.7646  0.7654  0.7599  0.7501  0.7371  0.7212  0.7026  0.6814  0.6573  0.6306
  0.6016  0.5709  0.5396  0.5082  0.4776  0.4036  0.3272  0.2410  0.1453  0.0451
 -0.0565 -0.1583 -0.2597 -0.3604 -0.4594 -0.5562 -0.6507 -0.7430 -0.8333 -0.9223
 -1.0102
  0.7651  0.7672  0.7646  0.7577  0.7469  0.7326  0.7151  0.6945  0.6709  0.6443
  0.6149  0.5831  0.5497  0.5155  0.4843  0.3988  0.3143  0.2305  0.1397
 [Fe/H] = -1.50 [alpha/Fe] = 0.40 BC value = F140M
  0.3980  0.4770  0.5517  0.6201  0.6772  0.7190  0.7424  0.7471  0.7407  0.7282
  0.7122  0.6942  0.6754  0.6546  0.6306  0.5554  0.4626  0.3564  0.2415
  0.3847  0.4587  0.5290  0.5934  0.6482  0.6887  0.7124  0.7189  0.7149  0.7044
  0.6892  0.6707  0.6505  0.6284  0.6034  0.5276  0.4368  0.3347  0.2247  0.1108
  0.3815  0.4412  0.5024  0.5610  0.6129  0.6542  0.6809  0.6919  0.6919  0.6847
  0.6718  0.6542  0.6334  0.6102  0.5843  0.5071  0.4167  0.3171  0.2106  0.1002
 -0.0117
  0.4296  0.4714  0.5010  0.5384  0.5797  0.6180  0.6472  0.6636  0.6686  0.6656
  0.6562  0.6412  0.6214  0.5978  0.5712  0.4925  0.4018  0.3032  0.1989  0.0911
 -0.0180 -0.1274
  0.4907  0.5212  0.5440  0.5623  0.5791  0.5967  0.6163  0.6342  0.6441  0.6456
  0.6402  0.6288  0.6117  0.5892  0.5624  0.4825  0.3910  0.2926  0.1895  0.0833
 -0.0240 -0.1311 -0.2378 -0.3443
  0.5213  0.5530  0.5742  0.5881  0.5981  0.6056  0.6112  0.6154  0.6185  0.6209
  0.6213  0.6148  0.6015  0.5822  0.5566  0.4760  0.3836  0.2849  0.1822  0.0769
 -0.0293 -0.1351 -0.2398 -0.3439 -0.4474 -0.5506 -0.6535 -0.7565 -0.8590 -0.9577
  0.5434  0.5756  0.5966  0.6081  0.6132  0.6144  0.6135  0.6108  0.6060  0.5992
  0.5935  0.5903  0.5845  0.5717  0.5509  0.4721  0.3788  0.2796  0.1769  0.0721
 -0.0336 -0.1388 -0.2425 -0.3449 -0.4462 -0.5468 -0.6469 -0.7466 -0.8462 -0.9455
 -1.0417
  0.5706  0.5995  0.6188  0.6288  0.6311  0.6280  0.6216  0.6133  0.6036  0.5923
  0.5796  0.5666  0.5558  0.5469  0.5345  0.4696  0.3760  0.2762  0.1733  0.0688
 -0.0349 -0.1416 -0.2450 -0.3466 -0.4465 -0.5452 -0.6430 -0.7400 -0.8365 -0.9330
 -1.0297
  0.6165  0.6347  0.6490  0.6550  0.6541  0.6477  0.6373  0.6242  0.6092  0.5931
  0.5758  0.5576  0.5392  0.5221  0.5074  0.4585  0.3734  0.2731  0.1699  0.0653
 -0.0397 -0.1447 -0.2483 -0.3500 -0.4495 -0.5472 -0.6435 -0.7386 -0.8328 -0.9264
 -1.0202
  0.6754  0.6845  0.6902  0.6898  0.6841  0.6737  0.6596  0.6426  0.6233  0.6024
  0.5804  0.5577  0.5346  0.5115  0.4894  0.4374  0.3667  0.2717  0.1688  0.0645
 -0.0401 -0.1446 -0.2482 -0.3502 -0.4499 -0.5472 -0.6427 -0.7364 -0.8287 -0.9201
 -1.0122
  0.7358  0.7392  0.7379  0.7320  0.7208  0.7058  0.6876  0.6668  0.6438  0.6189
  0.5927  0.5655  0.5379  0.5103  0.4832  0.4190  0.3521  0.2671  0.1676  0.0641
 -0.0400 -0.1439 -0.2471 -0.3491 -0.4492 -0.5469 -0.6423 -0.7354 -0.8267 -0.9165
 -1.0052
  0.7882  0.7883  0.7831  0.7730  0.7584  0.7399  0.7183  0.6942  0.6679  0.6399
  0.6104  0.5795  0.5480  0.5163  0.4888  0.4033  0.3296  0.2593  0.1663
 [Fe/H] = -1.00 [alpha/Fe] = 0.40 BC value = F140M
  0.4897  0.5726  0.6488  0.7155  0.7689  0.8039  0.8161  0.8049  0.7806  0.7520
  0.7234  0.6969  0.6723  0.6481  0.6228  0.5487  0.4607  0.3594  0.2478
  0.4707  0.5517  0.6261  0.6916  0.7440  0.7798  0.7947  0.7859  0.7642  0.7365
  0.7072  0.6788  0.6523  0.6266  0.6001  0.5243  0.4359  0.3377  0.2310  0.1185
  0.4444  0.5209  0.5927  0.6574  0.7117  0.7516  0.7719  0.7690  0.7517  0.7265
  0.6977  0.6682  0.6399  0.6127  0.5851  0.5074  0.4185  0.3214  0.2175  0.1087
 -0.0029
  0.4305  0.4947  0.5589  0.6199  0.6740  0.7171  0.7446  0.7502  0.7390  0.7180
  0.6914  0.6623  0.6328  0.6041  0.5753  0.4961  0.4062  0.3093  0.2069  0.1006
 -0.0081 -0.1180
  0.4741  0.5097  0.5476  0.5912  0.6374  0.6796  0.7115  0.7265  0.7232  0.7079
  0.6853  0.6582  0.6290  0.5993  0.5694  0.4888  0.3980  0.3006  0.1988  0.0940
 -0.0128 -0.1204 -0.2280 -0.3355
  0.5221  0.5552  0.5819  0.6060  0.6292  0.6525  0.6764  0.6954  0.7009  0.6933
  0.6765  0.6534  0.6263  0.5969  0.5664  0.4845  0.3927  0.2948  0.1930  0.0888
 -0.0167 -0.1228 -0.2285 -0.3337 -0.4384 -0.5426 -0.6466 -0.7503 -0.8530 -0.9514
  0.5462  0.5809  0.6057  0.6241  0.6390  0.6515  0.6614  0.6674  0.6688  0.6655
  0.6574  0.6425  0.6211  0.5948  0.5652  0.4826  0.3899  0.2912  0.1892  0.0852
 -0.0198 -0.1251 -0.2297 -0.3332 -0.4358 -0.5376 -0.6389 -0.7396 -0.8399 -0.9393
 -1.0349
  0.5593  0.5960  0.6213  0.6372  0.6466  0.6517  0.6538  0.6527  0.6476  0.6378
  0.6249  0.6127  0.6007  0.5844  0.5616  0.4824  0.3890  0.2896  0.1871  0.0831
 -0.0217 -0.1266 -0.2307 -0.3335 -0.4348 -0.5347 -0.6338 -0.7319 -0.8295 -0.9266
 -1.0241
  0.5745  0.6108  0.6362  0.6514  0.6578  0.6579  0.6536  0.6462  0.6359  0.6224
  0.6058  0.5874  0.5696  0.5545  0.5403  0.4813  0.3890  0.2886  0.1854  0.0810
 -0.0238 -0.1286 -0.2328 -0.3356 -0.4364 -0.5355 -0.6331 -0.7294 -0.8248 -0.9194
 -1.0136
  0.6030  0.6333  0.6563  0.6696  0.6740  0.6710  0.6622  0.6498  0.6346  0.6172
  0.5977  0.5763  0.5539  0.5320  0.5122  0.4660  0.3903  0.2902  0.1865  0.0819
 -0.0229 -0.1276 -0.2318 -0.3347 -0.4356 -0.5343 -0.6310 -0.7260 -0.8196 -0.9121
 -1.0039
  0.6527  0.6736  0.6884  0.6971  0.6980  0.6916  0.6793  0.6628  0.6434  0.6219
  0.5988  0.5744  0.5491  0.5233  0.4979  0.4415  0.3805  0.2919  0.1886  0.0837
 -0.0212 -0.1258 -0.2298 -0.3327 -0.4339 -0.5329 -0.6295 -0.7239 -0.8164 -0.9075
 -0.9973
  0.7194  0.7293  0.7353  0.7362  0.7316  0.7208  0.7045  0.6841  0.6608  0.6354
  0.6087  0.5809  0.5523  0.5233  0.4974  0.4078  0.3596  0.2937  0.1917
 [Fe/H] = -0.75 [alpha/Fe] = 0.40 BC value = F140M
  0.5397  0.6246  0.7012  0.7660  0.8136  0.8416  0.8490  0.8351  0.8032  0.7681
  0.7342  0.7031  0.6748  0.6480  0.6211  0.5460  0.4585  0.3598  0.2509
  0.5197  0.6037  0.6793  0.7438  0.7934  0.8255  0.8355  0.8200  0.7907  0.7560
  0.7208  0.6876  0.6573  0.6289  0.6008  0.5238  0.4360  0.3393  0.2344  0.1230
  0.4876  0.5691  0.6437  0.7092  0.7623  0.7995  0.8161  0.8075  0.7828  0.7501
  0.7146  0.6798  0.6473  0.6171  0.5878  0.5089  0.4202  0.3240  0.2214  0.1136
  0.0024
  0.4585  0.5330  0.6039  0.6685  0.7240  0.7668  0.7919  0.7930  0.7751  0.7463
  0.7123  0.6769  0.6427  0.6106  0.5798  0.4992  0.4094  0.3130  0.2115  0.1060
 -0.0023 -0.1122
  0.4628  0.5154  0.5722  0.6296  0.6831  0.7284  0.7607  0.7732  0.7642  0.7413
  0.7108  0.6765  0.6416  0.6078  0.5755  0.4931  0.4023  0.3054  0.2042  0.1000
 -0.0063 -0.1138 -0.2218 -0.3299
  0.5177  0.5524  0.5838  0.6163  0.6524  0.6903  0.7240  0.7454  0.7472  0.7325
  0.7074  0.6762  0.6422  0.6077  0.5740  0.4897  0.3980  0.3004  0.1991  0.0955
 -0.0096 -0.1155 -0.2215 -0.3272 -0.4325 -0.5374 -0.6420 -0.7462 -0.8488 -0.9469
  0.5497  0.5847  0.6120  0.6350  0.6562  0.6761  0.6942  0.7103  0.7184  0.7137
  0.6975  0.6726  0.6422  0.6089  0.5747  0.4885  0.3959  0.2975  0.1958  0.0924
 -0.0120 -0.1170 -0.2217 -0.3258 -0.4291 -0.5316 -0.6336 -0.7348 -0.8356 -0.9348
 -1.0301
  0.5641  0.6012  0.6276  0.6465  0.6607  0.6721  0.6809  0.6862  0.6864  0.6794
  0.6675  0.6524  0.6325  0.6065  0.5756  0.4891  0.3956  0.2964  0.1943  0.0908
 -0.0135 -0.1179 -0.2220 -0.3252 -0.4272 -0.5279 -0.6276 -0.7266 -0.8248 -0.9222
 -1.0185
  0.5736  0.6119  0.6394  0.6568  0.6668  0.6715  0.6727  0.6708  0.6648  0.6536
  0.6372  0.6179  0.5995  0.5824  0.5633  0.4903  0.3962  0.2961  0.1932  0.0892
 -0.0153 -0.1197 -0.2236 -0.3266 -0.4280 -0.5278 -0.6262 -0.7233 -0.8194 -0.9146
 -1.0091
  0.5872  0.6244  0.6520  0.6692  0.6773  0.6780  0.6735  0.6652  0.6538  0.6389
  0.6203  0.5983  0.5748  0.5523  0.5326  0.4822  0.3990  0.2985  0.1950  0.0906
 -0.0140 -0.1184 -0.2222 -0.3252 -0.4265 -0.5258 -0.6234 -0.7191 -0.8135 -0.9068
 -0.9990
  0.6192  0.6493  0.6725  0.6881  0.6941  0.6922  0.6837  0.6706  0.6541  0.6350
  0.6135  0.5896  0.5639  0.5375  0.5119  0.4572  0.3947  0.3018  0.1979  0.0931
 -0.0117 -0.1161 -0.2199 -0.3228 -0.4243 -0.5237 -0.6211 -0.7162 -0.8095 -0.9013
 -0.9882
  0.6696  0.6933  0.7084  0.7174  0.7198  0.7146  0.7027  0.6856  0.6649  0.6416
  0.6165  0.5898  0.5619  0.5332  0.5012  0.4153  0.3833  0.3060  0.2019
 [Fe/H] = -0.50 [alpha/Fe] = 0.40 BC value = F140M
  0.5884  0.6757  0.7515  0.8150  0.8599  0.8838  0.8860  0.8658  0.8274  0.7872
  0.7486  0.7130  0.6806  0.6505  0.6213  0.5442  0.4571  0.3603  0.2533
  0.5691  0.6555  0.7319  0.7952  0.8425  0.8711  0.8759  0.8539  0.8180  0.7777
  0.7376  0.6999  0.6655  0.6338  0.6034  0.5242  0.4364  0.3409  0.2378  0.1278
  0.5337  0.6193  0.6961  0.7618  0.8131  0.8471  0.8594  0.8451  0.8138  0.7748
  0.7341  0.6946  0.6579  0.6242  0.5924  0.5113  0.4224  0.3269  0.2255  0.1188
  0.0082
  0.4951  0.5769  0.6526  0.7196  0.7751  0.8161  0.8380  0.8347  0.8103  0.7749
  0.7349  0.6943  0.6557  0.6198  0.5862  0.5031  0.4131  0.3172  0.2164  0.1117
  0.0040 -0.1058
  0.4718  0.5416  0.6102  0.6747  0.7316  0.7777  0.8088  0.8184  0.8040  0.7744
  0.7371  0.6969  0.6570  0.6192  0.5837  0.4982  0.4072  0.3106  0.2100  0.1064
  0.0006 -0.1067 -0.2148 -0.3231
  0.5049  0.5458  0.5907  0.6398  0.6899  0.7357  0.7721  0.7932  0.7914  0.7705
  0.7382  0.7002  0.6604  0.6213  0.5840  0.4958  0.4037  0.3064  0.2056  0.1025
 -0.0020 -0.1076 -0.2137 -0.3198 -0.4257 -0.5313 -0.6365 -0.7414 -0.8444 -0.9427
  0.5488  0.5854  0.6162  0.6449  0.6739  0.7037  0.7335  0.7587  0.7691  0.7596
  0.7353  0.7020  0.6642  0.6251  0.5866  0.4953  0.4022  0.3041  0.2029  0.1000
 -0.0040 -0.1084 -0.2131 -0.3175 -0.4214 -0.5246 -0.6273 -0.7293 -0.8307 -0.9304
 -1.0258
  0.5684  0.6056  0.6339  0.6567  0.6769  0.6952  0.7111  0.7243  0.7331  0.7313
  0.7181  0.6951  0.6643  0.6285  0.5906  0.4968  0.4024  0.3035  0.2018  0.0987
 -0.0050 -0.1089 -0.2127 -0.3160 -0.4185 -0.5199 -0.6205 -0.7201 -0.8190 -0.9172
 -1.0140
  0.5770  0.6162  0.6445  0.6642  0.6783  0.6888  0.6967  0.7014  0.7017  0.6952
  0.6809  0.6620  0.6412  0.6173  0.5886  0.4994  0.4035  0.3036  0.2010  0.0974
 -0.0065 -0.1104 -0.2138 -0.3166 -0.4184 -0.5188 -0.6181 -0.7163 -0.8133 -0.9092
 -1.0040
  0.5824  0.6236  0.6531  0.6725  0.6835  0.6884  0.6892  0.6868  0.6808  0.6700
  0.6534  0.6312  0.6068  0.5834  0.5618  0.4988  0.4072  0.3065  0.2032  0.0992
 -0.0050 -0.1089 -0.2122 -0.3148 -0.4162 -0.5160 -0.6143 -0.7109 -0.8061 -0.9002
 -0.9931
  0.5988  0.6364  0.6657  0.6847  0.6946  0.6964  0.6921  0.6835  0.6715  0.6562
  0.6372  0.6140  0.5875  0.5599  0.5335  0.4770  0.4080  0.3107  0.2068  0.1021
 -0.0023 -0.1064 -0.2097 -0.3122 -0.4135 -0.5132 -0.6111 -0.7071 -0.8012 -0.8939
 -0.9813
  0.6356  0.6652  0.6887  0.7047  0.7129  0.7123  0.7047  0.6916  0.6744  0.6543
  0.6317  0.6065  0.5789  0.5496  0.5037  0.4340  0.4059  0.3162  0.2118
 [Fe/H] = -0.25 [alpha/Fe] = 0.40 BC value = F140M
  0.6338  0.7214  0.8014  0.8677  0.9143  0.9364  0.9303  0.8974  0.8538  0.8094
  0.7666  0.7266  0.6899  0.6561  0.6240  0.5432  0.4558  0.3603  0.2552
  0.6163  0.7055  0.7810  0.8433  0.8896  0.9153  0.9156  0.8878  0.8464  0.8017
  0.7576  0.7158  0.6772  0.6417  0.6084  0.5258  0.4373  0.3425  0.2409  0.1325
  0.5796  0.6686  0.7469  0.8123  0.8621  0.8935  0.9018  0.8822  0.8449  0.8011
  0.7561  0.7126  0.6719  0.6343  0.5994  0.5147  0.4251  0.3300  0.2297  0.1241
  0.0143
  0.5353  0.6229  0.7022  0.7707  0.8257  0.8645  0.8830  0.8752  0.8450  0.8039
  0.7592  0.7144  0.6717  0.6320  0.5952  0.5081  0.4173  0.3216  0.2216  0.1177
  0.0107 -0.0988
  0.4963  0.5772  0.6536  0.7226  0.7815  0.8271  0.8560  0.8621  0.8426  0.8070
  0.7642  0.7193  0.6752  0.6335  0.5945  0.5044  0.4126  0.3161  0.2161  0.1131
  0.0078 -0.0991 -0.2072 -0.3157
  0.5049  0.5516  0.6144  0.6766  0.7342  0.7833  0.8200  0.8392  0.8339  0.8073
  0.7689  0.7255  0.6810  0.6377  0.5967  0.5029  0.4100  0.3128  0.2124  0.1099
  0.0058 -0.0994 -0.2054 -0.3117 -0.4182 -0.5246 -0.6305 -0.7355 -0.8386 -0.9369
  0.5403  0.5796  0.6165  0.6558  0.6981  0.7405  0.7786  0.8061  0.8153  0.8013
  0.7706  0.7309  0.6875  0.6437  0.6012  0.5035  0.4090  0.3111  0.2103  0.1079
  0.0044 -0.0997 -0.2040 -0.3085 -0.4127 -0.5165 -0.6198 -0.7226 -0.8247 -0.9244
 -1.0197
  0.5683  0.6068  0.6384  0.6666  0.6934  0.7191  0.7438  0.7667  0.7834  0.7834
  0.7646  0.7325  0.6930  0.6503  0.6074  0.5060  0.4097  0.3109  0.2096  0.1070
  0.0038 -0.0997 -0.2030 -0.3062 -0.4088 -0.5108 -0.6121 -0.7124 -0.8121 -0.9110
 -1.0078
  0.5799  0.6194  0.6491  0.6721  0.6916  0.7089  0.7238  0.7359  0.7438  0.7451
  0.7350  0.7148  0.6867  0.6518  0.6125  0.5099  0.4112  0.3112  0.2090  0.1059
  0.0025 -0.1009 -0.2038 -0.3062 -0.4079 -0.5087 -0.6086 -0.7074 -0.8051 -0.9018
 -0.9976
  0.5836  0.6251  0.6558  0.6770  0.6913  0.7013  0.7085  0.7128  0.7133  0.7087
  0.6964  0.6763  0.6521  0.6264  0.5992  0.5148  0.4155  0.3144  0.2114  0.1077
  0.0041 -0.0993 -0.2020 -0.3039 -0.4050 -0.5050 -0.6038 -0.7012 -0.7972 -0.8935
 -0.9853
  0.5893  0.6316  0.6634  0.6849  0.6973  0.7027  0.7032  0.7003  0.6943  0.6844
  0.6694  0.6481  0.6216  0.5932  0.5658  0.5016  0.4199  0.3191  0.2153  0.1109
  0.0069 -0.0967 -0.1994 -0.3012 -0.4019 -0.5015 -0.5998 -0.6964 -0.7914 -0.8849
 -0.9709
  0.6107  0.6474  0.6770  0.6983  0.7097  0.7129  0.7093  0.7006  0.6882  0.6728
  0.6540  0.6313  0.6044  0.5746  0.5123  0.4703  0.4244  0.3253  0.2207
 [Fe/H] =  0.00 [alpha/Fe] = 0.40 BC value = F140M
  0.6753  0.7632  0.8441  0.9101  0.9561  0.9768  0.9701  0.9304  0.8825  0.8344
  0.7879  0.7438  0.7029  0.6650  0.6295  0.5437  0.4547  0.3597  0.2568
  0.6600  0.7493  0.8256  0.8873  0.9324  0.9570  0.9545  0.9222  0.8766  0.8283
  0.7807  0.7350  0.6923  0.6529  0.6161  0.5285  0.4385  0.3439  0.2437  0.1370
  0.6233  0.7148  0.7940  0.8590  0.9076  0.9372  0.9426  0.9187  0.8768  0.8292
  0.7808  0.7337  0.6891  0.6476  0.6091  0.5193  0.4283  0.3331  0.2337  0.1294
  0.0205
  0.5756  0.6679  0.7499  0.8192  0.8737  0.9107  0.9263  0.9146  0.8793  0.8338
  0.7854  0.7372  0.6909  0.6473  0.6069  0.5141  0.4220  0.3261  0.2268  0.1239
  0.0175 -0.0915
  0.5269  0.6163  0.6983  0.7706  0.8305  0.8754  0.9019  0.9044  0.8802  0.8395
  0.7924  0.7439  0.6962  0.6508  0.6082  0.5118  0.4184  0.3218  0.2222  0.1200
  0.0153 -0.0914 -0.1992 -0.3079
  0.4953  0.5727  0.6481  0.7185  0.7806  0.8314  0.8674  0.8841  0.8750  0.8432
  0.7997  0.7520  0.7038  0.6569  0.6123  0.5116  0.4166  0.3193  0.2194  0.1175
  0.0138 -0.0911 -0.1968 -0.3031 -0.4095 -0.5160 -0.6224 -0.7287 -0.8320 -0.9305
  0.5211  0.5690  0.6215  0.6773  0.7328  0.7833  0.8246  0.8522  0.8591  0.8410
  0.8049  0.7601  0.7124  0.6648  0.6187  0.5134  0.4164  0.3183  0.2179  0.1160
  0.0130 -0.0908 -0.1949 -0.2992 -0.4034 -0.5074 -0.6113 -0.7148 -0.8176 -0.9177
 -1.0131
  0.5615  0.6027  0.6391  0.6741  0.7096  0.7462  0.7815  0.8120  0.8306  0.8285
  0.8044  0.7658  0.7208  0.6736  0.6267  0.5174  0.4176  0.3184  0.2175  0.1154
  0.0127 -0.0904 -0.1934 -0.2962 -0.3987 -0.5009 -0.6026 -0.7037 -0.8041 -0.9037
 -1.0009
  0.5804  0.6192  0.6516  0.6796  0.7057  0.7302  0.7527  0.7749  0.7920  0.7983
  0.7892  0.7628  0.7249  0.6809  0.6348  0.5227  0.4197  0.3191  0.2171  0.1145
  0.0116 -0.0913 -0.1938 -0.2957 -0.3971 -0.4978 -0.5981 -0.6974 -0.7958 -0.8934
 -0.9901
  0.5833  0.6255  0.6575  0.6811  0.7000  0.7164  0.7307  0.7435  0.7524  0.7547
  0.7483  0.7318  0.7063  0.6743  0.6370  0.5304  0.4248  0.3224  0.2195  0.1163
  0.0132 -0.0896 -0.1918 -0.2931 -0.3936 -0.4933 -0.5922 -0.6901 -0.7870 -0.8828
 -0.9774
  0.5843  0.6295  0.6625  0.6856  0.7007  0.7104  0.7167  0.7205  0.7213  0.7178
  0.7084  0.6918  0.6677  0.6393  0.6096  0.5293  0.4311  0.3274  0.2235  0.1195
  0.0159 -0.0871 -0.1891 -0.2902 -0.3902 -0.4893 -0.5874 -0.6843 -0.7800 -0.8744
 -0.9628
  0.5931  0.6367  0.6708  0.6942  0.7083  0.7147  0.7152  0.7118  0.7053  0.6958
  0.6824  0.6637  0.6391  0.6096  0.5526  0.5194  0.4386  0.3341  0.2291
 [Fe/H] =  0.25 [alpha/Fe] = 0.40 BC value = F140M
  0.7129  0.8016  0.8780  0.9387  0.9801  0.9995  0.9949  0.9646  0.9134  0.8619
  0.8118  0.7639  0.7190  0.6771  0.6378  0.5457  0.4540  0.3585  0.2569
  0.6994  0.7895  0.8705  0.9367  0.9822  1.0025  0.9939  0.9576  0.9085  0.8572
  0.8063  0.7572  0.7106  0.6672  0.6267  0.5328  0.4403  0.3450  0.2457  0.1408
  0.6634  0.7570  0.8365  0.9012  0.9492  0.9777  0.9815  0.9552  0.9098  0.8592
  0.8078  0.7575  0.7093  0.6640  0.6218  0.5254  0.4319  0.3361  0.2373  0.1343
  0.0266
  0.6137  0.7100  0.7940  0.8639  0.9179  0.9536  0.9674  0.9528  0.9138  0.8651
  0.8137  0.7625  0.7128  0.6657  0.6215  0.5217  0.4270  0.3306  0.2317  0.1298
  0.0242 -0.0842
  0.5588  0.6557  0.7414  0.8161  0.8767  0.9208  0.9454  0.9452  0.9171  0.8724
  0.8221  0.7705  0.7198  0.6709  0.6247  0.5208  0.4246  0.3274  0.2282  0.1268
  0.0227 -0.0835 -0.1911 -0.2997
  0.5092  0.6006  0.6850  0.7612  0.8264  0.8781  0.9132  0.9274  0.9149  0.8786
  0.8312  0.7802  0.7289  0.6787  0.6307  0.5222  0.4238  0.3259  0.2262  0.1249
  0.0219 -0.0827 -0.1882 -0.2942 -0.4005 -0.5071 -0.6140 -0.7207 -0.8240 -0.9229
  0.5001  0.5689  0.6387  0.7082  0.7724  0.8277  0.8707  0.8973  0.9017  0.8797
  0.8390  0.7902  0.7392  0.6883  0.6389  0.5257  0.4245  0.3256  0.2254  0.1240
  0.0216 -0.0819 -0.1858 -0.2898 -0.3939 -0.4979 -0.6019 -0.7059 -0.8094 -0.9096
 -1.0053
  0.5450  0.5903  0.6341  0.6811  0.7309  0.7794  0.8227  0.8567  0.8748  0.8703
  0.8418  0.7986  0.7495  0.6988  0.6486  0.5313  0.4266  0.3263  0.2254  0.1239
  0.0217 -0.0810 -0.1837 -0.2863 -0.3885 -0.4905 -0.5923 -0.6937 -0.7948 -0.8952
 -0.9926
  0.5708  0.6137  0.6507  0.6852  0.7187  0.7517  0.7838  0.8132  0.8369  0.8463
  0.8341  0.8014  0.7572  0.7084  0.6585  0.5382  0.4296  0.3273  0.2253  0.1232
  0.0208 -0.0816 -0.1837 -0.2853 -0.3862 -0.4866 -0.5868 -0.6865 -0.7855 -0.8838
 -0.9812
  0.5793  0.6227  0.6563  0.6840  0.7092  0.7331  0.7550  0.7741  0.7905  0.8018
  0.8037  0.7878  0.7560  0.7144  0.6678  0.5477  0.4356  0.3309  0.2278  0.1250
  0.0225 -0.0798 -0.1814 -0.2823 -0.3822 -0.4814 -0.5801 -0.6781 -0.7754 -0.8732
 -0.9693
  0.5801  0.6257  0.6602  0.6852  0.7039  0.7192  0.7325  0.7437  0.7516  0.7555
  0.7542  0.7443  0.7234  0.6939  0.6587  0.5551  0.4434  0.3363  0.2318  0.1280
  0.0250 -0.0773 -0.1788 -0.2793 -0.3787 -0.4770 -0.5746 -0.6714 -0.7673 -0.8624
 -0.9563
  0.5814  0.6289  0.6649  0.6903  0.7069  0.7168  0.7223  0.7251  0.7255  0.7227
  0.7156  0.7028  0.6827  0.6558  0.6312  0.5604  0.4530  0.3435  0.2373
 [Fe/H] =  0.50 [alpha/Fe] = 0.40 BC value = F140M
  0.7465  0.8365  0.9031  0.9535  0.9864  1.0045  1.0046  1.0000  0.9456  0.8910
  0.8376  0.7863  0.7375  0.6917  0.6486  0.5491  0.4534  0.3568  0.2566
  0.7345  0.8261  0.9017  0.9884  1.0373  1.0520  1.0357  0.9941  0.9419  0.8878
  0.8340  0.7816  0.7315  0.6843  0.6400  0.5388  0.4425  0.3458  0.2468  0.1434
  0.6999  0.7952  0.8746  0.9393  0.9873  1.0155  1.0191  0.9923  0.9442  0.8910
  0.8369  0.7836  0.7321  0.6832  0.6373  0.5333  0.4361  0.3389  0.2402  0.1384
  0.0320
  0.6487  0.7484  0.8340  0.9043  0.9580  0.9932  1.0060  0.9904  0.9490  0.8978
  0.8440  0.7900  0.7373  0.6867  0.6389  0.5312  0.4327  0.3350  0.2360  0.1350
  0.0306 -0.0770
  0.5891  0.6911  0.7814  0.8579  0.9190  0.9627  0.9861  0.9843  0.9538  0.9062
  0.8534  0.7993  0.7457  0.6937  0.6441  0.5320  0.4314  0.3330  0.2337  0.1330
  0.0299 -0.0757 -0.1829 -0.2912
  0.5300  0.6298  0.7212  0.8019  0.8696  0.9220  0.9563  0.9688  0.9538  0.9142
  0.8638  0.8102  0.7562  0.7031  0.6519  0.5352  0.4318  0.3324  0.2326  0.1319
  0.0297 -0.0744 -0.1796 -0.2854 -0.3915 -0.4979 -0.6048 -0.7116 -0.8147 -0.9138
  0.4916  0.5790  0.6628  0.7421  0.8125  0.8711  0.9151  0.9409  0.9430  0.9179
  0.8733  0.8215  0.7678  0.7142  0.6618  0.5406  0.4336  0.3329  0.2325  0.1316
  0.0299 -0.0730 -0.1766 -0.2805 -0.3843 -0.4881 -0.5921 -0.6962 -0.7999 -0.9001
 -0.9962
  0.5155  0.5708  0.6311  0.6949  0.7579  0.8159  0.8648  0.9005  0.9179  0.9109
  0.8789  0.8318  0.7796  0.7261  0.6731  0.5480  0.4370  0.3343  0.2331  0.1320
  0.0304 -0.0717 -0.1741 -0.2764 -0.3784 -0.4800 -0.5817 -0.6831 -0.7845 -0.8854
 -0.9829
  0.5538  0.6009  0.6439  0.6861  0.7300  0.7749  0.8172  0.8534  0.8800  0.8890
  0.8741  0.8374  0.7893  0.7372  0.6843  0.5565  0.4413  0.3359  0.2335  0.1316
  0.0298 -0.0720 -0.1737 -0.2750 -0.3756 -0.4756 -0.5753 -0.6748 -0.7740 -0.8728
 -0.9710
  0.5687  0.6139  0.6511  0.6849  0.7175  0.7496  0.7800  0.8083  0.8334  0.8505
  0.8531  0.8331  0.7948  0.7471  0.6959  0.5675  0.4486  0.3401  0.2361  0.1335
  0.0315 -0.0701 -0.1712 -0.2717 -0.3712 -0.4698 -0.5679 -0.6656 -0.7629 -0.8598
 -0.9559
  0.5712  0.6184  0.6544  0.6824  0.7063  0.7287  0.7501  0.7691  0.7848  0.7970
  0.8043  0.8009  0.7802  0.7446  0.7007  0.5783  0.4576  0.3460  0.2401  0.1363
  0.0338 -0.0679 -0.1687 -0.2686 -0.3674 -0.4651 -0.5620 -0.6582 -0.7540 -0.8492
 -0.9436
  0.5694  0.6194  0.6572  0.6846  0.7041  0.7185  0.7303  0.7405  0.7483  0.7528
  0.7530  0.7478  0.7345  0.7110  0.6987  0.5889  0.4683  0.3536  0.2455
