 [Fe/H] = -4.00 [alpha/Fe] = 0.40 BC value = F150W
  2.6671  1.7043  0.4815  0.5021  2.0008  3.9716  3.2830  2.1826  1.6490  1.7733
  1.9245  2.0374  2.1596  2.2363  2.2582  2.1323
  2.6421  2.2553  1.7012  1.6679  2.2443  3.1031  2.8317  2.3967  2.1512  2.1442
  2.1635  2.1838  2.2133  2.2261  2.2117  2.0967  1.9692  1.8424  1.6970
  2.5102  2.4442  2.2959  2.2594  2.3367  2.5393  2.4977  2.4295  2.3644  2.3130
  2.2770  2.2524  2.2324  2.2087  2.1766  2.0698  1.9524  1.8262  1.6928  1.5614
  1.4363
  2.2714  2.2710  2.2656  2.2766  2.2780  2.2802  2.2810  2.2811  2.2886  2.2798
  2.2649  2.2434  2.2168  2.1841  2.1529  2.0516  1.9348  1.8095  1.6820  1.5557
  1.4307  1.3063  1.1832
  2.2307  2.2293  2.2251  2.2271  2.2273  2.2283  2.2283  2.2259  2.2201  2.2110
  2.1982  2.1814  2.1606  2.1348  2.1035  2.0133  1.9095  1.7941  1.6717  1.5478
  1.4249  1.3035  1.1836  1.0651  0.9478
  2.1667  2.1687  2.1686  2.1684  2.1693  2.1709  2.1721  2.1706  2.1649  2.1548
  2.1408  2.1243  2.1050  2.0831  2.0569  1.9761  1.8821  1.7758  1.6598  1.5396
  1.4192  1.3003  1.1831  1.0675  0.9533  0.8402
  2.0795  2.0892  2.0961  2.1005  2.1040  2.1080  2.1124  2.1152  2.1137  2.1069
  2.0947  2.0777  2.0580  2.0371  2.0131  1.9400  1.8526  1.7546  1.6463  1.5311
  1.4136  1.2967  1.1816  1.0683  0.9566  0.8463  0.7373  0.6291  0.5219  0.4187
  1.9691  1.9908  2.0076  2.0200  2.0298  2.0381  2.0466  2.0544  2.0594  2.0590
  2.0521  2.0391  2.0206  1.9986  1.9755  1.9071  1.8246  1.7319  1.6306  1.5215
  1.4077  1.2931  1.1797  1.0682  0.9585  0.8506  0.7443  0.6390  0.5342  0.4303
  0.3299
  1.8370  1.8719  1.9009  1.9245  1.9438  1.9595  1.9736  1.9869  1.9986  2.0061
  2.0073  2.0009  1.9875  1.9682  1.9448  1.8788  1.7997  1.7103  1.6135  1.5102
  1.4012  1.2893  1.1776  1.0676  0.9596  0.8535  0.7490  0.6460  0.5441  0.4429
  0.3420
  1.6980  1.7397  1.7773  1.8112  1.8420  1.8683  1.8910  1.9114  1.9300  1.9458
  1.9562  1.9586  1.9527  1.9391  1.9191  1.8531  1.7778  1.6907  1.5961  1.4963
  1.3918  1.2833  1.1735  1.0645  0.9577  0.8529  0.7500  0.6488  0.5490  0.4501
  0.3521
  1.5598  1.6021  1.6447  1.6875  1.7282  1.7655  1.7985  1.8277  1.8541  1.8776
  1.8958  1.9073  1.9113  1.9070  1.8943  1.8361  1.7584  1.6747  1.5820  1.4843
  1.3831  1.2784  1.1714  1.0641  0.9582  0.8545  0.7529  0.6534  0.5556  0.4591
  0.3619
  1.4054  1.4591  1.5096  1.5571  1.6048  1.6507  1.6938  1.7328  1.7683  1.8010
  1.8291  1.8507  1.8641  1.8680  1.8618  1.8138  1.7410  1.6600  1.5699  1.4738
  1.3743  1.2723  1.1684  1.0633  0.9587  0.8557  0.7548  0.6564  0.5600  0.4654
  0.3721
  1.2348  1.3107  1.3720  1.4200  1.4718  1.5239  1.5796  1.6273  1.6713  1.7108
  1.7458  1.7766  1.8037  1.8221  1.8216  1.7863  1.7256  1.6466  1.5598
 [Fe/H] = -3.00 [alpha/Fe] = 0.40 BC value = F150W
  2.0995  2.1202  2.1659  2.2527  2.3743  2.5630  2.4633  2.3773  2.3374  2.3347
  2.3228  2.3080  2.3017  2.2868  2.2557  2.1314
  2.1396  2.1506  2.1774  2.2311  2.3096  2.4288  2.4066  2.3799  2.3627  2.3532
  2.3355  2.3131  2.2904  2.2620  2.2251  2.1063  1.9754  1.8428  1.7091
  2.1689  2.1730  2.1856  2.2138  2.2584  2.3245  2.3469  2.3569  2.3561  2.3459
  2.3277  2.3026  2.2716  2.2355  2.1951  2.0808  1.9569  1.8277  1.6970  1.5665
  1.4371
  2.1874  2.1874  2.1905  2.2008  2.2206  2.2501  2.2842  2.3083  2.3177  2.3130
  2.2995  2.2767  2.2451  2.2071  2.1657  2.0549  1.9370  1.8126  1.6854  1.5584
  1.4325  1.3078  1.1849
  2.1951  2.1938  2.1921  2.1921  2.1963  2.2056  2.2185  2.2340  2.2475  2.2544
  2.2508  2.2353  2.2110  2.1769  2.1369  2.0286  1.9157  1.7975  1.6744  1.5503
  1.4273  1.3058  1.1857  1.0669  0.9493
  2.1920  2.1922  2.1904  2.1877  2.1855  2.1849  2.1865  2.1886  2.1897  2.1904
  2.1877  2.1787  2.1628  2.1386  2.1054  2.0025  1.8932  1.7809  1.6633  1.5426
  1.4220  1.3029  1.1855  1.0696  0.9550  0.8417
  2.1745  2.1781  2.1786  2.1769  2.1736  2.1695  2.1653  2.1612  2.1555  2.1473
  2.1367  2.1241  2.1087  2.0900  2.0641  1.9752  1.8703  1.7628  1.6510  1.5347
  1.4168  1.2997  1.1843  1.0707  0.9587  0.8481  0.7389  0.6305  0.5232  0.4200
  2.1385  2.1478  2.1528  2.1542  2.1530  2.1494  2.1442  2.1376  2.1295  2.1186
  2.1043  2.0867  2.0668  2.0457  2.0219  1.9442  1.8473  1.7438  1.6371  1.5259
  1.4114  1.2963  1.1827  1.0708  0.9609  0.8526  0.7457  0.6402  0.5354  0.4315
  0.3312
  2.1111  2.1078  2.1097  2.1162  2.1192  2.1188  2.1158  2.1103  2.1023  2.0918
  2.0778  2.0598  2.0380  2.0136  1.9879  1.9136  1.8242  1.7251  1.6262  1.5157
  1.4069  1.2928  1.1808  1.0704  0.9621  0.8557  0.7509  0.6473  0.5448  0.4434
  0.3432
  2.0043  2.0416  2.0596  2.0602  2.0691  2.0740  2.0752  2.0732  2.0682  2.0602
  2.0488  2.0332  2.0131  1.9891  1.9624  1.8865  1.8015  1.7065  1.6063  1.5030
  1.3965  1.2872  1.1768  1.0675  0.9603  0.8553  0.7521  0.6506  0.5505  0.4516
  0.3532
  1.9095  1.9564  1.9812  1.9861  2.0022  2.0135  2.0206  2.0240  2.0237  2.0201
  2.0130  2.0019  1.9861  1.9655  1.9408  1.8652  1.7818  1.6908  1.5931  1.4919
  1.3885  1.2826  1.1750  1.0672  0.9609  0.8569  0.7551  0.6553  0.5572  0.4605
  0.3630
  1.8121  1.8523  1.8854  1.9121  1.9355  1.9545  1.9689  1.9603  1.9665  1.9688
  1.9675  1.9620  1.9521  1.9371  1.9169  1.8479  1.7640  1.6762  1.5814  1.4820
  1.3803  1.2769  1.1722  1.0666  0.9615  0.8582  0.7571  0.6583  0.5618  0.4669
  0.3734
  1.7123  1.7292  1.7721  1.8382  1.8692  1.8970  1.8842  1.9014  1.9145  1.9045
  1.9101  1.9116  1.9086  1.9005  1.8907  1.8346  1.7481  1.6627  1.5712
 [Fe/H] = -2.50 [alpha/Fe] = 0.40 BC value = F150W
  2.0623  2.2137  2.4136  2.4948  2.4238  2.3377  2.3499  2.4170  2.4499  2.4290
  2.3940  2.3594  2.3282  2.2942  2.2529  2.1323
  2.0847  2.1638  2.2745  2.3378  2.3396  2.3322  2.3553  2.3907  2.4053  2.3925
  2.3675  2.3367  2.3031  2.2660  2.2243  2.1069  1.9776  1.8445  1.7121
  2.1082  2.1376  2.1849  2.2291  2.2688  2.3053  2.3351  2.3545  2.3612  2.3554
  2.3383  2.3117  2.2781  2.2397  2.1979  2.0830  1.9587  1.8295  1.6992  1.5689
  1.4389
  2.1328  2.1351  2.1448  2.1687  2.2114  2.2570  2.2893  2.3084  2.3176  2.3177
  2.3064  2.2844  2.2532  2.2153  2.1737  2.0606  1.9402  1.8150  1.6876  1.5605
  1.4345  1.3098  1.1862
  2.1585  2.1563  2.1542  2.1566  2.1674  2.1873  2.2179  2.2524  2.2745  2.2794
  2.2718  2.2548  2.2284  2.1928  2.1517  2.0397  1.9221  1.8010  1.6772  1.5529
  1.4297  1.3080  1.1877  1.0687  0.9510
  2.1772  2.1753  2.1708  2.1660  2.1639  2.1665  2.1742  2.1855  2.2015  2.2181
  2.2243  2.2165  2.1984  2.1693  2.1308  2.0202  1.9043  1.7868  1.6670  1.5456
  1.4248  1.3055  1.1878  1.0717  0.9569  0.8433
  2.1874  2.1872  2.1836  2.1777  2.1707  2.1645  2.1606  2.1589  2.1580  2.1577
  2.1592  2.1586  2.1501  2.1326  2.1043  2.0017  1.8872  1.7721  1.6563  1.5385
  1.4200  1.3026  1.1869  1.0730  0.9608  0.8500  0.7405  0.6319  0.5245  0.4214
  2.1863  2.1886  2.1873  2.1829  2.1760  2.1671  2.1572  2.1478  2.1385  2.1286
  2.1179  2.1071  2.0961  2.0827  2.0628  1.9797  1.8706  1.7575  1.6447  1.5307
  1.4151  1.2996  1.1856  1.0735  0.9632  0.8546  0.7475  0.6418  0.5369  0.4329
  0.3326
  2.1696  2.1762  2.1782  2.1768  2.1722  2.1644  2.1538  2.1413  2.1276  2.1126
  2.0963  2.0785  2.0596  2.0403  2.0203  1.9495  1.8521  1.7429  1.6326  1.5220
  1.4098  1.2965  1.1840  1.0733  0.9647  0.8580  0.7529  0.6493  0.5470  0.4455
  0.3446
  2.1348  2.1462  2.1532  2.1558  2.1549  2.1505  2.1423  2.1307  2.1163  2.0995
  2.0808  2.0601  2.0374  2.0134  1.9889  1.9182  1.8293  1.7266  1.6190  1.5109
  1.4018  1.2913  1.1803  1.0707  0.9632  0.8578  0.7543  0.6525  0.5522  0.4530
  0.3546
  2.0808  2.0960  2.1091  2.1173  2.1215  2.1218  2.1179  2.1100  2.0981  2.0829
  2.0647  2.0439  2.0207  1.9952  1.9681  1.8932  1.8081  1.7112  1.6072  1.5013
  1.3949  1.2873  1.1788  1.0706  0.9639  0.8596  0.7574  0.6573  0.5590  0.4620
  0.3644
  2.0075  2.0279  2.0455  2.0598  2.0702  2.0761  2.0777  2.0751  2.0680  2.0568
  2.0419  2.0235  2.0020  1.9777  1.9509  1.8747  1.7888  1.6964  1.5961  1.4923
  1.3875  1.2823  1.1764  1.0702  0.9647  0.8610  0.7596  0.6606  0.5637  0.4686
  0.3749
  1.9148  1.9419  1.9662  1.9847  2.0007  2.0127  2.0203  2.0237  2.0229  2.0176
  2.0079  1.9942  1.9767  1.9557  1.9373  1.8627  1.7714  1.6822  1.5857
 [Fe/H] = -2.00 [alpha/Fe] = 0.40 BC value = F150W
  2.2362  2.2895  2.3402  2.3925  2.4243  2.4442  2.4534  2.4496  2.4354  2.4140
  2.3873  2.3578  2.3245  2.2872  2.2436  2.1293
  2.1607  2.2207  2.2776  2.3279  2.3679  2.3960  2.4115  2.4143  2.4059  2.3884
  2.3635  2.3330  2.2985  2.2606  2.2185  2.1047  1.9792  1.8472  1.7130
  2.1208  2.1690  2.2205  2.2698  2.3123  2.3449  2.3657  2.3747  2.3725  2.3602
  2.3390  2.3101  2.2759  2.2378  2.1964  2.0830  1.9602  1.8320  1.7016  1.5713
  1.4416
  2.1165  2.1344  2.1689  2.2182  2.2576  2.2910  2.3160  2.3308  2.3352  2.3294
  2.3138  2.2891  2.2567  2.2188  2.1773  2.0642  1.9434  1.8183  1.6911  1.5639
  1.4377  1.3128  1.1888
  2.1352  2.1307  2.1435  2.1705  2.2048  2.2396  2.2693  2.2894  2.2975  2.2961
  2.2859  2.2667  2.2385  2.2024  2.1612  2.0483  1.9288  1.8061  1.6815  1.5569
  1.4335  1.3115  1.1909  1.0716  0.9536
  2.1617  2.1600  2.1563  2.1610  2.1736  2.1911  2.2107  2.2304  2.2483  2.2602
  2.2563  2.2416  2.2184  2.1866  2.1470  2.0346  1.9158  1.7949  1.6729  1.5506
  1.4292  1.3095  1.1915  1.0749  0.9597  0.8460
  2.1833  2.1817  2.1760  2.1682  2.1612  2.1581  2.1594  2.1646  2.1735  2.1884
  2.2024  2.2035  2.1911  2.1671  2.1326  2.0226  1.9041  1.7844  1.6645  1.5446
  1.4252  1.3072  1.1911  1.0767  0.9641  0.8529  0.7431  0.6342  0.5268  0.4238
  2.2010  2.1998  2.1944  2.1854  2.1745  2.1635  2.1541  2.1475  2.1424  2.1383
  2.1367  2.1388  2.1382  2.1284  2.1073  2.0109  1.8935  1.7745  1.6562  1.5385
  1.4212  1.3048  1.1903  1.0777  0.9669  0.8579  0.7504  0.6444  0.5392  0.4352
  0.3351
  2.2119  2.2119  2.2076  2.1996  2.1885  2.1751  2.1606  2.1462  2.1324  2.1192
  2.1060  2.0934  2.0830  2.0739  2.0614  1.9920  1.8829  1.7650  1.6478  1.5320
  1.4170  1.3024  1.1892  1.0780  0.9689  0.8617  0.7561  0.6521  0.5495  0.4479
  0.3469
  2.2113  2.2157  2.2130  2.2064  2.1967  2.1839  2.1685  2.1510  2.1322  2.1127
  2.0930  2.0729  2.0528  2.0338  2.0163  1.9587  1.8663  1.7538  1.6379  1.5235
  1.4105  1.2979  1.1860  1.0758  0.9677  0.8619  0.7579  0.6556  0.5549  0.4555
  0.3568
  2.1955  2.2034  2.2049  2.2015  2.1944  2.1840  2.1704  2.1535  2.1337  2.1117
  2.0882  2.0637  2.0386  2.0133  1.9885  1.9254  1.8439  1.7415  1.6294  1.5166
  1.4054  1.2950  1.1851  1.0761  0.9689  0.8641  0.7614  0.6609  0.5621  0.4647
  0.3667
  2.1617  2.1728  2.1793  2.1808  2.1780  2.1713  2.1610  2.1471  2.1294  2.1083
  2.0844  2.0582  2.0306  2.0021  1.9733  1.9006  1.8206  1.7262  1.6200  1.5097
  1.3999  1.2913  1.1835  1.0761  0.9700  0.8658  0.7639  0.6644  0.5671  0.4716
  0.3775
  2.1092  2.1239  2.1344  2.1410  2.1437  2.1424  2.1370  2.1275  2.1139  2.0963
  2.0749  2.0502  2.0229  1.9936  1.9707  1.8843  1.7964  1.7079  1.6097
 [Fe/H] = -1.50 [alpha/Fe] = 0.40 BC value = F150W
  2.3009  2.3546  2.4034  2.4436  2.4705  2.4845  2.4835  2.4672  2.4412  2.4105
  2.3773  2.3437  2.3093  2.2729  2.2335  2.1239
  2.2461  2.3054  2.3589  2.4038  2.4361  2.4540  2.4563  2.4436  2.4209  2.3920
  2.3591  2.3240  2.2877  2.2497  2.2096  2.0994  1.9783  1.8494  1.7163
  2.1970  2.2552  2.3098  2.3573  2.3938  2.4162  2.4234  2.4160  2.3981  2.3727
  2.3419  2.3072  2.2702  2.2313  2.1905  2.0795  1.9598  1.8343  1.7053  1.5753
  1.4455
  2.1536  2.2040  2.2561  2.3041  2.3435  2.3712  2.3848  2.3844  2.3728  2.3526
  2.3257  2.2933  2.2568  2.2177  2.1762  2.0642  1.9449  1.8215  1.6955  1.5687
  1.4425  1.3173  1.1931
  2.1427  2.1693  2.2042  2.2502  2.2907  2.3218  2.3410  2.3477  2.3430  2.3290
  2.3075  2.2793  2.2453  2.2069  2.1654  2.0527  1.9334  1.8111  1.6871  1.5627
  1.4390  1.3167  1.1956  1.0758  0.9573
  2.1571  2.1616  2.1760  2.1981  2.2262  2.2586  2.2902  2.3069  2.3098  2.3019
  2.2857  2.2625  2.2328  2.1971  2.1565  2.0439  1.9244  1.8027  1.6801  1.5574
  1.4357  1.3154  1.1969  1.0798  0.9641  0.8498
  2.1795  2.1803  2.1790  2.1792  2.1843  2.1937  2.2090  2.2302  2.2502  2.2612
  2.2581  2.2420  2.2172  2.1859  2.1481  2.0368  1.9172  1.7958  1.6742  1.5530
  1.4327  1.3140  1.1973  1.0823  0.9690  0.8573  0.7470  0.6378  0.5305  0.4278
  2.1988  2.1994  2.1954  2.1886  2.1815  2.1767  2.1749  2.1749  2.1763  2.1811
  2.1908  2.1962  2.1889  2.1682  2.1371  2.0306  1.9112  1.7899  1.6690  1.5489
  1.4300  1.3127  1.1973  1.0840  0.9726  0.8630  0.7548  0.6482  0.5429  0.4391
  0.3393
  2.2176  2.2183  2.2137  2.2048  2.1928  2.1798  2.1675  2.1570  2.1475  2.1384
  2.1303  2.1260  2.1257  2.1218  2.1078  2.0236  1.9059  1.7847  1.6642  1.5451
  1.4285  1.3113  1.1971  1.0852  0.9753  0.8674  0.7611  0.6565  0.5535  0.4517
  0.3509
  2.2357  2.2363  2.2322  2.2225  2.2088  2.1925  2.1747  2.1568  2.1393  2.1224
  2.1056  2.0890  2.0742  2.0630  2.0537  2.0019  1.8988  1.7785  1.6582  1.5396
  1.4231  1.3081  1.1949  1.0837  0.9749  0.8683  0.7636  0.6606  0.5594  0.4595
  0.3607
  2.2483  2.2501  2.2474  2.2378  2.2240  2.2069  2.1872  2.1658  2.1434  2.1206
  2.0976  2.0746  2.0518  2.0298  2.0102  1.9634  1.8840  1.7731  1.6541  1.5362
  1.4205  1.3069  1.1950  1.0847  0.9767  0.8712  0.7678  0.6665  0.5670  0.4691
  0.3707
  2.2499  2.2543  2.2529  2.2460  2.2337  2.2175  2.1980  2.1760  2.1518  2.1260
  2.0991  2.0714  2.0435  2.0157  1.9887  1.9268  1.8575  1.7621  1.6491  1.5326
  1.4178  1.3053  1.1947  1.0857  0.9785  0.8735  0.7709  0.6707  0.5727  0.4764
  0.3818
  2.2360  2.2440  2.2458  2.2420  2.2329  2.2193  2.2018  2.1812  2.1578  2.1318
  2.1037  2.0738  2.0428  2.0112  1.9892  1.8921  1.8193  1.7455  1.6432
 [Fe/H] = -1.00 [alpha/Fe] = 0.40 BC value = F150W
  2.3961  2.4438  2.4835  2.5129  2.5306  2.5330  2.5187  2.4889  2.4545  2.4077
  2.3671  2.3281  2.2902  2.2521  2.2134  2.1091
  2.3522  2.4068  2.4528  2.4880  2.5097  2.5158  2.5048  2.4771  2.4394  2.3977
  2.3555  2.3143  2.2744  2.2349  2.1948  2.0881  1.9733  1.8499  1.7199
  2.3033  2.3613  2.4118  2.4523  2.4794  2.4912  2.4858  2.4628  2.4288  2.3889
  2.3467  2.3044  2.2630  2.2222  2.1809  2.0720  1.9561  1.8349  1.7088  1.5802
  1.4510
  2.2494  2.3073  2.3605  2.4058  2.4397  2.4591  2.4617  2.4460  2.4176  2.3813
  2.3407  2.2984  2.2560  2.2140  2.1717  2.0608  1.9439  1.8234  1.6998  1.5744
  1.4486  1.3233  1.1988
  2.1996  2.2522  2.3047  2.3524  2.3913  2.4180  2.4296  2.4232  2.4021  2.3713
  2.3343  2.2936  2.2513  2.2086  2.1656  2.0533  1.9353  1.8148  1.6925  1.5694
  1.4462  1.3236  1.2021  1.0819  0.9630
  2.1705  2.2032  2.2481  2.2952  2.3372  2.3696  2.3889  2.3925  2.3802  2.3564
  2.3246  2.2875  2.2470  2.2047  2.1614  2.0484  1.9296  1.8087  1.6871  1.5653
  1.4439  1.3235  1.2044  1.0867  0.9704  0.8555
  2.1844  2.1922  2.2072  2.2326  2.2667  2.3040  2.3344  2.3502  2.3494  2.3346
  2.3097  2.2777  2.2408  2.2005  2.1579  2.0450  1.9257  1.8045  1.6831  1.5623
  1.4422  1.3233  1.2060  1.0903  0.9763  0.8638  0.7527  0.6432  0.5359  0.4336
  2.2014  2.2044  2.2064  2.2115  2.2220  2.2368  2.2530  2.2689  2.2820  2.2872
  2.2801  2.2598  2.2300  2.1940  2.1538  2.0424  1.9231  1.8016  1.6803  1.5600
  1.4410  1.3233  1.2073  1.0932  0.9809  0.8704  0.7615  0.6542  0.5485  0.4448
  0.3456
  2.2164  2.2191  2.2177  2.2141  2.2110  2.2100  2.2108  2.2110  2.2089  2.2053
  2.2032  2.2019  2.1944  2.1752  2.1446  2.0400  1.9212  1.7995  1.6782  1.5583
  1.4400  1.3233  1.2084  1.0955  0.9847  0.8759  0.7687  0.6633  0.5596  0.4574
  0.3557
  2.2329  2.2359  2.2336  2.2270  2.2175  2.2066  2.1959  2.1856  2.1745  2.1614
  2.1468  2.1329  2.1232  2.1164  2.1055  2.0338  1.9185  1.7967  1.6751  1.5553
  1.4375  1.3214  1.2073  1.0952  0.9854  0.8778  0.7721  0.6683  0.5662  0.4657
  0.3667
  2.2521  2.2541  2.2520  2.2443  2.2321  2.2164  2.1988  2.1804  2.1617  2.1423
  2.1220  2.1006  2.0796  2.0609  2.0465  2.0053  1.9156  1.7959  1.6744  1.5548
  1.4373  1.3220  1.2087  1.0973  0.9883  0.8818  0.7774  0.6751  0.5747  0.4760
  0.3787
  2.2731  2.2745  2.2711  2.2631  2.2500  2.2322  2.2111  2.1879  2.1636  2.1387
  2.1133  2.0873  2.0610  2.0348  2.0102  1.9599  1.8957  1.7936  1.6738  1.5544
  1.4372  1.3224  1.2099  1.0994  0.9910  0.8850  0.7815  0.6803  0.5813  0.4842
  0.3887
  2.2901  2.2916  2.2884  2.2802  2.2672  2.2490  2.2266  2.2011  2.1737  2.1451
  2.1157  2.0857  2.0553  2.0248  1.9966  1.8976  1.8588  1.7898  1.6733
 [Fe/H] = -0.75 [alpha/Fe] = 0.30 BC value = F150W
  2.4331  2.4761  2.5112  2.5359  2.5486  2.5459  2.5260  2.4908  2.4523  2.4025
  2.3592  2.3183  2.2789  2.2399  2.2010  2.0987
  2.3948  2.4450  2.4862  2.5160  2.5322  2.5329  2.5163  2.4831  2.4407  2.3955
  2.3506  2.3075  2.2662  2.2258  2.1854  2.0799  1.9674  1.8478  1.7207
  2.3495  2.4040  2.4501  2.4853  2.5069  2.5132  2.5023  2.4738  2.4347  2.3906
  2.3453  2.3008  2.2579  2.2161  2.1744  2.0661  1.9523  1.8339  1.7101  1.5826
  1.4543
  2.2972  2.3531  2.4029  2.4438  2.4726  2.4869  2.4840  2.4629  2.4290  2.3878
  2.3433  2.2982  2.2540  2.2108  2.1680  2.0573  1.9417  1.8233  1.7015  1.5771
  1.4517  1.3265  1.2019
  2.2464  2.2993  2.3499  2.3942  2.4291  2.4515  2.4582  2.4465  2.4198  2.3834
  2.3415  2.2971  2.2524  2.2082  2.1644  2.0519  1.9347  1.8156  1.6948  1.5726
  1.4498  1.3273  1.2056  1.0849  0.9656
  2.2068  2.2491  2.2955  2.3405  2.3792  2.4078  2.4230  2.4219  2.4041  2.3745
  2.3372  2.2953  2.2514  2.2069  2.1624  2.0488  1.9305  1.8105  1.6900  1.5690
  1.4481  1.3277  1.2085  1.0905  0.9739  0.8588
  2.2053  2.2184  2.2421  2.2767  2.3168  2.3529  2.3774  2.3870  2.3798  2.3587
  2.3279  2.2905  2.2491  2.2055  2.1611  2.0470  1.9280  1.8073  1.6868  1.5665
  1.4469  1.3281  1.2107  1.0947  0.9804  0.8675  0.7561  0.6463  0.5390  0.4368
  2.2205  2.2241  2.2290  2.2393  2.2561  2.2768  2.2985  2.3179  2.3285  2.3254
  2.3080  2.2792  2.2431  2.2026  2.1594  2.0458  1.9265  1.8054  1.6846  1.5649
  1.4462  1.3287  1.2126  1.0982  0.9856  0.8747  0.7654  0.6578  0.5518  0.4480
  0.3490
  2.2354  2.2371  2.2359  2.2342  2.2345  2.2379  2.2426  2.2458  2.2459  2.2442
  2.2421  2.2359  2.2198  2.1918  2.1549  2.0449  1.9258  1.8043  1.6834  1.5638
  1.4458  1.3293  1.2144  1.1013  0.9901  0.8807  0.7732  0.6674  0.5632  0.4608
  0.3603
  2.2517  2.2534  2.2503  2.2437  2.2352  2.2265  2.2187  2.2108  2.2009  2.1879
  2.1732  2.1600  2.1507  2.1418  2.1261  2.0417  1.9243  1.8025  1.6811  1.5616
  1.4439  1.3279  1.2138  1.1015  0.9914  0.8834  0.7771  0.6728  0.5703  0.4695
  0.3702
  2.2710  2.2717  2.2685  2.2600  2.2475  2.2321  2.2155  2.1984  2.1808  2.1619
  2.1411  2.1189  2.0975  2.0796  2.0660  2.0207  1.9236  1.8029  1.6814  1.5618
  1.4444  1.3291  1.2157  1.1042  0.9949  0.8879  0.7830  0.6803  0.5794  0.4802
  0.3825
  2.2945  2.2938  2.2889  2.2798  2.2653  2.2467  2.2250  2.2018  2.1777  2.1529
  2.1274  2.1010  2.0740  2.0475  2.0231  1.9752  1.9091  1.8026  1.6820  1.5624
  1.4452  1.3303  1.2175  1.1067  0.9980  0.8917  0.7877  0.6860  0.5866  0.4889
  0.3929
  2.3183  2.3164  2.3105  2.3000  2.2849  2.2648  2.2408  2.2140  2.1856  2.1563
  2.1264  2.0960  2.0653  2.0344  1.9974  1.9052  1.8808  1.8016  1.6829
 [Fe/H] = -0.50 [alpha/Fe] = 0.20 BC value = F150W
  2.4689  2.5069  2.5375  2.5572  2.5646  2.5564  2.5312  2.4949  2.4482  2.4004
  2.3501  2.3067  2.2653  2.2252  2.1854  2.0844
  2.4365  2.4818  2.5178  2.5420  2.5524  2.5472  2.5248  2.4862  2.4397  2.3913
  2.3440  2.2988  2.2559  2.2143  2.1732  2.0684  1.9590  1.8439  1.7207
  2.3958  2.4459  2.4868  2.5163  2.5319  2.5322  2.5153  2.4813  2.4375  2.3898
  2.3418  2.2952  2.2508  2.2078  2.1654  2.0573  1.9458  1.8310  1.7105  1.5848
  1.4575
  2.3468  2.3992  2.4445  2.4801  2.5031  2.5114  2.5027  2.4759  2.4368  2.3913
  2.3435  2.2959  2.2500  2.2057  2.1620  2.0511  1.9372  1.8215  1.7024  1.5796
  1.4550  1.3299  1.2054
  2.2972  2.3483  2.3955  2.4354  2.4652  2.4821  2.4831  2.4657  2.4335  2.3920
  2.3460  2.2985  2.2516  2.2060  2.1613  2.0482  1.9321  1.8150  1.6963  1.5755
  1.4534  1.3312  1.2096  1.0889  0.9696
  2.2549  2.2991  2.3441  2.3859  2.4202  2.4439  2.4542  2.4477  2.4242  2.3890
  2.3467  2.3008  2.2539  2.2075  2.1619  2.0473  1.9295  1.8110  1.6921  1.5724
  1.4522  1.3321  1.2129  1.0948  0.9780  0.8626
  2.2340  2.2551  2.2882  2.3286  2.3672  2.3975  2.4157  2.4196  2.4066  2.3795
  2.3430  2.3006  2.2553  2.2090  2.1629  2.0474  1.9286  1.8089  1.6896  1.5704
  1.4515  1.3331  1.2157  1.0996  0.9850  0.8718  0.7600  0.6500  0.5426  0.4406
  2.2444  2.2495  2.2585  2.2749  2.2977  2.3235  2.3487  2.3665  2.3704  2.3577
  2.3312  2.2954  2.2539  2.2094  2.1637  2.0478  1.9285  1.8079  1.6881  1.5693
  1.4513  1.3342  1.2183  1.1038  0.9909  0.8796  0.7699  0.6620  0.5556  0.4519
  0.3529
  2.2583  2.2594  2.2588  2.2594  2.2638  2.2715  2.2795  2.2856  2.2883  2.2877
  2.2825  2.2679  2.2415  2.2051  2.1629  2.0483  1.9290  1.8078  1.6875  1.5688
  1.4514  1.3353  1.2206  1.1075  0.9960  0.8863  0.7783  0.6721  0.5676  0.4648
  0.3643
  2.2745  2.2745  2.2707  2.2643  2.2572  2.2510  2.2460  2.2402  2.2313  2.2187
  2.2045  2.1919  2.1816  2.1681  2.1453  2.0474  1.9286  1.8070  1.6861  1.5671
  1.4499  1.3344  1.2206  1.1084  0.9980  0.8896  0.7830  0.6781  0.5752  0.4739
  0.3743
  2.2933  2.2929  2.2880  2.2786  2.2659  2.2512  2.2358  2.2203  2.2037  2.1848
  2.1633  2.1405  2.1191  2.1019  2.0883  2.0348  1.9296  1.8084  1.6872  1.5680
  1.4511  1.3360  1.2229  1.1115  1.0021  0.8948  0.7895  0.6863  0.5848  0.4852
  0.3871
  2.3177  2.3153  2.3087  2.2981  2.2825  2.2633  2.2415  2.2185  2.1948  2.1702
  2.1444  2.1172  2.0893  2.0624  2.0386  1.9915  1.9210  1.8096  1.6887  1.5694
  1.4525  1.3378  1.2252  1.1145  1.0058  0.8992  0.7948  0.6927  0.5927  0.4945
  0.3980
  2.3455  2.3409  2.3325  2.3198  2.3030  2.2812  2.2559  2.2283  2.1993  2.1695
  2.1394  2.1085  2.0772  2.0457  1.9962  1.9175  1.9028  1.8106  1.6906
 [Fe/H] = -0.25 [alpha/Fe] = 0.10 BC value = F150W
  2.5029  2.5360  2.5615  2.5765  2.5785  2.5643  2.5342  2.4929  2.4426  2.3922
  2.3436  2.2976  2.2541  2.2128  2.1681  2.0670
  2.4769  2.5166  2.5468  2.5653  2.5698  2.5585  2.5302  2.4864  2.4363  2.3853
  2.3357  2.2884  2.2437  2.2006  2.1586  2.0536  1.9470  1.8369  1.7190
  2.4418  2.4863  2.5212  2.5445  2.5538  2.5478  2.5245  2.4851  2.4372  2.3864
  2.3361  2.2876  2.2414  2.1971  2.1537  2.0452  1.9359  1.8252  1.7090  1.5863
  1.4600
  2.3976  2.4451  2.4847  2.5141  2.5306  2.5323  2.5171  2.4845  2.4406  2.3914
  2.3409  2.2913  2.2438  2.1980  2.1534  2.0418  1.9295  1.8170  1.7016  1.5814
  1.4580  1.3336  1.2092
  2.3516  2.3989  2.4411  2.4753  2.4989  2.5092  2.5038  2.4803  2.4425  2.3966
  2.3472  2.2972  2.2485  2.2015  2.1557  2.0416  1.9264  1.8118  1.6962  1.5777
  1.4569  1.3352  1.2137  1.0930  0.9733
  2.3101  2.3529  2.3945  2.4312  2.4598  2.4775  2.4817  2.4688  2.4395  2.3990
  2.3523  2.3032  2.2540  2.2059  2.1591  2.0432  1.9258  1.8091  1.6927  1.5750
  1.4561  1.3366  1.2176  1.0995  0.9825  0.8669
  2.2748  2.3049  2.3439  2.3825  2.4149  2.4383  2.4502  2.4479  2.4287  2.3957
  2.3539  2.3073  2.2588  2.2104  2.1628  2.0455  1.9268  1.8082  1.6908  1.5735
  1.4558  1.3381  1.2210  1.1049  0.9901  0.8767  0.7648  0.6543  0.5469  0.4450
  2.2755  2.2832  2.2974  2.3194  2.3468  2.3751  2.3982  2.4095  2.4045  2.3830
  2.3492  2.3075  2.2615  2.2139  2.1661  2.0479  1.9283  1.8085  1.6901  1.5729
  1.4560  1.3396  1.2241  1.1097  0.9967  0.8851  0.7752  0.6668  0.5601  0.4564
  0.3576
  2.2869  2.2878  2.2885  2.2919  2.2998  2.3105  2.3209  2.3295  2.3338  2.3313
  2.3188  2.2937  2.2576  2.2146  2.1684  2.0501  1.9301  1.8094  1.6902  1.5728
  1.4565  1.3411  1.2270  1.1140  1.0025  0.8926  0.7842  0.6776  0.5727  0.4695
  0.3690
  2.3025  2.3011  2.2966  2.2904  2.2847  2.2809  2.2778  2.2732  2.2649  2.2529
  2.2396  2.2270  2.2131  2.1922  2.1607  2.0511  1.9310  1.8096  1.6894  1.5715
  1.4553  1.3406  1.2273  1.1155  1.0052  0.8966  0.7896  0.6843  0.5809  0.4792
  0.3793
  2.3212  2.3192  2.3123  2.3019  2.2888  2.2746  2.2604  2.2460  2.2297  2.2104
  2.1880  2.1649  2.1441  2.1274  2.1120  2.0460  1.9334  1.8120  1.6912  1.5729
  1.4568  1.3425  1.2299  1.1190  1.0098  0.9025  0.7969  0.6932  0.5912  0.4910
  0.3925
  2.3456  2.3412  2.3329  2.3202  2.3033  2.2833  2.2613  2.2385  2.2149  2.1901
  2.1636  2.1353  2.1066  2.0797  2.0565  2.0081  1.9303  1.8145  1.6937  1.5749
  1.4587  1.3446  1.2326  1.1224  1.0140  0.9074  0.8028  0.7003  0.5998  0.5011
  0.4040
  2.3753  2.3681  2.3572  2.3422  2.3233  2.2998  2.2733  2.2448  2.2152  2.1851
  2.1543  2.1228  2.0906  2.0584  1.9942  1.9374  1.9217  1.8171  1.6969
 [Fe/H] =  0.00 [alpha/Fe] = 0.00 BC value = F150W
  2.5272  2.5567  2.5795  2.5887  2.5834  2.5644  2.5324  2.4883  2.4351  2.3824
  2.3315  2.2833  2.2385  2.1951  2.1535  2.0535
  2.5157  2.5491  2.5730  2.5853  2.5836  2.5660  2.5319  2.4835  2.4305  2.3773
  2.3257  2.2764  2.2296  2.1850  2.1416  2.0361  1.9319  1.8262  1.7143
  2.4873  2.5249  2.5529  2.5692  2.5719  2.5592  2.5294  2.4849  2.4336  2.3805
  2.3282  2.2779  2.2299  2.1840  2.1393  2.0298  1.9225  1.8159  1.7049  1.5864
  1.4618
  2.4499  2.4907  2.5231  2.5451  2.5544  2.5490  2.5267  2.4883  2.4401  2.3880
  2.3354  2.2841  2.2349  2.1878  2.1419  2.0291  1.9181  1.8092  1.6982  1.5817
  1.4606  1.3370  1.2131
  2.4101  2.4513  2.4866  2.5135  2.5296  2.5324  2.5195  2.4894  2.4464  2.3967
  2.3446  2.2928  2.2425  2.1941  2.1471  2.0315  1.9172  1.8054  1.6936  1.5784
  1.4597  1.3390  1.2181  1.0976  0.9776
  2.3666  2.4115  2.4470  2.4766  2.4978  2.5080  2.5046  2.4846  2.4491  2.4037
  2.3535  2.3019  2.2509  2.2015  2.1534  2.0357  1.9186  1.8040  1.6908  1.5762
  1.4592  1.3409  1.2224  1.1044  0.9876  0.8718
  2.3315  2.3673  2.4047  2.4365  2.4610  2.4766  2.4810  2.4712  2.4451  2.4062
  2.3598  2.3097  2.2589  2.2088  2.1599  2.0405  1.9215  1.8045  1.6897  1.5751
  1.4592  1.3427  1.2262  1.1104  0.9956  0.8822  0.7700  0.6592  0.5520  0.4501
  2.3181  2.3289  2.3475  2.3729  2.4017  2.4273  2.4429  2.4449  2.4307  2.4014
  2.3612  2.3146  2.2652  2.2152  2.1658  2.0452  1.9250  1.8061  1.6898  1.5749
  1.4598  1.3446  1.2298  1.1157  1.0028  0.8913  0.7811  0.6724  0.5654  0.4617
  0.3630
  2.3252  2.3258  2.3274  2.3331  2.3430  2.3545  2.3657  2.3748  2.3772  2.3685
  2.3462  2.3111  2.2675  2.2198  2.1708  2.0494  1.9285  1.8083  1.6906  1.5751
  1.4606  1.3464  1.2331  1.1206  1.0094  0.8993  0.7907  0.6838  0.5786  0.4751
  0.3745
  2.3394  2.3362  2.3305  2.3242  2.3193  2.3162  2.3133  2.3083  2.2998  2.2883
  2.2755  2.2610  2.2406  2.2104  2.1704  2.0523  1.9309  1.8096  1.6905  1.5742
  1.4596  1.3461  1.2337  1.1225  1.0127  0.9041  0.7969  0.6913  0.5875  0.4854
  0.3851
  2.3580  2.3533  2.3441  2.3319  2.3180  2.3036  2.2893  2.2745  2.2574  2.2368
  2.2138  2.1910  2.1711  2.1537  2.1348  2.0529  1.9347  1.8130  1.6930  1.5758
  1.4612  1.3481  1.2365  1.1264  1.0178  0.9106  0.8050  0.7009  0.5986  0.4980
  0.3989
  2.3824  2.3751  2.3641  2.3485  2.3295  2.3080  2.2852  2.2617  2.2374  2.2116
  2.1836  2.1541  2.1251  2.0987  2.0763  2.0238  1.9359  1.8168  1.6962  1.5783
  1.4632  1.3503  1.2393  1.1299  1.0222  0.9161  0.8116  0.7088  0.6079  0.5087
  0.4111
  2.4124  2.4021  2.3880  2.3700  2.3480  2.3222  2.2939  2.2642  2.2335  2.2024
  2.1706  2.1378  2.1046  2.0719  1.9949  1.9650  1.9345  1.8210  1.7001
 [Fe/H] =  0.25 [alpha/Fe] = 0.00 BC value = F150W
  2.5636  2.5907  2.6084  2.6074  2.5895  2.5636  2.5325  2.4969  2.4396  2.3835
  2.3291  2.2772  2.2283  2.1832  2.1393  2.0359
  2.5507  2.5817  2.6026  2.6087  2.5999  2.5771  2.5414  2.4935  2.4367  2.3802
  2.3252  2.2724  2.2224  2.1749  2.1295  2.0214  1.9175  1.8139  1.7069
  2.5265  2.5617  2.5867  2.5994  2.5983  2.5808  2.5462  2.4968  2.4416  2.3853
  2.3297  2.2761  2.2249  2.1763  2.1295  2.0175  1.9101  1.8054  1.6983  1.5843
  1.4632
  2.4910  2.5307  2.5607  2.5794  2.5847  2.5746  2.5470  2.5031  2.4505  2.3948
  2.3390  2.2846  2.2323  2.1824  2.1344  2.0191  1.9080  1.8005  1.6927  1.5801
  1.4624  1.3411  1.2180
  2.4502  2.4921  2.5266  2.5511  2.5637  2.5622  2.5439  2.5082  2.4599  2.4061
  2.3506  2.2956  2.2423  2.1911  2.1420  2.0238  1.9092  1.7984  1.6892  1.5774
  1.4614  1.3425  1.2226  1.1026  0.9833
  2.4093  2.4507  2.4870  2.5158  2.5348  2.5415  2.5335  2.5081  2.4669  2.4165
  2.3623  2.3073  2.2533  2.2011  2.1507  2.0301  1.9126  1.7987  1.6876  1.5758
  1.4612  1.3446  1.2272  1.1098  0.9932  0.8775
  2.3715  2.4099  2.4454  2.4760  2.4993  2.5126  2.5137  2.4995  2.4680  2.4235
  2.3722  2.3182  2.2640  2.2110  2.1596  2.0369  1.9173  1.8007  1.6874  1.5752
  1.4616  1.3467  1.2313  1.1162  1.0018  0.8885  0.7762  0.6652  0.5583  0.4566
  2.3325  2.3588  2.3915  2.4275  2.4567  2.4759  2.4843  2.4801  2.4601  2.4244
  2.3782  2.3267  2.2733  2.2201  2.1680  2.0433  1.9224  1.8037  1.6885  1.5755
  1.4625  1.3489  1.2352  1.1219  1.0095  0.8982  0.7879  0.6791  0.5718  0.4684
  0.3698
  2.3298  2.3358  2.3467  2.3643  2.3860  2.4087  2.4278  2.4378  2.4336  2.4126
  2.3766  2.3307  2.2800  2.2276  2.1754  2.0492  1.9272  1.8071  1.6902  1.5763
  1.4636  1.3510  1.2388  1.1272  1.0166  0.9069  0.7984  0.6913  0.5859  0.4820
  0.3815
  2.3395  2.3388  2.3374  2.3381  2.3424  2.3491  2.3554  2.3598  2.3601  2.3537
  2.3382  2.3121  2.2751  2.2298  2.1801  2.0536  1.9305  1.8093  1.6908  1.5757
  1.4627  1.3507  1.2396  1.1294  1.0204  0.9124  0.8054  0.6997  0.5956  0.4931
  0.3924
  2.3551  2.3516  2.3449  2.3366  2.3284  2.3214  2.3153  2.3081  2.2975  2.2826
  2.2643  2.2440  2.2225  2.1977  2.1668  2.0583  1.9353  1.8133  1.6937  1.5775
  1.4643  1.3527  1.2424  1.1334  1.0258  0.9194  0.8141  0.7101  0.6075  0.5064
  0.4070
  2.3758  2.3707  2.3615  2.3485  2.3332  2.3165  2.2996  2.2825  2.2639  2.2424
  2.2173  2.1896  2.1619  2.1359  2.1119  2.0440  1.9393  1.8178  1.6973  1.5800
  1.4662  1.3547  1.2450  1.1368  1.0302  0.9251  0.8212  0.7187  0.6176  0.5180
  0.4200
  2.4028  2.3953  2.3835  2.3682  2.3485  2.3260  2.3016  2.2762  2.2499  2.2226
  2.1933  2.1619  2.1291  2.0966  2.0154  2.0107  1.9425  1.8228  1.7016
 [Fe/H] =  0.50 [alpha/Fe] = 0.00 BC value = F150W
  2.5869  2.6680  2.7042  2.7017  2.6719  2.6243  2.5655  2.5065  2.4453  2.3858
  2.3281  2.2727  2.2204  2.1713  2.1264  2.0205
  2.5799  2.6276  2.6522  2.6561  2.6413  2.6097  2.5628  2.5044  2.4442  2.3845
  2.3263  2.2703  2.2170  2.1664  2.1184  2.0067  1.9020  1.7998  1.6969
  2.5602  2.5938  2.6154  2.6253  2.6211  2.6008  2.5629  2.5093  2.4507  2.3913
  2.3328  2.2760  2.2217  2.1700  2.1207  2.0051  1.8968  1.7931  1.6869  1.5762
  1.4605
  2.5278  2.5667  2.5937  2.6093  2.6113  2.5976  2.5658  2.5176  2.4613  2.4026
  2.3439  2.2864  2.2311  2.1783  2.1278  2.0089  1.8968  1.7900  1.6848  1.5762
  1.4618  1.3429  1.2214
  2.4875  2.5296  2.5628  2.5850  2.5944  2.5890  2.5663  2.5257  2.4731  2.4159
  2.3575  2.2996  2.2433  2.1893  2.1376  2.0157  1.9001  1.7898  1.6826  1.5741
  1.4613  1.3448  1.2265  1.1075  0.9886
  2.4445  2.4879  2.5246  2.5523  2.5690  2.5724  2.5601  2.5296  2.4834  2.4289
  2.3715  2.3136  2.2567  2.2016  2.1486  2.0240  1.9054  1.7918  1.6822  1.5732
  1.4616  1.3472  1.2312  1.1149  0.9989  0.8835
  2.4032  2.4447  2.4822  2.5133  2.5355  2.5466  2.5443  2.5255  2.4889  2.4394
  2.3842  2.3269  2.2698  2.2140  2.1600  2.0327  1.9119  1.7953  1.6832  1.5733
  1.4624  1.3495  1.2356  1.1215  1.0079  0.8951  0.7829  0.6724  0.5656  0.4640
  2.3615  2.3921  2.4382  2.4707  2.4961  2.5126  2.5183  2.5105  2.4858  2.4448
  2.3938  2.3383  2.2817  2.2255  2.1708  2.0412  1.9186  1.7998  1.6854  1.5742
  1.4636  1.3519  1.2397  1.1275  1.0160  0.9052  0.7953  0.6866  0.5792  0.4760
  0.3776
  2.3362  2.3516  2.3759  2.4076  2.4400  2.4660  2.4805  2.4824  2.4701  2.4412
  2.3979  2.3463  2.2913  2.2356  2.1804  2.0489  1.9248  1.8045  1.6881  1.5756
  1.4649  1.3542  1.2434  1.1330  1.0233  0.9144  0.8064  0.6995  0.5939  0.4898
  0.3896
  2.3398  2.3429  2.3482  2.3586  2.3741  2.3913  2.4074  2.4198  2.4232  2.4126
  2.3856  2.3448  2.2954  2.2421  2.1877  2.0549  1.9292  1.8076  1.6895  1.5755
  1.4643  1.3540  1.2443  1.1353  1.0273  0.9203  0.8139  0.7086  0.6045  0.5018
  0.4008
  2.3517  2.3503  2.3469  2.3438  2.3432  2.3453  2.3480  2.3490  2.3467  2.3401
  2.3264  2.3041  2.2735  2.2350  2.1895  2.0617  1.9348  1.8121  1.6928  1.5775
  1.4657  1.3558  1.2471  1.1394  1.0329  0.9276  0.8231  0.7197  0.6172  0.5160
  0.4162
  2.3691  2.3663  2.3589  2.3490  2.3381  2.3276  2.3181  2.3085  2.2967  2.2813
  2.2615  2.2377  2.2115  2.1837  2.1535  2.0601  1.9403  1.8169  1.6965  1.5799
  1.4673  1.3573  1.2492  1.1425  1.0372  0.9333  0.8305  0.7288  0.6280  0.5284
  0.4301
  2.3925  2.3877  2.3786  2.3650  2.3485  2.3300  2.3106  2.2910  2.2707  2.2486
  2.2234  2.1947  2.1636  2.1319  2.0797  2.0501  1.9457  1.8220  1.7006
 [Fe/H] =  0.75 [alpha/Fe] = 0.00 BC value = F150W
  2.6043  2.6593  2.6835  2.6750  2.6431  2.6001  2.5565  2.5162  2.4514  2.3886
  2.3279  2.2693  2.2138  2.1612  2.1124  1.9973
  2.6027  2.6411  2.6595  2.6601  2.6445  2.6144  2.5712  2.5161  2.4525  2.3897
  2.3285  2.2694  2.2130  2.1594  2.1086  1.9925  1.8862  1.7847  1.6843
  2.5875  2.6194  2.6388  2.6466  2.6415  2.6203  2.5802  2.5226  2.4607  2.3985
  2.3371  2.2773  2.2199  2.1652  2.1132  1.9930  1.8831  1.7796  1.6778  1.5723
  1.4596
  2.5587  2.5942  2.6213  2.6346  2.6340  2.6178  2.5834  2.5323  2.4729  2.4115
  2.3501  2.2897  2.2314  2.1756  2.1224  1.9988  1.8850  1.7783  1.6748  1.5696
  1.4590  1.3432  1.2240
  2.5201  2.5623  2.5942  2.6143  2.6210  2.6126  2.5865  2.5424  2.4865  2.4264
  2.3654  2.3047  2.2457  2.1888  2.1343  2.0076  1.8902  1.7798  1.6740  1.5684
  1.4589  1.3456  1.2295  1.1119  0.9939
  2.4761  2.5213  2.5581  2.5848  2.5994  2.5999  2.5840  2.5495  2.4993  2.4415
  2.3813  2.3207  2.2611  2.2033  2.1476  2.0179  1.8974  1.7835  1.6748  1.5683
  1.4599  1.3482  1.2343  1.1194  1.0044  0.8896
  2.4316  2.4767  2.5160  2.5474  2.5686  2.5776  2.5722  2.5493  2.5082  2.4547
  2.3962  2.3362  2.2765  2.2180  2.1613  2.0287  1.9056  1.7886  1.6771  1.5692
  1.4611  1.3508  1.2388  1.1262  1.0136  0.9015  0.7899  0.6797  0.5740  0.4725
  2.3905  2.4332  2.4713  2.5046  2.5303  2.5459  2.5495  2.5384  2.5093  2.4637
  2.4087  2.3501  2.2907  2.2319  2.1745  2.0392  1.9140  1.7946  1.6805  1.5708
  1.4626  1.3534  1.2430  1.1323  1.0218  0.9120  0.8028  0.6944  0.5874  0.4849
  0.3865
  2.3458  2.3796  2.4165  2.4547  2.4867  2.5069  2.5167  2.5150  2.4986  2.4648
  2.4166  2.3610  2.3027  2.2441  2.1864  2.0490  1.9217  1.8006  1.6843  1.5729
  1.4643  1.3558  1.2468  1.1378  1.0292  0.9214  0.8143  0.7080  0.6027  0.4987
  0.3989
  2.3397  2.3491  2.3651  2.3875  2.4150  2.4426  2.4644  2.4746  2.4706  2.4507
  2.4142  2.3654  2.3105  2.2532  2.1957  2.0567  1.9274  1.8048  1.6868  1.5735
  1.4639  1.3557  1.2478  1.1402  1.0333  0.9274  0.8221  0.7176  0.6141  0.5115
  0.4104
  2.3473  2.3490  2.3504  2.3547  2.3638  2.3760  2.3881  2.3979  2.4038  2.4014
  2.3849  2.3526  2.3084  2.2574  2.2030  2.0652  1.9340  1.8099  1.6906  1.5759
  1.4654  1.3573  1.2504  1.1441  1.0389  0.9348  0.8315  0.7291  0.6273  0.5264
  0.4266
  2.3619  2.3607  2.3562  2.3503  2.3454  2.3426  2.3415  2.3399  2.3356  2.3278
  2.3153  2.2956  2.2677  2.2323  2.1911  2.0702  1.9405  1.8150  1.6944  1.5783
  1.4667  1.3584  1.2520  1.1469  1.0430  0.9404  0.8389  0.7384  0.6385  0.5394
  0.4411
  2.3819  2.3793  2.3724  2.3616  2.3486  2.3351  2.3219  2.3092  2.2957  2.2797
  2.2602  2.2363  2.2087  2.1780  2.1600  2.0717  1.9469  1.8201  1.6982
 [Fe/H] =  1.00 [alpha/Fe] = 0.00 BC value = F150W
  2.6151  2.6516  2.6626  2.6628  2.6463  2.6116  2.5661  2.5221  2.4572  2.3913
  2.3277  2.2663  2.2078  2.1524  2.1002  1.9810
  2.6183  2.6584  2.6776  2.6782  2.6619  2.6304  2.5852  2.5275  2.4610  2.3954
  2.3314  2.2693  2.2100  2.1535  2.1000  1.9787  1.8705  1.7689  1.6692
  2.6076  2.6491  2.6711  2.6755  2.6640  2.6383  2.5970  2.5360  2.4714  2.4063
  2.3422  2.2797  2.2194  2.1618  2.1070  1.9815  1.8694  1.7657  1.6650  1.5627
  1.4544
  2.5830  2.6239  2.6431  2.6548  2.6528  2.6354  2.6016  2.5476  2.4853  2.4212
  2.3572  2.2942  2.2331  2.1744  2.1184  1.9894  1.8731  1.7658  1.6634  1.5607
  1.4542  1.3421  1.2256
  2.5469  2.5890  2.6199  2.6384  2.6432  2.6328  2.6049  2.5589  2.5005  2.4379
  2.3743  2.3111  2.2494  2.1896  2.1324  2.0002  1.8801  1.7690  1.6638  1.5604
  1.4548  1.3447  1.2311  1.1154  0.9988
  2.5026  2.5495  2.5867  2.6124  2.6254  2.6237  2.6053  2.5679  2.5150  2.4547
  2.3920  2.3290  2.2668  2.2063  2.1479  2.0124  1.8891  1.7742  1.6660  1.5614
  1.4561  1.3475  1.2360  1.1230  1.0093  0.8955
  2.4554  2.5040  2.5452  2.5771  2.5976  2.6049  2.5970  2.5710  2.5265  2.4700
  2.4089  2.3464  2.2842  2.2232  2.1638  2.0253  1.8990  1.7810  1.6696  1.5631
  1.4577  1.3503  1.2406  1.1298  1.0188  0.9076  0.7967  0.6880  0.5832  0.4821
  2.4102  2.4577  2.4992  2.5345  2.5608  2.5759  2.5778  2.5639  2.5311  2.4818
  2.4236  2.3624  2.3005  2.2392  2.1793  2.0380  1.9090  1.7884  1.6742  1.5655
  1.4596  1.3530  1.2450  1.1359  1.0270  0.9184  0.8101  0.7023  0.5965  0.4947
  0.3965
  2.3619  2.4103  2.4526  2.4889  2.5179  2.5379  2.5473  2.5440  2.5244  2.4865
  2.4345  2.3757  2.3147  2.2537  2.1934  2.0499  1.9184  1.7957  1.6792  1.5684
  1.4615  1.3555  1.2487  1.1414  1.0342  0.9276  0.8217  0.7164  0.6117  0.5086
  0.4094
  2.3386  2.3579  2.3878  2.4242  2.4619  2.4915  2.5078  2.5114  2.5024  2.4779
  2.4366  2.3834  2.3249  2.2647  2.2046  2.0596  1.9257  1.8011  1.6827  1.5698
  1.4616  1.3554  1.2497  1.1438  1.0383  0.9336  0.8295  0.7264  0.6238  0.5217
  0.4211
  2.3410  2.3471  2.3555  2.3699  2.3905  2.4134  2.4352  2.4522  2.4589  2.4503
  2.4242  2.3818  2.3296  2.2730  2.2146  2.0697  1.9337  1.8071  1.6872  1.5728
  1.4633  1.3570  1.2521  1.1476  1.0438  0.9409  0.8389  0.7378  0.6373  0.5373
  0.4378
  2.3522  2.3537  2.3530  2.3527  2.3555  2.3621  2.3701  2.3768  2.3807  2.3807
  2.3730  2.3516  2.3150  2.2678  2.2154  2.0775  1.9412  1.8127  1.6912  1.5753
  1.4645  1.3577  1.2532  1.1499  1.0475  0.9463  0.8462  0.7470  0.6486  0.5506
  0.4531
  2.3692  2.3695  2.3648  2.3574  2.3491  2.3417  2.3360  2.3311  2.3248  2.3156
  2.3030  2.2858  2.2617  2.2294  2.2070  2.0830  1.9482  1.8179  1.6947
