 [Fe/H] = -4.00 [alpha/Fe] = 0.40 BC value = F356W
  1.1787  1.2979  1.2262  0.7291 -0.1734 -0.7431 -0.8495 -0.9579 -1.0132 -0.9761
 -1.2499 -1.3781 -1.0437 -0.5373 -0.2473 -0.4130
  0.7687  0.8453  0.8523  0.6643  0.2765  0.0014 -0.1171 -0.2593 -0.3859 -0.4724
 -0.6367 -0.7035 -0.5606 -0.3457 -0.2376 -0.4267 -0.6009 -0.7755 -0.9489
  0.5340  0.5461  0.5555  0.5115  0.4040  0.2983  0.1953  0.0694 -0.0564 -0.1702
 -0.2564 -0.2933 -0.2737 -0.2426 -0.2496 -0.4389 -0.6218 -0.7969 -0.9644 -1.1223
 -1.2733
  0.4746  0.4003  0.3358  0.2707  0.2091  0.1477  0.0877  0.0284 -0.0245 -0.0696
 -0.1090 -0.1476 -0.1831 -0.2279 -0.2833 -0.4496 -0.6429 -0.8148 -0.9791 -1.1374
 -1.2888 -1.4336 -1.5729
  0.3824  0.3300  0.2799  0.2268  0.1718  0.1148  0.0571 -0.0004 -0.0570 -0.1107
 -0.1581 -0.2005 -0.2401 -0.2820 -0.3299 -0.4743 -0.6492 -0.8245 -0.9911 -1.1490
 -1.2993 -1.4431 -1.5812 -1.7143 -1.8434
  0.2825  0.2462  0.2081  0.1665  0.1205  0.0707  0.0182 -0.0353 -0.0893 -0.1431
 -0.1949 -0.2428 -0.2863 -0.3261 -0.3714 -0.5011 -0.6592 -0.8317 -0.9993 -1.1577
 -1.3078 -1.4511 -1.5883 -1.7203 -1.8477 -1.9713
  0.1750  0.1489  0.1204  0.0898  0.0552  0.0154 -0.0290 -0.0763 -0.1255 -0.1760
 -0.2269 -0.2765 -0.3233 -0.3654 -0.4078 -0.5300 -0.6729 -0.8364 -1.0037 -1.1635
 -1.3143 -1.4576 -1.5943 -1.7255 -1.8518 -1.9738 -2.0924 -2.2078 -2.3203 -2.4300
  0.0599  0.0381  0.0168 -0.0040 -0.0270 -0.0547 -0.0877 -0.1260 -0.1680 -0.2128
 -0.2596 -0.3074 -0.3547 -0.3993 -0.4417 -0.5552 -0.6903 -0.8421 -1.0049 -1.1658
 -1.3184 -1.4624 -1.5992 -1.7301 -1.8557 -1.9767 -2.0938 -2.2074 -2.3182 -2.4264
 -2.5323
 -0.0600 -0.0801 -0.0972 -0.1116 -0.1255 -0.1414 -0.1617 -0.1878 -0.2198 -0.2564
 -0.2963 -0.3393 -0.3843 -0.4295 -0.4725 -0.5806 -0.7067 -0.8507 -1.0055 -1.1646
 -1.3190 -1.4649 -1.6027 -1.7338 -1.8592 -1.9797 -2.0960 -2.2084 -2.3175 -2.4239
 -2.5281
 -0.1679 -0.1964 -0.2169 -0.2302 -0.2384 -0.2451 -0.2537 -0.2667 -0.2859 -0.3112
 -0.3419 -0.3772 -0.4165 -0.4587 -0.5008 -0.6072 -0.7247 -0.8616 -1.0102 -1.1643
 -1.3186 -1.4669 -1.6068 -1.7391 -1.8651 -1.9856 -2.1016 -2.2135 -2.3217 -2.4268
 -2.5292
 -0.2673 -0.3026 -0.3281 -0.3448 -0.3525 -0.3556 -0.3568 -0.3591 -0.3653 -0.3781
 -0.3983 -0.4245 -0.4555 -0.4898 -0.5266 -0.6282 -0.7432 -0.8716 -1.0137 -1.1622
 -1.3130 -1.4618 -1.6042 -1.7387 -1.8660 -1.9872 -2.1034 -2.2151 -2.3228 -2.4270
 -2.5302
 -0.3543 -0.3987 -0.4309 -0.4521 -0.4639 -0.4682 -0.4665 -0.4630 -0.4600 -0.4619
 -0.4697 -0.4835 -0.5031 -0.5285 -0.5594 -0.6547 -0.7649 -0.8840 -1.0189 -1.1620
 -1.3084 -1.4548 -1.5980 -1.7350 -1.8647 -1.9875 -2.1045 -2.2167 -2.3245 -2.4285
 -2.5292
 -0.4288 -0.4847 -0.5253 -0.5521 -0.5726 -0.5829 -0.5759 -0.5712 -0.5644 -0.5598
 -0.5582 -0.5593 -0.5630 -0.5748 -0.5994 -0.6868 -0.7898 -0.8988 -1.0258
 [Fe/H] = -3.00 [alpha/Fe] = 0.40 BC value = F356W
  0.4003  0.3212  0.2462  0.1734  0.1042  0.1048  0.1525  0.1592  0.1234  0.0431
 -0.0957 -0.2175 -0.2406 -0.2083 -0.2129 -0.3996
  0.4393  0.3601  0.2838  0.2099  0.1398  0.1073  0.1030  0.0873  0.0572  0.0097
 -0.0626 -0.1327 -0.1710 -0.1927 -0.2335 -0.4215 -0.6032 -0.7773 -0.9443
  0.4588  0.3819  0.3067  0.2336  0.1639  0.1099  0.0706  0.0373  0.0070 -0.0234
 -0.0566 -0.0947 -0.1395 -0.1925 -0.2550 -0.4411 -0.6228 -0.7969 -0.9629 -1.1213
 -1.2730
  0.4588  0.3866  0.3149  0.2445  0.1766  0.1126  0.0553  0.0093 -0.0272 -0.0562
 -0.0779 -0.1034 -0.1460 -0.2078 -0.2774 -0.4584 -0.6384 -0.8123 -0.9780 -1.1359
 -1.2868 -1.4315 -1.5710
  0.4393  0.3742  0.3084  0.2426  0.1778  0.1154  0.0571  0.0032 -0.0454 -0.0886
 -0.1264 -0.1588 -0.1905 -0.2385 -0.3007 -0.4734 -0.6500 -0.8235 -0.9895 -1.1472
 -1.2974 -1.4412 -1.5793 -1.7126 -1.8419
  0.4003  0.3447  0.2872  0.2279  0.1675  0.1075  0.0493 -0.0056 -0.0572 -0.1052
 -0.1516 -0.1965 -0.2347 -0.2763 -0.3297 -0.4888 -0.6592 -0.8309 -0.9976 -1.1557
 -1.3058 -1.4490 -1.5863 -1.7183 -1.8459 -1.9698
  0.3405  0.2954  0.2483  0.1981  0.1450  0.0897  0.0339 -0.0209 -0.0738 -0.1245
 -0.1736 -0.2219 -0.2693 -0.3105 -0.3610 -0.5077 -0.6687 -0.8355 -1.0020 -1.1614
 -1.3120 -1.4552 -1.5920 -1.7233 -1.8498 -1.9721 -2.0909 -2.2065 -2.3191 -2.4289
  0.2626  0.2265  0.1895  0.1501  0.1068  0.0593  0.0090 -0.0429 -0.0949 -0.1462
 -0.1965 -0.2463 -0.2959 -0.3414 -0.3894 -0.5282 -0.6806 -0.8397 -1.0033 -1.1637
 -1.3159 -1.4599 -1.5968 -1.7278 -1.8535 -1.9747 -2.0921 -2.2060 -2.3169 -2.4252
 -2.5312
  0.2066  0.1537  0.1129  0.0830  0.0502  0.0128 -0.0293 -0.0749 -0.1230 -0.1722
 -0.2217 -0.2716 -0.3215 -0.3704 -0.4170 -0.5483 -0.6935 -0.8459 -1.0033 -1.1626
 -1.3159 -1.4624 -1.6001 -1.7314 -1.8570 -1.9776 -2.0941 -2.2071 -2.3167 -2.4233
 -2.5270
  0.0695  0.0551  0.0309 -0.0020 -0.0262 -0.0531 -0.0850 -0.1219 -0.1630 -0.2071
 -0.2532 -0.3008 -0.3495 -0.3985 -0.4456 -0.5710 -0.7080 -0.8550 -1.0070 -1.1622
 -1.3164 -1.4644 -1.6042 -1.7366 -1.8627 -1.9835 -2.0996 -2.2117 -2.3201 -2.4253
 -2.5280
 -0.0176 -0.0419 -0.0685 -0.0971 -0.1155 -0.1355 -0.1576 -0.1845 -0.2163 -0.2526
 -0.2924 -0.3352 -0.3801 -0.4267 -0.4736 -0.5944 -0.7231 -0.8627 -1.0094 -1.1596
 -1.3109 -1.4596 -1.6018 -1.7363 -1.8636 -1.9850 -2.1014 -2.2132 -2.3211 -2.4255
 -2.5288
 -0.1052 -0.1371 -0.1647 -0.1882 -0.2045 -0.2173 -0.2319 -0.2645 -0.2863 -0.3130
 -0.3441 -0.3795 -0.4183 -0.4600 -0.5039 -0.6194 -0.7414 -0.8728 -1.0134 -1.1589
 -1.3061 -1.4527 -1.5958 -1.7327 -1.8623 -1.9852 -2.1025 -2.2148 -2.3227 -2.4269
 -2.5277
 -0.1932 -0.2307 -0.2578 -0.2754 -0.2932 -0.2984 -0.3322 -0.3435 -0.3581 -0.3896
 -0.4110 -0.4369 -0.4674 -0.5019 -0.5365 -0.6460 -0.7629 -0.8853 -1.0190
 [Fe/H] = -2.50 [alpha/Fe] = 0.40 BC value = F356W
  0.3411  0.2489  0.1828  0.1706  0.2113  0.2660  0.3028  0.3094  0.2787  0.2024
  0.1121  0.0114 -0.0732 -0.1377 -0.2073 -0.3935
  0.3904  0.3017  0.2268  0.1807  0.1641  0.1623  0.1619  0.1553  0.1356  0.0966
  0.0459 -0.0198 -0.0917 -0.1619 -0.2346 -0.4201 -0.6018 -0.7761 -0.9422
  0.4254  0.3406  0.2612  0.1935  0.1392  0.0985  0.0696  0.0488  0.0308  0.0112
 -0.0157 -0.0568 -0.1155 -0.1854 -0.2586 -0.4425 -0.6224 -0.7957 -0.9613 -1.1197
 -1.2714
  0.4461  0.3656  0.2860  0.2090  0.1366  0.0746  0.0259 -0.0101 -0.0357 -0.0538
 -0.0727 -0.0996 -0.1446 -0.2082 -0.2793 -0.4607 -0.6389 -0.8113 -0.9766 -1.1343
 -1.2850 -1.4298 -1.5694
  0.4525  0.3767  0.3012  0.2272  0.1563  0.0906  0.0308 -0.0214 -0.0639 -0.0984
 -0.1251 -0.1482 -0.1790 -0.2303 -0.2967 -0.4747 -0.6513 -0.8229 -0.9880 -1.1454
 -1.2956 -1.4394 -1.5775 -1.7110 -1.8404
  0.4437  0.3743  0.3042  0.2343  0.1656  0.1001  0.0396 -0.0147 -0.0643 -0.1098
 -0.1514 -0.1885 -0.2191 -0.2579 -0.3147 -0.4860 -0.6602 -0.8308 -0.9960 -1.1537
 -1.3037 -1.4470 -1.5842 -1.7165 -1.8443 -1.9684
  0.4169  0.3560  0.2935  0.2298  0.1656  0.1020  0.0408 -0.0162 -0.0681 -0.1159
 -0.1622 -0.2083 -0.2510 -0.2896 -0.3386 -0.4967 -0.6671 -0.8356 -1.0007 -1.1593
 -1.3098 -1.4530 -1.5898 -1.7213 -1.8479 -1.9704 -2.0894 -2.2052 -2.3179 -2.4276
  0.3694  0.3185  0.2657  0.2106  0.1534  0.0946  0.0356 -0.0220 -0.0768 -0.1277
 -0.1758 -0.2235 -0.2722 -0.3163 -0.3637 -0.5105 -0.6738 -0.8388 -1.0023 -1.1617
 -1.3136 -1.4574 -1.5944 -1.7255 -1.8514 -1.9728 -2.0904 -2.2045 -2.3156 -2.4240
 -2.5300
  0.3028  0.2607  0.2180  0.1732  0.1252  0.0741  0.0205 -0.0341 -0.0887 -0.1417
 -0.1924 -0.2415 -0.2907 -0.3395 -0.3862 -0.5272 -0.6824 -0.8421 -1.0021 -1.1608
 -1.3143 -1.4598 -1.5976 -1.7289 -1.8547 -1.9755 -2.0922 -2.2051 -2.3147 -2.4214
 -2.5258
  0.2233  0.1857  0.1503  0.1153  0.0775  0.0360 -0.0095 -0.0580 -0.1089 -0.1606
 -0.2120 -0.2626 -0.3125 -0.3623 -0.4099 -0.5453 -0.6943 -0.8488 -1.0045 -1.1605
 -1.3143 -1.4620 -1.6016 -1.7340 -1.8603 -1.9812 -2.0975 -2.2098 -2.3184 -2.4239
 -2.5267
  0.1403  0.1024  0.0698  0.0408  0.0120 -0.0199 -0.0558 -0.0960 -0.1400 -0.1870
 -0.2358 -0.2854 -0.3352 -0.3850 -0.4339 -0.5633 -0.7053 -0.8543 -1.0056 -1.1574
 -1.3090 -1.4573 -1.5993 -1.7337 -1.8611 -1.9826 -2.0991 -2.2112 -2.3193 -2.4239
 -2.5274
  0.0560  0.0163 -0.0166 -0.0449 -0.0697 -0.0938 -0.1209 -0.1518 -0.1872 -0.2266
 -0.2696 -0.3153 -0.3626 -0.4109 -0.4594 -0.5844 -0.7191 -0.8615 -1.0081 -1.1560
 -1.3039 -1.4506 -1.5935 -1.7302 -1.8598 -1.9828 -2.1002 -2.2127 -2.3208 -2.4252
 -2.5262
 -0.0297 -0.0726 -0.1045 -0.1354 -0.1600 -0.1815 -0.2025 -0.2253 -0.2520 -0.2827
 -0.3175 -0.3563 -0.3984 -0.4428 -0.4864 -0.6086 -0.7357 -0.8704 -1.0120
 [Fe/H] = -2.00 [alpha/Fe] = 0.40 BC value = F356W
  0.4875  0.4560  0.4240  0.3819  0.3486  0.3147  0.2793  0.2388  0.1946  0.1440
  0.0839  0.0164 -0.0538 -0.1255 -0.2077 -0.3894
  0.4187  0.3661  0.3213  0.2835  0.2502  0.2187  0.1867  0.1531  0.1185  0.0808
  0.0353 -0.0218 -0.0893 -0.1616 -0.2378 -0.4195 -0.5987 -0.7735 -0.9401
  0.3948  0.3265  0.2683  0.2193  0.1780  0.1423  0.1095  0.0786  0.0493  0.0200
 -0.0141 -0.0598 -0.1202 -0.1902 -0.2628 -0.4441 -0.6214 -0.7937 -0.9591 -1.1173
 -1.2688
  0.4158  0.3372  0.2650  0.1893  0.1321  0.0856  0.0477  0.0153 -0.0130 -0.0384
 -0.0643 -0.0976 -0.1465 -0.2113 -0.2827 -0.4632 -0.6393 -0.8099 -0.9743 -1.1317
 -1.2824 -1.4271 -1.5670
  0.4473  0.3659  0.2859  0.2079  0.1349  0.0699  0.0154 -0.0278 -0.0625 -0.0909
 -0.1155 -0.1407 -0.1755 -0.2298 -0.2975 -0.4768 -0.6524 -0.8221 -0.9857 -1.1426
 -1.2926 -1.4364 -1.5747 -1.7084 -1.8381
  0.4586  0.3818  0.3046  0.2285  0.1554  0.0868  0.0240 -0.0320 -0.0804 -0.1209
 -0.1544 -0.1831 -0.2119 -0.2514 -0.3109 -0.4863 -0.6614 -0.8306 -0.9938 -1.1506
 -1.3004 -1.4437 -1.5811 -1.7135 -1.8416 -1.9660
  0.4572  0.3852  0.3125  0.2395  0.1675  0.0982  0.0339 -0.0237 -0.0754 -0.1235
 -0.1683 -0.2093 -0.2445 -0.2800 -0.3275 -0.4933 -0.6673 -0.8359 -0.9989 -1.1561
 -1.3062 -1.4494 -1.5864 -1.7180 -1.8449 -1.9677 -2.0871 -2.2032 -2.3159 -2.4255
  0.4423  0.3762  0.3090  0.2410  0.1728  0.1054  0.0403 -0.0205 -0.0756 -0.1252
 -0.1719 -0.2186 -0.2644 -0.3053 -0.3493 -0.5001 -0.6711 -0.8388 -1.0013 -1.1588
 -1.3098 -1.4536 -1.5907 -1.7219 -1.8481 -1.9698 -2.0877 -2.2023 -2.3136 -2.4219
 -2.5279
  0.4092  0.3516  0.2919  0.2306  0.1682  0.1051  0.0423 -0.0190 -0.0773 -0.1311
 -0.1805 -0.2279 -0.2762 -0.3237 -0.3694 -0.5109 -0.6745 -0.8402 -1.0015 -1.1587
 -1.3108 -1.4559 -1.5937 -1.7251 -1.8510 -1.9722 -2.0892 -2.2025 -2.3124 -2.4193
 -2.5237
  0.3558  0.3083  0.2572  0.2041  0.1492  0.0927  0.0348 -0.0236 -0.0816 -0.1379
 -0.1911 -0.2415 -0.2905 -0.3400 -0.3879 -0.5264 -0.6821 -0.8436 -1.0031 -1.1590
 -1.3114 -1.4582 -1.5976 -1.7300 -1.8564 -1.9775 -2.0942 -2.2068 -2.3158 -2.4216
 -2.5246
  0.2885  0.2469  0.2044  0.1603  0.1141  0.0658  0.0153 -0.0373 -0.0916 -0.1466
 -0.2010 -0.2540 -0.3053 -0.3556 -0.4053 -0.5395 -0.6899 -0.8459 -1.0021 -1.1556
 -1.3066 -1.4540 -1.5953 -1.7295 -1.8570 -1.9787 -2.0955 -2.2079 -2.3164 -2.4213
 -2.5252
  0.2144  0.1725  0.1352  0.0985  0.0607  0.0210 -0.0211 -0.0658 -0.1136 -0.1640
 -0.2160 -0.2687 -0.3210 -0.3726 -0.4233 -0.5540 -0.6989 -0.8500 -1.0024 -1.1531
 -1.3015 -1.4477 -1.5899 -1.7262 -1.8556 -1.9787 -2.0963 -2.2091 -2.3176 -2.4224
 -2.5237
  0.1348  0.0933  0.0562  0.0228 -0.0090 -0.0413 -0.0755 -0.1121 -0.1518 -0.1950
 -0.2414 -0.2904 -0.3409 -0.3920 -0.4419 -0.5699 -0.7091 -0.8559 -1.0040
 [Fe/H] = -1.50 [alpha/Fe] = 0.40 BC value = F356W
  0.5311  0.4909  0.4584  0.4301  0.3989  0.3639  0.3225  0.2716  0.2155  0.1535
  0.0846  0.0125 -0.0584 -0.1297 -0.2014 -0.3815
  0.4601  0.4148  0.3767  0.3444  0.3137  0.2808  0.2427  0.1983  0.1510  0.1001
  0.0429 -0.0222 -0.0928 -0.1654 -0.2380 -0.4175 -0.5941 -0.7674 -0.9348
  0.4155  0.3614  0.3153  0.2766  0.2428  0.2096  0.1732  0.1330  0.0916  0.0487
  0.0012 -0.0553 -0.1215 -0.1930 -0.2657 -0.4451 -0.6199 -0.7903 -0.9553 -1.1135
 -1.2649
  0.3973  0.3307  0.2742  0.2267  0.1862  0.1502  0.1140  0.0757  0.0373 -0.0007
 -0.0405 -0.0868 -0.1445 -0.2125 -0.2845 -0.4643 -0.6388 -0.8076 -0.9708 -1.1278
 -1.2783 -1.4230 -1.5628
  0.4204  0.3434  0.2654  0.1999  0.1464  0.1022  0.0631  0.0247 -0.0131 -0.0492
 -0.0843 -0.1219 -0.1683 -0.2285 -0.2978 -0.4773 -0.6520 -0.8202 -0.9823 -1.1384
 -1.2882 -1.4321 -1.5705 -1.7044 -1.8344
  0.4545  0.3738  0.2939  0.2175  0.1470  0.0844  0.0312 -0.0135 -0.0543 -0.0923
 -0.1276 -0.1614 -0.1982 -0.2462 -0.3090 -0.4860 -0.6609 -0.8291 -0.9907 -1.1462
 -1.2956 -1.4389 -1.5765 -1.7091 -1.8375 -1.9624
  0.4677  0.3913  0.3147  0.2387  0.1653  0.0972  0.0349 -0.0216 -0.0724 -0.1179
 -0.1585 -0.1960 -0.2320 -0.2708 -0.3222 -0.4919 -0.6666 -0.8348 -0.9963 -1.1517
 -1.3010 -1.4442 -1.5813 -1.7131 -1.8403 -1.9636 -2.0835 -2.2001 -2.3131 -2.4223
  0.4693  0.3969  0.3241  0.2508  0.1781  0.1076  0.0414 -0.0186 -0.0724 -0.1222
 -0.1697 -0.2146 -0.2566 -0.2974 -0.3414 -0.4966 -0.6699 -0.8380 -0.9996 -1.1550
 -1.3045 -1.4480 -1.5851 -1.7165 -1.8430 -1.9651 -2.0836 -2.1987 -2.3105 -2.4188
 -2.5243
  0.4616  0.3932  0.3244  0.2549  0.1849  0.1154  0.0479 -0.0158 -0.0742 -0.1267
 -0.1750 -0.2221 -0.2693 -0.3153 -0.3615 -0.5022 -0.6718 -0.8394 -1.0007 -1.1561
 -1.3051 -1.4500 -1.5877 -1.7193 -1.8455 -1.9670 -2.0845 -2.1984 -2.3088 -2.4161
 -2.5203
  0.4403  0.3787  0.3151  0.2499  0.1839  0.1175  0.0516 -0.0128 -0.0742 -0.1312
 -0.1835 -0.2323 -0.2802 -0.3286 -0.3774 -0.5145 -0.6753 -0.8417 -1.0026 -1.1577
 -1.3077 -1.4526 -1.5913 -1.7238 -1.8504 -1.9719 -2.0890 -2.2021 -2.3117 -2.4180
 -2.5212
  0.4044  0.3503  0.2944  0.2352  0.1745  0.1128  0.0506 -0.0115 -0.0727 -0.1320
 -0.1881 -0.2409 -0.2911 -0.3404 -0.3901 -0.5258 -0.6791 -0.8408 -1.0006 -1.1548
 -1.3042 -1.4494 -1.5894 -1.7232 -1.8507 -1.9727 -2.0899 -2.2027 -2.3117 -2.4173
 -2.5216
  0.3537  0.3063  0.2570  0.2057  0.1518  0.0964  0.0398 -0.0178 -0.0760 -0.1342
 -0.1915 -0.2471 -0.3005 -0.3522 -0.4030 -0.5363 -0.6855 -0.8414 -0.9985 -1.1515
 -1.2997 -1.4442 -1.5847 -1.7201 -1.8492 -1.9724 -2.0903 -2.2035 -2.3124 -2.4177
 -2.5196
  0.2881  0.2458  0.2028  0.1588  0.1126  0.0646  0.0149 -0.0363 -0.0890 -0.1433
 -0.1984 -0.2540 -0.3089 -0.3628 -0.4161 -0.5460 -0.6945 -0.8435 -0.9963
 [Fe/H] = -1.00 [alpha/Fe] = 0.40 BC value = F356W
  0.5918  0.5590  0.5299  0.5013  0.4705  0.4305  0.3797  0.3173  0.2507  0.1673
  0.0886  0.0118 -0.0622 -0.1339 -0.2050 -0.3800
  0.5164  0.4778  0.4449  0.4158  0.3869  0.3534  0.3113  0.2583  0.1967  0.1287
  0.0563 -0.0185 -0.0935 -0.1674 -0.2399 -0.4169 -0.5901 -0.7606 -0.9273
  0.4597  0.4142  0.3759  0.3439  0.3148  0.2850  0.2491  0.2034  0.1503  0.0907
  0.0253 -0.0451 -0.1185 -0.1927 -0.2660 -0.4446 -0.6173 -0.7855 -0.9493 -1.1075
 -1.2594
  0.4217  0.3682  0.3229  0.2856  0.2543  0.2253  0.1931  0.1526  0.1057  0.0533
 -0.0044 -0.0680 -0.1372 -0.2098 -0.2833 -0.4631 -0.6363 -0.8037 -0.9657 -1.1219
 -1.2724 -1.4173 -1.5572
  0.4046  0.3398  0.2850  0.2395  0.2023  0.1707  0.1402  0.1038  0.0612  0.0145
 -0.0363 -0.0922 -0.1545 -0.2230 -0.2951 -0.4753 -0.6493 -0.8166 -0.9776 -1.1327
 -1.2820 -1.4258 -1.5644 -1.6986 -1.8291
  0.4311  0.3480  0.2739  0.2120  0.1629  0.1237  0.0904  0.0562  0.0167 -0.0261
 -0.0717 -0.1206 -0.1747 -0.2362 -0.3044 -0.4834 -0.6579 -0.8253 -0.9861 -1.1405
 -1.2891 -1.4321 -1.5697 -1.7027 -1.8317 -1.9571
  0.4633  0.3825  0.3030  0.2279  0.1601  0.1018  0.0545  0.0152 -0.0243 -0.0659
 -0.1089 -0.1534 -0.2004 -0.2533 -0.3145 -0.4887 -0.6634 -0.8311 -0.9919 -1.1461
 -1.2942 -1.4368 -1.5738 -1.7059 -1.8336 -1.9574 -2.0780 -2.1953 -2.3090 -2.4183
  0.4768  0.4007  0.3247  0.2497  0.1778  0.1116  0.0527  0.0008 -0.0471 -0.0940
 -0.1396 -0.1844 -0.2293 -0.2761 -0.3289 -0.4927 -0.6667 -0.8346 -0.9955 -1.1497
 -1.2976 -1.4401 -1.5769 -1.7086 -1.8355 -1.9582 -2.0774 -2.1932 -2.3057 -2.4147
 -2.5198
  0.4787  0.4062  0.3340  0.2616  0.1901  0.1208  0.0559 -0.0028 -0.0554 -0.1048
 -0.1539 -0.2029 -0.2512 -0.2992 -0.3484 -0.4969 -0.6685 -0.8363 -0.9973 -1.1515
 -1.2995 -1.4420 -1.5790 -1.7107 -1.8372 -1.9593 -2.0775 -2.1920 -2.3032 -2.4114
 -2.5181
  0.4741  0.4035  0.3343  0.2651  0.1958  0.1268  0.0596 -0.0041 -0.0628 -0.1165
 -0.1665 -0.2152 -0.2645 -0.3149 -0.3662 -0.5058 -0.6714 -0.8389 -0.9999 -1.1542
 -1.3024 -1.4450 -1.5824 -1.7146 -1.8415 -1.9634 -2.0812 -2.1950 -2.3054 -2.4126
 -2.5165
  0.4630  0.3959  0.3300  0.2639  0.1974  0.1306  0.0640 -0.0012 -0.0637 -0.1223
 -0.1765 -0.2274 -0.2766 -0.3264 -0.3778 -0.5165 -0.6720 -0.8377 -0.9984 -1.1525
 -1.3005 -1.4432 -1.5810 -1.7139 -1.8414 -1.9637 -2.0814 -2.1949 -2.3046 -2.4110
 -2.5141
  0.4434  0.3809  0.3187  0.2565  0.1935  0.1297  0.0654  0.0013 -0.0618 -0.1229
 -0.1811 -0.2360 -0.2879 -0.3385 -0.3893 -0.5257 -0.6763 -0.8360 -0.9960 -1.1497
 -1.2974 -1.4399 -1.5778 -1.7113 -1.8398 -1.9630 -2.0813 -2.1950 -2.3046 -2.4106
 -2.5133
  0.4096  0.3531  0.2968  0.2394  0.1813  0.1218  0.0610 -0.0002 -0.0616 -0.1224
 -0.1819 -0.2396 -0.2950 -0.3483 -0.4007 -0.5334 -0.6843 -0.8338 -0.9927
 [Fe/H] = -0.75 [alpha/Fe] = 0.30 BC value = F356W
  0.6208  0.5895  0.5607  0.5310  0.4994  0.4578  0.4027  0.3345  0.2619  0.1744
  0.0932  0.0152 -0.0600 -0.1327 -0.2038 -0.3777
  0.5439  0.5070  0.4754  0.4465  0.4175  0.3832  0.3390  0.2820  0.2146  0.1407
  0.0636 -0.0140 -0.0905 -0.1651 -0.2379 -0.4144 -0.5867 -0.7565 -0.9230
  0.4847  0.4412  0.4049  0.3742  0.3458  0.3162  0.2798  0.2318  0.1738  0.1078
  0.0363 -0.0385 -0.1143 -0.1895 -0.2633 -0.4419 -0.6142 -0.7822 -0.9456 -1.1038
 -1.2559
  0.4432  0.3921  0.3492  0.3141  0.2844  0.2567  0.2251  0.1839  0.1337  0.0757
  0.0113 -0.0583 -0.1314 -0.2059 -0.2800 -0.4602 -0.6332 -0.8005 -0.9622 -1.1184
 -1.2689 -1.4139 -1.5541
  0.4195  0.3587  0.3073  0.2649  0.2304  0.2012  0.1723  0.1364  0.0923  0.0414
 -0.0155 -0.0783 -0.1462 -0.2180 -0.2914 -0.4722 -0.6460 -0.8132 -0.9742 -1.1291
 -1.2784 -1.4222 -1.5611 -1.6956 -1.8262
  0.4321  0.3528  0.2853  0.2302  0.1864  0.1512  0.1210  0.0887  0.0493  0.0041
 -0.0462 -0.1016 -0.1626 -0.2292 -0.3000 -0.4801 -0.6545 -0.8218 -0.9826 -1.1369
 -1.2853 -1.4282 -1.5659 -1.6990 -1.8281 -1.9537
  0.4688  0.3866  0.3069  0.2336  0.1697  0.1178  0.0777  0.0434  0.0063 -0.0353
 -0.0807 -0.1298 -0.1834 -0.2428 -0.3085 -0.4854 -0.6599 -0.8275 -0.9883 -1.1423
 -1.2902 -1.4326 -1.5696 -1.7018 -1.8297 -1.9540 -2.0749 -2.1924 -2.3064 -2.4160
  0.4866  0.4091  0.3322  0.2571  0.1864  0.1228  0.0670  0.0190 -0.0253 -0.0694
 -0.1143 -0.1606 -0.2093 -0.2616 -0.3200 -0.4891 -0.6633 -0.8310 -0.9918 -1.1458
 -1.2935 -1.4356 -1.5723 -1.7041 -1.8311 -1.9541 -2.0736 -2.1899 -2.3028 -2.4122
 -2.5175
  0.4917  0.4178  0.3443  0.2713  0.1998  0.1316  0.0690  0.0134 -0.0367 -0.0853
 -0.1347 -0.1843 -0.2336 -0.2837 -0.3365 -0.4928 -0.6651 -0.8329 -0.9937 -1.1477
 -1.2954 -1.4374 -1.5741 -1.7057 -1.8325 -1.9548 -2.0732 -2.1882 -2.3000 -2.4085
 -2.5134
  0.4887  0.4176  0.3471  0.2768  0.2067  0.1377  0.0713  0.0094 -0.0471 -0.0991
 -0.1489 -0.1988 -0.2498 -0.3020 -0.3553 -0.5001 -0.6680 -0.8356 -0.9965 -1.1506
 -1.2984 -1.4405 -1.5774 -1.7094 -1.8363 -1.9585 -2.0766 -2.1908 -2.3016 -2.4092
 -2.5135
  0.4824  0.4132  0.3456  0.2780  0.2103  0.1426  0.0756  0.0107 -0.0509 -0.1082
 -0.1616 -0.2124 -0.2627 -0.3142 -0.3676 -0.5100 -0.6683 -0.8345 -0.9952 -1.1492
 -1.2969 -1.4391 -1.5762 -1.7086 -1.8359 -1.9584 -2.0764 -2.1902 -2.3003 -2.4071
 -2.5107
  0.4702  0.4041  0.3390  0.2746  0.2096  0.1441  0.0785  0.0135 -0.0500 -0.1110
 -0.1687 -0.2232 -0.2753 -0.3267 -0.3791 -0.5193 -0.6714 -0.8327 -0.9930 -1.1467
 -1.2942 -1.4362 -1.5734 -1.7062 -1.8343 -1.9575 -2.0759 -2.1899 -2.2999 -2.4063
 -2.5094
  0.4471  0.3859  0.3251  0.2642  0.2031  0.1409  0.0778  0.0146 -0.0484 -0.1103
 -0.1705 -0.2284 -0.2838 -0.3374 -0.3898 -0.5280 -0.6773 -0.8302 -0.9899
 [Fe/H] = -0.50 [alpha/Fe] = 0.20 BC value = F356W
  0.6521  0.6213  0.5930  0.5627  0.5300  0.4857  0.4256  0.3560  0.2724  0.1878
  0.0992  0.0197 -0.0565 -0.1299 -0.2014 -0.3744
  0.5740  0.5386  0.5081  0.4796  0.4503  0.4147  0.3672  0.3050  0.2315  0.1522
  0.0715 -0.0083 -0.0860 -0.1613 -0.2345 -0.4107 -0.5823 -0.7518 -0.9182
  0.5128  0.4714  0.4368  0.4073  0.3795  0.3496  0.3116  0.2600  0.1963  0.1240
  0.0472 -0.0310 -0.1087 -0.1849 -0.2592 -0.4379 -0.6100 -0.7779 -0.9413 -1.0995
 -1.2519
  0.4685  0.4197  0.3791  0.3458  0.3175  0.2905  0.2588  0.2157  0.1612  0.0971
  0.0263 -0.0484 -0.1246 -0.2007 -0.2755 -0.4560 -0.6289 -0.7962 -0.9581 -1.1143
 -1.2649 -1.4101 -1.5504
  0.4401  0.3824  0.3338  0.2940  0.2617  0.2343  0.2064  0.1702  0.1237  0.0679
  0.0044 -0.0647 -0.1375 -0.2119 -0.2865 -0.4680 -0.6416 -0.8089 -0.9700 -1.1250
 -1.2742 -1.4181 -1.5570 -1.6915 -1.8223
  0.4393  0.3661  0.3046  0.2544  0.2144  0.1822  0.1543  0.1231  0.0830  0.0346
 -0.0211 -0.0832 -0.1505 -0.2215 -0.2946 -0.4759 -0.6501 -0.8174 -0.9783 -1.1327
 -1.2810 -1.4238 -1.5616 -1.6948 -1.8240 -1.9499
  0.4760  0.3929  0.3144  0.2442  0.1861  0.1411  0.1065  0.0757  0.0399 -0.0027
 -0.0515 -0.1064 -0.1667 -0.2322 -0.3018 -0.4812 -0.6557 -0.8231 -0.9839 -1.1380
 -1.2857 -1.4279 -1.5649 -1.6972 -1.8252 -1.9498 -2.0710 -2.1889 -2.3032 -2.4130
  0.4980  0.4194  0.3418  0.2671  0.1983  0.1373  0.0849  0.0415  0.0017 -0.0400
 -0.0851 -0.1344 -0.1881 -0.2467 -0.3106 -0.4848 -0.6591 -0.8267 -0.9874 -1.1414
 -1.2889 -1.4307 -1.5673 -1.6990 -1.8262 -1.9494 -2.0693 -2.1858 -2.2992 -2.4090
 -2.5146
  0.5060  0.4309  0.3564  0.2829  0.2119  0.1455  0.0857  0.0330 -0.0148 -0.0625
 -0.1116 -0.1615 -0.2124 -0.2660 -0.3236 -0.4880 -0.6611 -0.8287 -0.9894 -1.1433
 -1.2908 -1.4324 -1.5688 -1.7003 -1.8271 -1.9496 -2.0684 -2.1838 -2.2959 -2.4049
 -2.5103
  0.5055  0.4330  0.3613  0.2901  0.2196  0.1510  0.0860  0.0264 -0.0276 -0.0781
 -0.1281 -0.1795 -0.2324 -0.2864 -0.3418 -0.4940 -0.6641 -0.8316 -0.9924 -1.1464
 -1.2939 -1.4356 -1.5720 -1.7036 -1.8305 -1.9529 -2.0712 -2.1858 -2.2970 -2.4050
 -2.5099
  0.5018  0.4312  0.3620  0.2931  0.2245  0.1563  0.0894  0.0253 -0.0347 -0.0905
 -0.1431 -0.1945 -0.2464 -0.3001 -0.3556 -0.5022 -0.6641 -0.8307 -0.9914 -1.1452
 -1.2927 -1.4344 -1.5709 -1.7027 -1.8299 -1.9523 -2.0705 -2.1847 -2.2952 -2.4024
 -2.5065
  0.4945  0.4259  0.3586  0.2924  0.2259  0.1593  0.0929  0.0275 -0.0358 -0.0962
 -0.1532 -0.2074 -0.2602 -0.3131 -0.3674 -0.5116 -0.6661 -0.8290 -0.9893 -1.1430
 -1.2903 -1.4320 -1.5685 -1.7006 -1.8282 -1.9511 -2.0697 -2.1839 -2.2943 -2.4011
 -2.5047
  0.4800  0.4149  0.3507  0.2868  0.2234  0.1591  0.0945  0.0299 -0.0341 -0.0966
 -0.1569 -0.2148 -0.2703 -0.3245 -0.3772 -0.5222 -0.6701 -0.8265 -0.9861
 [Fe/H] = -0.25 [alpha/Fe] = 0.10 BC value = F356W
  0.6860  0.6560  0.6273  0.5960  0.5611  0.5130  0.4473  0.3704  0.2828  0.1960
  0.1117  0.0308 -0.0466 -0.1207 -0.1969 -0.3694
  0.6072  0.5732  0.5435  0.5150  0.4850  0.4471  0.3953  0.3267  0.2472  0.1638
  0.0805 -0.0009 -0.0796 -0.1556 -0.2291 -0.4053 -0.5766 -0.7460 -0.9125
  0.5446  0.5050  0.4720  0.4434  0.4159  0.3851  0.3442  0.2874  0.2173  0.1393
  0.0585 -0.0223 -0.1014 -0.1784 -0.2532 -0.4322 -0.6043 -0.7724 -0.9361 -1.0945
 -1.2473
  0.4982  0.4514  0.4128  0.3812  0.3539  0.3270  0.2940  0.2476  0.1875  0.1170
  0.0406 -0.0380 -0.1166 -0.1938 -0.2692 -0.4501 -0.6231 -0.7907 -0.9530 -1.1094
 -1.2602 -1.4056 -1.5461
  0.4665  0.4112  0.3650  0.3274  0.2970  0.2706  0.2427  0.2050  0.1546  0.0929
  0.0230 -0.0516 -0.1281 -0.2046 -0.2802 -0.4621 -0.6358 -0.8033 -0.9649 -1.1201
 -1.2694 -1.4134 -1.5524 -1.6871 -1.8182
  0.4563  0.3882  0.3310  0.2843  0.2471  0.2171  0.1906  0.1593  0.1173  0.0645
  0.0026 -0.0660 -0.1386 -0.2132 -0.2880 -0.4703 -0.6444 -0.8118 -0.9731 -1.1277
 -1.2760 -1.4189 -1.5567 -1.6901 -1.8195 -1.9456
  0.4875  0.4045  0.3283  0.2633  0.2114  0.1716  0.1405  0.1115  0.0757  0.0308
 -0.0229 -0.0841 -0.1509 -0.2216 -0.2943 -0.4758 -0.6502 -0.8176 -0.9786 -1.1329
 -1.2807 -1.4228 -1.5597 -1.6921 -1.8202 -1.9448 -2.0663 -2.1847 -2.2994 -2.4095
  0.5127  0.4332  0.3554  0.2819  0.2152  0.1569  0.1087  0.0704  0.0341 -0.0066
 -0.0537 -0.1075 -0.1673 -0.2322 -0.3011 -0.4795 -0.6540 -0.8214 -0.9822 -1.1363
 -1.2838 -1.4254 -1.5618 -1.6935 -1.8207 -1.9441 -2.0642 -2.1812 -2.2950 -2.4052
 -2.5111
  0.5230  0.4469  0.3718  0.2982  0.2283  0.1641  0.1071  0.0570  0.0109 -0.0356
 -0.0839 -0.1347 -0.1888 -0.2473 -0.3105 -0.4824 -0.6563 -0.8237 -0.9843 -1.1382
 -1.2856 -1.4271 -1.5631 -1.6944 -1.8211 -1.9438 -2.0628 -2.1785 -2.2911 -2.4006
 -2.5065
  0.5247  0.4510  0.3783  0.3064  0.2359  0.1682  0.1052  0.0481 -0.0037 -0.0534
 -0.1041 -0.1570 -0.2115 -0.2677 -0.3262 -0.4874 -0.6594 -0.8269 -0.9876 -1.1415
 -1.2889 -1.4303 -1.5663 -1.6975 -1.8242 -1.9465 -2.0651 -2.1800 -2.2916 -2.4002
 -2.5056
  0.5230  0.4514  0.3807  0.3108  0.2415  0.1730  0.1067  0.0440 -0.0143 -0.0686
 -0.1210 -0.1736 -0.2276 -0.2835 -0.3413 -0.4933 -0.6593 -0.8262 -0.9868 -1.1406
 -1.2879 -1.4293 -1.5653 -1.6966 -1.8233 -1.9456 -2.0639 -2.1783 -2.2892 -2.3970
 -2.5016
  0.5192  0.4486  0.3799  0.3119  0.2443  0.1768  0.1100  0.0446 -0.0182 -0.0777
 -0.1340 -0.1885 -0.2425 -0.2974 -0.3540 -0.5026 -0.6601 -0.8246 -0.9850 -1.1386
 -1.2858 -1.4272 -1.5632 -1.6946 -1.8215 -1.9442 -2.0626 -2.1770 -2.2877 -2.3950
 -2.4991
  0.5106  0.4425  0.3757  0.3097  0.2444  0.1786  0.1127  0.0472 -0.0173 -0.0800
 -0.1402 -0.1981 -0.2541 -0.3095 -0.3643 -0.5153 -0.6618 -0.8221 -0.9822
 [Fe/H] =  0.00 [alpha/Fe] = 0.00 BC value = F356W
  0.7279  0.6982  0.6691  0.6334  0.5881  0.5320  0.4641  0.3837  0.2936  0.2054
  0.1201  0.0383 -0.0393 -0.1140 -0.1856 -0.3566
  0.6443  0.6113  0.5819  0.5532  0.5213  0.4801  0.4227  0.3467  0.2621  0.1760
  0.0910  0.0085 -0.0710 -0.1475 -0.2214 -0.3978 -0.5691 -0.7388 -0.9058
  0.5811  0.5429  0.5111  0.4831  0.4554  0.4227  0.3770  0.3133  0.2366  0.1541
  0.0705 -0.0119 -0.0920 -0.1696 -0.2448 -0.4243 -0.5967 -0.7654 -0.9299 -1.0888
 -1.2420
  0.5335  0.4883  0.4513  0.4210  0.3943  0.3666  0.3305  0.2788  0.2119  0.1353
  0.0546 -0.0267 -0.1068 -0.1848 -0.2607 -0.4420 -0.6154 -0.7837 -0.9468 -1.1038
 -1.2548 -1.4005 -1.5413
  0.5000  0.4465  0.4021  0.3662  0.3371  0.3109  0.2815  0.2403  0.1843  0.1159
  0.0402 -0.0386 -0.1177 -0.1956 -0.2718 -0.4542 -0.6281 -0.7962 -0.9585 -1.1144
 -1.2640 -1.4081 -1.5473 -1.6822 -1.8135
  0.4920  0.4196  0.3653  0.3211  0.2860  0.2572  0.2305  0.1974  0.1515  0.0928
  0.0243 -0.0500 -0.1267 -0.2037 -0.2798 -0.4628 -0.6370 -0.8048 -0.9666 -1.1218
 -1.2705 -1.4134 -1.5514 -1.6849 -1.8143 -1.9406
  0.5075  0.4257  0.3533  0.2934  0.2460  0.2095  0.1800  0.1509  0.1131  0.0639
  0.0042 -0.0636 -0.1361 -0.2107 -0.2858 -0.4688 -0.6432 -0.8107 -0.9721 -1.1269
 -1.2750 -1.4172 -1.5541 -1.6865 -1.8147 -1.9395 -2.0612 -2.1799 -2.2949 -2.4053
  0.5339  0.4541  0.3770  0.3052  0.2407  0.1858  0.1418  0.1068  0.0717  0.0294
 -0.0219 -0.0817 -0.1480 -0.2185 -0.2912 -0.4729 -0.6475 -0.8148 -0.9758 -1.1302
 -1.2780 -1.4197 -1.5560 -1.6876 -1.8148 -1.9383 -2.0585 -2.1758 -2.2901 -2.4006
 -2.5069
  0.5455  0.4687  0.3933  0.3204  0.2522  0.1905  0.1358  0.0873  0.0423 -0.0033
 -0.0520 -0.1055 -0.1648 -0.2293 -0.2979 -0.4758 -0.6503 -0.8175 -0.9782 -1.1323
 -1.2798 -1.4213 -1.5572 -1.6883 -1.8149 -1.9375 -2.0566 -2.1726 -2.2856 -2.3955
 -2.5019
  0.5488  0.4741  0.4006  0.3283  0.2583  0.1920  0.1312  0.0764  0.0258 -0.0243
 -0.0763 -0.1307 -0.1875 -0.2469 -0.3097 -0.4801 -0.6537 -0.8211 -0.9818 -1.1358
 -1.2833 -1.4247 -1.5604 -1.6912 -1.8176 -1.9398 -2.0583 -2.1734 -2.2854 -2.3944
 -2.5004
  0.5489  0.4761  0.4043  0.3335  0.2636  0.1953  0.1299  0.0687  0.0119 -0.0419
 -0.0951 -0.1497 -0.2062 -0.2645 -0.3247 -0.4836 -0.6538 -0.8209 -0.9814 -1.1351
 -1.2825 -1.4238 -1.5595 -1.6902 -1.8164 -1.9385 -2.0567 -2.1712 -2.2824 -2.3905
 -2.4957
  0.5474  0.4753  0.4053  0.3360  0.2672  0.1990  0.1319  0.0668  0.0047 -0.0541
 -0.1106 -0.1662 -0.2224 -0.2798 -0.3388 -0.4921 -0.6537 -0.8196 -0.9799 -1.1336
 -1.2807 -1.4220 -1.5576 -1.6884 -1.8146 -1.9367 -2.0550 -2.1694 -2.2803 -2.3880
 -2.4926
  0.5428  0.4725  0.4037  0.3361  0.2689  0.2018  0.1348  0.0686  0.0037 -0.0591
 -0.1194 -0.1778 -0.2351 -0.2925 -0.3520 -0.5056 -0.6534 -0.8172 -0.9773
 [Fe/H] =  0.25 [alpha/Fe] = 0.00 BC value = F356W
  0.7621  0.7337  0.7035  0.6616  0.6031  0.5338  0.4640  0.3973  0.3048  0.2151
  0.1283  0.0449 -0.0347 -0.1100 -0.1825 -0.3542
  0.6810  0.6509  0.6229  0.5918  0.5534  0.5046  0.4428  0.3661  0.2768  0.1880
  0.1014  0.0173 -0.0636 -0.1413 -0.2160 -0.3932 -0.5636 -0.7324 -0.8992
  0.6139  0.5799  0.5511  0.5250  0.4979  0.4630  0.4113  0.3387  0.2551  0.1684
  0.0824 -0.0018 -0.0834 -0.1621 -0.2381 -0.4184 -0.5907 -0.7590 -0.9233 -1.0823
 -1.2356
  0.5608  0.5207  0.4881  0.4612  0.4366  0.4090  0.3696  0.3104  0.2353  0.1527
  0.0683 -0.0156 -0.0974 -0.1766 -0.2534 -0.4356 -0.6089 -0.7771 -0.9403 -1.0975
 -1.2486 -1.3942 -1.5352
  0.5205  0.4727  0.4337  0.4026  0.3771  0.3530  0.3229  0.2773  0.2135  0.1377
  0.0565 -0.0260 -0.1075 -0.1871 -0.2643 -0.4477 -0.6215 -0.7894 -0.9519 -1.1081
 -1.2578 -1.4020 -1.5413 -1.6763 -1.8076
  0.4940  0.4369  0.3894  0.3512  0.3214  0.2964  0.2715  0.2374  0.1864  0.1202
  0.0447 -0.0350 -0.1153 -0.1946 -0.2721 -0.4564 -0.6305 -0.7980 -0.9599 -1.1155
 -1.2643 -1.4073 -1.5452 -1.6788 -1.8084 -1.9348
  0.4934  0.4210  0.3604  0.3113  0.2727  0.2427  0.2179  0.1909  0.1517  0.0970
  0.0299 -0.0447 -0.1223 -0.2005 -0.2777 -0.4627 -0.6371 -0.8042 -0.9655 -1.1205
 -1.2689 -1.4111 -1.5479 -1.6803 -1.8085 -1.9332 -2.0550 -2.1741 -2.2892 -2.3999
  0.5265  0.4441  0.3684  0.3002  0.2441  0.2006  0.1680  0.1410  0.1098  0.0663
  0.0093 -0.0577 -0.1306 -0.2061 -0.2821 -0.4671 -0.6419 -0.8088 -0.9695 -1.1240
 -1.2720 -1.4137 -1.5498 -1.6812 -1.8083 -1.9317 -2.0520 -2.1694 -2.2840 -2.3949
 -2.5016
  0.5443  0.4664  0.3904  0.3184  0.2525  0.1941  0.1440  0.1030  0.0678  0.0294
 -0.0185 -0.0765 -0.1425 -0.2134 -0.2867 -0.4700 -0.6452 -0.8120 -0.9723 -1.1263
 -1.2739 -1.4154 -1.5511 -1.6818 -1.8081 -1.9305 -2.0495 -2.1656 -2.2788 -2.3893
 -2.4962
  0.5504  0.4749  0.4006  0.3283  0.2596  0.1964  0.1400  0.0901  0.0442 -0.0008
 -0.0492 -0.1028 -0.1619 -0.2264 -0.2951 -0.4738 -0.6490 -0.8162 -0.9764 -1.1301
 -1.2776 -1.4189 -1.5544 -1.6848 -1.8106 -1.9324 -2.0507 -2.1658 -2.2779 -2.3874
 -2.4939
  0.5522  0.4783  0.4058  0.3345  0.2649  0.1982  0.1359  0.0792  0.0275 -0.0219
 -0.0725 -0.1265 -0.1837 -0.2439 -0.3069 -0.4756 -0.6492 -0.8164 -0.9766 -1.1300
 -1.2772 -1.4184 -1.5537 -1.6839 -1.8094 -1.9308 -2.0486 -2.1630 -2.2743 -2.3828
 -2.4885
  0.5518  0.4790  0.4079  0.3379  0.2689  0.2011  0.1355  0.0732  0.0149 -0.0398
 -0.0930 -0.1473 -0.2037 -0.2624 -0.3230 -0.4815 -0.6486 -0.8155 -0.9756 -1.1290
 -1.2760 -1.4170 -1.5523 -1.6824 -1.8077 -1.9290 -2.0466 -2.1608 -2.2716 -2.3795
 -2.4845
  0.5510  0.4788  0.4084  0.3399  0.2717  0.2043  0.1378  0.0727  0.0099 -0.0502
 -0.1076 -0.1639 -0.2205 -0.2783 -0.3434 -0.4915 -0.6472 -0.8135 -0.9734
 [Fe/H] =  0.50 [alpha/Fe] = 0.00 BC value = F356W
  0.8025  0.8743  0.8798  0.8265  0.7284  0.6133  0.5027  0.4104  0.3164  0.2255
  0.1373  0.0524 -0.0287 -0.1060 -0.1787 -0.3509
  0.7192  0.7252  0.7099  0.6753  0.6235  0.5562  0.4750  0.3834  0.2911  0.2005
  0.1126  0.0273 -0.0549 -0.1339 -0.2097 -0.3881 -0.5584 -0.7263 -0.8930
  0.6484  0.6189  0.5921  0.5673  0.5405  0.5022  0.4430  0.3610  0.2721  0.1827
  0.0950  0.0094 -0.0733 -0.1532 -0.2301 -0.4119 -0.5844 -0.7523 -0.9159 -1.0747
 -1.2285
  0.5901  0.5553  0.5265  0.5025  0.4794  0.4510  0.4067  0.3386  0.2560  0.1691
  0.0821 -0.0034 -0.0866 -0.1670 -0.2447 -0.4283 -0.6019 -0.7699 -0.9332 -1.0907
 -1.2420 -1.3879 -1.5290
  0.5433  0.5012  0.4675  0.4408  0.4185  0.3957  0.3638  0.3118  0.2394  0.1572
  0.0721 -0.0129 -0.0962 -0.1771 -0.2554 -0.4402 -0.6142 -0.7820 -0.9447 -1.1012
 -1.2512 -1.3955 -1.5348 -1.6700 -1.8014
  0.5087  0.4581  0.4167  0.3842  0.3591  0.3374  0.3134  0.2764  0.2183  0.1443
  0.0630 -0.0204 -0.1032 -0.1843 -0.2631 -0.4490 -0.6233 -0.7906 -0.9526 -1.1084
 -1.2576 -1.4008 -1.5387 -1.6723 -1.8020 -1.9284
  0.4908  0.4291  0.3775  0.3361  0.3041  0.2794  0.2579  0.2314  0.1888  0.1269
  0.0526 -0.0273 -0.1088 -0.1895 -0.2685 -0.4557 -0.6304 -0.7971 -0.9583 -1.1135
 -1.2622 -1.4046 -1.5414 -1.6737 -1.8019 -1.9266 -2.0484 -2.1674 -2.2827 -2.3937
  0.5101  0.4368  0.3617  0.3049  0.2606  0.2273  0.2020  0.1793  0.1489  0.1015
  0.0377 -0.0361 -0.1143 -0.1936 -0.2722 -0.4603 -0.6357 -0.8022 -0.9625 -1.1170
 -1.2653 -1.4073 -1.5434 -1.6747 -1.8016 -1.9248 -2.0450 -2.1624 -2.2772 -2.3883
 -2.4953
  0.5394  0.4603  0.3840  0.3131  0.2504  0.1983  0.1581  0.1283  0.1015  0.0661
  0.0150 -0.0495 -0.1220 -0.1982 -0.2752 -0.4632 -0.6394 -0.8060 -0.9658 -1.1196
 -1.2674 -1.4090 -1.5448 -1.6753 -1.8013 -1.9234 -2.0422 -2.1581 -2.2714 -2.3822
 -2.4894
  0.5496  0.4734  0.3987  0.3268  0.2601  0.2003  0.1475  0.1019  0.0628  0.0262
 -0.0171 -0.0716 -0.1361 -0.2069 -0.2809 -0.4666 -0.6436 -0.8108 -0.9705 -1.1239
 -1.2713 -1.4127 -1.5482 -1.6784 -1.8038 -1.9251 -2.0430 -2.1578 -2.2699 -2.3795
 -2.4865
  0.5533  0.4789  0.4058  0.3343  0.2655  0.2011  0.1427  0.0908  0.0440 -0.0005
 -0.0465 -0.0980 -0.1557 -0.2193 -0.2874 -0.4672 -0.6439 -0.8116 -0.9713 -1.1244
 -1.2713 -1.4124 -1.5477 -1.6776 -1.8027 -1.9235 -2.0407 -2.1546 -2.2657 -2.3742
 -2.4803
  0.5533  0.4805  0.4088  0.3384  0.2693  0.2025  0.1391  0.0806  0.0273 -0.0224
 -0.0715 -0.1236 -0.1796 -0.2393 -0.3021 -0.4693 -0.6430 -0.8110 -0.9710 -1.1240
 -1.2706 -1.4114 -1.5465 -1.6763 -1.8012 -1.9217 -2.0386 -2.1520 -2.2626 -2.3704
 -2.4756
  0.5536  0.4809  0.4103  0.3408  0.2724  0.2052  0.1396  0.0766  0.0170 -0.0389
 -0.0922 -0.1456 -0.2009 -0.2591 -0.3250 -0.4729 -0.6409 -0.8090 -0.9696
 [Fe/H] =  0.75 [alpha/Fe] = 0.00 BC value = F356W
  0.8438  0.8646  0.8409  0.7712  0.6733  0.5735  0.4897  0.4230  0.3278  0.2355
  0.1465  0.0602 -0.0225 -0.1014 -0.1763 -0.3543
  0.7590  0.7509  0.7258  0.6853  0.6312  0.5647  0.4872  0.3996  0.3053  0.2134
  0.1244  0.0379 -0.0455 -0.1257 -0.2027 -0.3829 -0.5539 -0.7211 -0.8873
  0.6847  0.6589  0.6342  0.6098  0.5807  0.5373  0.4708  0.3809  0.2884  0.1972
  0.1083  0.0216 -0.0623 -0.1432 -0.2212 -0.4049 -0.5779 -0.7458 -0.9099 -1.0690
 -1.2224
  0.6209  0.5884  0.5662  0.5446  0.5218  0.4912  0.4406  0.3636  0.2750  0.1850
  0.0962  0.0096 -0.0747 -0.1562 -0.2349 -0.4203 -0.5944 -0.7625 -0.9260 -1.0838
 -1.2354 -1.3814 -1.5226
  0.5677  0.5314  0.5028  0.4802  0.4603  0.4376  0.4025  0.3427  0.2624  0.1753
  0.0873  0.0008 -0.0839 -0.1659 -0.2451 -0.4318 -0.6063 -0.7742 -0.9370 -1.0939
 -1.2443 -1.3888 -1.5282 -1.6633 -1.7949
  0.5256  0.4813  0.4460  0.4188  0.3980  0.3788  0.3546  0.3131  0.2468  0.1658
  0.0802 -0.0057 -0.0904 -0.1729 -0.2527 -0.4407 -0.6155 -0.7827 -0.9447 -1.1008
 -1.2505 -1.3939 -1.5319 -1.6655 -1.7953 -1.9217
  0.4968  0.4430  0.3988  0.3640  0.3378  0.3176  0.2986  0.2712  0.2232  0.1535
  0.0729 -0.0111 -0.0950 -0.1776 -0.2580 -0.4476 -0.6229 -0.7895 -0.9504 -1.1058
 -1.2549 -1.3976 -1.5346 -1.6669 -1.7951 -1.9198 -2.0415 -2.1603 -2.2754 -2.3866
  0.4944  0.4244  0.3669  0.3208  0.2854  0.2590  0.2389  0.2187  0.1871  0.1339
  0.0629 -0.0167 -0.0987 -0.1807 -0.2612 -0.4524 -0.6287 -0.7950 -0.9550 -1.1095
 -1.2580 -1.4003 -1.5366 -1.6679 -1.7947 -1.9178 -2.0378 -2.1550 -2.2697 -2.3808
 -2.4881
  0.5287  0.4464  0.3724  0.3068  0.2528  0.2126  0.1836  0.1618  0.1388  0.1025
  0.0459 -0.0254 -0.1033 -0.1833 -0.2632 -0.4552 -0.6330 -0.7995 -0.9588 -1.1124
 -1.2602 -1.4021 -1.5380 -1.6685 -1.7944 -1.9163 -2.0348 -2.1504 -2.2635 -2.3743
 -2.4817
  0.5455  0.4687  0.3937  0.3228  0.2583  0.2016  0.1539  0.1164  0.0874  0.0588
  0.0170 -0.0422 -0.1129 -0.1890 -0.2669 -0.4582 -0.6375 -0.8049 -0.9641 -1.1171
 -1.2644 -1.4059 -1.5416 -1.6718 -1.7970 -1.9180 -2.0354 -2.1498 -2.2615 -2.3710
 -2.4782
  0.5519  0.4773  0.4039  0.3326  0.2651  0.2037  0.1494  0.1017  0.0593  0.0208
 -0.0181 -0.0662 -0.1266 -0.1958 -0.2698 -0.4579 -0.6379 -0.8063 -0.9658 -1.1183
 -1.2649 -1.4059 -1.5412 -1.6711 -1.7960 -1.9164 -2.0330 -2.1464 -2.2570 -2.3652
 -2.4713
  0.5531  0.4800  0.4081  0.3375  0.2688  0.2035  0.1432  0.0892  0.0409 -0.0040
 -0.0484 -0.0963 -0.1506 -0.2117 -0.2782 -0.4574 -0.6367 -0.8061 -0.9661 -1.1187
 -1.2649 -1.4055 -1.5404 -1.6701 -1.7947 -1.9148 -2.0309 -2.1437 -2.2535 -2.3609
 -2.4662
  0.5528  0.4806  0.4099  0.3402  0.2718  0.2050  0.1409  0.0808  0.0254 -0.0255
 -0.0740 -0.1237 -0.1769 -0.2348 -0.2921 -0.4567 -0.6339 -0.8043 -0.9650
 [Fe/H] =  1.00 [alpha/Fe] = 0.00 BC value = F356W
  0.8854  0.8142  0.7253  0.6669  0.6156  0.5629  0.5024  0.4328  0.3384  0.2449
  0.1549  0.0673 -0.0167 -0.0971 -0.1738 -0.3531
  0.7999  0.7858  0.7556  0.7108  0.6532  0.5838  0.5040  0.4147  0.3191  0.2259
  0.1356  0.0484 -0.0362 -0.1176 -0.1958 -0.3784 -0.5503 -0.7172 -0.8819
  0.7226  0.7297  0.7161  0.6842  0.6357  0.5723  0.4937  0.3990  0.3044  0.2117
  0.1214  0.0341 -0.0509 -0.1329 -0.2120 -0.3980 -0.5719 -0.7402 -0.9041 -1.0632
 -1.2168
  0.6535  0.6457  0.6070  0.5869  0.5632  0.5284  0.4715  0.3857  0.2930  0.2009
  0.1107  0.0232 -0.0622 -0.1447 -0.2243 -0.4119 -0.5871 -0.7555 -0.9192 -1.0771
 -1.2290 -1.3751 -1.5162
  0.5934  0.5631  0.5394  0.5202  0.5017  0.4779  0.4379  0.3703  0.2833  0.1927
  0.1028  0.0148 -0.0706 -0.1537 -0.2340 -0.4227 -0.5983 -0.7665 -0.9295 -1.0866
 -1.2374 -1.3821 -1.5215 -1.6566 -1.7881
  0.5436  0.5058  0.4765  0.4544  0.4371  0.4194  0.3938  0.3465  0.2721  0.1856
  0.0969  0.0090 -0.0767 -0.1603 -0.2413 -0.4314 -0.6072 -0.7747 -0.9368 -1.0932
 -1.2433 -1.3870 -1.5252 -1.6587 -1.7884 -1.9147
  0.5059  0.4592  0.4217  0.3932  0.3723  0.3559  0.3385  0.3091  0.2544  0.1772
  0.0918  0.0049 -0.0809 -0.1647 -0.2463 -0.4384 -0.6148 -0.7816 -0.9424 -1.0980
 -1.2474 -1.3905 -1.5277 -1.6600 -1.7881 -1.9127 -2.0343 -2.1527 -2.2674 -2.3786
  0.4864  0.4273  0.3792  0.3411  0.3127  0.2923  0.2764  0.2577  0.2232  0.1632
  0.0854  0.0014 -0.0835 -0.1672 -0.2492 -0.4432 -0.6211 -0.7876 -0.9473 -1.1017
 -1.2504 -1.3930 -1.5295 -1.6609 -1.7877 -1.9107 -2.0305 -2.1476 -2.2618 -2.3726
 -2.4800
  0.5092  0.4286  0.3617  0.3075  0.2657  0.2357  0.2144  0.1977  0.1762  0.1369
  0.0737 -0.0037 -0.0859 -0.1687 -0.2504 -0.4459 -0.6257 -0.7927 -0.9516 -1.1049
 -1.2528 -1.3948 -1.5309 -1.6616 -1.7875 -1.9092 -2.0274 -2.1427 -2.2556 -2.3660
 -2.4732
  0.5365  0.4590  0.3840  0.3142  0.2527  0.2028  0.1657  0.1396  0.1194  0.0939
  0.0495 -0.0156 -0.0919 -0.1721 -0.2529 -0.4487 -0.6304 -0.7987 -0.9576 -1.1101
 -1.2572 -1.3988 -1.5345 -1.6648 -1.7901 -1.9110 -2.0281 -2.1420 -2.2532 -2.3623
 -2.4693
  0.5473  0.4725  0.3991  0.3284  0.2630  0.2048  0.1540  0.1105  0.0747  0.0450
  0.0132 -0.0351 -0.1007 -0.1754 -0.2534 -0.4477 -0.6308 -0.8006 -0.9600 -1.1121
 -1.2583 -1.3992 -1.5344 -1.6644 -1.7892 -1.9094 -2.0257 -2.1385 -2.2485 -2.3562
 -2.4619
  0.5501  0.4772  0.4053  0.3348  0.2670  0.2039  0.1474  0.0980  0.0542  0.0138
 -0.0254 -0.0673 -0.1197 -0.1842 -0.2563 -0.4458 -0.6294 -0.8007 -0.9611 -1.1133
 -1.2591 -1.3993 -1.5341 -1.6637 -1.7881 -1.9080 -2.0237 -2.1358 -2.2449 -2.3516
 -2.4562
  0.5497  0.4781  0.4075  0.3379  0.2698  0.2039  0.1420  0.0855  0.0351 -0.0107
 -0.0546 -0.0999 -0.1497 -0.2062 -0.2616 -0.4430 -0.6262 -0.7990 -0.9609
