 [Fe/H] = -2.50 [alpha/Fe] = 0.00 BC value = F814W
 -0.6918 -0.7088 -0.7398 -0.7766 -0.8036 -0.8049 -0.6751 -0.6540 -0.6283 -0.5922
 -0.5437 -0.4848 -0.4291 -0.3688 -0.3123 -0.2058 -0.1686 -0.1727 -0.1894
 -0.6874 -0.6197 -0.5822 -0.5718 -0.5821 -0.5895 -0.5865 -0.5766 -0.5624 -0.5436
 -0.5138 -0.4704 -0.4182 -0.3664 -0.3203 -0.2392 -0.2012 -0.1963 -0.2092 -0.2323
 -0.6482 -0.5943 -0.5502 -0.5175 -0.4989 -0.4978 -0.5111 -0.5203 -0.5156 -0.4984
 -0.4771 -0.4497 -0.4106 -0.3666 -0.3259 -0.2518 -0.2191 -0.2171 -0.2312 -0.2539
 -0.2821
 -0.6028 -0.5617 -0.5244 -0.4917 -0.4654 -0.4474 -0.4388 -0.4404 -0.4481 -0.4493
 -0.4386 -0.4230 -0.3987 -0.3651 -0.3302 -0.2635 -0.2335 -0.2338 -0.2494 -0.2723
 -0.2998 -0.3308
 -0.5365 -0.5116 -0.4865 -0.4614 -0.4378 -0.4173 -0.4016 -0.3912 -0.3859 -0.3848
 -0.3838 -0.3782 -0.3695 -0.3520 -0.3280 -0.2706 -0.2427 -0.2449 -0.2632 -0.2875
 -0.3153 -0.3459 -0.3790 -0.4138
 -0.4510 -0.4422 -0.4315 -0.4180 -0.4023 -0.3861 -0.3709 -0.3581 -0.3482 -0.3406
 -0.3345 -0.3292 -0.3255 -0.3185 -0.3069 -0.2703 -0.2458 -0.2490 -0.2708 -0.2985
 -0.3281 -0.3595 -0.3927 -0.4277 -0.4646 -0.5041 -0.5465 -0.5925 -0.6422 -0.6958
 -0.3538 -0.3566 -0.3595 -0.3588 -0.3539 -0.3458 -0.3359 -0.3256 -0.3161 -0.3080
 -0.3006 -0.2935 -0.2875 -0.2824 -0.2758 -0.2568 -0.2419 -0.2462 -0.2707 -0.3031
 -0.3366 -0.3703 -0.4048 -0.4404 -0.4769 -0.5137 -0.5524 -0.5949 -0.6428 -0.6961
 -0.7517
 -0.2467 -0.2610 -0.2742 -0.2845 -0.2911 -0.2933 -0.2913 -0.2870 -0.2817 -0.2758
 -0.2702 -0.2647 -0.2590 -0.2540 -0.2483 -0.2361 -0.2305 -0.2374 -0.2632 -0.2998
 -0.3387 -0.3767 -0.4140 -0.4514 -0.4889 -0.5268 -0.5647 -0.6043 -0.6476 -0.6961
 -0.7507
 -0.1383 -0.1608 -0.1812 -0.1997 -0.2157 -0.2276 -0.2352 -0.2389 -0.2400 -0.2392
 -0.2373 -0.2349 -0.2321 -0.2292 -0.2254 -0.2161 -0.2150 -0.2254 -0.2511 -0.2899
 -0.3335 -0.3771 -0.4192 -0.4598 -0.4997 -0.5390 -0.5784 -0.6193 -0.6620 -0.7060
 -0.7514
 -0.0286 -0.0560 -0.0843 -0.1090 -0.1315 -0.1515 -0.1679 -0.1804 -0.1894 -0.1955
 -0.1993 -0.2016 -0.2027 -0.2032 -0.2029 -0.1988 -0.1999 -0.2121 -0.2373 -0.2753
 -0.3210 -0.3691 -0.4164 -0.4619 -0.5055 -0.5476 -0.5888 -0.6295 -0.6742 -0.7161
 -0.7562
  0.0824  0.0534  0.0165 -0.0165 -0.0429 -0.0684 -0.0916 -0.1119 -0.1290 -0.1429
 -0.1539 -0.1624 -0.1689 -0.1737 -0.1775 -0.1824 -0.1859 -0.1992 -0.2243 -0.2607
 -0.3057 -0.3555 -0.4067 -0.4571 -0.5054 -0.5515 -0.5959 -0.6388 -0.6809 -0.7229
 -0.7657
  0.1948  0.1674  0.1212  0.0768  0.0468  0.0175 -0.0105 -0.0365 -0.0603 -0.0817
 -0.1002 -0.1159 -0.1290 -0.1396 -0.1492 -0.1669 -0.1730 -0.1867 -0.2121
 [Fe/H] = -2.00 [alpha/Fe] = 0.00 BC value = F814W
 -0.7234 -0.6936 -0.6842 -0.6885 -0.6970 -0.7004 -0.6598 -0.6512 -0.6311 -0.5980
 -0.5519 -0.4959 -0.4381 -0.3812 -0.3292 -0.2280 -0.1772 -0.1660 -0.1802
 -0.6679 -0.6137 -0.5948 -0.5841 -0.5770 -0.5755 -0.5772 -0.5771 -0.5701 -0.5532
 -0.5242 -0.4825 -0.4325 -0.3825 -0.3368 -0.2496 -0.2029 -0.1921 -0.2033 -0.2252
 -0.6587 -0.5858 -0.5356 -0.5094 -0.5103 -0.5235 -0.5299 -0.5278 -0.5215 -0.5120
 -0.4956 -0.4689 -0.4303 -0.3868 -0.3457 -0.2664 -0.2231 -0.2128 -0.2244 -0.2465
 -0.2746
 -0.6539 -0.5852 -0.5308 -0.4902 -0.4639 -0.4525 -0.4585 -0.4753 -0.4847 -0.4798
 -0.4672 -0.4499 -0.4240 -0.3888 -0.3533 -0.2803 -0.2397 -0.2297 -0.2416 -0.2639
 -0.2914 -0.3226
 -0.6320 -0.5743 -0.5254 -0.4845 -0.4519 -0.4284 -0.4141 -0.4088 -0.4144 -0.4254
 -0.4286 -0.4229 -0.4085 -0.3843 -0.3544 -0.2894 -0.2515 -0.2418 -0.2544 -0.2779
 -0.3059 -0.3369 -0.3704 -0.4066
 -0.5872 -0.5440 -0.5055 -0.4707 -0.4399 -0.4139 -0.3934 -0.3787 -0.3693 -0.3652
 -0.3672 -0.3703 -0.3706 -0.3629 -0.3462 -0.2926 -0.2576 -0.2483 -0.2619 -0.2878
 -0.3177 -0.3496 -0.3833 -0.4190 -0.4565 -0.4961 -0.5386 -0.5851 -0.6374 -0.6914
 -0.5204 -0.4923 -0.4666 -0.4417 -0.4175 -0.3946 -0.3741 -0.3569 -0.3433 -0.3326
 -0.3245 -0.3196 -0.3193 -0.3191 -0.3144 -0.2871 -0.2576 -0.2489 -0.2630 -0.2919
 -0.3254 -0.3597 -0.3948 -0.4310 -0.4683 -0.5069 -0.5474 -0.5905 -0.6377 -0.6914
 -0.7472
 -0.4369 -0.4221 -0.4088 -0.3952 -0.3803 -0.3643 -0.3481 -0.3326 -0.3190 -0.3074
 -0.2972 -0.2884 -0.2823 -0.2784 -0.2756 -0.2649 -0.2503 -0.2441 -0.2582 -0.2892
 -0.3271 -0.3655 -0.4035 -0.4415 -0.4796 -0.5183 -0.5582 -0.5994 -0.6429 -0.6912
 -0.7463
 -0.3426 -0.3383 -0.3354 -0.3319 -0.3271 -0.3200 -0.3108 -0.3003 -0.2899 -0.2801
 -0.2713 -0.2632 -0.2559 -0.2500 -0.2452 -0.2371 -0.2332 -0.2341 -0.2490 -0.2807
 -0.3222 -0.3657 -0.4082 -0.4494 -0.4899 -0.5299 -0.5702 -0.6110 -0.6531 -0.6976
 -0.7467
 -0.2451 -0.2476 -0.2522 -0.2570 -0.2606 -0.2621 -0.2612 -0.2578 -0.2529 -0.2473
 -0.2417 -0.2366 -0.2315 -0.2267 -0.2222 -0.2138 -0.2130 -0.2200 -0.2367 -0.2678
 -0.3105 -0.3579 -0.4053 -0.4512 -0.4953 -0.5380 -0.5800 -0.6217 -0.6635 -0.7063
 -0.7511
 -0.1489 -0.1552 -0.1635 -0.1740 -0.1842 -0.1931 -0.1997 -0.2038 -0.2058 -0.2061
 -0.2054 -0.2045 -0.2032 -0.2015 -0.1996 -0.1947 -0.1948 -0.2045 -0.2235 -0.2539
 -0.2958 -0.3446 -0.3957 -0.4463 -0.4950 -0.5417 -0.5868 -0.6305 -0.6735 -0.7164
 -0.7600
 -0.0576 -0.0648 -0.0750 -0.0876 -0.1017 -0.1160 -0.1288 -0.1396 -0.1483 -0.1553
 -0.1606 -0.1650 -0.1717 -0.1731 -0.1774 -0.1798 -0.1786 -0.1876 -0.2094
 [Fe/H] = -1.50 [alpha/Fe] = 0.00 BC value = F814W
 -0.9150 -0.8490 -0.8044 -0.7750 -0.7545 -0.7362 -0.7142 -0.6848 -0.6488 -0.6060
 -0.5555 -0.4994 -0.4415 -0.3880 -0.3400 -0.2446 -0.1856 -0.1622 -0.1700
 -0.8185 -0.7447 -0.6953 -0.6657 -0.6494 -0.6397 -0.6304 -0.6164 -0.5967 -0.5701
 -0.5348 -0.4907 -0.4412 -0.3930 -0.3493 -0.2628 -0.2091 -0.1886 -0.1947 -0.2156
 -0.7364 -0.6575 -0.6174 -0.5936 -0.5768 -0.5677 -0.5630 -0.5574 -0.5482 -0.5337
 -0.5119 -0.4807 -0.4406 -0.3978 -0.3578 -0.2785 -0.2292 -0.2094 -0.2148 -0.2352
 -0.2630
 -0.7256 -0.6284 -0.5590 -0.5166 -0.5011 -0.5069 -0.5136 -0.5131 -0.5075 -0.4982
 -0.4845 -0.4648 -0.4360 -0.3999 -0.3637 -0.2907 -0.2452 -0.2262 -0.2309 -0.2511
 -0.2786 -0.3101
 -0.7272 -0.6312 -0.5561 -0.5006 -0.4624 -0.4417 -0.4382 -0.4474 -0.4615 -0.4651
 -0.4575 -0.4434 -0.4241 -0.3970 -0.3657 -0.2988 -0.2565 -0.2386 -0.2431 -0.2635
 -0.2916 -0.3232 -0.3575 -0.3946
 -0.7184 -0.6302 -0.5584 -0.5012 -0.4569 -0.4247 -0.4032 -0.3912 -0.3890 -0.3977
 -0.4084 -0.4110 -0.4030 -0.3859 -0.3619 -0.3021 -0.2630 -0.2465 -0.2512 -0.2723
 -0.3018 -0.3346 -0.3692 -0.4059 -0.4444 -0.4848 -0.5285 -0.5770 -0.6300 -0.6838
 -0.6892 -0.6138 -0.5502 -0.4973 -0.4535 -0.4178 -0.3900 -0.3695 -0.3553 -0.3466
 -0.3444 -0.3493 -0.3552 -0.3551 -0.3459 -0.3004 -0.2648 -0.2496 -0.2546 -0.2765
 -0.3084 -0.3434 -0.3796 -0.4168 -0.4551 -0.4950 -0.5370 -0.5815 -0.6299 -0.6841
 -0.7400
 -0.6371 -0.5768 -0.5248 -0.4801 -0.4414 -0.4077 -0.3790 -0.3552 -0.3364 -0.3218
 -0.3106 -0.3030 -0.3012 -0.3035 -0.3047 -0.2898 -0.2618 -0.2483 -0.2534 -0.2758
 -0.3098 -0.3482 -0.3871 -0.4261 -0.4654 -0.5054 -0.5466 -0.5894 -0.6343 -0.6836
 -0.7392
 -0.5648 -0.5191 -0.4798 -0.4453 -0.4145 -0.3866 -0.3612 -0.3384 -0.3188 -0.3024
 -0.2888 -0.2774 -0.2687 -0.2636 -0.2618 -0.2600 -0.2514 -0.2424 -0.2482 -0.2705
 -0.3062 -0.3482 -0.3910 -0.4332 -0.4748 -0.5160 -0.5577 -0.5999 -0.6435 -0.6900
 -0.7394
 -0.4828 -0.4483 -0.4193 -0.3946 -0.3725 -0.3521 -0.3328 -0.3142 -0.2970 -0.2817
 -0.2683 -0.2570 -0.2472 -0.2391 -0.2333 -0.2281 -0.2293 -0.2312 -0.2393 -0.2610
 -0.2965 -0.3409 -0.3879 -0.4344 -0.4794 -0.5233 -0.5666 -0.6095 -0.6528 -0.6971
 -0.7432
 -0.3992 -0.3713 -0.3489 -0.3312 -0.3166 -0.3036 -0.2913 -0.2789 -0.2666 -0.2546
 -0.2437 -0.2343 -0.2261 -0.2188 -0.2125 -0.2034 -0.2052 -0.2137 -0.2271 -0.2493
 -0.2838 -0.3287 -0.3785 -0.4292 -0.4786 -0.5262 -0.5725 -0.6175 -0.6619 -0.7062
 -0.7511
 -0.3178 -0.2940 -0.2753 -0.2612 -0.2512 -0.2440 -0.2379 -0.2318 -0.2255 -0.2188
 -0.2121 -0.2059 -0.2011 -0.1956 -0.1994 -0.1859 -0.1791 -0.1899 -0.2116
 [Fe/H] = -1.00 [alpha/Fe] = 0.00 BC value = F814W
 -1.2666 -1.1749 -1.1005 -1.0362 -0.9760 -0.9124 -0.8383 -0.7548 -0.6814 -0.6162
 -0.5545 -0.4953 -0.4393 -0.3892 -0.3448 -0.2556 -0.1939 -0.1614 -0.1589
 -1.1214 -1.0239 -0.9496 -0.8916 -0.8434 -0.7979 -0.7458 -0.6897 -0.6383 -0.5899
 -0.5407 -0.4899 -0.4399 -0.3937 -0.3524 -0.2701 -0.2144 -0.1855 -0.1831 -0.2003
 -1.0169 -0.9147 -0.8371 -0.7798 -0.7370 -0.7027 -0.6685 -0.6314 -0.5961 -0.5614
 -0.5244 -0.4834 -0.4396 -0.3970 -0.3583 -0.2817 -0.2308 -0.2046 -0.2021 -0.2182
 -0.2453
 -0.9032 -0.8028 -0.7383 -0.6909 -0.6527 -0.6237 -0.5999 -0.5760 -0.5524 -0.5286
 -0.5026 -0.4722 -0.4364 -0.3984 -0.3623 -0.2905 -0.2435 -0.2194 -0.2171 -0.2325
 -0.2590 -0.2912
 -0.8652 -0.7397 -0.6481 -0.5869 -0.5532 -0.5413 -0.5356 -0.5254 -0.5110 -0.4944
 -0.4757 -0.4541 -0.4277 -0.3962 -0.3636 -0.2962 -0.2525 -0.2303 -0.2285 -0.2435
 -0.2701 -0.3024 -0.3378 -0.3762
 -0.8582 -0.7304 -0.6292 -0.5525 -0.4982 -0.4636 -0.4460 -0.4433 -0.4505 -0.4537
 -0.4465 -0.4316 -0.4121 -0.3885 -0.3611 -0.2988 -0.2580 -0.2377 -0.2365 -0.2516
 -0.2785 -0.3116 -0.3475 -0.3856 -0.4260 -0.4688 -0.5146 -0.5647 -0.6189 -0.6727
 -0.8546 -0.7294 -0.6275 -0.5468 -0.4851 -0.4397 -0.4083 -0.3881 -0.3776 -0.3774
 -0.3850 -0.3906 -0.3866 -0.3729 -0.3529 -0.2980 -0.2603 -0.2417 -0.2412 -0.2566
 -0.2839 -0.3184 -0.3558 -0.3946 -0.4348 -0.4767 -0.5207 -0.5675 -0.6180 -0.6730
 -0.7286
 -0.8392 -0.7225 -0.6251 -0.5458 -0.4826 -0.4330 -0.3951 -0.3670 -0.3469 -0.3333
 -0.3256 -0.3250 -0.3299 -0.3331 -0.3297 -0.2934 -0.2592 -0.2424 -0.2424 -0.2579
 -0.2858 -0.3219 -0.3614 -0.4020 -0.4432 -0.4853 -0.5287 -0.5737 -0.6210 -0.6719
 -0.7280
 -0.8029 -0.6990 -0.6105 -0.5368 -0.4766 -0.4276 -0.3876 -0.3555 -0.3305 -0.3113
 -0.2968 -0.2863 -0.2803 -0.2795 -0.2816 -0.2772 -0.2538 -0.2394 -0.2403 -0.2558
 -0.2840 -0.3217 -0.3640 -0.4075 -0.4508 -0.4942 -0.5381 -0.5826 -0.6284 -0.6769
 -0.7280
 -0.7486 -0.6593 -0.5810 -0.5159 -0.4612 -0.4157 -0.3775 -0.3453 -0.3185 -0.2965
 -0.2788 -0.2648 -0.2537 -0.2458 -0.2414 -0.2421 -0.2405 -0.2328 -0.2347 -0.2500
 -0.2778 -0.3161 -0.3608 -0.4077 -0.4542 -0.5000 -0.5454 -0.5905 -0.6360 -0.6826
 -0.7310
 -0.6834 -0.6057 -0.5373 -0.4803 -0.4324 -0.3922 -0.3581 -0.3287 -0.3033 -0.2814
 -0.2628 -0.2475 -0.2351 -0.2251 -0.2172 -0.2094 -0.2139 -0.2195 -0.2258 -0.2413
 -0.2684 -0.3064 -0.3526 -0.4025 -0.4528 -0.5019 -0.5500 -0.5970 -0.6435 -0.6900
 -0.7371
 -0.6146 -0.5465 -0.4862 -0.4347 -0.3918 -0.3566 -0.3272 -0.3021 -0.2801 -0.2608
 -0.2437 -0.2291 -0.2170 -0.2070 -0.2090 -0.1791 -0.1740 -0.1995 -0.2136
 [Fe/H] = -0.75 [alpha/Fe] = 0.00 BC value = F814W
 -1.5024 -1.4018 -1.3145 -1.2323 -1.1483 -1.0531 -0.9380 -0.8081 -0.7020 -0.6196
 -0.5509 -0.4904 -0.4361 -0.3877 -0.3449 -0.2590 -0.1980 -0.1621 -0.1530
 -1.3277 -1.2211 -1.1352 -1.0622 -0.9947 -0.9239 -0.8374 -0.7442 -0.6642 -0.5986
 -0.5405 -0.4865 -0.4364 -0.3912 -0.3511 -0.2713 -0.2158 -0.1849 -0.1774 -0.1913
 -1.2028 -1.0878 -0.9981 -0.9272 -0.8686 -0.8147 -0.7541 -0.6875 -0.6274 -0.5757
 -0.5282 -0.4817 -0.4362 -0.3938 -0.3557 -0.2808 -0.2300 -0.2016 -0.1957 -0.2087
 -0.2345
 -1.0820 -0.9782 -0.8910 -0.8206 -0.7651 -0.7200 -0.6775 -0.6312 -0.5872 -0.5479
 -0.5108 -0.4731 -0.4337 -0.3948 -0.3588 -0.2878 -0.2407 -0.2150 -0.2100 -0.2224
 -0.2475 -0.2796
 -0.9984 -0.8741 -0.7632 -0.7067 -0.6690 -0.6369 -0.6066 -0.5754 -0.5442 -0.5150
 -0.4871 -0.4583 -0.4267 -0.3929 -0.3596 -0.2923 -0.2484 -0.2249 -0.2209 -0.2332
 -0.2578 -0.2898 -0.3256 -0.3646
 -0.9543 -0.8059 -0.6968 -0.6160 -0.5601 -0.5264 -0.5118 -0.5055 -0.4958 -0.4797
 -0.4596 -0.4376 -0.4135 -0.3865 -0.3575 -0.2944 -0.2533 -0.2317 -0.2286 -0.2411
 -0.2656 -0.2979 -0.3341 -0.3729 -0.4141 -0.4578 -0.5049 -0.5564 -0.6114 -0.6655
 -0.9380 -0.7952 -0.6795 -0.5885 -0.5200 -0.4707 -0.4375 -0.4174 -0.4097 -0.4118
 -0.4143 -0.4087 -0.3940 -0.3740 -0.3509 -0.2938 -0.2553 -0.2357 -0.2333 -0.2460
 -0.2707 -0.3037 -0.3411 -0.3805 -0.4217 -0.4647 -0.5101 -0.5581 -0.6098 -0.6655
 -0.7211
 -0.9337 -0.7931 -0.6766 -0.5827 -0.5088 -0.4522 -0.4104 -0.3804 -0.3599 -0.3472
 -0.3424 -0.3448 -0.3486 -0.3462 -0.3354 -0.2901 -0.2545 -0.2367 -0.2350 -0.2479
 -0.2728 -0.3066 -0.3457 -0.3868 -0.4289 -0.4721 -0.5168 -0.5632 -0.6117 -0.6639
 -0.7205
 -0.9169 -0.7837 -0.6715 -0.5791 -0.5046 -0.4456 -0.3994 -0.3638 -0.3372 -0.3175
 -0.3032 -0.2939 -0.2901 -0.2913 -0.2933 -0.2796 -0.2502 -0.2344 -0.2337 -0.2468
 -0.2719 -0.3067 -0.3476 -0.3912 -0.4355 -0.4799 -0.5251 -0.5710 -0.6182 -0.6675
 -0.7201
 -0.8828 -0.7628 -0.6577 -0.5703 -0.4983 -0.4401 -0.3931 -0.3551 -0.3247 -0.3009
 -0.2823 -0.2680 -0.2573 -0.2502 -0.2472 -0.2489 -0.2412 -0.2290 -0.2293 -0.2423
 -0.2672 -0.3022 -0.3447 -0.3910 -0.4380 -0.4847 -0.5313 -0.5777 -0.6246 -0.6725
 -0.7222
 -0.8327 -0.7254 -0.6311 -0.5498 -0.4829 -0.4276 -0.3823 -0.3449 -0.3139 -0.2882
 -0.2672 -0.2504 -0.2371 -0.2267 -0.2188 -0.2128 -0.2172 -0.2190 -0.2218 -0.2351
 -0.2594 -0.2943 -0.3375 -0.3860 -0.4362 -0.4860 -0.5350 -0.5832 -0.6310 -0.6789
 -0.7273
 -0.7737 -0.6790 -0.5936 -0.5186 -0.4563 -0.4051 -0.3628 -0.3277 -0.2983 -0.2733
 -0.2522 -0.2346 -0.2203 -0.2089 -0.2081 -0.1713 -0.1782 -0.2044 -0.2112
 [Fe/H] = -0.50 [alpha/Fe] = 0.00 BC value = F814W
 -1.7636 -1.6627 -1.5693 -1.4736 -1.3656 -1.2334 -1.0664 -0.8752 -0.7249 -0.6207
 -0.5451 -0.4833 -0.4302 -0.3837 -0.3427 -0.2600 -0.2007 -0.1628 -0.1487
 -1.5593 -1.4507 -1.3587 -1.2740 -1.1876 -1.0874 -0.9583 -0.8146 -0.6944 -0.6054
 -0.5373 -0.4806 -0.4306 -0.3864 -0.3475 -0.2703 -0.2158 -0.1824 -0.1716 -0.1817
 -1.4086 -1.2885 -1.1917 -1.1108 -1.0374 -0.9615 -0.8681 -0.7609 -0.6652 -0.5894
 -0.5291 -0.4773 -0.4306 -0.3884 -0.3510 -0.2778 -0.2274 -0.1976 -0.1888 -0.1986
 -0.2225
 -1.2910 -1.1651 -1.0624 -0.9795 -0.9108 -0.8492 -0.7833 -0.7055 -0.6312 -0.5686
 -0.5168 -0.4713 -0.4287 -0.3892 -0.3533 -0.2832 -0.2363 -0.2092 -0.2020 -0.2117
 -0.2348 -0.2663
 -1.1353 -1.0237 -0.9397 -0.8682 -0.8051 -0.7505 -0.7008 -0.6463 -0.5908 -0.5413
 -0.4987 -0.4604 -0.4235 -0.3876 -0.3539 -0.2867 -0.2428 -0.2180 -0.2120 -0.2219
 -0.2444 -0.2755 -0.3115 -0.3510
 -1.0534 -0.9116 -0.8040 -0.7268 -0.6751 -0.6415 -0.6137 -0.5819 -0.5449 -0.5080
 -0.4743 -0.4434 -0.4132 -0.3825 -0.3520 -0.2883 -0.2469 -0.2242 -0.2192 -0.2295
 -0.2517 -0.2826 -0.3188 -0.3580 -0.4001 -0.4451 -0.4936 -0.5463 -0.6023 -0.6569
 -1.0283 -0.8750 -0.7516 -0.6555 -0.5840 -0.5327 -0.4987 -0.4790 -0.4680 -0.4576
 -0.4417 -0.4206 -0.3970 -0.3723 -0.3465 -0.2877 -0.2486 -0.2279 -0.2238 -0.2343
 -0.2566 -0.2877 -0.3244 -0.3644 -0.4064 -0.4506 -0.4971 -0.5467 -0.6000 -0.6566
 -0.7123
 -1.0233 -0.8661 -0.7363 -0.6318 -0.5502 -0.4883 -0.4427 -0.4099 -0.3875 -0.3749
 -0.3710 -0.3707 -0.3662 -0.3538 -0.3354 -0.2846 -0.2478 -0.2291 -0.2257 -0.2364
 -0.2589 -0.2903 -0.3281 -0.3693 -0.4123 -0.4566 -0.5027 -0.5505 -0.6007 -0.6542
 -0.7116
 -1.0198 -0.8630 -0.7322 -0.6248 -0.5387 -0.4711 -0.4192 -0.3800 -0.3510 -0.3299
 -0.3153 -0.3071 -0.3050 -0.3058 -0.3041 -0.2770 -0.2441 -0.2272 -0.2250 -0.2360
 -0.2587 -0.2907 -0.3297 -0.3728 -0.4176 -0.4631 -0.5095 -0.5569 -0.6056 -0.6565
 -0.7106
 -1.0067 -0.8584 -0.7294 -0.6225 -0.5352 -0.4653 -0.4101 -0.3668 -0.3333 -0.3077
 -0.2881 -0.2734 -0.2629 -0.2568 -0.2550 -0.2540 -0.2373 -0.2226 -0.2215 -0.2326
 -0.2551 -0.2874 -0.3273 -0.3722 -0.4193 -0.4668 -0.5144 -0.5623 -0.6107 -0.6602
 -0.7114
 -0.9772 -0.8396 -0.7193 -0.6149 -0.5293 -0.4596 -0.4036 -0.3587 -0.3227 -0.2940
 -0.2712 -0.2535 -0.2395 -0.2288 -0.2212 -0.2165 -0.2186 -0.2145 -0.2151 -0.2266
 -0.2488 -0.2810 -0.3213 -0.3677 -0.4171 -0.4672 -0.5171 -0.5665 -0.6157 -0.6651
 -0.7152
 -0.9333 -0.8090 -0.6970 -0.5994 -0.5161 -0.4483 -0.3931 -0.3483 -0.3120 -0.2823
 -0.2578 -0.2381 -0.2224 -0.2100 -0.2027 -0.1645 -0.1880 -0.2029 -0.2058
 [Fe/H] = -0.25 [alpha/Fe] = 0.00 BC value = F814W
 -2.0261 -1.9378 -1.8507 -1.7518 -1.6251 -1.4546 -1.2271 -0.9610 -0.7577 -0.6276
 -0.5425 -0.4793 -0.4271 -0.3823 -0.3426 -0.2630 -0.2051 -0.1661 -0.1477
 -1.8004 -1.7008 -1.6125 -1.5238 -1.4224 -1.2925 -1.1145 -0.9078 -0.7355 -0.6171
 -0.5371 -0.4771 -0.4273 -0.3843 -0.3466 -0.2717 -0.2181 -0.1832 -0.1688 -0.1743
 -1.6244 -1.5097 -1.4147 -1.3303 -1.2458 -1.1477 -1.0175 -0.8595 -0.7158 -0.6082
 -0.5322 -0.4749 -0.4272 -0.3857 -0.3492 -0.2775 -0.2276 -0.1964 -0.1846 -0.1909
 -0.2119
 -1.4915 -1.3621 -1.2565 -1.1691 -1.0920 -1.0150 -0.9230 -0.8062 -0.6905 -0.5959
 -0.5252 -0.4709 -0.4257 -0.3859 -0.3506 -0.2815 -0.2349 -0.2065 -0.1967 -0.2036
 -0.2239 -0.2540
 -1.3526 -1.2345 -1.1294 -1.0393 -0.9626 -0.8948 -0.8272 -0.7449 -0.6559 -0.5768
 -0.5136 -0.4637 -0.4217 -0.3843 -0.3506 -0.2840 -0.2401 -0.2141 -0.2058 -0.2133
 -0.2333 -0.2626 -0.2981 -0.3376
 -1.1895 -1.0602 -0.9665 -0.8980 -0.8406 -0.7859 -0.7326 -0.6758 -0.6113 -0.5488
 -0.4954 -0.4515 -0.4139 -0.3800 -0.3486 -0.2849 -0.2433 -0.2196 -0.2124 -0.2205
 -0.2404 -0.2693 -0.3045 -0.3437 -0.3860 -0.4316 -0.4810 -0.5350 -0.5917 -0.6466
 -1.1281 -0.9734 -0.8512 -0.7586 -0.6907 -0.6427 -0.6097 -0.5821 -0.5491 -0.5095
 -0.4694 -0.4333 -0.4012 -0.3717 -0.3436 -0.2838 -0.2444 -0.2229 -0.2168 -0.2252
 -0.2453 -0.2741 -0.3095 -0.3490 -0.3912 -0.4360 -0.4833 -0.5340 -0.5886 -0.6459
 -0.7019
 -1.1106 -0.9451 -0.8091 -0.7002 -0.6158 -0.5517 -0.5039 -0.4690 -0.4443 -0.4277
 -0.4149 -0.4001 -0.3805 -0.3579 -0.3345 -0.2807 -0.2434 -0.2238 -0.2189 -0.2276
 -0.2478 -0.2769 -0.3126 -0.3530 -0.3959 -0.4407 -0.4875 -0.5362 -0.5878 -0.6428
 -0.7008
 -1.1084 -0.9385 -0.7959 -0.6790 -0.5853 -0.5119 -0.4556 -0.4127 -0.3800 -0.3557
 -0.3395 -0.3311 -0.3274 -0.3231 -0.3138 -0.2739 -0.2395 -0.2218 -0.2184 -0.2276
 -0.2481 -0.2778 -0.3143 -0.3558 -0.4001 -0.4458 -0.4930 -0.5415 -0.5915 -0.6437
 -0.6991
 -1.1120 -0.9417 -0.7962 -0.6751 -0.5763 -0.4973 -0.4353 -0.3871 -0.3501 -0.3216
 -0.3000 -0.2841 -0.2737 -0.2685 -0.2667 -0.2581 -0.2334 -0.2174 -0.2153 -0.2249
 -0.2455 -0.2754 -0.3126 -0.3552 -0.4010 -0.4484 -0.4966 -0.5454 -0.5951 -0.6459
 -0.6986
 -1.1048 -0.9408 -0.7976 -0.6749 -0.5739 -0.4919 -0.4266 -0.3750 -0.3345 -0.3028
 -0.2781 -0.2590 -0.2442 -0.2332 -0.2260 -0.2221 -0.2197 -0.2101 -0.2094 -0.2197
 -0.2402 -0.2702 -0.3078 -0.3513 -0.3987 -0.4481 -0.4981 -0.5483 -0.5986 -0.6494
 -0.7009
 -1.0816 -0.9290 -0.7917 -0.6725 -0.5706 -0.4877 -0.4206 -0.3671 -0.3246 -0.2906
 -0.2635 -0.2420 -0.2251 -0.2118 -0.1917 -0.1659 -0.1984 -0.1999 -0.2007
 [Fe/H] =  0.00 [alpha/Fe] = 0.00 BC value = F814W
 -2.2533 -2.1883 -2.1205 -2.0327 -1.9000 -1.6826 -1.3807 -1.0379 -0.7843 -0.6250
 -0.5285 -0.4626 -0.4112 -0.3673 -0.3295 -0.2533 -0.1984 -0.1609 -0.1405
 -2.0220 -1.9425 -1.8692 -1.7876 -1.6785 -1.5187 -1.2821 -1.0021 -0.7725 -0.6205
 -0.5260 -0.4617 -0.4118 -0.3698 -0.3331 -0.2608 -0.2092 -0.1748 -0.1585 -0.1608
 -1.8303 -1.7317 -1.6486 -1.5692 -1.4791 -1.3596 -1.1867 -0.9673 -0.7663 -0.6206
 -0.5257 -0.4614 -0.4123 -0.3713 -0.3356 -0.2656 -0.2168 -0.1855 -0.1719 -0.1759
 -0.1948
 -1.6800 -1.5607 -1.4630 -1.3794 -1.2992 -1.2082 -1.0865 -0.9227 -0.7547 -0.6196
 -0.5254 -0.4606 -0.4120 -0.3719 -0.3371 -0.2690 -0.2227 -0.1937 -0.1822 -0.1871
 -0.2057 -0.2348
 -1.5246 -1.4246 -1.3145 -1.2221 -1.1422 -1.0654 -0.9788 -0.8631 -0.7309 -0.6124
 -0.5224 -0.4581 -0.4101 -0.3710 -0.3373 -0.2712 -0.2271 -0.2002 -0.1900 -0.1957
 -0.2141 -0.2424 -0.2779 -0.3183
 -1.3667 -1.2615 -1.1718 -1.0878 -1.0096 -0.9377 -0.8687 -0.7890 -0.6919 -0.5947
 -0.5137 -0.4523 -0.4058 -0.3682 -0.3358 -0.2720 -0.2299 -0.2051 -0.1960 -0.2020
 -0.2205 -0.2483 -0.2832 -0.3230 -0.3664 -0.4131 -0.4644 -0.5206 -0.5785 -0.6347
 -1.2393 -1.0959 -0.9877 -0.9089 -0.8507 -0.8023 -0.7542 -0.7013 -0.6366 -0.5640
 -0.4966 -0.4414 -0.3979 -0.3625 -0.3320 -0.2712 -0.2310 -0.2083 -0.2002 -0.2064
 -0.2249 -0.2525 -0.2872 -0.3269 -0.3700 -0.4157 -0.4646 -0.5175 -0.5744 -0.6330
 -0.6901
 -1.1966 -1.0321 -0.8983 -0.7934 -0.7135 -0.6527 -0.6067 -0.5715 -0.5392 -0.5027
 -0.4622 -0.4214 -0.3845 -0.3529 -0.3251 -0.2685 -0.2302 -0.2093 -0.2026 -0.2090
 -0.2274 -0.2551 -0.2898 -0.3297 -0.3730 -0.4189 -0.4672 -0.5179 -0.5715 -0.6287
 -0.6882
 -1.1867 -1.0118 -0.8651 -0.7452 -0.6497 -0.5752 -0.5171 -0.4713 -0.4346 -0.4052
 -0.3826 -0.3654 -0.3497 -0.3321 -0.3120 -0.2627 -0.2268 -0.2078 -0.2027 -0.2097
 -0.2283 -0.2563 -0.2913 -0.3317 -0.3759 -0.4224 -0.4708 -0.5210 -0.5731 -0.6275
 -0.6853
 -1.1962 -1.0141 -0.8598 -0.7309 -0.6258 -0.5417 -0.4754 -0.4233 -0.3820 -0.3488
 -0.3225 -0.3031 -0.2903 -0.2825 -0.2764 -0.2524 -0.2217 -0.2041 -0.2004 -0.2081
 -0.2266 -0.2547 -0.2901 -0.3310 -0.3759 -0.4234 -0.4726 -0.5230 -0.5746 -0.6279
 -0.6827
 -1.2057 -1.0242 -0.8649 -0.7310 -0.6197 -0.5293 -0.4571 -0.3999 -0.3550 -0.3195
 -0.2912 -0.2690 -0.2519 -0.2397 -0.2317 -0.2234 -0.2121 -0.1979 -0.1955 -0.2040
 -0.2226 -0.2506 -0.2863 -0.3277 -0.3735 -0.4222 -0.4728 -0.5242 -0.5763 -0.6291
 -0.6829
 -1.2047 -1.0296 -0.8726 -0.7360 -0.6208 -0.5262 -0.4497 -0.3888 -0.3406 -0.3025
 -0.2723 -0.2484 -0.2294 -0.2146 -0.1779 -0.1757 -0.1980 -0.1892 -0.1880
 [Fe/H] =  0.25 [alpha/Fe] = 0.00 BC value = F814W
 -2.4271 -2.3919 -2.3547 -2.2232 -2.0046 -1.7298 -1.4247 -1.1109 -0.8235 -0.6334
 -0.5212 -0.4501 -0.3979 -0.3554 -0.3180 -0.2446 -0.1921 -0.1570 -0.1344
 -2.2028 -2.1520 -2.1058 -2.0458 -1.9444 -1.7558 -1.4650 -1.1066 -0.8235 -0.6349
 -0.5214 -0.4502 -0.3991 -0.3578 -0.3222 -0.2519 -0.2021 -0.1683 -0.1504 -0.1498
 -2.0068 -1.9342 -1.8743 -1.8126 -1.7288 -1.5958 -1.3810 -1.0939 -0.8313 -0.6437
 -0.5258 -0.4516 -0.4001 -0.3594 -0.3246 -0.2563 -0.2084 -0.1770 -0.1617 -0.1629
 -0.1785
 -1.8456 -1.7480 -1.6695 -1.6004 -1.5265 -1.4278 -1.2786 -1.0630 -0.8360 -0.6542
 -0.5322 -0.4539 -0.4007 -0.3601 -0.3260 -0.2594 -0.2134 -0.1839 -0.1703 -0.1727
 -0.1892 -0.2167
 -1.7166 -1.5970 -1.4987 -1.4168 -1.3429 -1.2630 -1.1594 -1.0084 -0.8263 -0.6607
 -0.5382 -0.4563 -0.4008 -0.3597 -0.3262 -0.2613 -0.2172 -0.1895 -0.1772 -0.1804
 -0.1969 -0.2238 -0.2586 -0.2992
 -1.5707 -1.4593 -1.3564 -1.2652 -1.1847 -1.1102 -1.0316 -0.9295 -0.7956 -0.6559
 -0.5402 -0.4574 -0.3998 -0.3581 -0.3249 -0.2619 -0.2197 -0.1939 -0.1827 -0.1862
 -0.2028 -0.2293 -0.2634 -0.3031 -0.3469 -0.3946 -0.4469 -0.5047 -0.5634 -0.6208
 -1.3657 -1.2538 -1.1685 -1.1029 -1.0392 -0.9734 -0.9063 -0.8338 -0.7420 -0.6346
 -0.5339 -0.4546 -0.3969 -0.3548 -0.3219 -0.2610 -0.2206 -0.1968 -0.1868 -0.1905
 -0.2070 -0.2334 -0.2670 -0.3062 -0.3494 -0.3958 -0.4458 -0.4997 -0.5584 -0.6180
 -0.6762
 -1.2799 -1.1268 -1.0067 -0.9169 -0.8506 -0.8003 -0.7578 -0.7140 -0.6602 -0.5904
 -0.5138 -0.4447 -0.3902 -0.3489 -0.3167 -0.2582 -0.2196 -0.1978 -0.1893 -0.1933
 -0.2096 -0.2359 -0.2694 -0.3085 -0.3514 -0.3974 -0.4463 -0.4982 -0.5534 -0.6127
 -0.6733
 -1.2532 -1.0825 -0.9398 -0.8250 -0.7354 -0.6660 -0.6112 -0.5674 -0.5293 -0.4919
 -0.4519 -0.4111 -0.3719 -0.3371 -0.3077 -0.2527 -0.2163 -0.1962 -0.1896 -0.1945
 -0.2108 -0.2372 -0.2709 -0.3101 -0.3532 -0.3994 -0.4482 -0.4993 -0.5529 -0.6093
 -0.6691
 -1.2582 -1.0764 -0.9207 -0.7910 -0.6856 -0.6016 -0.5352 -0.4818 -0.4376 -0.3995
 -0.3670 -0.3403 -0.3193 -0.3020 -0.2859 -0.2448 -0.2114 -0.1927 -0.1877 -0.1936
 -0.2099 -0.2361 -0.2699 -0.3092 -0.3527 -0.3993 -0.4485 -0.4995 -0.5524 -0.6073
 -0.6643
 -1.2764 -1.0881 -0.9235 -0.7842 -0.6684 -0.5742 -0.4987 -0.4384 -0.3900 -0.3502
 -0.3169 -0.2894 -0.2681 -0.2527 -0.2421 -0.2241 -0.2035 -0.1870 -0.1833 -0.1903
 -0.2069 -0.2329 -0.2666 -0.3062 -0.3501 -0.3974 -0.4474 -0.4991 -0.5522 -0.6066
 -0.6624
 -1.2935 -1.1052 -0.9372 -0.7901 -0.6675 -0.5659 -0.4835 -0.4174 -0.3647 -0.3227
 -0.2886 -0.2609 -0.2385 -0.2210 -0.1763 -0.1906 -0.1926 -0.1791 -0.1764
 [Fe/H] =  0.50 [alpha/Fe] = 0.00 BC value = F814W
 -2.5449 -2.6219 -2.5895 -2.4592 -2.2407 -1.9430 -1.5737 -1.1740 -0.8684 -0.6495
 -0.5170 -0.4372 -0.3829 -0.3403 -0.3043 -0.2326 -0.1832 -0.1501 -0.1268
 -2.3320 -2.3153 -2.3002 -2.2716 -2.1682 -1.9578 -1.6220 -1.2011 -0.8799 -0.6566
 -0.5204 -0.4390 -0.3848 -0.3433 -0.3084 -0.2399 -0.1920 -0.1593 -0.1418 -0.1394
 -2.1382 -2.1003 -2.0679 -2.0343 -1.9700 -1.8354 -1.5805 -1.2226 -0.9035 -0.6745
 -0.5303 -0.4430 -0.3867 -0.3453 -0.3111 -0.2444 -0.1975 -0.1664 -0.1499 -0.1486
 -0.1619
 -1.9730 -1.9045 -1.8538 -1.8094 -1.7529 -1.6569 -1.4841 -1.2145 -0.9258 -0.6973
 -0.5439 -0.4491 -0.3889 -0.3464 -0.3126 -0.2476 -0.2021 -0.1723 -0.1572 -0.1571
 -0.1712 -0.1972
 -1.8393 -1.7431 -1.6678 -1.6068 -1.5489 -1.4740 -1.3581 -1.1714 -0.9343 -0.7178
 -0.5596 -0.4571 -0.3915 -0.3469 -0.3130 -0.2496 -0.2057 -0.1774 -0.1633 -0.1638
 -0.1781 -0.2036 -0.2377 -0.2783
 -1.7188 -1.6078 -1.5134 -1.4343 -1.3656 -1.2976 -1.2145 -1.0905 -0.9163 -0.7285
 -0.5738 -0.4656 -0.3946 -0.3470 -0.3122 -0.2502 -0.2081 -0.1815 -0.1684 -0.1692
 -0.1835 -0.2088 -0.2421 -0.2816 -0.3257 -0.3741 -0.4276 -0.4861 -0.5461 -0.6049
 -1.5295 -1.4141 -1.3591 -1.2833 -1.2100 -1.1399 -1.0690 -0.9841 -0.8660 -0.7199
 -0.5804 -0.4724 -0.3973 -0.3464 -0.3103 -0.2492 -0.2089 -0.1842 -0.1724 -0.1734
 -0.1876 -0.2126 -0.2454 -0.2842 -0.3273 -0.3741 -0.4248 -0.4800 -0.5404 -0.6008
 -0.6602
 -1.3612 -1.2331 -1.1404 -1.0764 -1.0277 -0.9811 -0.9271 -0.8642 -0.7865 -0.6849
 -0.5723 -0.4729 -0.3977 -0.3447 -0.3070 -0.2464 -0.2080 -0.1852 -0.1750 -0.1765
 -0.1904 -0.2151 -0.2477 -0.2860 -0.3285 -0.3745 -0.4238 -0.4765 -0.5332 -0.5944
 -0.6559
 -1.3077 -1.1497 -1.0204 -0.9203 -0.8456 -0.7893 -0.7449 -0.7059 -0.6634 -0.6072
 -0.5346 -0.4578 -0.3908 -0.3393 -0.3012 -0.2411 -0.2046 -0.1836 -0.1755 -0.1781
 -0.1919 -0.2165 -0.2490 -0.2873 -0.3296 -0.3753 -0.4241 -0.4758 -0.5305 -0.5887
 -0.6506
 -1.3011 -1.1274 -0.9785 -0.8551 -0.7564 -0.6793 -0.6184 -0.5682 -0.5250 -0.4853
 -0.4441 -0.4009 -0.3594 -0.3222 -0.2905 -0.2343 -0.1997 -0.1802 -0.1739 -0.1778
 -0.1917 -0.2157 -0.2481 -0.2863 -0.3286 -0.3743 -0.4230 -0.4742 -0.5280 -0.5843
 -0.6433
 -1.3188 -1.1335 -0.9722 -0.8346 -0.7203 -0.6276 -0.5535 -0.4939 -0.4444 -0.4015
 -0.3630 -0.3287 -0.2994 -0.2756 -0.2564 -0.2207 -0.1925 -0.1748 -0.1698 -0.1751
 -0.1895 -0.2132 -0.2452 -0.2834 -0.3259 -0.3719 -0.4209 -0.4723 -0.5259 -0.5815
 -0.6389
 -1.3447 -1.1550 -0.9842 -0.8369 -0.7118 -0.6081 -0.5238 -0.4557 -0.4008 -0.3556
 -0.3173 -0.2844 -0.2566 -0.2342 -0.1989 -0.2003 -0.1830 -0.1674 -0.1632
 [Fe/H] =  0.75 [alpha/Fe] = 0.00 BC value = F814W
 -2.6198 -2.5403 -2.4132 -2.2436 -2.0358 -1.7938 -1.5211 -1.2207 -0.9135 -0.6729
 -0.5180 -0.4257 -0.3664 -0.3230 -0.2871 -0.2167 -0.1706 -0.1396 -0.1177
 -2.4159 -2.4279 -2.4499 -2.4540 -2.3396 -2.0908 -1.7169 -1.2750 -0.9385 -0.6872
 -0.5261 -0.4301 -0.3697 -0.3265 -0.2918 -0.2246 -0.1781 -0.1474 -0.1291 -0.1241
 -2.2245 -2.2318 -2.2202 -2.2188 -2.1827 -2.0589 -1.7659 -1.3350 -0.9777 -0.7145
 -0.5418 -0.4376 -0.3734 -0.3294 -0.2950 -0.2295 -0.1836 -0.1532 -0.1364 -0.1331
 -0.1445
 -2.0553 -2.0197 -2.0017 -1.9886 -1.9587 -1.8768 -1.6914 -1.3673 -1.0196 -0.7493
 -0.5637 -0.4487 -0.3780 -0.3316 -0.2971 -0.2332 -0.1881 -0.1584 -0.1424 -0.1401
 -0.1520 -0.1762
 -1.9178 -1.8516 -1.8064 -1.7742 -1.7416 -1.6818 -1.5626 -1.3428 -1.0490 -0.7838
 -0.5897 -0.4632 -0.3843 -0.3337 -0.2980 -0.2355 -0.1920 -0.1632 -0.1477 -0.1458
 -0.1578 -0.1818 -0.2151 -0.2556
 -1.8049 -1.7133 -1.6414 -1.5859 -1.5390 -1.4867 -1.4066 -1.2649 -1.0491 -0.8112
 -0.6157 -0.4800 -0.3924 -0.3361 -0.2982 -0.2363 -0.1947 -0.1673 -0.1526 -0.1508
 -0.1626 -0.1862 -0.2188 -0.2582 -0.3028 -0.3519 -0.4068 -0.4669 -0.5267 -0.5869
 -1.6622 -1.5764 -1.4979 -1.4268 -1.3644 -1.3062 -1.2417 -1.1494 -1.0055 -0.8177
 -0.6362 -0.4965 -0.4012 -0.3392 -0.2978 -0.2354 -0.1957 -0.1701 -0.1568 -0.1552
 -0.1665 -0.1897 -0.2218 -0.2603 -0.3036 -0.3509 -0.4023 -0.4588 -0.5203 -0.5813
 -0.6422
 -1.4441 -1.3610 -1.2977 -1.2496 -1.2026 -1.1464 -1.0851 -1.0160 -0.9223 -0.7918
 -0.6412 -0.5082 -0.4100 -0.3424 -0.2970 -0.2327 -0.1948 -0.1712 -0.1596 -0.1586
 -0.1696 -0.1922 -0.2237 -0.2616 -0.3040 -0.3502 -0.3999 -0.4533 -0.5113 -0.5740
 -0.6363
 -1.3497 -1.2135 -1.1091 -1.0335 -0.9825 -0.9461 -0.9118 -0.8683 -0.8085 -0.7254
 -0.6179 -0.5059 -0.4120 -0.3430 -0.2949 -0.2277 -0.1914 -0.1698 -0.1603 -0.1607
 -0.1716 -0.1937 -0.2250 -0.2625 -0.3045 -0.3500 -0.3988 -0.4508 -0.5064 -0.5660
 -0.6297
 -1.3251 -1.1667 -1.0318 -0.9226 -0.8388 -0.7760 -0.7273 -0.6872 -0.6501 -0.6075
 -0.5495 -0.4764 -0.4018 -0.3390 -0.2914 -0.2218 -0.1864 -0.1665 -0.1588 -0.1609
 -0.1721 -0.1936 -0.2242 -0.2614 -0.3031 -0.3482 -0.3965 -0.4477 -0.5019 -0.5594
 -0.6199
 -1.3339 -1.1619 -1.0104 -0.8811 -0.7745 -0.6895 -0.6226 -0.5683 -0.5219 -0.4797
 -0.4388 -0.3957 -0.3510 -0.3091 -0.2732 -0.2129 -0.1794 -0.1611 -0.1550 -0.1587
 -0.1709 -0.1919 -0.2218 -0.2587 -0.3003 -0.3454 -0.3935 -0.4444 -0.4980 -0.5542
 -0.6131
 -1.3620 -1.1800 -1.0164 -0.8742 -0.7529 -0.6523 -0.5706 -0.5048 -0.4508 -0.4047
 -0.3634 -0.3253 -0.2908 -0.2603 -0.2403 -0.2010 -0.1704 -0.1536 -0.1489
 [Fe/H] =  1.00 [alpha/Fe] = 0.00 BC value = F814W
 -2.6680 -2.6017 -2.4832 -2.3180 -2.1110 -1.8666 -1.5883 -1.2797 -0.9615 -0.7045
 -0.5255 -0.4170 -0.3500 -0.3035 -0.2673 -0.1987 -0.1539 -0.1253 -0.1072
 -2.4676 -2.9321 -3.1270 -3.0800 -2.8153 -2.3543 -1.7831 -1.3454 -1.0010 -0.7273
 -0.5393 -0.4251 -0.3553 -0.3083 -0.2725 -0.2063 -0.1607 -0.1314 -0.1148 -0.1090
 -2.2724 -2.5809 -2.3343 -2.3634 -2.3562 -2.2519 -1.8967 -1.4227 -1.0540 -0.7638
 -0.5627 -0.4377 -0.3618 -0.3126 -0.2766 -0.2114 -0.1663 -0.1370 -0.1205 -0.1162
 -0.1252
 -2.0965 -2.0956 -2.1114 -2.1305 -2.1304 -2.0712 -1.8834 -1.5037 -1.1142 -0.8101
 -0.5940 -0.4552 -0.3701 -0.3167 -0.2796 -0.2156 -0.1711 -0.1417 -0.1255 -0.1218
 -0.1312 -0.1538
 -1.9523 -1.9194 -1.9077 -1.9081 -1.9058 -1.8691 -1.7572 -1.5124 -1.1659 -0.8583
 -0.6299 -0.4771 -0.3813 -0.3213 -0.2818 -0.2186 -0.1755 -0.1464 -0.1303 -0.1266
 -0.1361 -0.1583 -0.1908 -0.2314
 -1.8387 -1.7750 -1.7329 -1.7077 -1.6897 -1.6613 -1.5934 -1.4419 -1.1869 -0.9015
 -0.6680 -0.5030 -0.3954 -0.3274 -0.2837 -0.2198 -0.1787 -0.1508 -0.1351 -0.1312
 -0.1403 -0.1620 -0.1938 -0.2330 -0.2778 -0.3284 -0.3849 -0.4449 -0.5053 -0.5669
 -1.7308 -1.6518 -1.5878 -1.5375 -1.4985 -1.4622 -1.4124 -1.3204 -1.1541 -0.9243
 -0.7016 -0.5300 -0.4116 -0.3353 -0.2859 -0.2192 -0.1802 -0.1541 -0.1394 -0.1356
 -0.1441 -0.1650 -0.1960 -0.2343 -0.2775 -0.3255 -0.3785 -0.4365 -0.4981 -0.5597
 -0.6221
 -1.5310 -1.4823 -1.4329 -1.3831 -1.3341 -1.2861 -1.2358 -1.1720 -1.0685 -0.9100
 -0.7207 -0.5527 -0.4286 -0.3443 -0.2887 -0.2170 -0.1795 -0.1556 -0.1425 -0.1395
 -0.1474 -0.1674 -0.1975 -0.2350 -0.2776 -0.3243 -0.3744 -0.4288 -0.4882 -0.5515
 -0.6144
 -1.3785 -1.2738 -1.2040 -1.1613 -1.1356 -1.1092 -1.0704 -1.0174 -0.9475 -0.8456
 -0.7081 -0.5620 -0.4400 -0.3514 -0.2909 -0.2128 -0.1762 -0.1543 -0.1435 -0.1419
 -0.1500 -0.1692 -0.1986 -0.2355 -0.2774 -0.3232 -0.3724 -0.4247 -0.4809 -0.5418
 -0.6067
 -1.3305 -1.1931 -1.0793 -0.9925 -0.9316 -0.8904 -0.8613 -0.8352 -0.8000 -0.7436
 -0.6583 -0.5501 -0.4434 -0.3568 -0.2935 -0.2083 -0.1712 -0.1512 -0.1424 -0.1426
 -0.1513 -0.1698 -0.1981 -0.2342 -0.2755 -0.3206 -0.3689 -0.4201 -0.4745 -0.5328
 -0.5947
 -1.3265 -1.1724 -1.0366 -0.9217 -0.8294 -0.7585 -0.7048 -0.6620 -0.6251 -0.5889
 -0.5463 -0.4887 -0.4173 -0.3468 -0.2884 -0.2025 -0.1646 -0.1459 -0.1388 -0.1409
 -0.1509 -0.1692 -0.1965 -0.2317 -0.2726 -0.3172 -0.3650 -0.4156 -0.4690 -0.5255
 -0.5852
 -1.3488 -1.1819 -1.0323 -0.9009 -0.7890 -0.6968 -0.6230 -0.5641 -0.5154 -0.4721
 -0.4312 -0.3906 -0.3477 -0.3034 -0.2756 -0.1954 -0.1564 -0.1384 -0.1327
