 [Fe/H] = -2.50 [alpha/Fe] = 0.00 BC value = F218W
-11.3573-11.3342-11.3299-11.3381-11.3392-11.3211-11.2210-11.1817-11.1324-11.0633
-10.9726-10.8691-10.7590-10.6253-10.4842-10.0725 -9.6185 -9.2027 -8.7563
-11.3242-11.2326-11.1707-11.1355-11.1219-11.1040-11.0719-11.0282-10.9745-10.9089
-10.8210-10.7041-10.5643-10.4149-10.2612 -9.8563 -9.4381 -9.0249 -8.6224 -8.2111
-11.2725-11.1908-11.1112-11.0382-10.9778-10.9367-10.9125-10.8814-10.8283-10.7523
-10.6619-10.5508-10.4119-10.2599-10.1062 -9.7209 -9.3238 -8.9026 -8.4462 -7.9662
 -7.5143
-11.2209-11.1477-11.0686-10.9858-10.9035-10.8264-10.7585-10.7026-10.6531-10.5895
-10.5014-10.3958-10.2672-10.1194 -9.9686 -9.6001 -9.2226 -8.7793 -8.2488 -7.6985
 -7.2116 -6.8160
-11.1500-11.0911-11.0213-10.9411-10.8532-10.7615-10.6705-10.5832-10.5012-10.4240
-10.3429-10.2467-10.1326 -9.9987 -9.8555 -9.5007 -9.1322 -8.6620 -8.0607 -7.4499
 -6.9374 -6.5409 -6.2408 -6.0113
-11.0599-11.0176-10.9620-10.8920-10.8085-10.7147-10.6145-10.5121-10.4108-10.3116
-10.2143-10.1163-10.0116 -9.8924 -9.7621 -9.4200 -9.0516 -8.5634 -7.9199 -7.2645
 -6.7258 -6.3213 -6.0230 -5.8015 -5.6357 -5.5094 -5.4096 -5.3256 -5.2487 -5.1728
-10.9584-10.9289-10.8887-10.8330-10.7608-10.6734-10.5739-10.4666-10.3556-10.2442
-10.1337-10.0241 -9.9141 -9.7992 -9.6779 -9.3501 -8.9803 -8.4927 -7.8447 -7.1677
 -6.5991 -6.1727 -5.8629 -5.6360 -5.4664 -5.3331 -5.2278 -5.1459 -5.0834 -5.0323
 -4.9723
-10.8477-10.8314-10.8042-10.7627-10.7052-10.6303-10.5389-10.4346-10.3220-10.2043
-10.0854 -9.9669 -9.8484 -9.7282 -9.6058 -9.2861 -8.9179 -8.4468 -7.8287 -7.1563
 -6.5633 -6.1035 -5.7672 -5.5220 -5.3401 -5.2019 -5.0916 -5.0033 -4.9336 -4.8797
 -4.8394
-10.7352-10.7307-10.7130-10.6835-10.6399-10.5793-10.5012-10.4064-10.2983-10.1807
-10.0577 -9.9324 -9.8066 -9.6796 -9.5513 -9.2270 -8.8671 -8.4148 -7.8400 -7.1983
 -6.5978 -6.1059 -5.7331 -5.4584 -5.2548 -5.1005 -4.9816 -4.8849 -4.8062 -4.7439
 -4.6965
-10.6210-10.6268-10.6203-10.6003-10.5681-10.5217-10.4587-10.3782-10.2812-10.1701
-10.0485 -9.9207 -9.7897 -9.6571 -9.5231 -9.1875 -8.8352 -8.4115 -7.8789 -7.2771
 -6.6898 -6.1788 -5.7699 -5.4577 -5.2232 -5.0450 -4.9077 -4.7997 -4.7091 -4.6373
 -4.5781
-10.5050-10.5197-10.5261-10.5154-10.4916-10.4563-10.4073-10.3422-10.2601-10.1613
-10.0475 -9.9224 -9.7898 -9.6531 -9.5139 -9.1651 -8.8110 -8.4163 -7.9300 -7.3659
 -6.7984 -6.2859 -5.8542 -5.5082 -5.2394 -5.0321 -4.8716 -4.7452 -4.6439 -4.5613
 -4.4927
-10.3873-10.4094-10.4304-10.4290-10.4121-10.3852-10.3471-10.2956-10.2287-10.1453
-10.0450 -9.9289 -9.8001 -9.6627 -9.5237 -9.1598 -8.7945 -8.4292 -7.9933
 [Fe/H] = -2.00 [alpha/Fe] = 0.00 BC value = F218W
-11.3505-11.2982-11.2663-11.2493-11.2362-11.2183-11.1706-11.1362-11.0851-11.0123
-10.9148-10.7968-10.6663-10.5270-10.3859-10.0129 -9.6153 -9.2281 -8.8302
-11.2765-11.2044-11.1633-11.1259-11.0877-11.0523-11.0181-10.9798-10.9301-10.8622
-10.7695-10.6487-10.5064-10.3573-10.2082 -9.8388 -9.4636 -9.0821 -8.7017 -8.3135
-11.2528-11.1495-11.0628-10.9977-10.9610-10.9357-10.8978-10.8451-10.7827-10.7109
-10.6219-10.5074-10.3654-10.2117-10.0596 -9.6969 -9.3439 -8.9709 -8.5531 -8.0967
 -7.6471
-11.2417-11.1362-11.0361-10.9440-10.8636-10.7980-10.7519-10.7157-10.6614-10.5812
-10.4862-10.3770-10.2440-10.0918 -9.9401 -9.5820 -9.2410 -8.8602 -8.3840 -7.8533
 -7.3589 -6.9471
-11.2200-11.1232-11.0247-10.9259-10.8295-10.7386-10.6555-10.5810-10.5182-10.4560
-10.3712-10.2658-10.1426 -9.9997 -9.8487 -9.4934 -9.1515 -8.7487 -8.2135 -7.6193
 -7.0924 -6.6755 -6.3571 -6.1135
-11.1798-11.0984-11.0098-10.9150-10.8157-10.7145-10.6143-10.5174-10.4244-10.3362
-10.2527-10.1621-10.0544 -9.9256 -9.7833 -9.4264 -9.0739 -8.6477 -8.0760 -7.4393
 -6.8843 -6.4570 -6.1391 -5.9013 -5.7201 -5.5783 -5.4638 -5.3695 -5.2934 -5.2108
-11.1192-11.0563-10.9834-10.8996-10.8058-10.7041-10.5976-10.4894-10.3816-10.2749
-10.1699-10.0677 -9.9660 -9.8532 -9.7257 -9.3776 -9.0122 -8.5728 -7.9954 -7.3415
 -6.7585 -6.3091 -5.9785 -5.7345 -5.5511 -5.4097 -5.2975 -5.2050 -5.1287 -5.0696
 -5.0024
-11.0413-10.9966-10.9415-10.8734-10.7914-10.6968-10.5921-10.4804-10.3651-10.2485
-10.1312-10.0147 -9.9003 -9.7849 -9.6652 -9.3387 -8.9709 -8.5326 -7.9735 -7.3275
 -6.7231 -6.2408 -5.8829 -5.6200 -5.4235 -5.2736 -5.1564 -5.0617 -4.9819 -4.9176
 -4.8706
-10.9518-10.9223-10.8833-10.8318-10.7655-10.6835-10.5871-10.4791-10.3628-10.2415
-10.1174 -9.9922 -9.8667 -9.7410 -9.6149 -9.2955 -8.9417 -8.5154 -7.9869 -7.3685
 -6.7589 -6.2449 -5.8498 -5.5563 -5.3374 -5.1711 -5.0422 -4.9395 -4.8556 -4.7852
 -4.7280
-10.8579-10.8405-10.8145-10.7779-10.7277-10.6617-10.5791-10.4812-10.3706-10.2508
-10.1247 -9.9948 -9.8627 -9.7293 -9.5953 -9.2648 -8.9240 -8.5230 -8.0294 -7.4514
 -6.8554 -6.3222 -5.8897 -5.5573 -5.3063 -5.1152 -4.9675 -4.8507 -4.7563 -4.6785
 -4.6093
-10.7616-10.7539-10.7376-10.7128-10.6765-10.6265-10.5602-10.4772-10.3783-10.2659
-10.1430-10.0126 -9.8775 -9.7394 -9.5995 -9.2523 -8.9104 -8.5364 -8.0810 -7.5426
 -6.9712 -6.4360 -5.9791 -5.6110 -5.3242 -5.1029 -4.9311 -4.7955 -4.6865 -4.5974
 -4.5233
-10.6660-10.6651-10.6564-10.6401-10.6145-10.5776-10.5271-10.4606-10.3775-10.2784
-10.1648-10.0394 -9.8992 -9.7557 -9.6275 -9.2580 -8.9009 -8.5556 -8.1417
 [Fe/H] = -1.50 [alpha/Fe] = 0.00 BC value = F218W
-11.4843-11.4128-11.3595-11.3189-11.2848-11.2490-11.2038-11.1441-11.0695-10.9784
-10.8677-10.7385-10.5974-10.4561-10.3170 -9.9739 -9.6225 -9.2663 -8.9083
-11.3794-11.2903-11.2203-11.1665-11.1235-11.0841-11.0409-10.9869-10.9196-10.8361
-10.7313-10.6024-10.4558-10.3059-10.1596 -9.8120 -9.4764 -9.1389 -8.7945 -8.4362
-11.2817-11.1785-11.1098-11.0523-10.9964-10.9447-10.8947-10.8398-10.7753-10.6976
-10.6013-10.4802-10.3350-10.1808-10.0299 -9.6808 -9.3576 -9.0349 -8.6791 -8.2689
 -7.8342
-11.2655-11.1328-11.0212-10.9331-10.8713-10.8307-10.7846-10.7242-10.6541-10.5750
-10.4834-10.3737-10.2385-10.0857 -9.9326 -9.5821 -9.2640 -8.9392 -8.5497 -8.0717
 -7.5784 -7.1426
-11.2731-11.1366-11.0115-10.8996-10.8018-10.7215-10.6603-10.6107-10.5597-10.4849
-10.3911-10.2848-10.1622-10.0176 -9.8649 -9.5108 -9.1890 -8.8457 -8.4095 -7.8688
 -7.3311 -6.8805 -6.5293 -6.2591
-11.2786-11.1489-11.0241-10.9055-10.7944-10.6924-10.6001-10.5172-10.4442-10.3815
-10.3106-10.2160-10.1009 -9.9682 -9.8208 -9.4607 -9.1279 -8.7587 -8.2816 -7.6997
 -7.1312 -6.6662 -6.3131 -6.0474 -5.8440 -5.6815 -5.5503 -5.4447 -5.3546 -5.2582
-11.2685-11.1543-11.0384-10.9227-10.8085-10.6968-10.5896-10.4878-10.3914-10.2994
-10.2134-10.1315-10.0385 -9.9234 -9.7887 -9.4281 -9.0804 -8.6908 -8.1927 -7.5951
 -7.0057 -6.5200 -6.1531 -5.8803 -5.6743 -5.5144 -5.3863 -5.2800 -5.1915 -5.1202
 -5.0422
-11.2344-11.1418-11.0427-10.9378-10.8284-10.7160-10.6027-10.4898-10.3792-10.2710
-10.1648-10.0616 -9.9633 -9.8623 -9.7473 -9.4100 -9.0502 -8.6516 -8.1544 -7.5636
 -6.9635 -6.4516 -6.0581 -5.7655 -5.5460 -5.3773 -5.2446 -5.1364 -5.0449 -4.9701
 -4.9129
-11.1741-11.1049-11.0270-10.9394-10.8422-10.7365-10.6243-10.5078-10.3893-10.2706
-10.1521-10.0346 -9.9190 -9.8059 -9.6923 -9.3849 -9.0347 -8.6361 -8.1546 -7.5857
 -6.9899 -6.4539 -6.0260 -5.7025 -5.4595 -5.2738 -5.1292 -5.0135 -4.9184 -4.8385
 -4.7719
-11.0963-11.0486-10.9914-10.9237-10.8441-10.7520-10.6485-10.5356-10.4163-10.2929
-10.1672-10.0406 -9.9137 -9.7875 -9.6623 -9.3547 -9.0281 -8.6470 -8.1906 -7.6548
 -7.0783 -6.5305 -6.0683 -5.7057 -5.4295 -5.2182 -5.0543 -4.9243 -4.8190 -4.7318
 -4.6541
-11.0083-10.9767-10.9373-10.8880-10.8270-10.7526-10.6638-10.5615-10.4480-10.3261
-10.1986-10.0673 -9.9336 -9.7984 -9.6633 -9.3340 -9.0144 -8.6621 -8.2377 -7.7380
 -7.1899 -6.6464 -6.1623 -5.7636 -5.4503 -5.2075 -5.0187 -4.8693 -4.7493 -4.6509
 -4.5686
-10.9152-10.8963-10.8698-10.8356-10.7911-10.7342-10.6630-10.5765-10.4753-10.3614
-10.2376-10.1068 -9.9642 -9.8223 -9.6953 -9.3228 -8.9936 -8.6814 -8.2959
 [Fe/H] = -1.00 [alpha/Fe] = 0.00 BC value = F218W
-11.7588-11.6779-11.6095-11.5469-11.4851-11.4131-11.3206-11.2054-11.0856-10.9616
-10.8313-10.6942-10.5522-10.4127-10.2774 -9.9556 -9.6401 -9.3172 -8.9907
-11.5994-11.5030-11.4249-11.3587-11.2976-11.2332-11.1533-11.0567-10.9522-10.8394
-10.7149-10.5773-10.4309-10.2837-10.1410 -9.8094 -9.4993 -9.1952 -8.8883 -8.5718
-11.4842-11.3708-11.2769-11.1995-11.1329-11.0699-10.9997-10.9165-10.8246-10.7235
-10.6096-10.4793-10.3339-10.1831-10.0357 -9.6978 -9.3922 -9.0981 -8.7966 -8.4579
 -8.0697
-11.3720-11.2477-11.1552-11.0754-11.0005-10.9315-10.8638-10.7891-10.7067-10.6160
-10.5141-10.3963-10.2595-10.1104 -9.9606 -9.6175 -9.3132 -9.0207 -8.7078 -8.3279
 -7.8800 -7.4318
-11.3472-11.1829-11.0505-10.9467-10.8689-10.8110-10.7549-10.6878-10.6102-10.5245
-10.4303-10.3244-10.2010-10.0595 -9.9105 -9.5618 -9.2555 -8.9571 -8.6182 -8.1870
 -7.6844 -7.2028 -6.8010 -6.4835
-11.3621-11.1951-11.0445-10.9123-10.8005-10.7079-10.6324-10.5724-10.5207-10.4542
-10.3670-10.2657-10.1526-10.0233 -9.8791 -9.5252 -9.2129 -8.9041 -8.5339 -8.0567
 -7.5137 -7.0076 -6.5959 -6.2780 -6.0328 -5.8395 -5.6814 -5.5513 -5.4394 -5.3241
-11.3876-11.2227-11.0683-10.9262-10.7978-10.6835-10.5831-10.4952-10.4181-10.3519
-10.2898-10.2127-10.1123 -9.9937 -9.8600 -9.5039 -9.1817 -8.8610 -8.4671 -7.9611
 -7.3947 -6.8682 -6.4411 -6.1136 -5.8645 -5.6711 -5.5158 -5.3874 -5.2796 -5.1888
 -5.0941
-11.4044-11.2523-11.1037-10.9612-10.8267-10.7013-10.5854-10.4793-10.3816-10.2910
-10.2063-10.1278-10.0489 -9.9541 -9.8386 -9.4959 -9.1606 -8.8287 -8.4251 -7.9120
 -7.3386 -6.7957 -6.3462 -5.9993 -5.7361 -5.5336 -5.3740 -5.2438 -5.1344 -5.0425
 -4.9687
-11.3938-11.2646-11.1321-10.9988-10.8669-10.7386-10.6144-10.4958-10.3830-10.2758
-10.1731-10.0740 -9.9787 -9.8862 -9.7886 -9.4888 -9.1473 -8.8046 -8.4026 -7.9003
 -7.3345 -6.7823 -6.3082 -5.9339 -5.6478 -5.4283 -5.2572 -5.1200 -5.0070 -4.9116
 -4.8315
-11.3512-11.2508-11.1418-11.0273-10.9075-10.7845-10.6603-10.5363-10.4141-10.2946
-10.1780-10.0642 -9.9528 -9.8438 -9.7371 -9.4634 -9.1480 -8.7993 -8.4068 -7.9297
 -7.3858 -6.8355 -6.3403 -5.9335 -5.6159 -5.3713 -5.1812 -5.0300 -4.9075 -4.8057
 -4.7194
-11.2811-11.2065-11.1233-11.0324-10.9321-10.8234-10.7076-10.5862-10.4616-10.3356
-10.2096-10.0845 -9.9606 -9.8383 -9.7176 -9.4269 -9.1346 -8.8051 -8.4243 -7.9760
 -7.4619 -6.9255 -6.4206 -5.9861 -5.6348 -5.3595 -5.1446 -4.9743 -4.8373 -4.7250
 -4.6309
-11.1945-11.1403-11.0800-11.0114-10.9329-10.8437-10.7435-10.6329-10.5138-10.3884
-10.2590-10.1276 -9.9951 -9.8626 -9.7301 -9.3793 -9.1071 -8.8220 -8.4551
 [Fe/H] = -0.75 [alpha/Fe] = 0.00 BC value = F218W
-11.9488-11.8669-11.7933-11.7203-11.6420-11.5453-11.4172-11.2586-11.1040-10.9580
-10.8167-10.6773-10.5385-10.4013-10.2686 -9.9542 -9.6528 -9.3474 -9.0335
-11.7603-11.6652-11.5849-11.5120-11.4392-11.3563-11.2479-11.1168-10.9823-10.8485
-10.7124-10.5721-10.4281-10.2844-10.1444 -9.8197 -9.5194 -9.2270 -8.9340 -8.6361
-11.6187-11.5052-11.4114-11.3310-11.2578-11.1831-11.0929-10.9837-10.8671-10.7466
-10.6202-10.4853-10.3418-10.1950-10.0507 -9.7186 -9.4198 -9.1344 -8.8487 -8.5432
 -8.1935
-11.4999-11.3824-11.2767-11.1841-11.1031-11.0283-10.9500-10.8580-10.7572-10.6506
-10.5368-10.4126-10.2759-10.1307 -9.9846 -9.6461 -9.3471 -9.0641 -8.7752 -8.4465
 -8.0487 -7.6161
-11.4339-11.2838-11.1405-11.0493-10.9748-10.9020-10.8274-10.7464-10.6574-10.5622
-10.4604-10.3489-10.2238-10.0853 -9.9402 -9.5963 -9.2946 -9.0107 -8.7102 -8.3468
 -7.8977 -7.4219 -6.9952 -6.6456
-11.4180-11.2358-11.0823-10.9527-10.8468-10.7634-10.7001-10.6428-10.5741-10.4901
-10.3956-10.2930-10.1798-10.0522 -9.9121 -9.5639 -9.2571 -8.9698 -8.6542 -8.2547
 -7.7621 -7.2524 -6.8068 -6.4504 -6.1724 -5.9515 -5.7732 -5.6269 -5.4996 -5.3710
-11.4364-11.2557-11.0900-10.9413-10.8111-10.6995-10.6050-10.5254-10.4595-10.4016
-10.3347-10.2473-10.1427-10.0256 -9.8948 -9.5460 -9.2310 -8.9383 -8.6099 -8.1841
 -7.6626 -7.1279 -6.6626 -6.2932 -6.0086 -5.7872 -5.6106 -5.4645 -5.3427 -5.2383
 -5.1317
-11.4696-11.2932-11.1258-10.9700-10.8272-10.6986-10.5845-10.4834-10.3935-10.3127
-10.2400-10.1715-10.0939 -9.9960 -9.8792 -9.5404 -9.2149 -8.9141 -8.5781 -8.1419
 -7.6096 -7.0594 -6.5734 -6.1837 -5.8836 -5.6522 -5.4701 -5.3226 -5.1989 -5.0952
 -5.0091
-11.4870-11.3266-11.1683-11.0146-10.8681-10.7310-10.6038-10.4867-10.3795-10.2804
-10.1876-10.0996-10.0160 -9.9328 -9.8394 -9.5398 -9.2058 -8.8937 -8.5538 -8.1216
 -7.5943 -7.0399 -6.5351 -6.1205 -5.7975 -5.5488 -5.3550 -5.2001 -5.0728 -4.9655
 -4.8752
-11.4727-11.3405-11.2017-11.0616-10.9212-10.7837-10.6509-10.5239-10.4032-10.2888
-10.1802-10.0760 -9.9751 -9.8771 -9.7813 -9.5233 -9.2111 -8.8865 -8.5457 -8.1297
 -7.6236 -7.0778 -6.5613 -6.1202 -5.7679 -5.4939 -5.2807 -5.1117 -4.9747 -4.8613
 -4.7651
-11.4222-11.3186-11.2084-11.0899-10.9664-10.8385-10.7089-10.5793-10.4515-10.3264
-10.2048-10.0867 -9.9716 -9.8592 -9.7488 -9.4837 -9.2050 -8.8898 -8.5472 -8.1497
 -7.6730 -7.1476 -6.6309 -6.1700 -5.7880 -5.4842 -5.2460 -5.0575 -4.9059 -4.7819
 -4.6781
-11.3456-11.2673-11.1828-11.0897-10.9887-10.8792-10.7622-10.6391-10.5120-10.3830
-10.2537-10.1254 -9.9986 -9.8737 -9.7419 -9.4210 -9.1875 -8.9036 -8.5583
 [Fe/H] = -0.50 [alpha/Fe] = 0.00 BC value = F218W
-12.1644-12.0863-12.0117-11.9315-11.8375-11.7128-11.5411-11.3272-11.1293-10.9584
-10.8078-10.6668-10.5308-10.3979-10.2685 -9.9614 -9.6715 -9.3805 -9.0819
-11.9478-11.8578-11.7788-11.7019-11.6181-11.5143-11.3715-11.1958-11.0221-10.8627
-10.7145-10.5724-10.4319-10.2931-10.1572 -9.8396 -9.5473 -9.2646 -8.9825 -8.6981
-11.7764-11.6688-11.5782-11.4974-11.4184-11.3301-11.2153-11.0714-10.9213-10.7755
-10.6346-10.4954-10.3550-10.2136-10.0739 -9.7485 -9.4555 -9.1774 -8.9018 -8.6192
 -8.3085
-11.6493-11.5235-11.4164-11.3243-11.2413-11.1599-11.0667-10.9498-10.8220-10.6924
-10.5628-10.4314-10.2955-10.1555-10.0145 -9.6830 -9.3885 -9.1124 -8.8378 -8.5469
 -8.2065 -7.8125
-11.5185-11.3880-11.2824-11.1866-11.0966-11.0125-10.9290-10.8330-10.7250-10.6118
-10.4956-10.3753-10.2481-10.1133 -9.9738 -9.6373 -9.3397 -9.0644 -8.7873 -8.4808
 -8.1045 -7.6655 -7.2292 -6.8476
-11.4726-11.3002-11.1556-11.0391-10.9481-10.8748-10.8052-10.7271-10.6360-10.5367
-10.4327-10.3239-10.2076-10.0816 -9.9466 -9.6075 -9.3047 -9.0287 -8.7481 -8.4238
 -8.0126 -7.5345 -7.0687 -6.6710 -6.3516 -6.0969 -5.8910 -5.7211 -5.5739 -5.4292
-11.4850-11.2967-11.1277-10.9798-10.8544-10.7497-10.6639-10.5941-10.5316-10.4621
-10.3769-10.2787-10.1718-10.0558 -9.9287 -9.5909 -9.2808 -9.0022 -8.7183 -8.3793
 -7.9419 -7.4345 -6.9433 -6.5271 -6.1967 -5.9376 -5.7306 -5.5617 -5.4210 -5.2993
 -5.1783
-11.5211-11.3291-11.1506-10.9873-10.8415-10.7139-10.6035-10.5080-10.4250-10.3529
-10.2878-10.2191-10.1343-10.0315 -9.9153 -9.5857 -9.2671 -8.9827 -8.6954 -8.3484
 -7.8982 -7.3746 -6.8633 -6.4258 -6.0781 -5.8073 -5.5945 -5.4226 -5.2800 -5.1603
 -5.0591
-11.5592-11.3734-11.1957-11.0275-10.8713-10.7290-10.6011-10.4872-10.3856-10.2940
-10.2102-10.1326-10.0585 -9.9799 -9.8863 -9.5869 -9.2606 -8.9663 -8.6744 -8.3257
 -7.8754 -7.3485 -6.8242 -6.3659 -5.9962 -5.7074 -5.4821 -5.3026 -5.1559 -5.0329
 -4.9294
-11.5766-11.4131-11.2472-11.0847-10.9274-10.7785-10.6397-10.5115-10.3938-10.2858
-10.1856-10.0911-10.0008 -9.9138 -9.8280 -9.5804 -9.2686 -8.9614 -8.6633 -8.3191
 -7.8828 -7.3676 -6.8403 -6.3641 -5.9692 -5.6560 -5.4111 -5.2172 -5.0606 -4.9312
 -4.8220
-11.5552-11.4199-11.2806-11.1347-10.9882-10.8425-10.7007-10.5647-10.4355-10.3134
-10.1980-10.0884 -9.9833 -9.8814 -9.7822 -9.5419 -9.2723 -8.9654 -8.6576 -8.3186
 -7.9031 -7.4109 -6.8929 -6.4069 -5.9892 -5.6490 -5.3795 -5.1658 -4.9944 -4.8543
 -4.7375
-11.4978-11.3901-11.2780-11.1594-11.0329-10.9019-10.7675-10.6325-10.4988-10.3680
-10.2409-10.1180 -9.9990 -9.8835 -9.7489 -9.4714 -9.2717 -8.9783 -8.6573
 [Fe/H] = -0.25 [alpha/Fe] = 0.00 BC value = F218W
-12.3919-12.3245-12.2558-12.1740-12.0670-11.9130-11.6914-11.4122-11.1653-10.9681
-10.8050-10.6607-10.5260-10.3964-10.2697 -9.9692 -9.6877 -9.4103 -9.1272
-12.1520-12.0729-12.0003-11.9236-11.8310-11.7060-11.5248-11.2947-11.0732-10.8838
-10.7217-10.5756-10.4372-10.3025-10.1706 -9.8593 -9.5735 -9.2998 -9.0286 -8.7557
-11.9520-11.8555-11.7726-11.6949-11.6119-11.5099-11.3677-11.1813-10.9875-10.8102
-10.6520-10.5069-10.3679-10.2313-10.0963 -9.7775 -9.4891 -9.2181 -8.9515 -8.6845
 -8.4065
-11.7978-11.6801-11.5807-11.4938-11.4115-11.3234-11.2129-11.0650-10.9007-10.7403
-10.5907-10.4501-10.3138-10.1780-10.0424 -9.7182 -9.4273 -9.1576 -8.8927 -8.6253
 -8.3360 -8.0007
-11.6708-11.5453-11.4316-11.3307-11.2400-11.1538-11.0619-10.9463-10.8104-10.6701
-10.5332-10.4008-10.2701-10.1381-10.0039 -9.6763 -9.3819 -9.1128 -8.8487 -8.5777
 -8.2729 -7.9056 -7.4965 -7.1105
-11.5534-11.3994-11.2781-11.1816-11.0953-11.0099-10.9242-10.8300-10.7190-10.5987
-10.4768-10.3554-10.2330-10.1073 -9.9771 -9.6485 -9.3491 -9.0796 -8.8163 -8.5406
 -8.2198 -7.8223 -7.3784 -6.9540 -6.5911 -6.2917 -6.0485 -5.8482 -5.6744 -5.5081
-11.5371-11.3508-11.1884-11.0520-10.9401-10.8493-10.7747-10.7050-10.6242-10.5279
-10.4221-10.3124-10.1998-10.0825 -9.9585 -9.6327 -9.3270 -9.0550 -8.7928 -8.5133
 -8.1791 -7.7580 -7.2858 -6.8350 -6.4525 -6.1439 -5.8959 -5.6942 -5.5271 -5.3822
 -5.2425
-11.5640-11.3657-11.1842-11.0215-10.8797-10.7581-10.6547-10.5666-10.4906-10.4214
-10.3495-10.2657-10.1680-10.0606 -9.9452 -9.6278 -9.3154 -9.0379 -8.7753 -8.4939
 -8.1521 -7.7174 -7.2257 -6.7526 -6.3487 -6.0243 -5.7675 -5.5603 -5.3905 -5.2489
 -5.1277
-11.6082-11.4085-11.2199-11.0447-10.8851-10.7425-10.6172-10.5076-10.4110-10.3251
-10.2479-10.1770-10.1056-10.0237 -9.9258 -9.6287 -9.3111 -9.0248 -8.7588 -8.4760
 -8.1317 -7.6943 -7.1941 -6.7043 -6.2792 -5.9348 -5.6630 -5.4470 -5.2717 -5.1259
 -5.0040
-11.6529-11.4636-11.2785-11.1008-10.9330-10.7777-10.6364-10.5092-10.3955-10.2931
-10.1999-10.1136-10.0326 -9.9549 -9.8755 -9.6307 -9.3212 -9.0243 -8.7517 -8.4684
 -8.1288 -7.7003 -7.2046 -6.7065 -6.2621 -5.8946 -5.6018 -5.3697 -5.1832 -5.0302
 -4.9020
-11.6659-11.5007-11.3338-11.1655-11.0006-10.8415-10.6913-10.5517-10.4229-10.3049
-10.1961-10.0949 -9.9993 -9.9078 -9.8196 -9.6000 -9.3345 -9.0328 -8.7496 -8.4638
 -8.1319 -7.7203 -7.2403 -6.7447 -6.2875 -5.8979 -5.5810 -5.3277 -5.1248 -4.9600
 -4.8236
-11.6375-11.4999-11.3593-11.2146-11.0645-10.9138-10.7647-10.6201-10.4821-10.3515
-10.2283-10.1123-10.0023 -9.8971 -9.7581 -9.5366 -9.3510 -9.0503 -8.7525
 [Fe/H] =  0.00 [alpha/Fe] = 0.00 BC value = F218W
-12.6083-12.5582-12.5024-12.4260-12.3081-12.1151-11.8340-11.4917-11.2040-10.9829
-10.8109-10.6664-10.5363-10.4121-10.2925-10.0033 -9.7296 -9.4621 -9.1895
-12.3572-12.2946-12.2341-12.1628-12.0639-11.9158-11.6886-11.3982-11.1286-10.9112
-10.7377-10.5904-10.4569-10.3295-10.2049 -9.9061 -9.6265 -9.3590 -9.0948 -8.8282
-12.1361-12.0556-11.9851-11.9141-11.8294-11.7130-11.5391-11.3031-11.0611-10.8512
-10.6775-10.5287-10.3936-10.2645-10.1377 -9.8324 -9.5494 -9.2832 -9.0222 -8.7620
 -8.4992
-11.9547-11.8519-11.7651-11.6870-11.6075-11.5128-11.3825-11.1981-10.9903-10.7949
-10.6251-10.4772-10.3422-10.2132-10.0860 -9.7771 -9.4919 -9.2265 -8.9672 -8.7086
 -8.4443 -8.1538
-11.7958-11.6921-11.5854-11.4928-11.4081-11.3217-11.2201-11.0809-10.9103-10.7364
-10.5761-10.4321-10.2994-10.1722-10.0462 -9.7356 -9.4479 -9.1834 -8.9260 -8.6674
 -8.3991 -8.0936 -7.7362 -7.3503
-11.6682-11.5455-11.4388-11.3380-11.2430-11.1530-11.0626-10.9557-10.8208-10.6723
-10.5268-10.3906-10.2627-10.1389-10.0156 -9.7055 -9.4144 -9.1500 -8.8950 -8.6363
 -8.3630 -8.0424 -7.6578 -7.2419 -6.8481 -6.5069 -6.2216 -5.9863 -5.7815 -5.5910
-11.5953-11.4230-11.2811-11.1681-11.0771-10.9965-10.9159-10.8292-10.7247-10.6028
-10.4754-10.3505-10.2299-10.1114 -9.9922 -9.6860 -9.3904 -9.1241 -8.8713 -8.6133
 -8.3351 -8.0014 -7.5938 -7.1507 -6.7336 -6.3784 -6.0838 -5.8419 -5.6435 -5.4709
 -5.3097
-11.6014-11.4052-11.2295-11.0771-10.9484-10.8404-10.7495-10.6718-10.5972-10.5130
-10.4156-10.3091-10.1991-10.0879 -9.9744 -9.6757 -9.3760 -9.1049 -8.8529 -8.5962
 -8.3139 -7.9707 -7.5472 -7.0832 -6.6442 -6.2692 -5.9640 -5.7161 -5.5128 -5.3447
 -5.1997
-11.6400-11.4347-11.2437-11.0693-10.9134-10.7773-10.6594-10.5567-10.4663-10.3849
-10.3090-10.2338-10.1521-10.0594 -9.9568 -9.6709 -9.3690 -9.0903 -8.8352 -8.5784
 -8.2934 -7.9447 -7.5131 -7.0360 -6.5795 -6.1860 -5.8652 -5.6075 -5.3985 -5.2256
 -5.0820
-11.6982-11.4923-11.2967-11.1120-10.9407-10.7849-10.6458-10.5228-10.4137-10.3161
-10.2275-10.1467-10.0714 -9.9977 -9.9187 -9.6729 -9.3756 -9.0884 -8.8269 -8.5689
 -8.2836 -7.9356 -7.5060 -7.0259 -6.5575 -6.1462 -5.8068 -5.5338 -5.3137 -5.1321
 -4.9837
-11.7427-11.5528-11.3633-11.1797-11.0031-10.8367-10.6829-10.5429-10.4166-10.3029
-10.1999-10.1054-10.0175 -9.9348 -9.8555 -9.6501 -9.3885 -9.0953 -8.8237 -8.5609
 -8.2757 -7.9329 -7.5133 -7.0400 -6.5679 -6.1425 -5.7844 -5.4928 -5.2573 -5.0661
 -4.9083
-11.7496-11.5849-11.4178-11.2482-11.0786-10.9122-10.7524-10.6017-10.4617-10.3327
-10.2142-10.1049-10.0030 -9.9070 -9.7672 -9.6025 -9.4077 -9.1110 -8.8256
 [Fe/H] =  0.25 [alpha/Fe] = 0.00 BC value = F218W
-12.7941-12.7678-12.7339-12.6176-12.4219-12.1689-11.8773-11.5626-11.2528-11.0092
-10.8251-10.6769-10.5481-10.4295-10.3134-10.0353 -9.7684 -9.5107 -9.2497
-12.5439-12.5042-12.4634-12.4056-12.3077-12.1336-11.8596-11.5052-11.1940-10.9482
-10.7599-10.6081-10.4763-10.3542-10.2361 -9.9499 -9.6769 -9.4150 -9.1585 -8.9010
-12.3120-12.2533-12.2012-12.1431-12.0617-11.9332-11.7262-11.4356-11.1433-10.8996
-10.7078-10.5521-10.4178-10.2939-10.1741 -9.8828 -9.6063 -9.3445 -9.0903 -8.8372
 -8.5870
-12.1102-12.0281-11.9592-11.8946-11.8213-11.7218-11.5712-11.3465-11.0902-10.8558
-10.6634-10.5051-10.3689-10.2442-10.1240 -9.8308 -9.5524 -9.2913 -9.0384 -8.7869
 -8.5365 -8.2771
-11.9480-11.8404-11.7502-11.6716-11.5964-11.5114-11.3996-11.2348-11.0238-10.8102
-10.6224-10.4642-10.3272-10.2025-10.0829 -9.7896 -9.5099 -9.2497 -8.9988 -8.7481
 -8.4973 -8.2343 -7.9376 -7.5987
-11.8132-11.6932-11.5841-11.4875-11.4001-11.3157-11.2234-11.1029-10.9401-10.7563
-10.5810-10.4271-10.2911-10.1673-10.0491 -9.7575 -9.4761 -9.2163 -8.9683 -8.7188
 -8.4669 -8.1993 -7.8899 -7.5292 -7.1430 -6.7721 -6.4442 -6.1665 -5.9233 -5.7018
-11.6664-11.5270-11.4154-11.3247-11.2372-11.1488-11.0594-10.9628-10.8406-10.6914
-10.5362-10.3911-10.2593-10.1379-10.0217 -9.7340 -9.4505 -9.1896 -8.9441 -8.6971
 -8.4438 -8.1713 -7.8508 -7.4703 -7.0604 -6.6689 -6.3260 -6.0379 -5.7987 -5.5905
 -5.4013
-11.6360-11.4509-11.2920-11.1613-11.0554-10.9683-10.8910-10.8131-10.7242-10.6125
-10.4845-10.3542-10.2301-10.1129-10.0000 -9.7186 -9.4339 -9.1693 -8.9246 -8.6806
 -8.4267 -8.1497 -7.8202 -7.4247 -6.9950 -6.5832 -6.2247 -5.9257 -5.6787 -5.4747
 -5.2984
-11.6599-11.4573-11.2716-11.1062-10.9629-10.8408-10.7360-10.6459-10.5643-10.4837
-10.3955-10.2987-10.1950-10.0883 -9.9811 -9.7081 -9.4241 -9.1535 -8.9060 -8.6632
 -8.4089 -8.1280 -7.7927 -7.3876 -6.9432 -6.5144 -6.1398 -5.8285 -5.5735 -5.3633
 -5.1894
-11.7171-11.5074-11.3094-11.1255-10.9579-10.8085-10.6774-10.5621-10.4598-10.3672
-10.2818-10.2013-10.1231-10.0426 -9.9557 -9.7061 -9.4269 -9.1506 -8.8971 -8.6537
 -8.4002 -8.1179 -7.7813 -7.3744 -6.9237 -6.4821 -6.0913 -5.7647 -5.4978 -5.2796
 -5.0985
-11.7819-11.5771-11.3771-11.1859-11.0055-10.8384-10.6865-10.5502-10.4288-10.3200
-10.2212-10.1308-10.0478 -9.9703 -9.8955 -9.6928 -9.4366 -9.1567 -8.8943 -8.6464
 -8.3923 -8.1100 -7.7752 -7.3734 -6.9245 -6.4770 -6.0733 -5.7308 -5.4493 -5.2196
 -5.0304
-11.8224-11.6364-11.4502-11.2633-11.0824-10.9077-10.7432-10.5908-10.4519-10.3261
-10.2122-10.1084-10.0130 -9.9245 -9.8005 -9.6682 -9.4532 -9.1718 -8.8976
 [Fe/H] =  0.50 [alpha/Fe] = 0.00 BC value = F218W
-12.9378-13.0010-12.9638-12.8366-12.6286-12.3477-12.0012-11.6219-11.3060-11.0453
-10.8477-10.6942-10.5659-10.4502-10.3408-10.0730 -9.8149 -9.5632 -9.3101
-12.6966-12.6867-12.6692-12.6327-12.5270-12.3231-12.0029-11.5982-11.2620-10.9931
-10.7895-10.6316-10.4999-10.3820-10.2700 -9.9981 -9.7332 -9.4754 -9.2232 -8.9737
-12.4634-12.4343-12.4032-12.3648-12.2934-12.1571-11.9135-11.5647-11.2288-10.9549
-10.7445-10.5805-10.4451-10.3250-10.2116 -9.9365 -9.6685 -9.4104 -9.1618 -8.9153
 -8.6754
-12.2507-12.1939-12.1480-12.1021-12.0402-11.9393-11.7678-11.4995-11.1933-10.9228
-10.7068-10.5375-10.3983-10.2763-10.1622 -9.8863 -9.6176 -9.3604 -9.1131 -8.8679
 -8.6249 -8.3814
-12.0694-11.9853-11.9167-11.8567-11.7948-11.7135-11.5918-11.3995-11.1442-10.8892
-10.6733-10.5002-10.3575-10.2336-10.1193 -9.8445 -9.5758 -9.3203 -9.0749 -8.8307
 -8.5881 -8.3446 -8.0870 -7.8002
-11.9251-11.8154-11.7224-11.6424-11.5695-11.4936-11.4001-11.2645-11.0706-10.8474
-10.6403-10.4665-10.3218-10.1964-10.0820 -9.8093 -9.5410 -9.2868 -9.0443 -8.8021
 -8.5592 -8.3144 -8.0532 -7.7570 -7.4184 -7.0543 -6.6989 -6.3793 -6.0939 -5.8365
-11.7733-11.6396-11.5636-11.4702-11.3820-11.2980-11.2123-11.1103-10.9701-10.7906
-10.6034-10.4350-10.2904-10.1646-10.0503 -9.7808 -9.5132 -9.2590 -9.0192 -8.7802
 -8.5374 -8.2905 -8.0250 -7.7202 -7.3661 -6.9829 -6.6095 -6.2746 -5.9887 -5.7383
 -5.5152
-11.6703-11.5087-11.3799-11.2816-11.2012-11.1254-11.0437-10.9546-10.8501-10.7149
-10.5577-10.4025-10.2623-10.1380-10.0244 -9.7591 -9.4930 -9.2372 -8.9984 -8.7630
 -8.5215 -8.2720 -8.0026 -7.6901 -7.3233 -6.9229 -6.5337 -6.1828 -5.8850 -5.6368
 -5.4221
-11.6703-11.4776-11.3055-11.1585-11.0370-10.9366-10.8521-10.7762-10.6986-10.6058
-10.4899-10.3607-10.2328-10.1134-10.0022 -9.7418 -9.4787 -9.2195 -8.9786 -8.7451
 -8.5048 -8.2529 -7.9793 -7.6611 -7.2850 -6.8712 -6.4652 -6.1018 -5.7935 -5.5370
 -5.3245
-11.7172-11.5108-11.3179-11.1419-10.9856-10.8502-10.7334-10.6311-10.5401-10.4559
-10.3705-10.2792-10.1831-10.0842 -9.9838 -9.7333 -9.4755 -9.2139 -8.9683 -8.7345
 -8.4966 -8.2444 -7.9682 -7.6474 -7.2676 -6.8459 -6.4284 -6.0513 -5.7309 -5.4645
 -5.2437
-11.7889-11.5778-11.3758-11.1849-11.0078-10.8469-10.7033-10.5763-10.4633-10.3612
-10.2671-10.1793-10.0961-10.0163 -9.9369 -9.7246 -9.4789 -9.2171 -8.9646 -8.7267
 -8.4890 -8.2372 -7.9597 -7.6384 -7.2596 -6.8373 -6.4134 -6.0254 -5.6922 -5.4148
 -5.1851
-11.8541-11.6552-11.4557-11.2617-11.0751-10.8993-10.7366-10.5886-10.4552-10.3352
-10.2265-10.1272-10.0358 -9.9518 -9.8615 -9.7157 -9.4889 -9.2291 -8.9675
 [Fe/H] =  0.75 [alpha/Fe] = 0.00 BC value = F218W
-13.0416-12.9613-12.8349-12.6672-12.4627-12.2250-11.9575-11.6633-11.3566-11.0876
-10.8778-10.7174-10.5877-10.4751-10.3698-10.1132 -9.8640 -9.6172 -9.3706
-12.8112-12.8266-12.8412-12.8300-12.7015-12.4483-12.0866-11.6678-11.3282-11.0449
-10.8270-10.6608-10.5273-10.4118-10.3052-10.0485 -9.7924 -9.5392 -9.2936 -9.0508
-12.5810-12.5942-12.5775-12.5635-12.5091-12.3710-12.0855-11.6732-11.3113-11.0161
-10.7880-10.6142-10.4756-10.3574-10.2493 -9.9913 -9.7343 -9.4803 -9.2355 -8.9951
 -8.7556
-12.3633-12.3352-12.3164-12.2944-12.2496-12.1530-11.9639-11.6482-11.2949-10.9948
-10.7569-10.5751-10.4307-10.3093-10.1999 -9.9419 -9.6858 -9.4339 -9.1904 -8.9510
 -8.7139 -8.4780
-12.1704-12.1137-12.0712-12.0342-11.9901-11.9168-11.7878-11.5666-11.2651-10.9724
-10.7306-10.5413-10.3912-10.2660-10.1552 -9.8983 -9.6439 -9.3950 -9.1539 -8.9159
 -8.6788 -8.4442 -8.2058 -7.9532
-12.0097-11.9239-11.8545-11.7966-11.7419-11.6776-11.5845-11.4337-11.2069-10.9435
-10.7048-10.5112-10.3562-10.2274-10.1148 -9.8593 -9.6073 -9.3610 -9.1235 -8.8879
 -8.6512 -8.4160 -8.1768 -7.9213 -7.6360 -7.3102 -6.9629 -6.6171 -6.2919 -5.9962
-11.8717-11.7693-11.6779-11.5967-11.5241-11.4539-11.3751-11.2682-11.1091-10.8968
-10.6758-10.4831-10.3248-10.1934-10.0791 -9.8253 -9.5761 -9.3315 -9.0973 -8.8655
 -8.6299 -8.3936 -8.1525 -7.8940 -7.6029 -7.2693 -6.9053 -6.5432 -6.2124 -5.9162
 -5.6542
-11.7108-11.5931-11.4979-11.4204-11.3464-11.2659-11.1831-11.0941-10.9803-10.8242
-10.6367-10.4548-10.2981-10.1649-10.0491 -9.7969 -9.5513 -9.3074 -9.0750 -8.8469
 -8.6140 -8.3764 -8.1328 -7.8710 -7.5743 -7.2313 -6.8540 -6.4767 -6.1320 -5.8340
 -5.5748
-11.6743-11.4995-11.3518-11.2322-11.1401-11.0668-10.9991-10.9238-10.8341-10.7214
-10.5774-10.4190-10.2699-10.1387-10.0232 -9.7725 -9.5312 -9.2872 -9.0537 -8.8278
 -8.5972 -8.3585 -8.1115 -7.8458 -7.5444 -7.1939 -6.8061 -6.4165 -6.0591 -5.7506
 -5.4914
-11.7040-11.5080-11.3270-11.1658-11.0282-10.9134-10.8167-10.7333-10.6572-10.5780
-10.4821-10.3647-10.2383-10.1167-10.0046 -9.7567 -9.5205 -9.2777 -9.0416 -8.8157
 -8.5883 -8.3508 -8.1016 -7.8330 -7.5286 -7.1742 -6.7801 -6.3810 -6.0127 -5.6941
 -5.4247
-11.7686-11.5634-11.3671-11.1835-11.0159-10.8671-10.7374-10.6240-10.5231-10.4314
-10.3447-10.2564-10.1638-10.0691 -9.9750 -9.7457 -9.5159 -9.2758 -9.0360 -8.8067
 -8.5800 -8.3442 -8.0940 -7.8228 -7.5165 -7.1614 -6.7662 -6.3623 -5.9856 -5.6566
 -5.3786
-11.8473-11.6439-11.4429-11.2494-11.0656-10.8949-10.7394-10.6001-10.4757-10.3638
-10.2615-10.1666-10.0777 -9.9936 -9.9344 -9.7395 -9.5174 -9.2815 -9.0369
 [Fe/H] =  1.00 [alpha/Fe] = 0.00 BC value = F218W
-13.1157-13.0309-12.9004-12.7292-12.5215-12.2810-12.0111-11.7147-11.4064-11.1343
-10.9127-10.7441-10.6116-10.4998-10.3986-10.1556 -9.9135 -9.6716 -9.4313
-12.8926-13.3048-13.4664-13.4030-13.1373-12.6892-12.1425-11.7311-11.3934-11.1017
-10.8696-10.6941-10.5568-10.4422-10.3394-10.0980 -9.8510 -9.6036 -9.3614 -9.1249
-12.6634-12.9433-12.7185-12.7302-12.6961-12.5625-12.2056-11.7541-11.3902-11.0814
-10.8376-10.6525-10.5087-10.3904-10.2859-10.0442 -9.7997 -9.5510 -9.3089 -9.0732
 -8.8396
-12.4421-12.4447-12.4552-12.4597-12.4361-12.3496-12.1465-11.7769-11.3915-11.0697
-10.8137-10.6179-10.4661-10.3431-10.2364 -9.9951 -9.7538 -9.5086 -9.2679 -9.0323
 -8.8007 -8.5713
-12.2418-12.2150-12.2014-12.1910-12.1691-12.1084-11.9763-11.7281-11.3824-11.0583
-10.7936-10.5879-10.4285-10.2999-10.1904 -9.9492 -9.7115 -9.4713 -9.2339 -9.0009
 -8.7687 -8.5392 -8.3106 -8.0746
-12.0692-12.0114-11.9695-11.9373-11.9047-11.8559-11.7667-11.6026-11.3424-11.0415
-10.7752-10.5619-10.3948-10.2606-10.1478 -9.9063 -9.6725 -9.4367 -9.2041 -8.9740
 -8.7429 -8.5131 -8.2843 -8.0487 -7.7974 -7.5175 -7.2015 -6.8589 -6.5099 -6.1792
-11.9284-11.8425-11.7717-11.7136-11.6626-11.6096-11.5400-11.4300-11.2517-11.0060
-10.7533-10.5378-10.3644-10.2256-10.1091 -9.8667 -9.6372 -9.4053 -9.1773 -8.9514
 -8.7223 -8.4919 -8.2622 -8.0254 -7.7710 -7.4886 -7.1700 -6.8170 -6.4601 -6.1222
 -5.8194
-11.7650-11.6856-11.6081-11.5328-11.4609-11.3925-11.3220-11.2378-11.1163-10.9390
-10.7215-10.5129-10.3380-10.1952-10.0755 -9.8318 -9.6068 -9.3784 -9.1535 -8.9320
 -8.7063 -8.4763 -8.2441 -8.0053 -7.7502 -7.4655 -7.1366 -6.7766 -6.4080 -6.0647
 -5.7577
-11.6716-11.5247-11.4120-11.3287-11.2668-11.2065-11.1354-11.0528-10.9577-10.8324
-10.6660-10.4810-10.3111-10.1674-10.0461 -9.8006 -9.5798 -9.3543 -9.1307 -8.9116
 -8.6893 -8.4596 -8.2249 -7.9826 -7.7243 -7.4361 -7.1055 -6.7347 -6.3563 -6.0029
 -5.6932
-11.6794-11.4991-11.3363-11.1978-11.0864-10.9983-10.9274-10.8641-10.7940-10.7044
-10.5862-10.4391-10.2859-10.1465-10.0251 -9.7780 -9.5609 -9.3397 -9.1162 -8.8981
 -8.6794 -8.4521 -8.2165 -7.9716 -7.7104 -7.4193 -7.0860 -6.7129 -6.3270 -5.9687
 -5.6441
-11.7313-11.5370-11.3519-11.1809-11.0288-10.8982-10.7878-10.6931-10.6098-10.5326
-10.4521-10.3553-10.2392-10.1180-10.0039 -9.7615 -9.5475 -9.3308 -9.1074 -8.8875
 -8.6699 -8.4454 -8.2100 -7.9626 -7.6984 -7.4052 -7.0715 -6.6981 -6.3099 -5.9406
 -5.6127
-11.8101-11.6108-11.4159-11.2288-11.0534-10.8931-10.7503-10.6246-10.5135-10.4132
-10.3208-10.2330-10.1441-10.0521 -9.9825 -9.7511 -9.5396 -9.3276 -9.1043
