 [Fe/H] = -2.50 [alpha/Fe] = 0.00 BC value = F390M
-10.2264 -9.6822 -9.2890 -9.0159 -8.8138 -8.6438 -8.5322 -8.3630 -8.1787 -7.9562
 -7.6990 -7.2766 -7.0080 -6.7215 -6.4287 -5.5565 -4.5520 -3.9396 -3.3022
 -9.5183 -9.0868 -8.7557 -8.5150 -8.3418 -8.1854 -8.0205 -7.8403 -7.6447 -7.4262
 -7.1667 -6.8590 -6.5254 -6.1913 -5.8610 -5.0024 -4.2028 -3.5685 -3.1090 -2.7649
 -9.2931 -8.8232 -8.4121 -8.0632 -7.7806 -7.5679 -7.4134 -7.2718 -7.1065 -6.9018
 -6.6662 -6.3911 -6.0775 -5.7623 -5.4573 -4.7098 -3.9956 -3.4246 -3.0129 -2.7075
 -2.4686
 -9.1784 -8.6801 -8.2301 -7.8292 -7.4782 -7.1781 -6.9288 -6.7300 -6.5675 -6.4016
 -6.2024 -5.9708 -5.6997 -5.4088 -5.1279 -4.4662 -3.8427 -3.3265 -2.9513 -2.6757
 -2.4610 -2.2848
 -9.1300 -8.6172 -8.1455 -7.7157 -7.3280 -6.9819 -6.6767 -6.4114 -6.1834 -5.9883
 -5.8069 -5.6122 -5.3901 -5.1397 -4.8839 -4.2888 -3.7397 -3.2685 -2.9185 -2.6635
 -2.4671 -2.3064 -2.1696 -2.0511
 -9.1321 -8.6172 -8.1357 -7.6887 -7.2783 -6.9051 -6.5672 -6.2635 -5.9934 -5.7541
 -5.5414 -5.3465 -5.1520 -4.9398 -4.7154 -4.1722 -3.6801 -3.2446 -2.9095 -2.6661
 -2.4824 -2.3340 -2.2082 -2.0987 -1.9994 -1.9093 -1.8285 -1.7571 -1.6951 -1.6422
 -9.1803 -8.6683 -8.1855 -7.7313 -7.3073 -6.9156 -6.5561 -6.2271 -5.9281 -5.6589
 -5.4170 -5.1992 -4.9983 -4.8009 -4.6012 -4.1025 -3.6517 -3.2471 -2.9195 -2.6795
 -2.5026 -2.3634 -2.2474 -2.1471 -2.0583 -1.9780 -1.9056 -1.8411 -1.7845 -1.7362
 -1.6980
 -9.2745 -8.7678 -8.2861 -7.8297 -7.4000 -6.9968 -6.6204 -6.2726 -5.9527 -5.6587
 -5.3922 -5.1515 -4.9329 -4.7281 -4.5329 -4.0681 -3.6400 -3.2639 -2.9440 -2.7015
 -2.5250 -2.3914 -2.2836 -2.1921 -2.1119 -2.0403 -1.9744 -1.9151 -1.8642 -1.8228
 -1.7917
 -9.4043 -8.9020 -8.4243 -7.9693 -7.5374 -7.1279 -6.7405 -6.3777 -6.0397 -5.7264
 -5.4375 -5.1736 -4.9337 -4.7131 -4.5080 -4.0514 -3.6400 -3.2800 -2.9721 -2.7274
 -2.5469 -2.4145 -2.3128 -2.2296 -2.1584 -2.0954 -2.0392 -1.9894 -1.9456 -1.9072
 -1.8737
 -9.5698 -9.0709 -8.6017 -8.1490 -7.7174 -7.3062 -6.9134 -6.5398 -6.1869 -5.8561
 -5.5471 -5.2611 -4.9980 -4.7572 -4.5354 -4.0604 -3.6567 -3.3031 -3.0031 -2.7589
 -2.5731 -2.4370 -2.3367 -2.2597 -2.1969 -2.1428 -2.0952 -2.0529 -2.0177 -1.9839
 -1.9523
 -9.7710 -9.2745 -8.8183 -8.3410 -7.9184 -7.5081 -7.1152 -6.7371 -6.3748 -6.0297
 -5.7033 -5.3969 -5.1115 -4.8478 -4.6050 -4.0925 -3.6807 -3.3302 -3.0329 -2.7887
 -2.5991 -2.4580 -2.3549 -2.2798 -2.2233 -2.1780 -2.1397 -2.1062 -2.0766 -2.0510
 -2.0295
-10.0078 -9.5128 -9.0741 -8.5377 -8.1198 -7.7146 -7.3251 -6.9492 -6.5846 -6.2321
 -5.8934 -5.5705 -5.2650 -4.9793 -4.7168 -4.1477 -3.7120 -3.3613 -3.0615
 [Fe/H] = -2.00 [alpha/Fe] = 0.00 BC value = F390M
 -9.2171 -8.9225 -8.7160 -8.5754 -8.4716 -8.3801 -8.3002 -8.1846 -8.0374 -7.8401
 -7.5859 -7.2389 -6.9271 -6.6192 -6.3196 -5.5405 -4.6941 -4.0139 -3.3604
 -8.8569 -8.5859 -8.3890 -8.2155 -8.0544 -7.9069 -7.7694 -7.6317 -7.4765 -7.2850
 -7.0452 -6.7546 -6.4368 -6.1241 -5.8236 -5.0954 -4.3588 -3.7009 -3.2050 -2.8298
 -8.6727 -8.2964 -7.9898 -7.7518 -7.5833 -7.4497 -7.3089 -7.1504 -6.9768 -6.7872
 -6.5665 -6.3033 -6.0050 -5.7051 -5.4218 -4.7623 -4.1239 -3.5452 -3.0999 -2.7705
 -2.5157
 -8.6452 -8.2106 -7.8345 -7.5127 -7.2434 -7.0240 -6.8565 -6.7213 -6.5701 -6.3823
 -6.1718 -5.9380 -5.6702 -5.3869 -5.1192 -4.5146 -3.9541 -3.4408 -3.0342 -2.7329
 -2.5019 -2.3150
 -8.7274 -8.2452 -7.8199 -7.4450 -7.1165 -6.8313 -6.5857 -6.3760 -6.2038 -6.0493
 -5.8709 -5.6636 -5.4297 -5.1715 -4.9144 -4.3473 -3.8430 -3.3800 -3.0011 -2.7183
 -2.5039 -2.3322 -2.1881 -2.0634
 -8.9075 -8.3818 -7.9104 -7.4900 -7.1167 -6.7854 -6.4919 -6.2322 -6.0016 -5.7990
 -5.6219 -5.4488 -5.2560 -5.0337 -4.7967 -4.2493 -3.7809 -3.3550 -2.9946 -2.7214
 -2.5173 -2.3568 -2.2236 -2.1090 -2.0080 -1.9181 -1.8374 -1.7635 -1.6948 -1.6398
 -9.1653 -8.6052 -8.0932 -7.6293 -7.2129 -6.8411 -6.5092 -6.2122 -5.9451 -5.7037
 -5.4863 -5.2917 -5.1132 -4.9269 -4.7240 -4.2068 -3.7567 -3.3559 -3.0089 -2.7383
 -2.5381 -2.3852 -2.2611 -2.1553 -2.0629 -1.9809 -1.9079 -1.8424 -1.7840 -1.7344
 -1.6950
 -9.4722 -8.8904 -8.3490 -7.8485 -7.3915 -6.9798 -6.6109 -6.2797 -5.9811 -5.7103
 -5.4632 -5.2388 -5.0363 -4.8476 -4.6632 -4.1958 -3.7585 -3.3740 -3.0375 -2.7658
 -2.5638 -2.4141 -2.2970 -2.1996 -2.1155 -2.0413 -1.9757 -1.9172 -1.8648 -1.8212
 -1.7890
 -9.7960 -9.2040 -8.6435 -8.1189 -7.6310 -7.1836 -6.7783 -6.4132 -6.0839 -5.7852
 -5.5126 -5.2631 -5.0350 -4.8250 -4.6301 -4.1859 -3.7693 -3.3964 -3.0699 -2.7976
 -2.5907 -2.4400 -2.3272 -2.2373 -2.1616 -2.0958 -2.0381 -1.9869 -1.9416 -1.9022
 -1.8711
-10.1249 -9.5388 -8.9704 -8.4310 -7.9225 -7.4486 -7.0116 -6.6131 -6.2521 -5.9251
 -5.6269 -5.3531 -5.1012 -4.8687 -4.6541 -4.1927 -3.7904 -3.4252 -3.1065 -2.8361
 -2.6232 -2.4671 -2.3541 -2.2689 -2.2008 -2.1434 -2.0939 -2.0507 -2.0127 -1.9796
 -1.9493
-10.4195 -9.8575 -9.2973 -8.7554 -8.2379 -7.7483 -7.2897 -6.8643 -6.4735 -6.1168
 -5.7914 -5.4927 -5.2177 -4.9630 -4.7272 -4.2247 -3.8172 -3.4577 -3.1415 -2.8729
 -2.6563 -2.4936 -2.3762 -2.2918 -2.2289 -2.1795 -2.1388 -2.1040 -2.0740 -2.0481
 -2.0265
-10.6595-10.1314 -9.6005 -9.0709 -8.5556 -8.0618 -7.5931 -7.1509 -6.7382 -6.3555
 -6.0028 -5.6779 -5.3680 -5.0875 -4.8494 -4.2819 -3.8497 -3.4939 -3.1749
 [Fe/H] = -1.50 [alpha/Fe] = 0.00 BC value = F390M
 -8.5472 -8.4274 -8.3492 -8.2977 -8.2578 -8.2150 -8.1566 -8.0716 -7.9473 -7.7711
 -7.5346 -7.2464 -6.9322 -6.6267 -6.3339 -5.6287 -4.9020 -4.2035 -3.5456
 -8.2395 -8.0559 -7.9180 -7.8194 -7.7469 -7.6832 -7.6117 -7.5185 -7.3926 -7.2234
 -7.0014 -6.7277 -6.4251 -6.1270 -5.8446 -5.1877 -4.5468 -3.9140 -3.3722 -2.9621
 -8.0103 -7.7722 -7.6052 -7.4689 -7.3473 -7.2415 -7.1435 -7.0375 -6.9093 -6.7498
 -6.5500 -6.3040 -6.0215 -5.7352 -5.4644 -4.8534 -4.2845 -3.7347 -3.2535 -2.8825
 -2.6000
 -8.0151 -7.6781 -7.4048 -7.1911 -7.0335 -6.9192 -6.8064 -6.6791 -6.5390 -6.3805
 -6.1966 -5.9798 -5.7249 -5.4530 -5.1924 -4.6163 -4.1021 -3.6139 -3.1789 -2.8362
 -2.5761 -2.3703
 -8.1654 -7.7610 -7.4159 -7.1239 -6.8791 -6.6804 -6.5247 -6.3981 -6.2788 -6.1300
 -5.9524 -5.7524 -5.5263 -5.2725 -5.0188 -4.4626 -3.9850 -3.5409 -3.1402 -2.8167
 -2.5712 -2.3799 -2.2233 -2.0902
 -8.4405 -7.9638 -7.5546 -7.2006 -6.8943 -6.6311 -6.4048 -6.2098 -6.0441 -5.9063
 -5.7680 -5.5998 -5.3993 -5.1720 -4.9286 -4.3770 -3.9193 -3.5050 -3.1292 -2.8184
 -2.5813 -2.3995 -2.2535 -2.1306 -2.0238 -1.9301 -1.8458 -1.7676 -1.6957 -1.6387
 -8.8473 -8.2891 -7.8047 -7.3849 -7.0195 -6.6999 -6.4205 -6.1752 -5.9579 -5.7642
 -5.5947 -5.4449 -5.2889 -5.1035 -4.8899 -4.3459 -3.8927 -3.4965 -3.1384 -2.8361
 -2.6025 -2.4260 -2.2876 -2.1733 -2.0751 -1.9888 -1.9126 -1.8447 -1.7843 -1.7321
 -1.6906
 -9.3585 -8.7286 -8.1673 -7.6731 -7.2406 -6.8626 -6.5314 -6.2391 -5.9796 -5.7467
 -5.5356 -5.3456 -5.1773 -5.0165 -4.8432 -4.3548 -3.8967 -3.5080 -3.1617 -2.8654
 -2.6315 -2.4564 -2.3227 -2.2156 -2.1253 -2.0469 -1.9782 -1.9175 -1.8638 -1.8191
 -1.7851
 -9.9069 -9.2313 -8.6110 -8.0494 -7.5484 -7.1063 -6.7185 -6.3778 -6.0762 -5.8065
 -5.5625 -5.3403 -5.1384 -4.9548 -4.7828 -4.3559 -3.9196 -3.5308 -3.1913 -2.8990
 -2.6637 -2.4864 -2.3550 -2.2535 -2.1705 -2.1000 -2.0391 -1.9858 -1.9394 -1.9002
 -1.8678
-10.4566 -9.7673 -9.1112 -8.4986 -7.9388 -7.4351 -6.9874 -6.5934 -6.2463 -5.9382
 -5.6614 -5.4098 -5.1794 -4.9679 -4.7731 -4.3480 -3.9490 -3.5686 -3.2321 -2.9418
 -2.7034 -2.5204 -2.3866 -2.2877 -2.2107 -2.1476 -2.0944 -2.0487 -2.0095 -1.9760
 -1.9459
-10.9438-10.2776 -9.6165 -8.9789 -8.3787 -7.8252 -7.3236 -6.8759 -6.4794 -6.1293
 -5.8171 -5.5354 -5.2783 -5.0409 -4.8225 -4.3557 -3.9695 -3.6075 -3.2755 -2.9867
 -2.7455 -2.5555 -2.4154 -2.3150 -2.2416 -2.1851 -2.1398 -2.1021 -2.0704 -2.0439
 -2.0220
-11.3318-10.7154-10.0868 -9.4532 -8.8376 -8.2527 -7.7098 -7.2159 -6.7721 -6.3765
 -6.0249 -5.7107 -5.4242 -5.1609 -4.9310 -4.3790 -3.9811 -3.6475 -3.3215
 [Fe/H] = -1.00 [alpha/Fe] = 0.00 BC value = F390M
 -8.2168 -8.1968 -8.1886 -8.1828 -8.1726 -8.1484 -8.1014 -8.0240 -7.9084 -7.7492
 -7.5451 -7.2991 -7.0233 -6.7441 -6.4715 -5.8210 -5.1758 -4.5086 -3.8579
 -7.7743 -7.7189 -7.6883 -7.6694 -7.6509 -7.6230 -7.5769 -7.5039 -7.3963 -7.2472
 -7.0512 -6.8101 -6.5403 -6.2653 -5.9989 -5.3789 -4.7909 -4.2103 -3.6530 -3.1799
 -7.5227 -7.3914 -7.3039 -7.2481 -7.2083 -7.1694 -7.1187 -7.0475 -6.9482 -6.8138
 -6.6380 -6.4180 -6.1634 -5.8984 -5.6409 -5.0520 -4.5136 -3.9970 -3.5069 -3.0810
 -2.7488
 -7.4553 -7.2461 -7.1001 -6.9880 -6.8976 -6.8268 -6.7619 -6.6862 -6.5907 -6.4686
 -6.3134 -6.1196 -5.8879 -5.6362 -5.3867 -4.8213 -4.3206 -3.8505 -3.4087 -3.0186
 -2.7093 -2.4701
 -7.6042 -7.2882 -7.0373 -6.8452 -6.7062 -6.6098 -6.5282 -6.4424 -6.3423 -6.2226
 -6.0791 -5.9066 -5.6995 -5.4640 -5.2214 -4.6685 -4.1931 -3.7562 -3.3487 -2.9857
 -2.6927 -2.4673 -2.2888 -2.1405
 -7.8838 -7.4902 -7.1594 -6.8846 -6.6619 -6.4847 -6.3466 -6.2420 -6.1581 -6.0587
 -5.9274 -5.7676 -5.5812 -5.3653 -5.1301 -4.5793 -4.1164 -3.7027 -3.3195 -2.9769
 -2.6954 -2.4786 -2.3099 -2.1724 -2.0554 -1.9534 -1.8632 -1.7801 -1.7030 -1.6403
 -8.2973 -7.8087 -7.3983 -7.0521 -6.7596 -6.5138 -6.3087 -6.1375 -5.9946 -5.8770
 -5.7729 -5.6534 -5.4992 -5.3111 -5.0953 -4.5423 -4.0796 -3.6797 -3.3141 -2.9866
 -2.7135 -2.5014 -2.3387 -2.2089 -2.1007 -2.0075 -1.9260 -1.8540 -1.7898 -1.7327
 -1.6861
 -8.8779 -8.2725 -7.7609 -7.3305 -6.9658 -6.6547 -6.3884 -6.1604 -5.9630 -5.7904
 -5.6382 -5.5051 -5.3807 -5.2398 -5.0683 -4.5490 -4.0757 -3.6803 -3.3265 -3.0098
 -2.7429 -2.5326 -2.3725 -2.2480 -2.1468 -2.0613 -1.9877 -1.9234 -1.8673 -1.8193
 -1.7810
 -9.5854 -8.8780 -8.2576 -7.7267 -7.2745 -6.8894 -6.5579 -6.2720 -6.0231 -5.8045
 -5.6094 -5.4336 -5.2755 -5.1317 -4.9897 -4.5690 -4.0969 -3.6967 -3.3490 -3.0395
 -2.7766 -2.5667 -2.4069 -2.2856 -2.1901 -2.1116 -2.0456 -1.9888 -1.9398 -1.8985
 -1.8643
-10.3428 -9.5780 -8.8726 -8.2492 -7.7030 -7.2304 -6.8236 -6.4730 -6.1688 -5.9024
 -5.6661 -5.4539 -5.2614 -5.0857 -4.9245 -4.5521 -4.1434 -3.7370 -3.3887 -3.0825
 -2.8202 -2.6078 -2.4448 -2.3233 -2.2313 -2.1587 -2.0996 -2.0499 -2.0080 -1.9729
 -1.9439
-11.0490-10.2755 -9.5293 -8.8434 -8.2207 -7.6678 -7.1817 -6.7583 -6.3916 -6.0726
 -5.7922 -5.5426 -5.3175 -5.1124 -4.9242 -4.5214 -4.1633 -3.7903 -3.4391 -3.1323
 -2.8684 -2.6514 -2.4824 -2.3572 -2.2660 -2.1979 -2.1452 -2.1027 -2.0679 -2.0396
 -2.0166
-11.6450-10.9080-10.1659 -9.4514 -8.7836 -8.1706 -7.6173 -7.1239 -6.6910 -6.3134
 -5.9836 -5.6931 -5.4336 -5.1993 -4.9888 -4.4769 -4.1566 -3.8566 -3.5002
 [Fe/H] = -0.75 [alpha/Fe] = 0.00 BC value = F390M
 -8.1789 -8.1807 -8.1856 -8.1864 -8.1781 -8.1520 -8.0999 -8.0152 -7.8946 -7.7406
 -7.5566 -7.3424 -7.1011 -6.8440 -6.5866 -5.9562 -5.3374 -4.7044 -4.0617
 -7.6944 -7.6769 -7.6707 -7.6663 -7.6557 -7.6320 -7.5881 -7.5156 -7.4093 -7.2671
 -7.0879 -6.8731 -6.6300 -6.3742 -6.1193 -5.5161 -4.9433 -4.3763 -3.8346 -3.3373
 -7.3543 -7.2863 -7.2478 -7.2253 -7.2058 -7.1795 -7.1379 -7.0742 -6.9816 -6.8554
 -6.6926 -6.4923 -6.2605 -6.0131 -5.7661 -5.1891 -4.6582 -4.1518 -3.6670 -3.2238
 -2.8592
 -7.2465 -7.0986 -6.9880 -6.9122 -6.8619 -6.8216 -6.7759 -6.7151 -6.6322 -6.5214
 -6.3780 -6.1990 -5.9858 -5.7510 -5.5121 -4.9549 -4.4563 -3.9902 -3.5502 -3.1476
 -2.8097 -2.5464
 -7.3342 -7.0990 -6.8921 -6.7589 -6.6640 -6.5872 -6.5222 -6.4546 -6.3730 -6.2709
 -6.1429 -5.9844 -5.7924 -5.5728 -5.3416 -4.7962 -4.3190 -3.8826 -3.4745 -3.1020
 -2.7846 -2.5354 -2.3404 -2.1807
 -7.5874 -7.2570 -6.9697 -6.7398 -6.5622 -6.4316 -6.3421 -6.2748 -6.2006 -6.1041
 -5.9836 -5.8386 -5.6658 -5.4633 -5.2408 -4.6992 -4.2328 -3.8174 -3.4326 -3.0821
 -2.7805 -2.5408 -2.3552 -2.2063 -2.0815 -1.9741 -1.8788 -1.7912 -1.7105 -1.6442
 -7.9879 -7.5498 -7.1825 -6.8755 -6.6222 -6.4165 -6.2523 -6.1240 -6.0261 -5.9455
 -5.8562 -5.7368 -5.5845 -5.4034 -5.1951 -4.6538 -4.1875 -3.7851 -3.4177 -3.0832
 -2.7936 -2.5601 -2.3798 -2.2382 -2.1222 -2.0235 -1.9381 -1.8627 -1.7957 -1.7357
 -1.6852
 -8.5325 -7.9766 -7.5121 -7.1246 -6.7993 -6.5263 -6.2984 -6.1084 -5.9493 -5.8142
 -5.6983 -5.5946 -5.4838 -5.3449 -5.1720 -4.6516 -4.1766 -3.7785 -3.4233 -3.1004
 -2.8197 -2.5901 -2.4121 -2.2747 -2.1651 -2.0740 -1.9966 -1.9297 -1.8713 -1.8215
 -1.7801
 -9.2526 -8.5672 -7.9826 -7.4915 -7.0807 -6.7349 -6.4418 -6.1920 -5.9785 -5.7934
 -5.6301 -5.4838 -5.3524 -5.2297 -5.0996 -4.6742 -4.1928 -3.7900 -3.4408 -3.1263
 -2.8513 -2.6245 -2.4470 -2.3117 -2.2067 -2.1222 -2.0523 -1.9928 -1.9419 -1.8987
 -1.8634
-10.0813 -9.3110 -8.6106 -8.0066 -7.4913 -7.0556 -6.6859 -6.3706 -6.0993 -5.8636
 -5.6563 -5.4710 -5.3028 -5.1494 -5.0085 -4.6622 -4.2413 -3.8273 -3.4773 -3.1670
 -2.8944 -2.6672 -2.4875 -2.3511 -2.2483 -2.1686 -2.1050 -2.0525 -2.0086 -1.9720
 -1.9419
-10.8828-10.0814 -9.3239 -8.6307 -8.0202 -7.4893 -7.0322 -6.6401 -6.3034 -6.0123
 -5.7579 -5.5327 -5.3302 -5.1462 -4.9774 -4.6140 -4.2677 -3.8838 -3.5266 -3.2156
 -2.9427 -2.7128 -2.5290 -2.3886 -2.2852 -2.2087 -2.1505 -2.1046 -2.0675 -2.0377
 -2.0137
-11.5820-10.7975-10.0232 -9.2877 -8.6149 -8.0093 -7.4727 -7.0016 -6.5922 -6.2383
 -5.9313 -5.6620 -5.4228 -5.2076 -5.0063 -4.5296 -4.2720 -3.9595 -3.5887
 [Fe/H] = -0.50 [alpha/Fe] = 0.00 BC value = F390M
 -8.2091 -8.2215 -8.2312 -8.2322 -8.2203 -8.1867 -8.1229 -8.0240 -7.8940 -7.7433
 -7.5812 -7.4002 -7.1954 -6.9692 -6.7309 -6.1243 -5.5238 -4.9139 -4.2939
 -7.6970 -7.6996 -7.7050 -7.7059 -7.6963 -7.6706 -7.6226 -7.5449 -7.4350 -7.2970
 -7.1351 -6.9497 -6.7387 -6.5087 -6.2701 -5.6849 -5.1217 -4.5725 -4.0358 -3.5278
 -7.2937 -7.2680 -7.2570 -7.2503 -7.2394 -7.2176 -7.1786 -7.1161 -7.0251 -6.9040
 -6.7542 -6.5767 -6.3726 -6.1487 -5.9166 -5.3544 -4.8278 -4.3262 -3.8457 -3.3952
 -3.0005
 -7.0914 -6.9927 -6.9333 -6.8986 -6.8742 -6.8484 -6.8123 -6.7588 -6.6823 -6.5783
 -6.4454 -6.2833 -6.0928 -5.8801 -5.6562 -5.1125 -4.6147 -4.1493 -3.7096 -3.3012
 -2.9392 -2.6465
 -7.1178 -6.9312 -6.8003 -6.7026 -6.6313 -6.5809 -6.5367 -6.4838 -6.4149 -6.3240
 -6.2071 -6.0622 -5.8885 -5.6892 -5.4744 -4.9431 -4.4646 -4.0266 -3.6168 -3.2392
 -2.9031 -2.6267 -2.4099 -2.2350
 -7.3451 -7.0451 -6.8085 -6.6310 -6.5054 -6.4192 -6.3546 -6.2960 -6.2269 -6.1412
 -6.0348 -5.9045 -5.7472 -5.5629 -5.3578 -4.8342 -4.3656 -3.9474 -3.5603 -3.2050
 -2.8888 -2.6248 -2.4173 -2.2529 -2.1175 -2.0018 -1.8998 -1.8069 -1.7216 -1.6510
 -7.6952 -7.3061 -6.9819 -6.7161 -6.5043 -6.3398 -6.2175 -6.1329 -6.0707 -6.0042
 -5.9147 -5.7980 -5.6556 -5.4872 -5.2939 -4.7765 -4.3093 -3.9035 -3.5338 -3.1947
 -2.8930 -2.6385 -2.4367 -2.2791 -2.1524 -2.0463 -1.9552 -1.8756 -1.8048 -1.7410
 -1.6867
 -8.1812 -7.6857 -7.2717 -6.9260 -6.6395 -6.4046 -6.2143 -6.0625 -5.9427 -5.8469
 -5.7647 -5.6801 -5.5731 -5.4342 -5.2648 -4.7616 -4.2892 -3.8880 -3.5305 -3.2036
 -2.9121 -2.6645 -2.4662 -2.3122 -2.1912 -2.0926 -2.0100 -1.9393 -1.8782 -1.8257
 -1.7812
 -8.8569 -8.2224 -7.6913 -7.2495 -6.8822 -6.5759 -6.3207 -6.1084 -5.9317 -5.7825
 -5.6534 -5.5390 -5.4346 -5.3294 -5.2061 -4.7769 -4.2976 -3.8928 -3.5418 -3.2237
 -2.9389 -2.6961 -2.5000 -2.3477 -2.2306 -2.1380 -2.0627 -1.9996 -1.9460 -1.9008
 -1.8639
 -9.7145 -8.9593 -8.2908 -7.7260 -7.2544 -6.8613 -6.5323 -6.2550 -6.0198 -5.8188
 -5.6439 -5.4884 -5.3473 -5.2186 -5.0990 -4.7752 -4.3410 -3.9253 -3.5737 -3.2605
 -2.9795 -2.7380 -2.5414 -2.3883 -2.2721 -2.1833 -2.1137 -2.0573 -2.0108 -1.9723
 -1.9408
-10.6046 -9.7918 -9.0367 -8.3535 -7.7677 -7.2706 -6.8515 -6.4976 -6.1968 -5.9392
 -5.7157 -5.5190 -5.3426 -5.1821 -5.0351 -4.7141 -4.3768 -3.9794 -3.6198 -3.3065
 -3.0267 -2.7841 -2.5851 -2.4290 -2.3113 -2.2241 -2.1589 -2.1084 -2.0684 -2.0365
 -2.0112
-11.3936-10.5845 -9.7967 -9.0584 -8.3851 -7.7944 -7.2819 -6.8420 -6.4651 -6.1427
 -5.8645 -5.6221 -5.4077 -5.2151 -5.0144 -4.5936 -4.4050 -4.0551 -3.6801
 [Fe/H] = -0.25 [alpha/Fe] = 0.00 BC value = F390M
 -8.2774 -8.2945 -8.3042 -8.3004 -8.2801 -8.2341 -8.1533 -8.0350 -7.8952 -7.7489
 -7.6026 -7.4506 -7.2818 -7.0905 -6.8774 -6.3029 -5.7165 -5.1269 -4.5345
 -7.7409 -7.7541 -7.7638 -7.7642 -7.7505 -7.7178 -7.6604 -7.5713 -7.4550 -7.3202
 -7.1739 -7.0147 -6.8363 -6.6364 -6.4197 -5.8578 -5.3039 -4.7647 -4.2433 -3.7371
 -7.2933 -7.2914 -7.2941 -7.2939 -7.2846 -7.2611 -7.2185 -7.1509 -7.0566 -6.9381
 -6.8001 -6.6444 -6.4684 -6.2715 -6.0591 -5.5169 -4.9960 -4.5002 -4.0283 -3.5801
 -3.1686
 -6.9943 -6.9503 -6.9279 -6.9151 -6.9020 -6.8814 -6.8474 -6.7942 -6.7177 -6.6164
 -6.4917 -6.3459 -6.1788 -5.9904 -5.7857 -5.2615 -4.7675 -4.3056 -3.8709 -3.4641
 -3.0908 -2.7699
 -6.9398 -6.8077 -6.7151 -6.6564 -6.6192 -6.5894 -6.5554 -6.5089 -6.4444 -6.3579
 -6.2479 -6.1152 -5.9598 -5.7825 -5.5870 -5.0772 -4.6014 -4.1655 -3.7595 -3.3830
 -3.0392 -2.7395 -2.4974 -2.3025
 -7.0875 -6.8479 -6.6750 -6.5551 -6.4675 -6.4003 -6.3491 -6.2990 -6.2383 -6.1611
 -6.0636 -5.9440 -5.8015 -5.6365 -5.4513 -4.9537 -4.4875 -4.0703 -3.6864 -3.3322
 -3.0103 -2.7279 -2.4963 -2.3127 -2.1633 -2.0377 -1.9282 -1.8282 -1.7369 -1.6608
 -7.4011 -7.0624 -6.7859 -6.5685 -6.4039 -6.2845 -6.2025 -6.1453 -6.0909 -6.0214
 -5.9327 -5.8238 -5.6935 -5.5410 -5.3668 -4.8819 -4.4191 -4.0128 -3.6459 -3.3082
 -3.0019 -2.7326 -2.5093 -2.3320 -2.1913 -2.0757 -1.9778 -1.8929 -1.8172 -1.7488
 -1.6902
 -7.8277 -7.3943 -7.0314 -6.7300 -6.4846 -6.2887 -6.1358 -6.0210 -5.9392 -5.8753
 -5.8103 -5.7271 -5.6173 -5.4815 -5.3220 -4.8532 -4.3896 -3.9873 -3.6317 -3.3064
 -3.0110 -2.7511 -2.5337 -2.3607 -2.2251 -2.1168 -2.0277 -1.9520 -1.8873 -1.8318
 -1.7835
 -8.4149 -7.8579 -7.3919 -7.0032 -6.6800 -6.4131 -6.1950 -6.0187 -5.8776 -5.7638
 -5.6683 -5.5835 -5.4994 -5.4018 -5.2785 -4.8546 -4.3896 -3.9848 -3.6347 -3.3179
 -3.0300 -2.7766 -2.5640 -2.3938 -2.2616 -2.1585 -2.0764 -2.0087 -1.9520 -1.9041
 -1.8651
 -9.2333 -8.5265 -7.9225 -7.4179 -6.9992 -6.6523 -6.3642 -6.1249 -5.9264 -5.7605
 -5.6190 -5.4941 -5.3812 -5.2773 -5.1760 -4.8625 -4.4241 -4.0120 -3.6610 -3.3488
 -3.0654 -2.8147 -2.6038 -2.4343 -2.3028 -2.2025 -2.1252 -2.0638 -2.0140 -1.9731
 -1.9399
-10.1857 -9.3779 -8.6459 -8.0055 -7.4659 -7.0164 -6.6427 -6.3309 -6.0689 -5.8473
 -5.6575 -5.4918 -5.3433 -5.2079 -5.0840 -4.8027 -4.4668 -4.0610 -3.7030 -3.3907
 -3.1093 -2.8590 -2.6472 -2.4764 -2.3438 -2.2442 -2.1699 -2.1135 -2.0696 -2.0352
 -2.0083
-11.0820-10.2569 -9.4657 -8.7344 -8.0803 -7.5187 -7.0434 -6.6435 -6.3067 -6.0212
 -5.7770 -5.5655 -5.3791 -5.2120 -5.0025 -4.6752 -4.5177 -4.1318 -3.7607
 [Fe/H] =  0.00 [alpha/Fe] = 0.00 BC value = F390M
 -8.4400 -8.4553 -8.4582 -8.4425 -8.4028 -8.3327 -8.2254 -8.0837 -7.9358 -7.7918
 -7.6595 -7.5336 -7.4019 -7.2497 -7.0750 -6.5489 -5.9707 -5.3867 -4.8050
 -7.8843 -7.8991 -7.9059 -7.8991 -7.8742 -7.8269 -7.7511 -7.6431 -7.5169 -7.3844
 -7.2522 -7.1188 -6.9759 -6.8142 -6.6304 -6.1083 -5.5565 -5.0119 -4.4918 -3.9844
 -7.4039 -7.4114 -7.4172 -7.4152 -7.4003 -7.3684 -7.3148 -7.2345 -7.1317 -7.0141
 -6.8879 -6.7547 -6.6103 -6.4484 -6.2665 -5.7610 -5.2405 -4.7358 -4.2588 -3.8056
 -3.3814
 -7.0412 -7.0247 -7.0182 -7.0127 -7.0012 -6.9782 -6.9393 -6.8791 -6.7966 -6.6950
 -6.5787 -6.4509 -6.3104 -6.1534 -5.9777 -5.4912 -4.9992 -4.5278 -4.0846 -3.6695
 -3.2850 -2.9385
 -6.8762 -6.7842 -6.7361 -6.7080 -6.6872 -6.6641 -6.6318 -6.5843 -6.5175 -6.4310
 -6.3266 -6.2072 -6.0734 -5.9236 -5.7558 -5.2865 -4.8155 -4.3718 -3.9566 -3.5703
 -3.2156 -2.8953 -2.6232 -2.4027
 -6.9285 -6.7589 -6.6362 -6.5440 -6.4791 -6.4344 -6.3965 -6.3525 -6.2951 -6.2206
 -6.1281 -6.0186 -5.8931 -5.7514 -5.5921 -5.1390 -4.6815 -4.2585 -3.8667 -3.5028
 -3.1702 -2.8705 -2.6128 -2.4030 -2.2336 -2.0926 -1.9700 -1.8590 -1.7592 -1.6755
 -7.1807 -6.8896 -6.6650 -6.5011 -6.3856 -6.3020 -6.2373 -6.1853 -6.1298 -6.0619
 -5.9786 -5.8788 -5.7623 -5.6290 -5.4786 -5.0428 -4.5927 -4.1829 -3.8094 -3.4633
 -3.1469 -2.8627 -2.6167 -2.4146 -2.2535 -2.1226 -2.0136 -1.9199 -1.8365 -1.7615
 -1.6975
 -7.5609 -7.1752 -6.8548 -6.5956 -6.3921 -6.2363 -6.1207 -6.0400 -5.9841 -5.9307
 -5.8637 -5.7776 -5.6719 -5.5481 -5.4067 -4.9896 -4.5450 -4.1407 -3.7802 -3.4481
 -3.1434 -2.8700 -2.6331 -2.4371 -2.2813 -2.1579 -2.0579 -1.9746 -1.9035 -1.8429
 -1.7896
 -8.0702 -7.5777 -7.1637 -6.8184 -6.5336 -6.3030 -6.1191 -5.9749 -5.8659 -5.7847
 -5.7177 -5.6527 -5.5768 -5.4802 -5.3592 -4.9679 -4.5292 -4.1254 -3.7708 -3.4486
 -3.1525 -2.8864 -2.6563 -2.4655 -2.3137 -2.1953 -2.1021 -2.0268 -1.9645 -1.9125
 -1.8703
 -8.7990 -8.1600 -7.6232 -7.1744 -6.8012 -6.4924 -6.2391 -6.0327 -5.8661 -5.7319
 -5.6215 -5.5267 -5.4412 -5.3597 -5.2729 -4.9701 -4.5485 -4.1425 -3.7881 -3.4712
 -3.1808 -2.9186 -2.6916 -2.5034 -2.3532 -2.2372 -2.1482 -2.0789 -2.0235 -1.9785
 -1.9427
 -9.7390 -8.9659 -8.2805 -7.6992 -7.2116 -6.8071 -6.4729 -6.1967 -5.9683 -5.7794
 -5.6212 -5.4854 -5.3651 -5.2564 -5.1570 -4.9170 -4.5859 -4.1828 -3.8237 -3.5074
 -3.2202 -2.9598 -2.7330 -2.5448 -2.3947 -2.2790 -2.1922 -2.1270 -2.0771 -2.0386
 -2.0091
-10.7209 -9.8925 -9.1135 -8.4081 -7.7921 -7.2699 -6.8346 -6.4729 -6.1717 -5.9198
 -5.7075 -5.5262 -5.3679 -5.2269 -5.0115 -4.8086 -4.6414 -4.2463 -3.8776
 [Fe/H] =  0.25 [alpha/Fe] = 0.00 BC value = F390M
 -8.6284 -8.6410 -8.6351 -8.5871 -8.5014 -8.3888 -8.2584 -8.1179 -7.9737 -7.8338
 -7.7097 -7.6001 -7.4952 -7.3810 -7.2412 -6.7828 -6.2199 -5.6449 -5.0421
 -8.0520 -8.0665 -8.0675 -8.0494 -8.0078 -7.9386 -7.8361 -7.7040 -7.5702 -7.4395
 -7.3165 -7.2007 -7.0854 -6.9588 -6.8112 -6.3476 -5.8070 -5.2572 -4.7400 -4.2430
 -7.5397 -7.5521 -7.5569 -7.5489 -7.5233 -7.4769 -7.4057 -7.3066 -7.1924 -7.0743
 -6.9568 -6.8402 -6.7214 -6.5915 -6.4429 -5.9906 -5.4798 -4.9680 -4.4897 -4.0390
 -3.6154
 -7.1264 -7.1261 -7.1271 -7.1226 -7.1069 -7.0757 -7.0258 -6.9521 -6.8585 -6.7535
 -6.6433 -6.5297 -6.4115 -6.2830 -6.1380 -5.7035 -5.2224 -4.7449 -4.2978 -3.8814
 -3.4924 -3.1318
 -6.8529 -6.8148 -6.7947 -6.7814 -6.7659 -6.7420 -6.7049 -6.6498 -6.5743 -6.4829
 -6.3812 -6.2726 -6.1573 -6.0322 -5.8925 -5.4762 -5.0194 -4.5717 -4.1518 -3.7622
 -3.4021 -3.0709 -2.7749 -2.5255
 -6.8185 -6.6903 -6.6021 -6.5464 -6.5101 -6.4801 -6.4459 -6.4008 -6.3395 -6.2610
 -6.1689 -6.0671 -5.9560 -5.8352 -5.7013 -5.3030 -4.8639 -4.4399 -4.0441 -3.6763
 -3.3378 -3.0287 -2.7518 -2.5161 -2.3230 -2.1625 -2.0247 -1.9001 -1.7896 -1.6959
 -6.9717 -6.7460 -6.5819 -6.4680 -6.3795 -6.3095 -6.2563 -6.2093 -6.1543 -6.0857
 -6.0029 -5.9084 -5.8032 -5.6873 -5.5594 -5.1796 -4.7534 -4.3453 -3.9694 -3.6200
 -3.2979 -3.0048 -2.7432 -2.5186 -2.3346 -2.1852 -2.0615 -1.9561 -1.8628 -1.7794
 -1.7078
 -7.3023 -6.9643 -6.6918 -6.4817 -6.3258 -6.2132 -6.1309 -6.0668 -6.0132 -5.9525
 -5.8785 -5.7916 -5.6928 -5.5824 -5.4603 -5.0997 -4.6856 -4.2862 -3.9241 -3.5899
 -3.2805 -2.9988 -2.7482 -2.5328 -2.3556 -2.2134 -2.0992 -2.0052 -1.9259 -1.8584
 -1.7984
 -7.7442 -7.3108 -6.9464 -6.6450 -6.4021 -6.2108 -6.0622 -5.9505 -5.8698 -5.8111
 -5.7550 -5.6896 -5.6081 -5.5093 -5.3949 -5.0525 -4.6518 -4.2563 -3.9009 -3.5774
 -3.2779 -3.0045 -2.7620 -2.5540 -2.3823 -2.2455 -2.1380 -2.0523 -1.9823 -1.9246
 -1.8778
 -8.3634 -7.8059 -7.3360 -6.9419 -6.6135 -6.3440 -6.1259 -5.9510 -5.8131 -5.7072
 -5.6240 -5.5538 -5.4872 -5.4157 -5.3313 -5.0361 -4.6527 -4.2614 -3.9073 -3.5894
 -3.2969 -3.0290 -2.7909 -2.5870 -2.4188 -2.2847 -2.1810 -2.1007 -2.0376 -1.9875
 -1.9474
 -9.2218 -8.5141 -7.9039 -7.3899 -6.9599 -6.6027 -6.3079 -6.0660 -5.8693 -5.7098
 -5.5800 -5.4716 -5.3778 -5.2935 -5.2146 -4.9994 -4.6748 -4.2903 -3.9347 -3.6177
 -3.3291 -3.0645 -2.8281 -2.6256 -2.4587 -2.3257 -2.2237 -2.1466 -2.0886 -2.0447
 -2.0111
-10.2354 -9.4258 -8.6884 -8.0326 -7.4760 -7.0072 -6.6181 -6.2962 -6.0306 -5.8114
 -5.6297 -5.4773 -5.3462 -5.2308 -5.0448 -4.9424 -4.7181 -4.3430 -3.9831
 [Fe/H] =  0.50 [alpha/Fe] = 0.00 BC value = F390M
 -8.8482 -8.8077 -8.7434 -8.6578 -8.5531 -8.4313 -8.2941 -8.1495 -8.0168 -7.8829
 -7.7631 -7.6623 -7.5756 -7.4889 -7.3882 -7.0084 -6.4813 -5.9063 -5.2889
 -8.2566 -8.2713 -8.2629 -8.2297 -8.1592 -8.0528 -7.9151 -7.7606 -7.6250 -7.4971
 -7.3803 -7.2763 -7.1807 -7.0832 -6.9712 -6.5843 -6.0696 -5.5122 -4.9792 -4.4787
 -7.7157 -7.7318 -7.7309 -7.7128 -7.6710 -7.6027 -7.5053 -7.3808 -7.2547 -7.1355
 -7.0240 -6.9197 -6.8199 -6.7173 -6.6017 -6.2210 -5.7334 -5.2138 -4.7293 -4.2819
 -3.8521
 -7.2586 -7.2676 -7.2708 -7.2622 -7.2370 -7.1917 -7.1238 -7.0302 -6.9214 -6.8120
 -6.7056 -6.6036 -6.5031 -6.3992 -6.2842 -5.9175 -5.4609 -4.9784 -4.5235 -4.1063
 -3.7155 -3.3470
 -6.9140 -6.9017 -6.8957 -6.8874 -6.8701 -6.8393 -6.7914 -6.7226 -6.6330 -6.5337
 -6.4330 -6.3337 -6.2340 -6.1305 -6.0177 -5.6675 -5.2382 -4.7894 -4.3616 -3.9684
 -3.6050 -3.2667 -2.9543 -2.6773
 -6.7487 -6.6719 -6.6272 -6.5995 -6.5764 -6.5491 -6.5115 -6.4591 -6.3879 -6.3008
 -6.2067 -6.1107 -6.0128 -5.9106 -5.8006 -5.4666 -5.0596 -4.6388 -4.2366 -3.8645
 -3.5215 -3.2055 -2.9159 -2.6578 -2.4384 -2.2546 -2.0967 -1.9551 -1.8303 -1.7238
 -6.8182 -6.6404 -6.5412 -6.4481 -6.3810 -6.3327 -6.2912 -6.2445 -6.1856 -6.1109
 -6.0247 -5.9331 -5.8377 -5.7376 -5.6305 -5.3125 -4.9245 -4.5240 -4.1443 -3.7910
 -3.4642 -3.1644 -2.8916 -2.6491 -2.4416 -2.2696 -2.1270 -2.0056 -1.8988 -1.8046
 -1.7233
 -7.0775 -6.7900 -6.5723 -6.4179 -6.3077 -6.2225 -6.1489 -6.0863 -6.0291 -5.9626
 -5.8841 -5.7976 -5.7056 -5.6084 -5.5042 -5.2019 -4.8318 -4.4453 -4.0818 -3.7447
 -3.4315 -3.1434 -2.8830 -2.6522 -2.4545 -2.2909 -2.1581 -2.0491 -1.9580 -1.8807
 -1.8119
 -7.4673 -7.0835 -6.7637 -6.5066 -6.3073 -6.1565 -6.0448 -5.9616 -5.8962 -5.8388
 -5.7731 -5.6958 -5.6095 -5.5157 -5.4147 -5.1262 -4.7743 -4.3973 -4.0429 -3.7179
 -3.4156 -3.1367 -2.8851 -2.6633 -2.4737 -2.3168 -2.1911 -2.0905 -2.0093 -1.9433
 -1.8899
 -7.9923 -7.5059 -7.0933 -6.7459 -6.4591 -6.2279 -6.0444 -5.8999 -5.7888 -5.7066
 -5.6426 -5.5824 -5.5174 -5.4423 -5.3541 -5.0837 -4.7519 -4.3860 -4.0362 -3.7176
 -3.4237 -3.1517 -2.9055 -2.6890 -2.5044 -2.3517 -2.2302 -2.1350 -2.0608 -2.0023
 -1.9562
 -8.7303 -8.1021 -7.5712 -7.1225 -6.7449 -6.4304 -6.1720 -5.9624 -5.7935 -5.6591
 -5.5531 -5.4681 -5.3954 -5.3282 -5.2602 -5.0524 -4.7514 -4.3991 -4.0525 -3.7359
 -3.4467 -3.1796 -2.9366 -2.7224 -2.5402 -2.3900 -2.2707 -2.1785 -2.1089 -2.0565
 -2.0169
 -9.6998 -8.9347 -8.2563 -7.6760 -7.1841 -6.7714 -6.4274 -6.1429 -5.9093 -5.7185
 -5.5629 -5.4351 -5.3279 -5.2357 -5.1330 -5.0323 -4.7728 -4.4366 -4.0918
 [Fe/H] =  0.75 [alpha/Fe] = 0.00 BC value = F390M
 -9.0780 -8.9313 -8.7910 -8.6566 -8.5277 -8.4039 -8.2849 -8.1703 -8.0560 -7.9320
 -7.8153 -7.7175 -7.6399 -7.5732 -7.5000 -7.2035 -6.7204 -6.1516 -5.5451
 -8.4796 -8.4914 -8.4765 -8.4260 -8.3048 -8.1376 -7.9599 -7.8014 -7.6746 -7.5527
 -7.4409 -7.3427 -7.2586 -7.1815 -7.0994 -6.7983 -6.3253 -5.7668 -5.2358 -4.7562
 -7.9189 -7.9587 -7.9289 -7.8980 -7.8350 -7.7370 -7.6018 -7.4440 -7.3116 -7.1935
 -7.0865 -6.9902 -6.9029 -6.8202 -6.7328 -6.4335 -5.9885 -5.4667 -4.9693 -4.5236
 -4.1026
 -7.4246 -7.4393 -7.4418 -7.4258 -7.3865 -7.3209 -7.2282 -7.1077 -6.9817 -6.8681
 -6.7644 -6.6706 -6.5826 -6.4971 -6.4077 -6.1170 -5.7037 -5.2235 -4.7566 -4.3364
 -3.9463 -3.5751
 -7.0245 -7.0276 -7.0286 -7.0199 -6.9956 -6.9525 -6.8879 -6.7992 -6.6913 -6.5832
 -6.4827 -6.3901 -6.3025 -6.2159 -6.1259 -5.8464 -5.4624 -5.0211 -4.5836 -4.1849
 -3.8198 -3.4769 -3.1540 -2.8562
 -6.7566 -6.7227 -6.7041 -6.6890 -6.6687 -6.6371 -6.5901 -6.5248 -6.4388 -6.3404
 -6.2429 -6.1514 -6.0642 -5.9773 -5.8875 -5.6193 -5.2607 -4.8524 -4.4441 -4.0654
 -3.7192 -3.3979 -3.0992 -2.8244 -2.5799 -2.3706 -2.1881 -2.0252 -1.8836 -1.7612
 -6.7323 -6.6058 -6.5170 -6.4597 -6.4196 -6.3840 -6.3430 -6.2905 -6.2224 -6.1374
 -6.0451 -5.9547 -5.8677 -5.7814 -5.6923 -5.4349 -5.0987 -4.7164 -4.3345 -3.9756
 -3.6447 -3.3397 -3.0589 -2.8027 -2.5745 -2.3785 -2.2133 -2.0721 -1.9478 -1.8394
 -1.7458
 -6.8880 -6.6705 -6.5089 -6.3940 -6.3049 -6.2263 -6.1622 -6.1067 -6.0465 -5.9736
 -5.8885 -5.8003 -5.7142 -5.6282 -5.5399 -5.2927 -4.9774 -4.6151 -4.2538 -3.9127
 -3.5958 -3.3028 -3.0350 -2.7927 -2.5776 -2.3927 -2.2381 -2.1099 -2.0031 -1.9122
 -1.8323
 -7.2279 -6.8880 -6.6154 -6.4058 -6.2535 -6.1447 -6.0608 -5.9855 -5.9144 -5.8464
 -5.7690 -5.6845 -5.5989 -5.5136 -5.4264 -5.1875 -4.8916 -4.5455 -4.1972 -3.8702
 -3.5652 -3.2820 -3.0235 -2.7914 -2.5868 -2.4111 -2.2649 -2.1457 -2.0492 -1.9713
 -1.9081
 -7.6884 -7.2549 -6.8871 -6.5817 -6.3360 -6.1439 -5.9956 -5.8829 -5.7972 -5.7285
 -5.6653 -5.5947 -5.5165 -5.4346 -5.3495 -5.1183 -4.8415 -4.5131 -4.1744 -3.8560
 -3.5606 -3.2855 -3.0333 -2.8072 -2.6091 -2.4398 -2.2993 -2.1860 -2.0964 -2.0256
 -1.9714
 -8.3144 -7.7641 -7.2951 -6.8972 -6.5628 -6.2874 -6.0647 -5.8864 -5.7446 -5.6336
 -5.5483 -5.4790 -5.4151 -5.3503 -5.2807 -5.0736 -4.8150 -4.5053 -4.1760 -3.8622
 -3.5726 -3.3037 -3.0561 -2.8332 -2.6384 -2.4727 -2.3362 -2.2267 -2.1417 -2.0771
 -2.0295
 -9.1785 -8.4852 -7.8832 -7.3702 -6.9348 -6.5691 -6.2647 -6.0147 -5.8110 -5.6462
 -5.5132 -5.4067 -5.3195 -5.2454 -5.2200 -5.0534 -4.8121 -4.5221 -4.2020
 [Fe/H] =  1.00 [alpha/Fe] = 0.00 BC value = F390M
 -9.3017 -9.0902 -8.8992 -8.7269 -8.5715 -8.4317 -8.3060 -8.1934 -8.0884 -7.9754
 -7.8611 -7.7629 -7.6880 -7.6304 -7.5771 -7.3623 -6.9306 -6.3792 -5.8110
 -8.7011 -8.8146 -8.8173 -8.7205 -8.5344 -8.2677 -7.9798 -7.8316 -7.7153 -7.6013
 -7.4928 -7.3970 -7.3179 -7.2527 -7.1910 -6.9710 -6.5542 -6.0090 -5.4615 -4.9860
 -8.1285 -8.2434 -8.1342 -8.0896 -8.0019 -7.8673 -7.6670 -7.4853 -7.3585 -7.2439
 -7.1409 -7.0491 -6.9685 -6.8978 -6.8307 -6.6086 -6.2238 -5.7098 -5.1971 -4.7492
 -4.3386
 -7.6076 -7.6265 -7.6272 -7.6025 -7.5460 -7.4544 -7.3293 -7.1728 -7.0339 -6.9180
 -6.8167 -6.7280 -6.6479 -6.5744 -6.5034 -6.2848 -5.9324 -5.4660 -4.9851 -4.5587
 -4.1724 -3.8029
 -7.1641 -7.1778 -7.1823 -7.1704 -7.1358 -7.0754 -6.9878 -6.8741 -6.7452 -6.6292
 -6.5282 -6.4402 -6.3610 -6.2863 -6.2130 -5.9989 -5.6759 -5.2549 -4.8084 -4.4002
 -4.0338 -3.6910 -3.3631 -3.0508
 -6.8262 -6.8177 -6.8130 -6.8029 -6.7799 -6.7393 -6.6775 -6.5940 -6.4893 -6.3784
 -6.2777 -6.1890 -6.1095 -6.0344 -5.9600 -5.7505 -5.4532 -5.0709 -4.6596 -4.2713
 -3.9211 -3.5975 -3.2926 -3.0072 -2.7438 -2.5071 -2.2990 -2.1136 -1.9512 -1.8096
 -6.6705 -6.5963 -6.5472 -6.5171 -6.4895 -6.4550 -6.4077 -6.3442 -6.2624 -6.1642
 -6.0652 -5.9755 -5.8948 -5.8195 -5.7447 -5.5402 -5.2653 -4.9148 -4.5357 -4.1690
 -3.8332 -3.5242 -3.2379 -2.9719 -2.7288 -2.5112 -2.3210 -2.1571 -2.0121 -1.8858
 -1.7770
 -6.7551 -6.6013 -6.4768 -6.3786 -6.3031 -6.2451 -6.1932 -6.1373 -6.0697 -5.9868
 -5.8931 -5.8023 -5.7200 -5.6438 -5.5689 -5.3695 -5.1141 -4.7904 -4.4373 -4.0918
 -3.7698 -3.4732 -3.1993 -2.9482 -2.7200 -2.5164 -2.3403 -2.1907 -2.0645 -1.9558
 -1.8614
 -7.0242 -6.7303 -6.5103 -6.3535 -6.2453 -6.1571 -6.0723 -5.9916 -5.9194 -5.8453
 -5.7600 -5.6700 -5.5852 -5.5070 -5.4319 -5.2361 -4.9977 -4.6953 -4.3619 -4.0335
 -3.7249 -3.4382 -3.1743 -2.9338 -2.7176 -2.5258 -2.3604 -2.2208 -2.1055 -2.0120
 -1.9350
 -7.4370 -7.0463 -6.7189 -6.4547 -6.2506 -6.0976 -5.9852 -5.8995 -5.8228 -5.7449
 -5.6656 -5.5786 -5.4918 -5.4109 -5.3341 -5.1409 -4.9175 -4.6373 -4.3202 -4.0044
 -3.7070 -3.4292 -3.1725 -2.9388 -2.7301 -2.5464 -2.3888 -2.2567 -2.1487 -2.0624
 -1.9958
 -7.9786 -7.4886 -7.0690 -6.7132 -6.4179 -6.1793 -5.9904 -5.8421 -5.7270 -5.6378
 -5.5648 -5.4957 -5.4205 -5.3424 -5.2657 -5.0755 -4.8636 -4.6038 -4.3030 -3.9966
 -3.7067 -3.4363 -3.1853 -2.9559 -2.7512 -2.5724 -2.4203 -2.2935 -2.1909 -2.1107
 -2.0497
 -8.7241 -8.1047 -7.5717 -7.1159 -6.7289 -6.4039 -6.1358 -5.9177 -5.7417 -5.6002
 -5.4874 -5.3984 -5.3241 -5.2566 -5.2267 -5.0399 -4.8360 -4.5948 -4.3103
