 [Fe/H] = -2.00 [alpha/Fe] =-0.40 BC value = F210M
  0.9438  1.0256  1.1531  1.1852  1.1539  1.1159  1.0707  1.0299  0.9732  0.9166
  0.8559  0.7904  0.7208  0.6479  0.5725  0.3872  0.2054  0.0520 -0.1144
  0.9317  0.9575  0.9797  1.0090  1.0485  1.0608  1.0365  0.9940  0.9427  0.8860
  0.8250  0.7602  0.6925  0.6229  0.5524  0.3765  0.2049  0.0387 -0.1220 -0.2774
  0.8463  0.8755  0.8903  0.9012  0.9133  0.9364  0.9597  0.9516  0.9140  0.8607
  0.8022  0.7390  0.6725  0.6039  0.5344  0.3612  0.1925  0.0288 -0.1300 -0.2833
 -0.4315
  0.7520  0.7932  0.8132  0.8207  0.8236  0.8254  0.8296  0.8435  0.8460  0.8210
  0.7744  0.7162  0.6524  0.5854  0.5170  0.3461  0.1802  0.0192 -0.1372 -0.2889
 -0.4352 -0.5766
  0.6365  0.6994  0.7321  0.7460  0.7486  0.7466  0.7424  0.7365  0.7340  0.7289
  0.7124  0.6766  0.6255  0.5645  0.4988  0.3309  0.1675  0.0098 -0.1439 -0.2941
 -0.4390 -0.5788 -0.7139 -0.8451
  0.5014  0.5833  0.6374  0.6644  0.6744  0.6743  0.6694  0.6621  0.6504  0.6349
  0.6196  0.6004  0.5695  0.5259  0.4724  0.3149  0.1542 -0.0003 -0.1507 -0.2987
 -0.4426 -0.5814 -0.7151 -0.8444 -0.9704 -1.0932 -1.2128 -1.3289 -1.4417 -1.5511
  0.3525  0.4481  0.5236  0.5675  0.5909  0.5988  0.5974  0.5915  0.5821  0.5677
  0.5478  0.5244  0.4981  0.4657  0.4249  0.2930  0.1397 -0.0118 -0.1585 -0.3032
 -0.4457 -0.5838 -0.7168 -0.8449 -0.9689 -1.0892 -1.2062 -1.3206 -1.4325 -1.5420
 -1.6477
  0.1954  0.3004  0.3887  0.4505  0.4908  0.5122  0.5195  0.5181  0.5116  0.5015
  0.4864  0.4657  0.4393  0.4079  0.3721  0.2593  0.1214 -0.0247 -0.1679 -0.3086
 -0.4484 -0.5856 -0.7183 -0.8459 -0.9690 -1.0881 -1.2036 -1.3160 -1.4258 -1.5333
 -1.6388
  0.0362  0.1469  0.2407  0.3124  0.3702  0.4078  0.4285  0.4363  0.4355  0.4295
  0.4197  0.4054  0.3854  0.3586  0.3255  0.2220  0.0965 -0.0408 -0.1806 -0.3177
 -0.4539 -0.5893 -0.7217 -0.8496 -0.9725 -1.0910 -1.2057 -1.3169 -1.4252 -1.5310
 -1.6342
 -0.1195 -0.0055  0.0899  0.1687  0.2324  0.2824  0.3189  0.3400  0.3491  0.3498
  0.3453  0.3368  0.3242  0.3049  0.2788  0.1888  0.0725 -0.0572 -0.1918 -0.3257
 -0.4583 -0.5904 -0.7213 -0.8490 -0.9722 -1.0907 -1.2050 -1.3154 -1.4225 -1.5266
 -1.6300
 -0.2675 -0.1583 -0.0641  0.0164  0.0846  0.1415  0.1881  0.2242  0.2467  0.2581
  0.2611  0.2586  0.2524  0.2422  0.2268  0.1557  0.0488 -0.0732 -0.2025 -0.3339
 -0.4638 -0.5928 -0.7209 -0.8475 -0.9709 -1.0899 -1.2046 -1.3149 -1.4215 -1.5248
 -1.6252
 -0.4096 -0.3371 -0.2572 -0.1751 -0.0960 -0.0241  0.0373  0.0861  0.1227  0.1481
  0.1632  0.1694  0.1699  0.1666  0.1593  0.1147  0.0245 -0.0901 -0.2138
 [Fe/H] = -1.50 [alpha/Fe] =-0.40 BC value = F210M
  1.1442  1.1923  1.2116  1.1880  1.1469  1.1015  1.0538  1.0020  0.9471  0.8897
  0.8306  0.7693  0.7058  0.6399  0.5719  0.3968  0.2200  0.0542 -0.1107
  1.0515  1.0689  1.0992  1.1350  1.1231  1.0825  1.0344  0.9834  0.9290  0.8717
  0.8124  0.7510  0.6875  0.6218  0.5544  0.3818  0.2100  0.0430 -0.1182 -0.2739
  0.9767  0.9902  0.9957  1.0053  1.0350  1.0480  1.0162  0.9672  0.9137  0.8570
  0.7979  0.7364  0.6728  0.6072  0.5400  0.3688  0.1989  0.0338 -0.1256 -0.2792
 -0.4276
  0.8996  0.9222  0.9269  0.9210  0.9167  0.9255  0.9454  0.9388  0.8973  0.8431
  0.7849  0.7239  0.6606  0.5951  0.5281  0.3577  0.1893  0.0259 -0.1320 -0.2842
 -0.4308 -0.5725
  0.8111  0.8490  0.8630  0.8621  0.8539  0.8413  0.8309  0.8300  0.8350  0.8144
  0.7682  0.7108  0.6488  0.5841  0.5175  0.3480  0.1807  0.0189 -0.1376 -0.2886
 -0.4340 -0.5742 -0.7096 -0.8412
  0.7044  0.7621  0.7913  0.7998  0.7952  0.7834  0.7663  0.7458  0.7284  0.7203
  0.7083  0.6782  0.6302  0.5710  0.5065  0.3389  0.1727  0.0122 -0.1425 -0.2924
 -0.4370 -0.5762 -0.7102 -0.8400 -0.9661 -1.0888 -1.2083 -1.3250 -1.4387 -1.5484
  0.5809  0.6568  0.7043  0.7277  0.7327  0.7258  0.7120  0.6928  0.6685  0.6419
  0.6179  0.5981  0.5731  0.5352  0.4853  0.3290  0.1647  0.0055 -0.1475 -0.2956
 -0.4393 -0.5780 -0.7114 -0.8400 -0.9644 -1.0853 -1.2031 -1.3178 -1.4296 -1.5386
 -1.6449
  0.4443  0.5319  0.5981  0.6391  0.6584  0.6615  0.6536  0.6391  0.6191  0.5936
  0.5629  0.5306  0.5005  0.4706  0.4350  0.3107  0.1554 -0.0016 -0.1530 -0.2990
 -0.4411 -0.5793 -0.7124 -0.8405 -0.9640 -1.0834 -1.1994 -1.3122 -1.4224 -1.5303
 -1.6361
  0.3005  0.3952  0.4740  0.5317  0.5676  0.5842  0.5860  0.5781  0.5636  0.5439
  0.5183  0.4866  0.4511  0.4149  0.3787  0.2733  0.1382 -0.0122 -0.1614 -0.3054
 -0.4453 -0.5823 -0.7154 -0.8437 -0.9670 -1.0860 -1.2011 -1.3129 -1.4218 -1.5279
 -1.6313
  0.1566  0.2549  0.3391  0.4055  0.4571  0.4894  0.5046  0.5066  0.4991  0.4855
  0.4669  0.4425  0.4119  0.3763  0.3379  0.2346  0.1137 -0.0242 -0.1686 -0.3102
 -0.4477 -0.5824 -0.7144 -0.8427 -0.9663 -1.0853 -1.2000 -1.3109 -1.4184 -1.5229
 -1.6269
  0.0238  0.1126  0.1952  0.2668  0.3299  0.3759  0.4055  0.4203  0.4227  0.4164
  0.4041  0.3870  0.3647  0.3365  0.3028  0.2019  0.0872 -0.0406 -0.1775 -0.3159
 -0.4511 -0.5833 -0.7133 -0.8408 -0.9647 -1.0841 -1.1992 -1.3100 -1.4170 -1.5208
 -1.6216
 -0.0987 -0.0315  0.0422  0.1172  0.1870  0.2452  0.2882  0.3163  0.3310  0.3347
  0.3300  0.3193  0.3042  0.2845  0.2595  0.1726  0.0627 -0.0585 -0.1881
 [Fe/H] = -1.00 [alpha/Fe] =-0.40 BC value = F210M
  1.2722  1.2705  1.2282  1.1757  1.1278  1.0807  1.0297  0.9762  0.9213  0.8640
  0.8056  0.7463  0.6861  0.6246  0.5617  0.3976  0.2282  0.0593 -0.1050
  1.1489  1.1860  1.2030  1.1648  1.1134  1.0630  1.0132  0.9605  0.9058  0.8486
  0.7900  0.7305  0.6699  0.6083  0.5452  0.3821  0.2150  0.0492 -0.1123 -0.2685
  1.0807  1.0761  1.0921  1.1254  1.1038  1.0540  1.0016  0.9492  0.8948  0.8379
  0.7793  0.7195  0.6586  0.5966  0.5333  0.3703  0.2045  0.0406 -0.1189 -0.2730
 -0.4219
  1.0224  1.0197  1.0068  1.0028  1.0253  1.0344  0.9946  0.9410  0.8863  0.8301
  0.7717  0.7119  0.6508  0.5884  0.5249  0.3617  0.1964  0.0336 -0.1245 -0.2771
 -0.4242 -0.5664
  0.9548  0.9676  0.9587  0.9401  0.9232  0.9198  0.9346  0.9250  0.8789  0.8232
  0.7654  0.7059  0.6449  0.5825  0.5188  0.3554  0.1902  0.0282 -0.1290 -0.2806
 -0.4266 -0.5672 -0.7032 -0.8353
  0.8731  0.9046  0.9100  0.8970  0.8738  0.8488  0.8294  0.8219  0.8239  0.8040
  0.7569  0.6997  0.6394  0.5775  0.5139  0.3505  0.1856  0.0240 -0.1324 -0.2833
 -0.4286 -0.5684 -0.7030 -0.8333 -0.9599 -1.0831 -1.2032 -1.3204 -1.4344 -1.5438
  0.7750  0.8254  0.8490  0.8496  0.8343  0.8100  0.7813  0.7515  0.7262  0.7119
  0.7009  0.6733  0.6277  0.5706  0.5086  0.3463  0.1817  0.0206 -0.1351 -0.2852
 -0.4299 -0.5693 -0.7033 -0.8325 -0.9574 -1.0788 -1.1970 -1.3123 -1.4249 -1.5346
 -1.6403
  0.6620  0.7284  0.7707  0.7884  0.7861  0.7696  0.7444  0.7137  0.6797  0.6459
  0.6165  0.5930  0.5697  0.5368  0.4915  0.3414  0.1781  0.0176 -0.1374 -0.2866
 -0.4306 -0.5697 -0.7035 -0.8322 -0.9563 -1.0764 -1.1930 -1.3066 -1.4173 -1.5255
 -1.6314
  0.5386  0.6167  0.6744  0.7097  0.7233  0.7191  0.7023  0.6770  0.6456  0.6101
  0.5723  0.5346  0.4997  0.4686  0.4365  0.3236  0.1714  0.0123 -0.1419 -0.2902
 -0.4333 -0.5718 -0.7057 -0.8346 -0.9585 -1.0781 -1.1940 -1.3066 -1.4161 -1.5226
 -1.6264
  0.4113  0.4951  0.5621  0.6125  0.6423  0.6533  0.6486  0.6323  0.6078  0.5773
  0.5418  0.5025  0.4611  0.4202  0.3815  0.2841  0.1579  0.0081 -0.1441 -0.2913
 -0.4331 -0.5705 -0.7039 -0.8330 -0.9572 -1.0767 -1.1921 -1.3037 -1.4119 -1.5171
 -1.6198
  0.2905  0.3670  0.4396  0.4997  0.5435  0.5695  0.5787  0.5742  0.5589  0.5359
  0.5068  0.4725  0.4335  0.3912  0.3477  0.2421  0.1299 -0.0024 -0.1478 -0.2929
 -0.4334 -0.5694 -0.7016 -0.8303 -0.9549 -1.0750 -1.1906 -1.3021 -1.4098 -1.5143
 -1.6158
  0.1800  0.2453  0.3143  0.3778  0.4298  0.4681  0.4915  0.4997  0.4955  0.4817
  0.4606  0.4335  0.4011  0.3637  0.3224  0.2116  0.0998 -0.0213 -0.1553
 [Fe/H] = -0.75 [alpha/Fe] =-0.40 BC value = F210M
  1.3091  1.2764  1.2208  1.1639  1.1137  1.0679  1.0177  0.9641  0.9085  0.8516
  0.7932  0.7341  0.6745  0.6142  0.5530  0.3947  0.2299  0.0629 -0.1014
  1.2013  1.2390  1.2102  1.1565  1.1011  1.0511  1.0011  0.9484  0.8934  0.8366
  0.7782  0.7190  0.6592  0.5987  0.5373  0.3794  0.2165  0.0526 -0.1086 -0.2649
  1.1161  1.1168  1.1553  1.1470  1.0970  1.0418  0.9898  0.9376  0.8831  0.8266
  0.7684  0.7090  0.6489  0.5880  0.5264  0.3682  0.2061  0.0441 -0.1149 -0.2690
 -0.4181
  1.0681  1.0512  1.0382  1.0572  1.0768  1.0391  0.9844  0.9301  0.8758  0.8199
  0.7619  0.7025  0.6422  0.5811  0.5191  0.3604  0.1984  0.0374 -0.1201 -0.2726
 -0.4200 -0.5625
  1.0133  1.0099  0.9884  0.9662  0.9604  0.9788  0.9737  0.9266  0.8705  0.8147
  0.7572  0.6981  0.6378  0.5766  0.5144  0.3552  0.1931  0.0325 -0.1241 -0.2756
 -0.4218 -0.5628 -0.6990 -0.8313
  0.9443  0.9604  0.9513  0.9267  0.8987  0.8767  0.8700  0.8766  0.8586  0.8096
  0.7530  0.6944  0.6345  0.5734  0.5112  0.3517  0.1895  0.0290 -0.1270 -0.2778
 -0.4232 -0.5633 -0.6983 -0.8289 -0.9557 -1.0792 -1.1998 -1.3173 -1.4311 -1.5406
  0.8593  0.8952  0.9044  0.8917  0.8652  0.8337  0.8029  0.7779  0.7649  0.7587
  0.7348  0.6874  0.6304  0.5703  0.5085  0.3493  0.1871  0.0267 -0.1290 -0.2792
 -0.4241 -0.5637 -0.6980 -0.8275 -0.9528 -1.0746 -1.1933 -1.3089 -1.4216 -1.5314
 -1.6352
  0.7591  0.8125  0.8408  0.8451  0.8305  0.8032  0.7698  0.7345  0.7000  0.6709
  0.6506  0.6322  0.6025  0.5584  0.5031  0.3470  0.1852  0.0251 -0.1302 -0.2799
 -0.4242 -0.5635 -0.6976 -0.8267 -0.9511 -1.0717 -1.1888 -1.3028 -1.4138 -1.5222
 -1.6281
  0.6477  0.7146  0.7595  0.7815  0.7825  0.7667  0.7394  0.7054  0.6677  0.6289
  0.5915  0.5579  0.5287  0.5005  0.4660  0.3395  0.1812  0.0216 -0.1333 -0.2825
 -0.4262 -0.5652 -0.6994 -0.8286 -0.9529 -1.0729 -1.1891 -1.3019 -1.4116 -1.5186
 -1.6230
  0.5302  0.6039  0.6614  0.6995  0.7172  0.7164  0.7006  0.6742  0.6406  0.6025
  0.5619  0.5204  0.4796  0.4412  0.4059  0.3091  0.1757  0.0203 -0.1337 -0.2821
 -0.4251 -0.5633 -0.6971 -0.8265 -0.9511 -1.0710 -1.1868 -1.2988 -1.4075 -1.5132
 -1.6161
  0.4150  0.4878  0.5522  0.6016  0.6337  0.6481  0.6464  0.6314  0.6063  0.5741
  0.5368  0.4959  0.4527  0.4085  0.3650  0.2638  0.1518  0.0151 -0.1347 -0.2819
 -0.4240 -0.5612 -0.6943 -0.8235 -0.9484 -1.0688 -1.1849 -1.2967 -1.4049 -1.5098
 -1.6117
  0.3084  0.3734  0.4374  0.4933  0.5355  0.5627  0.5745  0.5724  0.5585  0.5353
  0.5051  0.4694  0.4294  0.3862  0.3410  0.2282  0.1194 -0.0019 -0.1388
 [Fe/H] = -0.50 [alpha/Fe] =-0.40 BC value = F210M
  1.3277  1.2727  1.2103  1.1512  1.0987  1.0525  1.0036  0.9517  0.8965  0.8396
  0.7813  0.7223  0.6629  0.6033  0.5431  0.3896  0.2300  0.0672 -0.0973
  1.2624  1.2576  1.2049  1.1451  1.0879  1.0371  0.9872  0.9354  0.8814  0.8248
  0.7668  0.7078  0.6483  0.5884  0.5282  0.3747  0.2165  0.0556 -0.1044 -0.2608
  1.1455  1.1747  1.1898  1.1429  1.0851  1.0288  0.9767  0.9247  0.8711  0.8152
  0.7574  0.6984  0.6387  0.5786  0.5181  0.3641  0.2064  0.0472 -0.1105 -0.2644
 -0.4137
  1.1001  1.0752  1.0829  1.1148  1.0840  1.0281  0.9715  0.9179  0.8642  0.8088
  0.7513  0.6924  0.6328  0.5725  0.5117  0.3570  0.1992  0.0408 -0.1154 -0.2676
 -0.4150 -0.5578
  1.0594  1.0388  1.0091  0.9966  1.0175  1.0198  0.9721  0.9151  0.8596  0.8044
  0.7474  0.6888  0.6292  0.5688  0.5078  0.3527  0.1945  0.0362 -0.1192 -0.2702
 -0.4163 -0.5575 -0.6941 -0.8267
  1.0051  1.0033  0.9790  0.9459  0.9204  0.9145  0.9260  0.9094  0.8582  0.8011
  0.7445  0.6864  0.6270  0.5668  0.5057  0.3502  0.1916  0.0333 -0.1217 -0.2720
 -0.4172 -0.5574 -0.6927 -0.8237 -0.9511 -1.0751 -1.1958 -1.3135 -1.4277 -1.5368
  0.9346  0.9534  0.9463  0.9196  0.8846  0.8513  0.8268  0.8166  0.8144  0.7909
  0.7410  0.6840  0.6253  0.5654  0.5046  0.3490  0.1902  0.0317 -0.1231 -0.2730
 -0.4176 -0.5573 -0.6918 -0.8217 -0.9474 -1.0696 -1.1887 -1.3047 -1.4177 -1.5275
 -1.6329
  0.8483  0.8862  0.8985  0.8878  0.8603  0.8240  0.7864  0.7520  0.7239  0.7057
  0.6921  0.6647  0.6186  0.5628  0.5032  0.3483  0.1896  0.0311 -0.1236 -0.2731
 -0.4174 -0.5567 -0.6909 -0.8202 -0.9451 -1.0660 -1.1836 -1.2980 -1.4095 -1.5182
 -1.6240
  0.7493  0.8035  0.8331  0.8403  0.8273  0.7994  0.7626  0.7228  0.6832  0.6459
  0.6136  0.5879  0.5630  0.5308  0.4879  0.3453  0.1874  0.0290 -0.1257 -0.2750
 -0.4190 -0.5580 -0.6922 -0.8216 -0.9462 -1.0666 -1.1834 -1.2967 -1.4068 -1.5141
 -1.6189
  0.6419  0.7056  0.7504  0.7747  0.7786  0.7647  0.7373  0.7012  0.6606  0.6186
  0.5768  0.5368  0.4999  0.4662  0.4337  0.3303  0.1864  0.0295 -0.1247 -0.2736
 -0.4170 -0.5556 -0.6895 -0.8191 -0.9439 -1.0642 -1.1804 -1.2929 -1.4021 -1.5082
 -1.6117
  0.5345  0.6008  0.6549  0.6923  0.7116  0.7132  0.6992  0.6731  0.6382  0.5982
  0.5554  0.5113  0.4674  0.4244  0.3833  0.2873  0.1719  0.0286 -0.1237 -0.2720
 -0.4149 -0.5528 -0.6862 -0.8156 -0.9408 -1.0615 -1.1779 -1.2902 -1.3989 -1.5043
 -1.6065
  0.4329  0.4944  0.5521  0.5978  0.6288  0.6439  0.6440  0.6305  0.6059  0.5731
  0.5345  0.4921  0.4474  0.4016  0.3556  0.2457  0.1397  0.0168 -0.1244
 [Fe/H] = -0.25 [alpha/Fe] =-0.40 BC value = F210M
  1.3300  1.2641  1.1984  1.1382  1.0849  1.0378  0.9890  0.9394  0.8856  0.8282
  0.7699  0.7110  0.6517  0.5923  0.5327  0.3826  0.2280  0.0685 -0.0932
  1.2604  1.2583  1.1952  1.1327  1.0752  1.0236  0.9734  0.9229  0.8697  0.8135
  0.7557  0.6970  0.6377  0.5782  0.5185  0.3682  0.2147  0.0577 -0.1003 -0.2561
  1.1867  1.2259  1.1921  1.1326  1.0722  1.0164  0.9636  0.9121  0.8592  0.8039
  0.7466  0.6880  0.6288  0.5691  0.5092  0.3584  0.2050  0.0494 -0.1062 -0.2594
 -0.4087
  1.1203  1.1051  1.1436  1.1298  1.0743  1.0149  0.9587  0.9053  0.8522  0.7975
  0.7407  0.6823  0.6232  0.5635  0.5035  0.3521  0.1984  0.0433 -0.1109 -0.2623
 -0.4095 -0.5524
  1.0915  1.0562  1.0304  1.0481  1.0635  1.0180  0.9594  0.9024  0.8477  0.7931
  0.7369  0.6789  0.6199  0.5603  0.5002  0.3483  0.1942  0.0392 -0.1144 -0.2645
 -0.4103 -0.5516 -0.6884 -0.8212
  1.0532  1.0322  0.9952  0.9619  0.9534  0.9710  0.9576  0.9046  0.8463  0.7903
  0.7344  0.6769  0.6182  0.5587  0.4986  0.3464  0.1919  0.0366 -0.1166 -0.2660
 -0.4108 -0.5509 -0.6864 -0.8177 -0.9452 -1.0695 -1.1907 -1.3090 -1.4232 -1.5323
  0.9982  0.9983  0.9741  0.9360  0.8978  0.8718  0.8649  0.8679  0.8432  0.7901
  0.7328  0.6756  0.6174  0.5581  0.4982  0.3459  0.1910  0.0355 -0.1177 -0.2667
 -0.4109 -0.5502 -0.6848 -0.8150 -0.9411 -1.0637 -1.1832 -1.2996 -1.4130 -1.5229
 -1.6281
  0.9278  0.9480  0.9424  0.9162  0.8775  0.8364  0.8008  0.7745  0.7600  0.7498
  0.7223  0.6729  0.6163  0.5578  0.4982  0.3462  0.1912  0.0355 -0.1178 -0.2666
 -0.4103 -0.5493 -0.6834 -0.8129 -0.9381 -1.0594 -1.1775 -1.2925 -1.4044 -1.5133
 -1.6192
  0.8423  0.8805  0.8939  0.8846  0.8573  0.8186  0.7758  0.7349  0.6982  0.6677
  0.6446  0.6240  0.5933  0.5485  0.4946  0.3451  0.1901  0.0342 -0.1193 -0.2681
 -0.4117 -0.5504 -0.6843 -0.8137 -0.9386 -1.0593 -1.1765 -1.2904 -1.4010 -1.5088
 -1.6138
  0.7464  0.7978  0.8280  0.8366  0.8251  0.7977  0.7596  0.7165  0.6727  0.6307
  0.5915  0.5565  0.5260  0.4958  0.4613  0.3420  0.1913  0.0360 -0.1173 -0.2659
 -0.4093 -0.5477 -0.6814 -0.8108 -0.9357 -1.0562 -1.1729 -1.2859 -1.3956 -1.5042
 -1.6064
  0.6466  0.7048  0.7472  0.7709  0.7758  0.7632  0.7364  0.6996  0.6569  0.6121
  0.5673  0.5235  0.4817  0.4423  0.4051  0.3102  0.1869  0.0374 -0.1150 -0.2633
 -0.4063 -0.5443 -0.6778 -0.8071 -0.9322 -1.0530 -1.1697 -1.2825 -1.3917 -1.4977
 -1.6004
  0.5497  0.6080  0.6567  0.6911  0.7093  0.7113  0.6983  0.6727  0.6376  0.5963
  0.5517  0.5057  0.4596  0.4141  0.3695  0.2654  0.1598  0.0328 -0.1133
 [Fe/H] =  0.00 [alpha/Fe] =-0.40 BC value = F210M
  1.3241  1.2522  1.1849  1.1241  1.0721  1.0251  0.9758  0.9260  0.8743  0.8172
  0.7589  0.7001  0.6409  0.5816  0.5223  0.3743  0.2229  0.0680 -0.0895
  1.2985  1.2515  1.1834  1.1195  1.0618  1.0109  0.9599  0.9101  0.8583  0.8026
  0.7451  0.6867  0.6276  0.5683  0.5089  0.3607  0.2110  0.0583 -0.0968 -0.2514
  1.2446  1.2413  1.1847  1.1203  1.0590  1.0033  0.9509  0.8995  0.8474  0.7929
  0.7361  0.6780  0.6191  0.5598  0.5003  0.3516  0.2020  0.0503 -0.1026 -0.2545
 -0.4033
  1.1697  1.1581  1.1738  1.1233  1.0616  1.0016  0.9458  0.8927  0.8401  0.7863
  0.7301  0.6724  0.6138  0.5545  0.4950  0.3459  0.1959  0.0446 -0.1071 -0.2570
 -0.4037 -0.5466
  1.1099  1.0688  1.0691  1.1015  1.0651  1.0057  0.9459  0.8895  0.8355  0.7816
  0.7262  0.6689  0.6106  0.5515  0.4921  0.3426  0.1922  0.0408 -0.1103 -0.2590
 -0.4041 -0.5452 -0.6822 -0.8152
  1.0867  1.0483  1.0054  0.9862  1.0084  1.0043  0.9511  0.8913  0.8338  0.7787
  0.7236  0.6668  0.6089  0.5500  0.4907  0.3411  0.1903  0.0386 -0.1122 -0.2602
 -0.4042 -0.5440 -0.6795 -0.8111 -0.9389 -1.0634 -1.1850 -1.3036 -1.4180 -1.5270
  1.0497  1.0287  0.9894  0.9450  0.9131  0.9076  0.9176  0.8929  0.8370  0.7783
  0.7221  0.6657  0.6081  0.5496  0.4905  0.3409  0.1897  0.0377 -0.1131 -0.2607
 -0.4041 -0.5429 -0.6774 -0.8077 -0.9341 -1.0570 -1.1770 -1.2939 -1.4075 -1.5174
 -1.6225
  0.9949  0.9955  0.9717  0.9319  0.8865  0.8470  0.8212  0.8117  0.8056  0.7760
  0.7224  0.6652  0.6079  0.5498  0.4910  0.3416  0.1903  0.0380 -0.1130 -0.2605
 -0.4034 -0.5417 -0.6754 -0.8049 -0.9303 -1.0520 -1.1704 -1.2857 -1.3981 -1.5076
 -1.6135
  0.9276  0.9455  0.9402  0.9141  0.8742  0.8282  0.7843  0.7476  0.7196  0.7006
  0.6829  0.6521  0.6037  0.5480  0.4901  0.3414  0.1898  0.0372 -0.1142 -0.2618
 -0.4047 -0.5427 -0.6761 -0.8052 -0.9301 -1.0511 -1.1687 -1.2829 -1.3941 -1.5024
 -1.6078
  0.8410  0.8789  0.8922  0.8834  0.8565  0.8170  0.7712  0.7250  0.6822  0.6441
  0.6114  0.5837  0.5573  0.5235  0.4799  0.3426  0.1922  0.0398 -0.1116 -0.2593
 -0.4020 -0.5399 -0.6731 -0.8020 -0.9267 -1.0473 -1.1643 -1.2777 -1.3879 -1.4952
 -1.5996
  0.7466  0.7988  0.8278  0.8358  0.8246  0.7975  0.7590  0.7140  0.6668  0.6208
  0.5773  0.5366  0.4993  0.4650  0.4306  0.3284  0.1933  0.0426 -0.1084 -0.2559
 -0.3985 -0.5363 -0.6693 -0.7981 -0.9228 -1.0436 -1.1604 -1.2735 -1.3832 -1.4898
 -1.5931
  0.6444  0.7053  0.7495  0.7724  0.7761  0.7634  0.7367  0.6997  0.6559  0.6090
  0.5615  0.5150  0.4699  0.4268  0.3422  0.2988  0.1931  0.0456 -0.1046
 [Fe/H] =  0.25 [alpha/Fe] =-0.40 BC value = F210M
  1.3125  1.2380  1.1704  1.1091  1.0588  1.0119  0.9642  0.9143  0.8632  0.8061
  0.7481  0.6894  0.6303  0.5711  0.5120  0.3652  0.2164  0.0654 -0.0871
  1.3116  1.2410  1.1702  1.1060  1.0482  0.9976  0.9483  0.8982  0.8473  0.7917
  0.7347  0.6765  0.6177  0.5585  0.4994  0.3524  0.2057  0.0570 -0.0946 -0.2471
  1.2331  1.2403  1.1724  1.1072  1.0454  0.9899  0.9382  0.8873  0.8360  0.7821
  0.7258  0.6681  0.6096  0.5506  0.4914  0.3441  0.1973  0.0494 -0.1003 -0.2501
 -0.3980
  1.1667  1.2074  1.1744  1.1121  1.0483  0.9880  0.9328  0.8802  0.8281  0.7752
  0.7197  0.6626  0.6044  0.5456  0.4865  0.3389  0.1918  0.0441 -0.1045 -0.2524
 -0.3981 -0.5405
  1.1194  1.0891  1.1267  1.1124  1.0544  0.9922  0.9325  0.8768  0.8232  0.7700
  0.7154  0.6589  0.6012  0.5427  0.4837  0.3360  0.1885  0.0407 -0.1073 -0.2541
 -0.3981 -0.5387 -0.6755 -0.8088
  1.1064  1.0560  1.0186  1.0344  1.0482  0.9988  0.9377  0.8777  0.8212  0.7668
  0.7124  0.6565  0.5992  0.5411  0.4824  0.3347  0.1869  0.0388 -0.1090 -0.2551
 -0.3980 -0.5371 -0.6724 -0.8039 -0.9318 -1.0566 -1.1787 -1.2974 -1.4118 -1.5209
  1.0857  1.0461  0.9963  0.9537  0.9425  0.9613  0.9410  0.8840  0.8235  0.7660
  0.7106  0.6550  0.5983  0.5405  0.4821  0.3346  0.1865  0.0381 -0.1097 -0.2554
 -0.3976 -0.5357 -0.6698 -0.8000 -0.9264 -1.0494 -1.1695 -1.2867 -1.4010 -1.5110
 -1.6161
  1.0486  1.0286  0.9882  0.9389  0.8927  0.8634  0.8583  0.8588  0.8267  0.7698
  0.7111  0.6546  0.5980  0.5407  0.4826  0.3354  0.1872  0.0385 -0.1095 -0.2551
 -0.3968 -0.5343 -0.6675 -0.7967 -0.9220 -1.0438 -1.1627 -1.2786 -1.3914 -1.5008
 -1.6069
  1.0021  0.9961  0.9717  0.9308  0.8819  0.8334  0.7940  0.7681  0.7545  0.7404
  0.7070  0.6538  0.5970  0.5399  0.4821  0.3354  0.1870  0.0379 -0.1106 -0.2564
 -0.3980 -0.5353 -0.6680 -0.7966 -0.9212 -1.0422 -1.1599 -1.2745 -1.3862 -1.4949
 -1.6008
  0.9307  0.9474  0.9415  0.9153  0.8746  0.8262  0.7766  0.7316  0.6940  0.6642
  0.6406  0.6165  0.5830  0.5359  0.4820  0.3379  0.1900  0.0409 -0.1078 -0.2537
 -0.3954 -0.5324 -0.6649 -0.7931 -0.9173 -1.0378 -1.1548 -1.2685 -1.3791 -1.4868
 -1.5919
  0.8476  0.8827  0.8945  0.8854  0.8582  0.8181  0.7706  0.7207  0.6725  0.6287
  0.5894  0.5544  0.5229  0.4918  0.4549  0.3361  0.1930  0.0446 -0.1040 -0.2500
 -0.3917 -0.5287 -0.6610 -0.7891 -0.9132 -1.0335 -1.1503 -1.2635 -1.3736 -1.4807
 -1.5847
  0.7529  0.8020  0.8302  0.8394  0.8274  0.7998  0.7607  0.7145  0.6649  0.6153
  0.5680  0.5234  0.4816  0.4424  0.4008  0.3300  0.1960  0.0490 -0.0992
 [Fe/H] =  0.50 [alpha/Fe] =-0.40 BC value = F210M
  1.2975  1.2221  1.1545  1.0940  1.0466  0.9997  0.9518  0.9021  0.8499  0.7948
  0.7371  0.6786  0.6196  0.5606  0.5018  0.3555  0.2093  0.0627 -0.0873
  1.3084  1.2279  1.1558  1.0913  1.0348  0.9850  0.9359  0.8861  0.8357  0.7807
  0.7241  0.6663  0.6077  0.5487  0.4898  0.3435  0.1989  0.0535 -0.0943 -0.2440
  1.2933  1.2328  1.1611  1.0933  1.0310  0.9767  0.9257  0.8751  0.8247  0.7711
  0.7154  0.6582  0.6001  0.5413  0.4824  0.3360  0.1912  0.0465 -0.0997 -0.2468
 -0.3932
  1.1831  1.2227  1.1665  1.0992  1.0345  0.9744  0.9200  0.8678  0.8162  0.7641
  0.7092  0.6526  0.5950  0.5366  0.4779  0.3313  0.1862  0.0417 -0.1035 -0.2489
 -0.3930 -0.5346
  1.1271  1.1353  1.1554  1.1053  1.0413  0.9783  0.9190  0.8640  0.8109  0.7584
  0.7046  0.6487  0.5916  0.5337  0.4752  0.3287  0.1833  0.0387 -0.1062 -0.2504
 -0.3928 -0.5325 -0.6688 -0.8019
  1.1154  1.0611  1.0499  1.0842  1.0472  0.9860  0.9237  0.8645  0.8085  0.7547
  0.7011  0.6460  0.5894  0.5319  0.4738  0.3275  0.1820  0.0371 -0.1075 -0.2511
 -0.3925 -0.5307 -0.6654 -0.7966 -0.9245 -1.0492 -1.1712 -1.2903 -1.4046 -1.5138
  1.1074  1.0536  0.9999  0.9717  0.9944  0.9878  0.9320  0.8702  0.8101  0.7535
  0.6988  0.6440  0.5881  0.5311  0.4733  0.3275  0.1817  0.0366 -0.1080 -0.2513
 -0.3919 -0.5290 -0.6624 -0.7922 -0.9185 -1.0416 -1.1617 -1.2790 -1.3935 -1.5036
 -1.6088
  1.0884  1.0478  0.9952  0.9417  0.9026  0.8967  0.9069  0.8760  0.8171  0.7564
  0.6989  0.6432  0.5874  0.5309  0.4735  0.3283  0.1825  0.0371 -0.1077 -0.2508
 -0.3909 -0.5274 -0.6599 -0.7886 -0.9136 -1.0352 -1.1539 -1.2696 -1.3827 -1.4930
 -1.5992
  1.0612  1.0314  0.9899  0.9380  0.8844  0.8389  0.8116  0.8043  0.7954  0.7589
  0.7018  0.6432  0.5865  0.5299  0.4729  0.3282  0.1824  0.0366 -0.1087 -0.2521
 -0.3922 -0.5283 -0.6603 -0.7882 -0.9124 -1.0331 -1.1507 -1.2653 -1.3771 -1.4863
 -1.5926
  1.0062  1.0003  0.9755  0.9338  0.8829  0.8294  0.7800  0.7409  0.7138  0.6956
  0.6747  0.6389  0.5871  0.5311  0.4745  0.3309  0.1855  0.0396 -0.1060 -0.2495
 -0.3895 -0.5255 -0.6571 -0.7845 -0.9081 -1.0281 -1.1449 -1.2585 -1.3694 -1.4792
 -1.5850
  0.9418  0.9545  0.9464  0.9197  0.8781  0.8281  0.7750  0.7236  0.6779  0.6395
  0.6077  0.5799  0.5507  0.5146  0.4681  0.3331  0.1892  0.0436 -0.1019 -0.2457
 -0.3859 -0.5218 -0.6532 -0.7805 -0.9038 -1.0234 -1.1398 -1.2529 -1.3630 -1.4704
 -1.5751
  0.8681  0.8940  0.8987  0.8903  0.8632  0.8222  0.7733  0.7209  0.6685  0.6193
  0.5746  0.5342  0.4974  0.4628  0.4537  0.3348  0.1935  0.0486 -0.0964
 [Fe/H] =  0.75 [alpha/Fe] =-0.40 BC value = F210M
  1.2782  1.2040  1.1376  1.0783  1.0333  0.9857  0.9371  0.8880  0.8370  0.7829
  0.7256  0.6672  0.6084  0.5496  0.4910  0.3451  0.2002  0.0565 -0.0896
  1.2933  1.2125  1.1402  1.0756  1.0208  0.9715  0.9226  0.8740  0.8238  0.7697
  0.7131  0.6556  0.5973  0.5385  0.4798  0.3341  0.1908  0.0481 -0.0962 -0.2427
  1.2928  1.2215  1.1470  1.0788  1.0166  0.9634  0.9126  0.8625  0.8132  0.7599
  0.7046  0.6478  0.5901  0.5317  0.4731  0.3273  0.1839  0.0417 -0.1012 -0.2453
 -0.3895
  1.2590  1.2222  1.1552  1.0854  1.0202  0.9604  0.9069  0.8552  0.8040  0.7528
  0.6984  0.6424  0.5852  0.5272  0.4688  0.3231  0.1795  0.0374 -0.1046 -0.2471
 -0.3891 -0.5294
  1.1459  1.1839  1.1565  1.0939  1.0275  0.9641  0.9055  0.8511  0.7986  0.7466
  0.6936  0.6383  0.5818  0.5243  0.4663  0.3208  0.1769  0.0348 -0.1068 -0.2483
 -0.3887 -0.5271 -0.6626 -0.7951
  1.1185  1.0726  1.1032  1.0943  1.0364  0.9721  0.9095  0.8509  0.7958  0.7425
  0.6896  0.6352  0.5793  0.5224  0.4648  0.3198  0.1758  0.0335 -0.1080 -0.2488
 -0.3881 -0.5250 -0.6589 -0.7896 -0.9171 -1.0415 -1.1635 -1.2825 -1.3965 -1.5058
  1.1179  1.0555  1.0062  1.0136  1.0302  0.9809  0.9183  0.8560  0.7967  0.7409
  0.6869  0.6328  0.5776  0.5213  0.4641  0.3198  0.1758  0.0332 -0.1083 -0.2487
 -0.3873 -0.5232 -0.6557 -0.7849 -0.9107 -1.0335 -1.1534 -1.2707 -1.3853 -1.4952
 -1.6005
  1.1137  1.0569  0.9967  0.9448  0.9263  0.9463  0.9239  0.8653  0.8031  0.7430
  0.6864  0.6314  0.5765  0.5207  0.4641  0.3205  0.1766  0.0338 -0.1079 -0.2482
 -0.3863 -0.5214 -0.6529 -0.7809 -0.9054 -1.0267 -1.1451 -1.2607 -1.3739 -1.4843
 -1.5905
  1.1032  1.0529  0.9982  0.9396  0.8859  0.8507  0.8464  0.8462  0.8087  0.7493
  0.6888  0.6310  0.5750  0.5193  0.4630  0.3201  0.1764  0.0333 -0.1088 -0.2494
 -0.3875 -0.5223 -0.6532 -0.7804 -0.9039 -1.0241 -1.1413 -1.2557 -1.3675 -1.4768
 -1.5834
  1.0672  1.0381  0.9961  0.9426  0.8851  0.8301  0.7856  0.7588  0.7469  0.7303
  0.6917  0.6355  0.5774  0.5208  0.4646  0.3226  0.1793  0.0362 -0.1062 -0.2469
 -0.3849 -0.5195 -0.6500 -0.7766 -0.8994 -1.0188 -1.1350 -1.2483 -1.3590 -1.4672
 -1.5729
  1.0281  1.0125  0.9828  0.9405  0.8879  0.8315  0.7758  0.7262  0.6867  0.6579
  0.6350  0.6085  0.5707  0.5202  0.4654  0.3256  0.1832  0.0403 -0.1023 -0.2433
 -0.3814 -0.5159 -0.6463 -0.7726 -0.8950 -1.0138 -1.1295 -1.2421 -1.3520 -1.4594
 -1.5643
  0.9858  0.9761  0.9551  0.9265  0.8852  0.8337  0.7782  0.7226  0.6700  0.6237
  0.5844  0.5505  0.5190  0.4858  0.4654  0.3291  0.1881  0.0456 -0.0971
 [Fe/H] =  1.00 [alpha/Fe] =-0.40 BC value = F210M
  1.2609  1.1841  1.1184  1.0627  1.0181  0.9730  0.9248  0.8741  0.8212  0.7667
  0.7108  0.6538  0.5960  0.5376  0.4789  0.3339  0.1902  0.0471 -0.0953
  1.2745  1.1951  1.1233  1.0584  1.0056  0.9569  0.9088  0.8604  0.8110  0.7570
  0.7012  0.6440  0.5859  0.5275  0.4689  0.3239  0.1816  0.0404 -0.1007 -0.2437
  1.2910  1.2075  1.1317  1.0629  1.0012  0.9491  0.8988  0.8495  0.8008  0.7480
  0.6931  0.6368  0.5794  0.5213  0.4629  0.3178  0.1754  0.0352 -0.1049 -0.2459
 -0.3875
  1.2722  1.2150  1.1420  1.0708  1.0047  0.9460  0.8932  0.8422  0.7915  0.7410
  0.6871  0.6315  0.5748  0.5172  0.4592  0.3142  0.1716  0.0315 -0.1079 -0.2474
 -0.3869 -0.5254
  1.1919  1.2014  1.1493  1.0807  1.0130  0.9488  0.8915  0.8380  0.7860  0.7348
  0.6822  0.6274  0.5714  0.5144  0.4568  0.3122  0.1695  0.0293 -0.1097 -0.2482
 -0.3862 -0.5229 -0.6572 -0.7889
  1.1207  1.1068  1.1334  1.0880  1.0232  0.9576  0.8947  0.8375  0.7829  0.7301
  0.6780  0.6241  0.5688  0.5124  0.4553  0.3114  0.1686  0.0282 -0.1105 -0.2485
 -0.3854 -0.5206 -0.6533 -0.7831 -0.9099 -1.0340 -1.1556 -1.2740 -1.3875 -1.4968
  1.1207  1.0559  1.0267  1.0607  1.0297  0.9682  0.9039  0.8415  0.7833  0.7282
  0.6746  0.6214  0.5668  0.5110  0.4545  0.3114  0.1687  0.0281 -0.1107 -0.2483
 -0.3844 -0.5186 -0.6499 -0.7782 -0.9034 -1.0256 -1.1451 -1.2622 -1.3763 -1.4858
 -1.5912
  1.1244  1.0588  0.9961  0.9551  0.9722  0.9695  0.9144  0.8512  0.7887  0.7296
  0.6737  0.6194  0.5653  0.5101  0.4541  0.3120  0.1696  0.0288 -0.1102 -0.2476
 -0.3833 -0.5167 -0.6470 -0.7741 -0.8979 -1.0186 -1.1364 -1.2517 -1.3646 -1.4748
 -1.5807
  1.1285  1.0631  0.9998  0.9385  0.8903  0.8785  0.8896  0.8575  0.7976  0.7354
  0.6755  0.6183  0.5631  0.5082  0.4526  0.3114  0.1693  0.0283 -0.1111 -0.2488
 -0.3844 -0.5175 -0.6472 -0.7735 -0.8962 -1.0157 -1.1323 -1.2461 -1.3574 -1.4666
 -1.5733
  1.1109  1.0615  1.0058  0.9445  0.8841  0.8315  0.7987  0.7916  0.7821  0.7421
  0.6833  0.6231  0.5652  0.5092  0.4537  0.3135  0.1720  0.0310 -0.1086 -0.2464
 -0.3820 -0.5148 -0.6440 -0.7696 -0.8916 -1.0101 -1.1257 -1.2383 -1.3485 -1.4564
 -1.5621
  1.0962  1.0540  1.0052  0.9505  0.8908  0.8310  0.7758  0.7318  0.7037  0.6867
  0.6638  0.6239  0.5691  0.5118  0.4557  0.3163  0.1756  0.0349 -0.1049 -0.2431
 -0.3788 -0.5115 -0.6405 -0.7657 -0.8872 -1.0051 -1.1199 -1.2318 -1.3410 -1.4480
 -1.5527
  1.0844  1.0406  0.9980  0.9500  0.8965  0.8379  0.7787  0.7222  0.6720  0.6317
  0.6006  0.5734  0.5424  0.5028  0.4586  0.3198  0.1801  0.0400 -0.1000
