 [Fe/H] = -2.50 [alpha/Fe] = 0.40 BC value = F182M
  2.3597  2.4269  2.5405  2.6057  2.6029  2.6154  2.6868  2.7726  2.8196  2.8192
  2.7906  2.7395  2.6796  2.6181  2.5508  2.3795  2.2097  2.0453  1.8861
  2.4014  2.4162  2.4532  2.4920  2.5346  2.5833  2.6338  2.6800  2.7153  2.7355
  2.7356  2.7106  2.6618  2.5993  2.5323  2.3635  2.1980  2.0364  1.8789  1.7253
  2.4270  2.4175  2.4136  2.4285  2.4736  2.5262  2.5689  2.6049  2.6371  2.6638
  2.6766  2.6688  2.6340  2.5770  2.5122  2.3464  2.1846  2.0265  1.8715  1.7207
  1.5741
  2.4365  2.4308  2.4217  2.4152  2.4199  2.4441  2.4921  2.5473  2.5850  2.6041
  2.6136  2.6141  2.5962  2.5512  2.4905  2.3282  2.1695  2.0156  1.8640  1.7155
  1.5712  1.4312
  2.4175  2.4227  2.4205  2.4147  2.4097  2.4122  2.4278  2.4580  2.4997  2.5379
  2.5555  2.5551  2.5456  2.5166  2.4652  2.3090  2.1529  2.0029  1.8556  1.7098
  1.5675  1.4293  1.2954  1.1652
  2.3640  2.3850  2.3959  2.3992  2.3976  2.3952  2.3973  2.4081  2.4273  2.4505
  2.4723  2.4828  2.4790  2.4637  2.4280  2.2881  2.1352  1.9883  1.8457  1.7035
  1.5631  1.4265  1.2941  1.1657  1.0409  0.9194  0.8009  0.6849  0.5716  0.4630
  2.2726  2.3129  2.3410  2.3587  2.3677  2.3705  2.3707  2.3728  2.3798  2.3905
  2.4006  2.4058  2.4031  2.3943  2.3715  2.2599  2.1162  1.9723  1.8337  1.6963
  1.5587  1.4233  1.2919  1.1647  1.0414  0.9217  0.8049  0.6911  0.5798  0.4708
  0.3659
  2.1457  2.2051  2.2525  2.2881  2.3121  2.3262  2.3328  2.3355  2.3377  2.3416
  2.3461  2.3470  2.3408  2.3282  2.3104  2.2198  2.0931  1.9550  1.8198  1.6872
  1.5538  1.4203  1.2896  1.1629  1.0405  0.9218  0.8066  0.6944  0.5850  0.4779
  0.3727
  1.9953  2.0682  2.1322  2.1860  2.2275  2.2568  2.2751  2.2849  2.2894  2.2918
  2.2936  2.2936  2.2884  2.2757  2.2576  2.1766  2.0633  1.9344  1.8031  1.6741
  1.5453  1.4151  1.2854  1.1587  1.0360  0.9176  0.8029  0.6916  0.5835  0.4781
  0.3749
  1.8344  1.9114  1.9861  2.0547  2.1133  2.1590  2.1925  2.2142  2.2267  2.2329
  2.2357  2.2365  2.2342  2.2261  2.2111  2.1385  2.0349  1.9146  1.7881  1.6621
  1.5373  1.4117  1.2852  1.1595  1.0368  0.9179  0.8030  0.6920  0.5844  0.4800
  0.3767
  1.6658  1.7460  1.8258  1.9020  1.9723  2.0336  2.0826  2.1191  2.1439  2.1591
  2.1674  2.1712  2.1720  2.1691  2.1606  2.1036  2.0072  1.8950  1.7737  1.6504
  1.5280  1.4060  1.2836  1.1608  1.0392  0.9203  0.8048  0.6932  0.5853  0.4808
  0.3794
  1.4894  1.5720  1.6594  1.7363  1.8133  1.8844  1.9466  1.9981  2.0373  2.0652
  2.0835  2.0944  2.1001  2.1020  2.1061  2.0719  1.9802  1.8756  1.7599
 [Fe/H] = -2.00 [alpha/Fe] = 0.40 BC value = F182M
  2.4486  2.5032  2.5625  2.6232  2.6816  2.7336  2.7755  2.8045  2.8186  2.8162
  2.7944  2.7520  2.6939  2.6278  2.5582  2.3845  2.2138  2.0481  1.8872
  2.4075  2.4439  2.4902  2.5424  2.5962  2.6477  2.6929  2.7286  2.7527  2.7632
  2.7557  2.7259  2.6748  2.6111  2.5432  2.3711  2.2026  2.0392  1.8809  1.7271
  2.4108  2.4116  2.4363  2.4802  2.5210  2.5648  2.6082  2.6467  2.6775  2.6981
  2.7046  2.6910  2.6526  2.5943  2.5281  2.3581  2.1916  2.0304  1.8744  1.7232
  1.5764
  2.4350  2.4143  2.4157  2.4359  2.4683  2.5065  2.5453  2.5802  2.6081  2.6299
  2.6432  2.6434  2.6225  2.5753  2.5129  2.3455  2.1808  2.0217  1.8677  1.7186
  1.5741  1.4338
  2.4537  2.4449  2.4317  2.4308  2.4426  2.4634  2.4901  2.5200  2.5510  2.5779
  2.5892  2.5905  2.5802  2.5498  2.4958  2.3330  2.1698  2.0126  1.8609  1.7136
  1.5708  1.4324  1.2982  1.1677
  2.4503  2.4494  2.4411  2.4281  2.4148  2.4070  2.4097  2.4258  2.4546  2.4938
  2.5260  2.5370  2.5328  2.5132  2.4730  2.3200  2.1587  2.0031  1.8535  1.7084
  1.5670  1.4300  1.2973  1.1686  1.0436  0.9218  0.8030  0.6868  0.5735  0.4651
  2.4200  2.4309  2.4323  2.4263  2.4157  2.4042  2.3956  2.3946  2.4023  2.4165
  2.4350  2.4540  2.4626  2.4573  2.4340  2.3049  2.1471  1.9931  1.8455  1.7028
  1.5633  1.4272  1.2954  1.1679  1.0444  0.9243  0.8073  0.6933  0.5818  0.4728
  0.3681
  2.3559  2.3827  2.3978  2.4035  2.4020  2.3955  2.3864  2.3784  2.3743  2.3751
  2.3786  2.3815  2.3827  2.3808  2.3704  2.2779  2.1339  1.9824  1.8366  1.6964
  1.5595  1.4248  1.2935  1.1665  1.0438  0.9248  0.8093  0.6968  0.5872  0.4799
  0.3748
  2.2539  2.3019  2.3332  2.3536  2.3647  2.3684  2.3660  2.3599  2.3526  2.3462
  2.3414  2.3361  2.3279  2.3164  2.3033  2.2321  2.1111  1.9681  1.8247  1.6867
  1.5527  1.4202  1.2897  1.1625  1.0396  0.9209  0.8058  0.6943  0.5859  0.4803
  0.3769
  2.1248  2.1870  2.2355  2.2724  2.2988  2.3158  2.3247  2.3265  2.3230  2.3165
  2.3087  2.2998  2.2885  2.2731  2.2541  2.1853  2.0808  1.9517  1.8138  1.6783
  1.5471  1.4181  1.2900  1.1637  1.0406  0.9214  0.8063  0.6949  0.5871  0.4823
  0.3787
  1.9805  2.0480  2.1100  2.1619  2.2036  2.2355  2.2576  2.2709  2.2761  2.2751
  2.2696  2.2611  2.2500  2.2352  2.2160  2.1462  2.0488  1.9311  1.8013  1.6692
  1.5401  1.4141  1.2894  1.1654  1.0432  0.9239  0.8082  0.6963  0.5881  0.4833
  0.3817
  1.8234  1.8980  1.9662  2.0283  2.0828  2.1284  2.1642  2.1903  2.2070  2.2152
  2.2164  2.2123  2.2043  2.1926  2.1890  2.1148  2.0151  1.9063  1.7872
 [Fe/H] = -1.50 [alpha/Fe] = 0.40 BC value = F182M
  2.5312  2.5928  2.6570  2.7211  2.7811  2.8305  2.8631  2.8756  2.8706  2.8495
  2.8117  2.7588  2.6962  2.6293  2.5606  2.3877  2.2173  2.0510  1.8892
  2.4720  2.5260  2.5850  2.6459  2.7043  2.7548  2.7919  2.8112  2.8160  2.8066
  2.7812  2.7382  2.6806  2.6152  2.5471  2.3753  2.2069  2.0431  1.8842  1.7301
  2.4281  2.4672  2.5157  2.5689  2.6228  2.6728  2.7131  2.7391  2.7526  2.7540
  2.7416  2.7121  2.6640  2.6026  2.5356  2.3649  2.1975  2.0354  1.8786  1.7269
  1.5799
  2.4276  2.4388  2.4614  2.5033  2.5482  2.5929  2.6328  2.6632  2.6829  2.6927
  2.6915  2.6761  2.6422  2.5892  2.5253  2.3561  2.1894  2.0284  1.8731  1.7231
  1.5782  1.4375
  2.4520  2.4420  2.4425  2.4544  2.4788  2.5163  2.5620  2.5961  2.6183  2.6309
  2.6351  2.6294  2.6101  2.5712  2.5141  2.3484  2.1824  2.0222  1.8679  1.7192
  1.5757  1.4368  1.3022  1.1714
  2.4724  2.4640  2.4516  2.4395  2.4343  2.4405  2.4627  2.5012  2.5429  2.5739
  2.5857  2.5830  2.5693  2.5434  2.4989  2.3410  2.1761  2.0166  1.8631  1.7154
  1.5729  1.4352  1.3021  1.1729  1.0475  0.9253  0.8061  0.6898  0.5766  0.4685
  2.4766  2.4732  2.4638  2.4495  2.4343  2.4228  2.4197  2.4270  2.4438  2.4703
  2.5023  2.5231  2.5242  2.5074  2.4747  2.3329  2.1700  2.0112  1.8586  1.7119
  1.5702  1.4332  1.3009  1.1729  1.0489  0.9284  0.8110  0.6966  0.5849  0.4761
  0.3717
  2.4634  2.4678  2.4644  2.4543  2.4394  2.4228  2.4082  2.3995  2.3981  2.4031
  2.4123  2.4260  2.4403  2.4439  2.4304  2.3213  2.1636  2.0059  1.8542  1.7085
  1.5689  1.4316  1.2996  1.1721  1.0489  0.9295  0.8134  0.7005  0.5905  0.4832
  0.3783
  2.4226  2.4420  2.4487  2.4459  2.4365  2.4225  2.4063  2.3908  2.3784  2.3705
  2.3664  2.3635  2.3609  2.3593  2.3552  2.2891  2.1530  1.9980  1.8473  1.7026
  1.5634  1.4281  1.2963  1.1686  1.0452  0.9260  0.8105  0.6985  0.5897  0.4838
  0.3803
  2.3520  2.3866  2.4081  2.4166  2.4165  2.4097  2.3983  2.3839  2.3684  2.3537
  2.3406  2.3288  2.3165  2.3026  2.2881  2.2363  2.1315  1.9904  1.8422  1.6989
  1.5612  1.4278  1.2976  1.1702  1.0465  0.9270  0.8114  0.6996  0.5913  0.4861
  0.3822
  2.2524  2.3009  2.3364  2.3599  2.3722  2.3761  2.3733  2.3654  2.3535  2.3388
  2.3227  2.3057  2.2880  2.2684  2.2467  2.1838  2.0956  1.9746  1.8352  1.6943
  1.5580  1.4265  1.2985  1.1728  1.0497  0.9299  0.8136  0.7013  0.5927  0.4874
  0.3854
  2.1245  2.1863  2.2358  2.2737  2.3000  2.3166  2.3251  2.3268  2.3226  2.3134
  2.3001  2.2834  2.2642  2.2424  2.2310  2.1316  2.0453  1.9506  1.8263
 [Fe/H] = -1.00 [alpha/Fe] = 0.40 BC value = F182M
  2.6442  2.7101  2.7757  2.8384  2.8959  2.9398  2.9615  2.9559  2.9265  2.8799
  2.8221  2.7578  2.6908  2.6229  2.5548  2.3852  2.2181  2.0536  1.8925
  2.5763  2.6395  2.7043  2.7681  2.8263  2.8744  2.9043  2.9075  2.8893  2.8536
  2.8042  2.7450  2.6800  2.6126  2.5443  2.3745  2.2081  2.0460  1.8879  1.7339
  2.5107  2.5663  2.6264  2.6881  2.7476  2.7997  2.8368  2.8499  2.8431  2.8193
  2.7808  2.7299  2.6697  2.6041  2.5363  2.3663  2.2002  2.0393  1.8832  1.7316
  1.5844
  2.4592  2.5015  2.5521  2.6075  2.6640  2.7171  2.7604  2.7837  2.7876  2.7755
  2.7489  2.7089  2.6569  2.5959  2.5298  2.3603  2.1941  2.0337  1.8787  1.7289
  1.5837  1.4427
  2.4427  2.4574  2.4907  2.5348  2.5841  2.6338  2.6786  2.7103  2.7239  2.7222
  2.7071  2.6791  2.6382  2.5852  2.5232  2.3559  2.1897  2.0293  1.8749  1.7261
  1.5823  1.4430  1.3079  1.1766
  2.4713  2.4627  2.4603  2.4724  2.5031  2.5487  2.5967  2.6352  2.6572  2.6636
  2.6573  2.6396  2.6103  2.5684  2.5142  2.3523  2.1865  2.0261  1.8719  1.7236
  1.5806  1.4424  1.3088  1.1791  1.0531  0.9304  0.8108  0.6941  0.5810  0.4733
  2.4900  2.4819  2.4712  2.4623  2.4612  2.4721  2.4956  2.5296  2.5665  2.5933
  2.6032  2.5957  2.5748  2.5428  2.4992  2.3485  2.1840  2.0237  1.8696  1.7216
  1.5791  1.4415  1.3086  1.1800  1.0554  0.9343  0.8164  0.7015  0.5895  0.4808
  0.3770
  2.4951  2.4907  2.4817  2.4691  2.4562  2.4473  2.4461  2.4530  2.4657  2.4820
  2.5014  2.5182  2.5216  2.5066  2.4748  2.3431  2.1818  2.0220  1.8681  1.7203
  1.5782  1.4409  1.3083  1.1801  1.0563  0.9363  0.8196  0.7061  0.5956  0.4880
  0.3815
  2.4910  2.4906  2.4852  2.4747  2.4602  2.4441  2.4297  2.4200  2.4157  2.4150
  2.4160  2.4185  2.4237  2.4271  2.4191  2.3297  2.1771  2.0184  1.8648  1.7173
  1.5754  1.4384  1.3057  1.1774  1.0534  0.9336  0.8175  0.7049  0.5955  0.4890
  0.3853
  2.4727  2.4790  2.4798  2.4738  2.4621  2.4459  2.4275  2.4094  2.3936  2.3811
  2.3713  2.3623  2.3530  2.3440  2.3361  2.2891  2.1710  2.0169  1.8643  1.7174
  1.5762  1.4400  1.3080  1.1797  1.0554  0.9352  0.8190  0.7066  0.5977  0.4920
  0.3892
  2.4329  2.4499  2.4589  2.4606  2.4549  2.4426  2.4258  2.4063  2.3859  2.3662
  2.3479  2.3309  2.3140  2.2959  2.2768  2.2268  2.1428  2.0123  1.8631  1.7171
  1.5767  1.4415  1.3107  1.1833  1.0592  0.9387  0.8219  0.7090  0.5997  0.4939
  0.3913
  2.3635  2.3937  2.4152  2.4271  2.4307  2.4259  2.4145  2.3985  2.3792  2.3580
  2.3359  2.3135  2.2909  2.2675  2.2412  2.1428  2.0925  2.0046  1.8612
 [Fe/H] = -0.75 [alpha/Fe] = 0.40 BC value = F182M
  2.7061  2.7734  2.8388  2.8992  2.9518  2.9891  3.0037  2.9897  2.9466  2.8885
  2.8229  2.7545  2.6855  2.6169  2.5488  2.3807  2.2156  2.0532  1.8933
  2.6362  2.7029  2.7693  2.8325  2.8885  2.9328  2.9572  2.9509  2.9199  2.8711
  2.8114  2.7457  2.6777  2.6091  2.5406  2.3716  2.2067  2.0461  1.8892  1.7358
  2.5634  2.6251  2.6890  2.7526  2.8119  2.8623  2.8960  2.9022  2.8843  2.8472
  2.7961  2.7360  2.6707  2.6030  2.5347  2.3649  2.1998  2.0399  1.8848  1.7339
  1.5870
  2.4989  2.5506  2.6079  2.6679  2.7272  2.7816  2.8239  2.8431  2.8384  2.8141
  2.7741  2.7223  2.6623  2.5974  2.5301  2.3604  2.1948  2.0351  1.8809  1.7316
  1.5867  1.4458
  2.4577  2.4908  2.5351  2.5867  2.6415  2.6952  2.7425  2.7737  2.7819  2.7704
  2.7427  2.7016  2.6498  2.5902  2.5255  2.3573  2.1915  2.0316  1.8777  1.7294
  1.5859  1.4466  1.3114  1.1798
  2.4653  2.4648  2.4803  2.5145  2.5604  2.6102  2.6577  2.6961  2.7158  2.7164
  2.7009  2.6714  2.6302  2.5787  2.5193  2.3550  2.1893  2.0292  1.8753  1.7274
  1.5847  1.4466  1.3128  1.1829  1.0566  0.9336  0.8138  0.6970  0.5841  0.4767
  2.4906  2.4819  2.4741  2.4743  2.4886  2.5182  2.5604  2.6056  2.6398  2.6543
  2.6506  2.6320  2.6013  2.5600  2.5087  2.3526  2.1879  2.0277  1.8738  1.7260
  1.5837  1.4462  1.3133  1.1845  1.0596  0.9381  0.8199  0.7047  0.5926  0.4842
  0.3808
  2.5009  2.4947  2.4849  2.4740  2.4670  2.4687  2.4808  2.5017  2.5276  2.5524
  2.5704  2.5746  2.5614  2.5322  2.4908  2.3493  2.1870  2.0271  1.8731  1.7253
  1.5831  1.4460  1.3135  1.1852  1.0610  0.9407  0.8237  0.7098  0.5989  0.4913
  0.3870
  2.5015  2.4983  2.4909  2.4796  2.4663  2.4543  2.4473  2.4471  2.4519  2.4581
  2.4636  2.4693  2.4738  2.4700  2.4515  2.3405  2.1841  2.0248  1.8708  1.7229
  1.5808  1.4438  1.3112  1.1828  1.0587  0.9385  0.8220  0.7090  0.5993  0.4926
  0.3888
  2.4941  2.4948  2.4910  2.4823  2.4693  2.4535  2.4374  2.4236  2.4137  2.4068
  2.4007  2.3934  2.3854  2.3781  2.3705  2.3129  2.1818  2.0253  1.8718  1.7243
  1.5826  1.4460  1.3137  1.1854  1.0609  0.9406  0.8241  0.7113  0.6020  0.4959
  0.3929
  2.4764  2.4825  2.4832  2.4793  2.4694  2.4547  2.4365  2.4171  2.3981  2.3809
  2.3655  2.3506  2.3347  2.3172  2.2992  2.2519  2.1631  2.0242  1.8726  1.7257
  1.5845  1.4485  1.3171  1.1894  1.0651  0.9444  0.8273  0.7140  0.6045  0.4983
  0.3993
  2.4484  2.4535  2.4624  2.4644  2.4604  2.4499  2.4340  2.4145  2.3928  2.3703
  2.3482  2.3264  2.3047  2.2819  2.2376  2.1575  2.1280  2.0215  1.8732
 [Fe/H] = -0.50 [alpha/Fe] = 0.40 BC value = F182M
  2.7671  2.8358  2.8992  2.9570  3.0052  3.0358  3.0411  3.0151  2.9588  2.8916
  2.8206  2.7490  2.6783  2.6088  2.5405  2.3736  2.2110  2.0511  1.8939
  2.6974  2.7666  2.8337  2.8954  2.9485  2.9881  3.0047  2.9868  2.9423  2.8822
  2.8146  2.7444  2.6739  2.6040  2.5351  2.3666  2.2033  2.0446  1.8894  1.7372
  2.6199  2.6865  2.7533  2.8176  2.8754  2.9225  2.9507  2.9482  2.9179  2.8680
  2.8065  2.7394  2.6702  2.6006  2.5315  2.3619  2.1977  2.0392  1.8855  1.7356
  1.5893
  2.5454  2.6048  2.6676  2.7309  2.7913  2.8445  2.8839  2.8975  2.8827  2.8458
  2.7935  2.7320  2.6659  2.5977  2.5290  2.3590  2.1941  2.0353  1.8822  1.7338
  1.5895  1.4488
  2.4855  2.5318  2.5854  2.6432  2.7019  2.7576  2.8050  2.8338  2.8352  2.8130
  2.7726  2.7196  2.6589  2.5938  2.5266  2.3573  2.1919  2.0326  1.8796  1.7320
  1.5891  1.4502  1.3151  1.1836
  2.4625  2.4824  2.5174  2.5627  2.6145  2.6679  2.7179  2.7575  2.7748  2.7679
  2.7412  2.6992  2.6467  2.5870  2.5229  2.3561  2.1907  2.0311  1.8778  1.7306
  1.5885  1.4508  1.3171  1.1871  1.0607  0.9375  0.8174  0.7003  0.5871  0.4798
  2.4862  2.4797  2.4812  2.4984  2.5324  2.5778  2.6266  2.6716  2.7021  2.7103
  2.6978  2.6687  2.6266  2.5749  2.5164  2.3549  2.1902  2.0304  1.8768  1.7296
  1.5879  1.4509  1.3182  1.1894  1.0642  0.9425  0.8240  0.7085  0.5961  0.4873
  0.3839
  2.5029  2.4956  2.4865  2.4804  2.4839  2.5001  2.5282  2.5652  2.6033  2.6296
  2.6371  2.6249  2.5961  2.5550  2.5046  2.3531  2.1902  2.0304  1.8767  1.7293
  1.5876  1.4510  1.3188  1.1906  1.0664  0.9457  0.8283  0.7142  0.6031  0.4949
  0.3902
  2.5070  2.5023  2.4939  2.4830  2.4729  2.4683  2.4723  2.4844  2.5014  2.5180
  2.5301  2.5359  2.5317  2.5132  2.4794  2.3474  2.1885  2.0290  1.8750  1.7273
  1.5855  1.4488  1.3167  1.1886  1.0645  0.9442  0.8274  0.7140  0.6039  0.4967
  0.3925
  2.5033  2.5019  2.4960  2.4862  2.4734  2.4600  2.4492  2.4435  2.4428  2.4442
  2.4435  2.4392  2.4326  2.4246  2.4121  2.3323  2.1883  2.0308  1.8771  1.7295
  1.5878  1.4512  1.3193  1.1913  1.0671  0.9467  0.8299  0.7168  0.6072  0.5007
  0.3971
  2.4960  2.4967  2.4941  2.4867  2.4752  2.4602  2.4436  2.4275  2.4138  2.4026
  2.3923  2.3804  2.3654  2.3483  2.3307  2.2791  2.1791  2.0319  1.8794  1.7321
  1.5906  1.4545  1.3231  1.1955  1.0714  0.9508  0.8335  0.7200  0.6101  0.5035
  0.4040
  2.4795  2.4850  2.4858  2.4820  2.4739  2.4605  2.4433  2.4237  2.4031  2.3831
  2.3639  2.3450  2.3249  2.3027  2.2352  2.1878  2.1609  2.0323  1.8819
 [Fe/H] = -0.25 [alpha/Fe] = 0.40 BC value = F182M
  2.8252  2.8927  2.9629  3.0257  3.0708  3.0903  3.0776  3.0311  2.9634  2.8898
  2.8151  2.7411  2.6688  2.5983  2.5296  2.3634  2.2032  2.0464  1.8917
  2.7572  2.8286  2.8942  2.9538  3.0039  3.0375  3.0450  3.0136  2.9560  2.8870
  2.8141  2.7406  2.6681  2.5970  2.5274  2.3591  2.1974  2.0409  1.8879  1.7374
  2.6772  2.7475  2.8159  2.8796  2.9352  2.9781  2.9995  2.9861  2.9422  2.8810
  2.8119  2.7399  2.6678  2.5966  2.5266  2.3567  2.1935  2.0365  1.8846  1.7362
  1.5910
  2.5956  2.6614  2.7283  2.7935  2.8536  2.9043  2.9390  2.9450  2.9184  2.8689
  2.8063  2.7378  2.6672  2.5964  2.5264  2.3557  2.1914  2.0336  1.8818  1.7348
  1.5915  1.4516
  2.5224  2.5786  2.6394  2.7019  2.7631  2.8189  2.8641  2.8884  2.8813  2.8471
  2.7948  2.7322  2.6648  2.5956  2.5262  2.3556  2.1906  2.0321  1.8800  1.7335
  1.5916  1.4533  1.3187  1.1876
  2.4806  2.5111  2.5585  2.6130  2.6703  2.7266  2.7776  2.8158  2.8287  2.8126
  2.7740  2.7206  2.6589  2.5929  2.5252  2.3557  2.1905  2.0315  1.8790  1.7326
  1.5914  1.4544  1.3212  1.1915  1.0649  0.9414  0.8211  0.7042  0.5912  0.4841
  2.4766  2.4804  2.5013  2.5375  2.5829  2.6336  2.6847  2.7302  2.7597  2.7630
  2.7410  2.7001  2.6470  2.5865  2.5221  2.3557  2.1909  2.0315  1.8786  1.7321
  1.5912  1.4549  1.3228  1.1943  1.0693  0.9475  0.8288  0.7130  0.6003  0.4917
  0.3885
  2.4999  2.4927  2.4874  2.4918  2.5110  2.5444  2.5871  2.6325  2.6727  2.6946
  2.6919  2.6672  2.6262  2.5743  2.5156  2.3551  2.1915  2.0321  1.8789  1.7321
  1.5912  1.4553  1.3238  1.1961  1.0720  0.9513  0.8337  0.7193  0.6079  0.4994
  0.3948
  2.5087  2.5032  2.4946  2.4858  2.4822  2.4886  2.5061  2.5324  2.5628  2.5908
  2.6060  2.6042  2.5846  2.5487  2.5005  2.3517  2.1905  2.0312  1.8776  1.7303
  1.5891  1.4532  1.3219  1.1944  1.0707  0.9504  0.8335  0.7199  0.6094  0.5019
  0.3974
  2.5079  2.5049  2.4980  2.4879  2.4766  2.4678  2.4653  2.4705  2.4811  2.4930
  2.5008  2.5014  2.4948  2.4805  2.4563  2.3453  2.1918  2.0337  1.8802  1.7328
  1.5915  1.4556  1.3244  1.1971  1.0735  0.9534  0.8366  0.7233  0.6132  0.5048
  0.4031
  2.5030  2.5019  2.4974  2.4890  2.4771  2.4633  2.4501  2.4403  2.4349  2.4325
  2.4296  2.4221  2.4091  2.3924  2.3734  2.3073  2.1892  2.0364  1.8835  1.7362
  1.5949  1.4591  1.3282  1.2012  1.0778  0.9576  0.8405  0.7269  0.6167  0.5098
  0.4118
  2.4943  2.4970  2.4942  2.4882  2.4778  2.4639  2.4474  2.4301  2.4137  2.3993
  2.3861  2.3720  2.3545  2.3329  2.2518  2.2377  2.1827  2.0393  1.8875
 [Fe/H] =  0.00 [alpha/Fe] = 0.40 BC value = F182M
  2.8796  2.9453  3.0147  3.0740  3.1117  3.1208  3.1015  3.0380  2.9617  2.8838
  2.8065  2.7306  2.6569  2.5853  2.5159  2.3498  2.1919  2.0385  1.8872
  2.8139  2.8846  2.9493  3.0059  3.0510  3.0789  3.0764  3.0306  2.9617  2.8864
  2.8099  2.7341  2.6599  2.5876  2.5172  2.3486  2.1884  2.0342  1.8839  1.7359
  2.7330  2.8055  2.8742  2.9363  2.9887  3.0266  3.0401  3.0142  2.9571  2.8870
  2.8126  2.7374  2.6632  2.5904  2.5194  2.3489  2.1866  2.0312  1.8813  1.7350
  1.5914
  2.6465  2.7172  2.7868  2.8525  2.9112  2.9585  2.9873  2.9841  2.9442  2.8832
  2.8131  2.7397  2.6660  2.5933  2.5219  2.3501  2.1863  2.0297  1.8794  1.7341
  1.5923  1.4535
  2.5635  2.6277  2.6940  2.7598  2.8219  2.8765  2.9180  2.9361  2.9185  2.8718
  2.8092  2.7396  2.6676  2.5955  2.5243  2.3519  2.1871  2.0294  1.8784  1.7334
  1.5927  1.4555  1.3218  1.1910
  2.4958  2.5465  2.6041  2.6651  2.7263  2.7842  2.8343  2.8690  2.8754  2.8484
  2.7981  2.7352  2.6667  2.5963  2.5258  2.3536  2.1884  2.0299  1.8783  1.7330
  1.5930  1.4570  1.3247  1.1956  1.0696  0.9465  0.8263  0.7088  0.5959  0.4888
  2.4696  2.4938  2.5307  2.5777  2.6315  2.6873  2.7406  2.7857  2.8123  2.8087
  2.7758  2.7238  2.6615  2.5946  2.5259  2.3550  2.1897  2.0309  1.8787  1.7331
  1.5932  1.4579  1.3267  1.1989  1.0743  0.9528  0.8341  0.7182  0.6052  0.4966
  0.3934
  2.4904  2.4862  2.4916  2.5141  2.5504  2.5950  2.6428  2.6903  2.7297  2.7484
  2.7376  2.7016  2.6496  2.5887  2.5235  2.3558  2.1910  2.0321  1.8795  1.7335
  1.5936  1.4586  1.3280  1.2011  1.0776  0.9572  0.8397  0.7251  0.6134  0.5046
  0.3999
  2.5060  2.4999  2.4926  2.4893  2.4968  2.5178  2.5500  2.5904  2.6300  2.6600
  2.6720  2.6587  2.6237  2.5739  2.5153  2.3542  2.1906  2.0315  1.8785  1.7319
  1.5916  1.4565  1.3261  1.1996  1.0767  0.9569  0.8401  0.7263  0.6156  0.5078
  0.4029
  2.5080  2.5044  2.4973  2.4879  2.4801  2.4789  2.4875  2.5068  2.5310  2.5536
  2.5691  2.5727  2.5606  2.5336  2.4934  2.3527  2.1929  2.0344  1.8812  1.7344
  1.5938  1.4587  1.3285  1.2022  1.0796  0.9602  0.8437  0.7304  0.6202  0.5130
  0.4087
  2.5036  2.5027  2.4974  2.4886  2.4773  2.4661  2.4585  2.4574  2.4624  2.4703
  2.4764  2.4761  2.4666  2.4491  2.4250  2.3330  2.1938  2.0379  1.8850  1.7380
  1.5972  1.4621  1.3320  1.2060  1.0836  0.9643  0.8479  0.7345  0.6242  0.5171
  0.4173
  2.4994  2.4988  2.4955  2.4881  2.4773  2.4639  2.4494  2.4364  2.4267  2.4205
  2.4156  2.4079  2.3944  2.3741  2.3101  2.2951  2.1933  2.0420  1.8899
 [Fe/H] =  0.25 [alpha/Fe] = 0.40 BC value = F182M
  2.9302  2.9940  3.0506  3.0942  3.1187  3.1196  3.0932  3.0366  2.9551  2.8740
  2.7947  2.7172  2.6421  2.5693  2.4991  2.3327  2.1767  2.0267  1.8794
  2.8667  2.9366  3.0082  3.0702  3.1117  3.1237  3.0993  3.0384  2.9610  2.8814
  2.8024  2.7247  2.6490  2.5755  2.5042  2.3349  2.1758  2.0242  1.8769  1.7319
  2.7857  2.8594  2.9270  2.9865  3.0346  3.0664  3.0711  3.0326  2.9639  2.8873
  2.8093  2.7319  2.6559  2.5817  2.5097  2.3381  2.1764  2.0228  1.8752  1.7314
  1.5901
  2.6959  2.7702  2.8411  2.9060  2.9621  3.0050  3.0271  3.0135  2.9607  2.8903
  2.8146  2.7381  2.6622  2.5878  2.5152  2.3419  2.1783  2.0229  1.8743  1.7310
  1.5912  1.4541
  2.6056  2.6768  2.7465  2.8140  2.8758  2.9279  2.9647  2.9753  2.9462  2.8876
  2.8169  2.7425  2.6674  2.5931  2.5203  2.3458  2.1810  2.0241  1.8744  1.7310
  1.5920  1.4564  1.3238  1.1941
  2.5222  2.5855  2.6504  2.7162  2.7798  2.8378  2.8855  2.9154  2.9137  2.8748
  2.8138  2.7437  2.6706  2.5972  2.5246  2.3495  2.1838  2.0260  1.8753  1.7313
  1.5927  1.4581  1.3269  1.1989  1.0738  0.9513  0.8313  0.7139  0.6014  0.4943
  2.4719  2.5125  2.5626  2.6202  2.6803  2.7393  2.7932  2.8362  2.8580  2.8458
  2.8015  2.7397  2.6708  2.5993  2.5275  2.3526  2.1865  2.0281  1.8767  1.7321
  1.5934  1.4594  1.3293  1.2025  1.0788  0.9579  0.8396  0.7238  0.6108  0.5024
  0.3991
  2.4738  2.4808  2.5056  2.5434  2.5891  2.6402  2.6930  2.7424  2.7801  2.7940
  2.7741  2.7271  2.6658  2.5983  2.5286  2.3551  2.1888  2.0301  1.8782  1.7331
  1.5942  1.4604  1.3309  1.2051  1.0825  0.9628  0.8457  0.7314  0.6197  0.5107
  0.4059
  2.4966  2.4914  2.4883  2.4960  2.5194  2.5560  2.5987  2.6422  2.6846  2.7151
  2.7220  2.6978  2.6505  2.5907  2.5251  2.3551  2.1890  2.0299  1.8775  1.7318
  1.5923  1.4584  1.3291  1.2037  1.0818  0.9629  0.8467  0.7333  0.6226  0.5146
  0.4094
  2.5039  2.5002  2.4931  2.4862  2.4850  2.4951  2.5170  2.5472  2.5807  2.6122
  2.6348  2.6363  2.6134  2.5711  2.5164  2.3565  2.1920  2.0328  1.8802  1.7341
  1.5944  1.4604  1.3313  1.2062  1.0848  0.9664  0.8508  0.7379  0.6279  0.5189
  0.4139
  2.5013  2.4997  2.4945  2.4858  2.4762  2.4696  2.4703  2.4800  2.4962  2.5146
  2.5308  2.5386  2.5316  2.5096  2.4752  2.3503  2.1949  2.0368  1.8840  1.7375
  1.5975  1.4633  1.3343  1.2095  1.0883  0.9703  0.8550  0.7424  0.6324  0.5252
  0.4209
  2.4958  2.4959  2.4923  2.4849  2.4744  2.4623  2.4513  2.4446  2.4437  2.4471
  2.4513  2.4516  2.4440  2.4266  2.4015  2.3365  2.1977  2.0419  1.8889
 [Fe/H] =  0.50 [alpha/Fe] = 0.40 BC value = F182M
  2.9769  3.0387  3.0707  3.0862  3.0918  3.0865  3.0526  3.0293  2.9443  2.8609
  2.7798  2.7007  2.6242  2.5504  2.4793  2.3121  2.1577  2.0112  1.8676
  2.9156  2.9846  3.0424  3.1273  3.1645  3.1585  3.1135  3.0381  2.9552  2.8726
  2.7915  2.7122  2.6351  2.5604  2.4881  2.3178  2.1597  2.0105  1.8664  1.7249
  2.8353  2.9092  2.9741  3.0299  3.0728  3.0970  3.0922  3.0418  2.9642  2.8831
  2.8024  2.7232  2.6457  2.5703  2.4971  2.3241  2.1629  2.0110  1.8659  1.7250
  1.5863
  2.7424  2.8191  2.8901  2.9531  3.0053  3.0426  3.0573  3.0332  2.9688  2.8915
  2.8121  2.7330  2.6555  2.5796  2.5058  2.3307  2.1671  2.0129  1.8662  1.7253
  1.5879  1.4529
  2.6461  2.7218  2.7949  2.8628  2.9229  2.9714  3.0026  3.0052  2.9646  2.8958
  2.8194  2.7414  2.6642  2.5882  2.5139  2.3371  2.1719  2.0158  1.8675  1.7259
  1.5890  1.4553  1.3245  1.1962
  2.5542  2.6239  2.6946  2.7636  2.8282  2.8849  2.9293  2.9535  2.9430  2.8924
  2.8227  2.7474  2.6711  2.5954  2.5211  2.3431  2.1766  2.0192  1.8695  1.7270
  1.5902  1.4573  1.3277  1.2010  1.0771  0.9557  0.8364  0.7196  0.6078  0.5009
  2.4803  2.5362  2.5972  2.6619  2.7263  2.7870  2.8401  2.8799  2.8959  2.8742
  2.8189  2.7494  2.6755  2.6009  2.5269  2.3484  2.1809  2.0226  1.8720  1.7285
  1.5913  1.4589  1.3302  1.2047  1.0822  0.9624  0.8449  0.7297  0.6171  0.5091
  0.4059
  2.4559  2.4823  2.5209  2.5699  2.6254  2.6835  2.7396  2.7888  2.8236  2.8314
  2.8019  2.7446  2.6761  2.6039  2.5310  2.3528  2.1846  2.0257  1.8744  1.7302
  1.5926  1.4602  1.3321  1.2075  1.0861  0.9676  0.8514  0.7377  0.6264  0.5175
  0.4130
  2.4791  2.4768  2.4842  2.5091  2.5479  2.5924  2.6392  2.6867  2.7311  2.7598
  2.7602  2.7258  2.6685  2.6016  2.5311  2.3546  2.1859  2.0263  1.8744  1.7295
  1.5911  1.4584  1.3305  1.2064  1.0857  0.9680  0.8529  0.7402  0.6300  0.5222
  0.4169
  2.4939  2.4902  2.4846  2.4832  2.4926  2.5169  2.5524  2.5923  2.6305  2.6638
  2.6864  2.6821  2.6474  2.5931  2.5292  2.3580  2.1895  2.0294  1.8771  1.7318
  1.5931  1.4602  1.3324  1.2087  1.0886  0.9716  0.8572  0.7453  0.6358  0.5288
  0.4242
  2.4942  2.4931  2.4879  2.4802  2.4739  2.4746  2.4863  2.5080  2.5352  2.5629
  2.5862  2.5986  2.5899  2.5584  2.5106  2.3584  2.1937  2.0335  1.8807  1.7349
  1.5958  1.4626  1.3348  1.2114  1.0917  0.9752  0.8613  0.7499  0.6408  0.5341
  0.4299
  2.4881  2.4892  2.4859  2.4789  2.4692  2.4597  2.4540  2.4557  2.4652  2.4786
  2.4919  2.5009  2.4998  2.4843  2.4753  2.3558  2.1985  2.0386  1.8852
