 [Fe/H] = -2.50 [alpha/Fe] = 0.00 BC value =F322W2
  0.3643  0.3103  0.2616  0.2173  0.1773  0.1501  0.1949  0.2114  0.2268  0.2296
  0.2127  0.1663  0.1196  0.0541 -0.0169 -0.1970 -0.3683 -0.5493 -0.7213
  0.4650  0.4046  0.3445  0.2847  0.2321  0.1939  0.1702  0.1595  0.1595  0.1672
  0.1682  0.1464  0.0968  0.0318 -0.0381 -0.2149 -0.3903 -0.5618 -0.7265 -0.8842
  0.4684  0.4175  0.3647  0.3114  0.2597  0.2121  0.1723  0.1444  0.1256  0.1134
  0.1105  0.1037  0.0694  0.0106 -0.0569 -0.2316 -0.4049 -0.5757 -0.7399 -0.8968
 -1.0470
  0.4534  0.4108  0.3655  0.3180  0.2698  0.2233  0.1818  0.1460  0.1164  0.0917
  0.0682  0.0551  0.0339 -0.0131 -0.0753 -0.2457 -0.4166 -0.5860 -0.7502 -0.9067
 -1.0561 -1.1995
  0.4170  0.3844  0.3480  0.3079  0.2649  0.2205  0.1776  0.1391  0.1052  0.0742
  0.0444  0.0159 -0.0070 -0.0451 -0.0978 -0.2590 -0.4265 -0.5935 -0.7574 -0.9141
 -1.0633 -1.2059 -1.3429 -1.4751
  0.3585  0.3367  0.3111  0.2806  0.2450  0.2055  0.1643  0.1240  0.0865  0.0522
  0.0188 -0.0157 -0.0447 -0.0812 -0.1285 -0.2746 -0.4363 -0.5994 -0.7619 -0.9191
 -1.0686 -1.2111 -1.3475 -1.4786 -1.6054 -1.7283 -1.8475 -1.9634 -2.0762 -2.1860
  0.2827  0.2677  0.2531  0.2338  0.2081  0.1763  0.1401  0.1017  0.0632  0.0262
 -0.0094 -0.0454 -0.0799 -0.1160 -0.1606 -0.2952 -0.4477 -0.6052 -0.7644 -0.9213
 -1.0718 -1.2149 -1.3513 -1.4820 -1.6077 -1.7291 -1.8468 -1.9612 -2.0727 -2.1815
 -2.2876
  0.1910  0.1823  0.1748  0.1657  0.1514  0.1298  0.1018  0.0688  0.0328 -0.0040
 -0.0406 -0.0772 -0.1135 -0.1499 -0.1920 -0.3178 -0.4617 -0.6127 -0.7666 -0.9213
 -1.0724 -1.2167 -1.3538 -1.4847 -1.6101 -1.7308 -1.8474 -1.9605 -2.0704 -2.1777
 -2.2826
  0.0909  0.0849  0.0806  0.0778  0.0734  0.0630  0.0453  0.0208 -0.0091 -0.0423
 -0.0773 -0.1131 -0.1492 -0.1855 -0.2251 -0.3423 -0.4781 -0.6236 -0.7724 -0.9230
 -1.0730 -1.2185 -1.3572 -1.4891 -1.6149 -1.7356 -1.8519 -1.9644 -2.0736 -2.1794
 -2.2823
 -0.0177 -0.0245 -0.0223 -0.0229 -0.0224 -0.0236 -0.0305 -0.0446 -0.0653 -0.0916
 -0.1217 -0.1544 -0.1885 -0.2236 -0.2603 -0.3678 -0.4940 -0.6328 -0.7770 -0.9231
 -1.0697 -1.2146 -1.3545 -1.4880 -1.6150 -1.7362 -1.8526 -1.9646 -2.0752 -2.1801
 -2.2815
 -0.1346 -0.1459 -0.1339 -0.1287 -0.1294 -0.1272 -0.1262 -0.1299 -0.1402 -0.1567
 -0.1787 -0.2053 -0.2349 -0.2667 -0.3003 -0.3971 -0.5131 -0.6435 -0.7825 -0.9246
 -1.0676 -1.2098 -1.3494 -1.4842 -1.6129 -1.7354 -1.8526 -1.9650 -2.0731 -2.1777
 -2.2789
 -0.2600 -0.2793 -0.2542 -0.2380 -0.2407 -0.2398 -0.2363 -0.2334 -0.2343 -0.2404
 -0.2523 -0.2697 -0.2919 -0.3180 -0.3451 -0.4302 -0.5354 -0.6557 -0.7889
 [Fe/H] = -2.00 [alpha/Fe] = 0.00 BC value =F322W2
  0.3651  0.3204  0.2831  0.2529  0.2292  0.2133  0.2237  0.2259  0.2281  0.2242
  0.2062  0.1648  0.1112  0.0450 -0.0250 -0.2018 -0.3725 -0.5443 -0.7110
  0.4243  0.3568  0.2916  0.2380  0.1971  0.1696  0.1557  0.1537  0.1581  0.1630
  0.1597  0.1358  0.0866  0.0225 -0.0467 -0.2219 -0.3924 -0.5602 -0.7244 -0.8822
  0.4568  0.3959  0.3332  0.2713  0.2126  0.1647  0.1311  0.1106  0.1021  0.1038
  0.1072  0.0995  0.0641  0.0051 -0.0628 -0.2375 -0.4077 -0.5744 -0.7377 -0.8944
 -1.0446
  0.4696  0.4150  0.3580  0.3002  0.2442  0.1931  0.1480  0.1120  0.0867  0.0688
  0.0604  0.0555  0.0368 -0.0114 -0.0739 -0.2489 -0.4190 -0.5851 -0.7477 -0.9040
 -1.0534 -1.1968
  0.4644  0.4168  0.3664  0.3140  0.2610  0.2102  0.1643  0.1253  0.0914  0.0628
  0.0377  0.0199  0.0027 -0.0324 -0.0886 -0.2574 -0.4273 -0.5926 -0.7549 -0.9111
 -1.0603 -1.2030 -1.3400 -1.4723
  0.4403  0.4012  0.3587  0.3132  0.2655  0.2168  0.1698  0.1272  0.0903  0.0574
  0.0257 -0.0045 -0.0283 -0.0599 -0.1068 -0.2650 -0.4334 -0.5979 -0.7593 -0.9159
 -1.0653 -1.2079 -1.3444 -1.4757 -1.6025 -1.7254 -1.8449 -1.9612 -2.0743 -2.1839
  0.3956  0.3663  0.3334  0.2965  0.2560  0.2125  0.1675  0.1233  0.0822  0.0453
  0.0107 -0.0244 -0.0564 -0.0896 -0.1332 -0.2750 -0.4389 -0.6017 -0.7615 -0.9180
 -1.0683 -1.2114 -1.3479 -1.4787 -1.6047 -1.7264 -1.8444 -1.9591 -2.0708 -2.1796
 -2.2858
  0.3324  0.3111  0.2879  0.2613  0.2301  0.1941  0.1543  0.1124  0.0703  0.0300
 -0.0078 -0.0448 -0.0804 -0.1178 -0.1606 -0.2927 -0.4461 -0.6053 -0.7628 -0.9179
 -1.0688 -1.2131 -1.3502 -1.4812 -1.6068 -1.7278 -1.8448 -1.9582 -2.0684 -2.1758
 -2.2808
  0.2547  0.2384  0.2230  0.2061  0.1849  0.1582  0.1261  0.0897  0.0503  0.0099
 -0.0299 -0.0688 -0.1067 -0.1450 -0.1874 -0.3143 -0.4593 -0.6126 -0.7666 -0.9191
 -1.0694 -1.2148 -1.3535 -1.4854 -1.6114 -1.7323 -1.8489 -1.9615 -2.0707 -2.1768
 -2.2803
  0.1702  0.1547  0.1429  0.1326  0.1204  0.1036  0.0809  0.0526  0.0192 -0.0176
 -0.0562 -0.0950 -0.1338 -0.1728 -0.2139 -0.3345 -0.4725 -0.6194 -0.7691 -0.9181
 -1.0659 -1.2109 -1.3508 -1.4842 -1.6112 -1.7326 -1.8492 -1.9615 -2.0701 -2.1752
 -2.2794
  0.0829  0.0660  0.0531  0.0450  0.0382  0.0297  0.0163 -0.0029 -0.0279 -0.0580
 -0.0920 -0.1284 -0.1662 -0.2046 -0.2442 -0.3567 -0.4873 -0.6279 -0.7730 -0.9185
 -1.0630 -1.2059 -1.3456 -1.4805 -1.6091 -1.7317 -1.8491 -1.9617 -2.0701 -2.1749
 -2.2765
 -0.0021 -0.0241 -0.0399 -0.0501 -0.0561 -0.0605 -0.0668 -0.0774 -0.0936 -0.1151
 -0.1418 -0.1728 -0.2035 -0.2403 -0.2783 -0.3809 -0.5037 -0.6381 -0.7783
 [Fe/H] = -1.50 [alpha/Fe] = 0.00 BC value =F322W2
  0.3829  0.3467  0.3193  0.3005  0.2896  0.2827  0.2757  0.2661  0.2539  0.2369
  0.2086  0.1629  0.1028  0.0355 -0.0339 -0.2076 -0.3767 -0.5419 -0.7037
  0.3787  0.3268  0.2851  0.2533  0.2307  0.2161  0.2064  0.1977  0.1900  0.1815
  0.1658  0.1324  0.0785  0.0130 -0.0561 -0.2295 -0.3975 -0.5598 -0.7211 -0.8785
  0.4252  0.3593  0.2951  0.2408  0.1991  0.1696  0.1509  0.1389  0.1308  0.1258
  0.1193  0.1008  0.0586 -0.0024 -0.0706 -0.2444 -0.4127 -0.5745 -0.7344 -0.8906
 -1.0408
  0.4615  0.4012  0.3385  0.2763  0.2176  0.1660  0.1279  0.1024  0.0861  0.0762
  0.0702  0.0618  0.0362 -0.0152 -0.0804 -0.2540 -0.4232 -0.5854 -0.7445 -0.8998
 -1.0492 -1.1927
  0.4785  0.4237  0.3655  0.3057  0.2474  0.1930  0.1446  0.1042  0.0731  0.0508
  0.0347  0.0217  0.0055 -0.0308 -0.0889 -0.2598 -0.4299 -0.5929 -0.7516 -0.9066
 -1.0556 -1.1985 -1.3357 -1.4682
  0.4801  0.4307  0.3777  0.3222  0.2657  0.2108  0.1606  0.1173  0.0803  0.0476
  0.0203 -0.0023 -0.0240 -0.0532 -0.1001 -0.2634 -0.4336 -0.5975 -0.7563 -0.9111
 -1.0602 -1.2029 -1.3396 -1.4712 -1.5983 -1.7217 -1.8416 -1.9582 -2.0715 -2.1811
  0.4668  0.4237  0.3768  0.3268  0.2747  0.2220  0.1706  0.1233  0.0820  0.0461
  0.0128 -0.0187 -0.0465 -0.0770 -0.1177 -0.2669 -0.4357 -0.5999 -0.7586 -0.9134
 -1.0629 -1.2060 -1.3426 -1.4738 -1.6000 -1.7221 -1.8406 -1.9558 -2.0677 -2.1766
 -2.2827
  0.4366  0.4013  0.3618  0.3186  0.2725  0.2244  0.1752  0.1269  0.0815  0.0405
  0.0033 -0.0325 -0.0672 -0.1014 -0.1413 -0.2740 -0.4373 -0.6009 -0.7593 -0.9135
 -1.0634 -1.2074 -1.3446 -1.4758 -1.6017 -1.7231 -1.8405 -1.9544 -2.0650 -2.1727
 -2.2777
  0.3882  0.3613  0.3300  0.2949  0.2563  0.2146  0.1703  0.1245  0.0784  0.0340
 -0.0076 -0.0470 -0.0854 -0.1239 -0.1657 -0.2922 -0.4429 -0.6040 -0.7615 -0.9147
 -1.0642 -1.2091 -1.3476 -1.4796 -1.6058 -1.7271 -1.8441 -1.9572 -2.0669 -2.1735
 -2.2772
  0.3253  0.3043  0.2806  0.2540  0.2242  0.1905  0.1533  0.1127  0.0696  0.0255
 -0.0183 -0.0608 -0.1020 -0.1431 -0.1860 -0.3106 -0.4528 -0.6059 -0.7611 -0.9126
 -1.0607 -1.2053 -1.3448 -1.4782 -1.6054 -1.7271 -1.8441 -1.9568 -2.0658 -2.1714
 -2.2761
  0.2531  0.2340  0.2152  0.1957  0.1739  0.1488  0.1198  0.0865  0.0492  0.0087
 -0.0337 -0.0767 -0.1196 -0.1622 -0.2060 -0.3279 -0.4653 -0.6116 -0.7620 -0.9111
 -1.0571 -1.2003 -1.3398 -1.4744 -1.6031 -1.7259 -1.8436 -1.9565 -2.0654 -2.1707
 -2.2726
  0.1756  0.1560  0.1388  0.1233  0.1071  0.0892  0.0682  0.0430  0.0132 -0.0210
 -0.0590 -0.0996 -0.1421 -0.1857 -0.2257 -0.3441 -0.4804 -0.6211 -0.7642
 [Fe/H] = -1.00 [alpha/Fe] = 0.00 BC value =F322W2
  0.4176  0.3893  0.3702  0.3601  0.3586  0.3582  0.3509  0.3320  0.3042  0.2677
  0.2199  0.1606  0.0944  0.0256 -0.0435 -0.2143 -0.3809 -0.5420 -0.6993
  0.3877  0.3507  0.3234  0.3059  0.2967  0.2928  0.2859  0.2703  0.2493  0.2224
  0.1859  0.1356  0.0732  0.0050 -0.0646 -0.2365 -0.4027 -0.5620 -0.7175 -0.8729
  0.3846  0.3341  0.2946  0.2660  0.2474  0.2368  0.2278  0.2136  0.1963  0.1760
  0.1498  0.1115  0.0573 -0.0079 -0.0771 -0.2503 -0.4174 -0.5767 -0.7311 -0.8848
 -1.0348
  0.4308  0.3653  0.3038  0.2532  0.2164  0.1925  0.1771  0.1617  0.1451  0.1280
  0.1088  0.0822  0.0404 -0.0178 -0.0847 -0.2582 -0.4267 -0.5869 -0.7413 -0.8938
 -1.0427 -1.1864
  0.4693  0.4043  0.3434  0.2864  0.2328  0.1846  0.1491  0.1244  0.1036  0.0844
  0.0662  0.0462  0.0173 -0.0292 -0.0906 -0.2624 -0.4319 -0.5935 -0.7484 -0.9003
 -1.0485 -1.1915 -1.3290 -1.4620
  0.4873  0.4335  0.3767  0.3180  0.2612  0.2084  0.1609  0.1199  0.0861  0.0591
  0.0354  0.0125 -0.0126 -0.0469 -0.0982 -0.2642 -0.4343 -0.5972 -0.7530 -0.9047
 -1.0525 -1.1952 -1.3322 -1.4642 -1.5918 -1.7157 -1.8363 -1.9536 -2.0672 -2.1767
  0.4911  0.4421  0.3901  0.3349  0.2779  0.2220  0.1703  0.1252  0.0865  0.0520
  0.0207 -0.0077 -0.0365 -0.0692 -0.1113 -0.2652 -0.4348 -0.5986 -0.7555 -0.9073
 -1.0549 -1.1976 -1.3344 -1.4660 -1.5928 -1.7155 -1.8347 -1.9505 -2.0631 -2.1722
 -2.2779
  0.4847  0.4400  0.3926  0.3416  0.2880  0.2331  0.1793  0.1292  0.0848  0.0461
  0.0113 -0.0223 -0.0555 -0.0898 -0.1294 -0.2670 -0.4341 -0.5984 -0.7560 -0.9080
 -1.0557 -1.1985 -1.3357 -1.4673 -1.5937 -1.7157 -1.8339 -1.9485 -2.0598 -2.1679
 -2.2730
  0.4665  0.4273  0.3850  0.3389  0.2896  0.2380  0.1857  0.1342  0.0854  0.0410
  0.0011 -0.0361 -0.0729 -0.1110 -0.1517 -0.2766 -0.4353 -0.5993 -0.7574 -0.9097
 -1.0572 -1.2004 -1.3383 -1.4705 -1.5971 -1.7189 -1.8367 -1.9505 -2.0609 -2.1681
 -2.2723
  0.4347  0.4017  0.3661  0.3257  0.2820  0.2356  0.1870  0.1375  0.0881  0.0402
 -0.0047 -0.0468 -0.0873 -0.1280 -0.1710 -0.2932 -0.4374 -0.5973 -0.7551 -0.9071
 -1.0542 -1.1972 -1.3357 -1.4688 -1.5962 -1.7183 -1.8359 -1.9493 -2.0591 -2.1655
 -2.2688
  0.3886  0.3618  0.3326  0.2990  0.2620  0.2217  0.1787  0.1335  0.0865  0.0390
 -0.0082 -0.0541 -0.0985 -0.1422 -0.1868 -0.3099 -0.4478 -0.5975 -0.7529 -0.9041
 -1.0504 -1.1927 -1.3311 -1.4651 -1.5936 -1.7167 -1.8349 -1.9484 -2.0580 -2.1640
 -2.2667
  0.3306  0.3089  0.2847  0.2573  0.2267  0.1932  0.1569  0.1178  0.0757  0.0314
 -0.0145 -0.0612 -0.1078 -0.1542 -0.1991 -0.3267 -0.4665 -0.5999 -0.7508
 [Fe/H] = -0.75 [alpha/Fe] = 0.00 BC value =F322W2
  0.4413  0.4167  0.4012  0.3944  0.3964  0.3983  0.3909  0.3681  0.3314  0.2832
  0.2250  0.1593  0.0902  0.0205 -0.0486 -0.2180 -0.3830 -0.5430 -0.6982
  0.4050  0.3726  0.3498  0.3369  0.3323  0.3330  0.3285  0.3109  0.2830  0.2451
  0.1966  0.1376  0.0710  0.0014 -0.0685 -0.2398 -0.4050 -0.5629 -0.7168 -0.8696
  0.3871  0.3450  0.3131  0.2913  0.2796  0.2757  0.2710  0.2565  0.2347  0.2054
  0.1673  0.1180  0.0575 -0.0100 -0.0799 -0.2529 -0.4194 -0.5781 -0.7306 -0.8817
 -1.0311
  0.4074  0.3464  0.2975  0.2613  0.2376  0.2247  0.2172  0.2041  0.1857  0.1624
  0.1332  0.0948  0.0439 -0.0183 -0.0865 -0.2601 -0.4281 -0.5879 -0.7406 -0.8907
 -1.0388 -1.1825
  0.4426  0.3855  0.3317  0.2736  0.2255  0.1920  0.1728  0.1568  0.1384  0.1177
  0.0941  0.0650  0.0256 -0.0275 -0.0913 -0.2636 -0.4327 -0.5939 -0.7475 -0.8973
 -1.0444 -1.1872 -1.3249 -1.4580
  0.4758  0.4285  0.3699  0.3108  0.2550  0.2056  0.1642  0.1316  0.1051  0.0811
  0.0569  0.0308  0.0000 -0.0417 -0.0973 -0.2648 -0.4346 -0.5971 -0.7519 -0.9017
 -1.0483 -1.1905 -1.3276 -1.4597 -1.5876 -1.7120 -1.8330 -1.9505 -2.0644 -2.1739
  0.4950  0.4438  0.3900  0.3338  0.2768  0.2227  0.1745  0.1335  0.0972  0.0638
  0.0335  0.0044 -0.0265 -0.0625 -0.1080 -0.2651 -0.4345 -0.5980 -0.7541 -0.9043
 -1.0506 -1.1926 -1.3294 -1.4611 -1.5881 -1.7112 -1.8308 -1.9470 -2.0599 -2.1693
 -2.2748
  0.4941  0.4468  0.3976  0.3452  0.2904  0.2350  0.1820  0.1342  0.0924  0.0555
  0.0210 -0.0130 -0.0468 -0.0828 -0.1241 -0.2658 -0.4333 -0.5974 -0.7544 -0.9053
 -1.0515 -1.1934 -1.3303 -1.4619 -1.5885 -1.7109 -1.8295 -1.9445 -2.0562 -2.1648
 -2.2699
  0.4850  0.4416  0.3962  0.3479  0.2964  0.2429  0.1891  0.1373  0.0896  0.0468
  0.0084 -0.0282 -0.0653 -0.1038 -0.1450 -0.2719 -0.4336 -0.5978 -0.7556 -0.9071
 -1.0534 -1.1954 -1.3326 -1.4647 -1.5915 -1.7137 -1.8318 -1.9461 -2.0569 -2.1646
 -2.2691
  0.4672  0.4276  0.3873  0.3434  0.2961  0.2461  0.1943  0.1425  0.0919  0.0441
  0.0002 -0.0408 -0.0805 -0.1212 -0.1644 -0.2859 -0.4327 -0.5949 -0.7529 -0.9046
 -1.0508 -1.1927 -1.3302 -1.4629 -1.5903 -1.7127 -1.8306 -1.9444 -2.0546 -2.1615
 -2.2652
  0.4369  0.4031  0.3673  0.3291  0.2869  0.2416  0.1937  0.1445  0.0944  0.0450
 -0.0029 -0.0485 -0.0922 -0.1355 -0.1801 -0.3027 -0.4405 -0.5928 -0.7498 -0.9013
 -1.0473 -1.1887 -1.3261 -1.4593 -1.5876 -1.7108 -1.8291 -1.9430 -2.0530 -2.1595
 -2.2626
  0.3930  0.3650  0.3350  0.3022  0.2658  0.2262  0.1836  0.1388  0.0920  0.0440
 -0.0045 -0.0526 -0.0999 -0.1463 -0.1921 -0.3223 -0.4570 -0.5915 -0.7463
 [Fe/H] = -0.50 [alpha/Fe] = 0.00 BC value =F322W2
  0.4680  0.4475  0.4358  0.4320  0.4367  0.4401  0.4313  0.4030  0.3562  0.2966
  0.2294  0.1585  0.0868  0.0160 -0.0534 -0.2218 -0.3851 -0.5438 -0.6979
  0.4264  0.3985  0.3802  0.3716  0.3706  0.3746  0.3718  0.3514  0.3156  0.2662
  0.2066  0.1399  0.0697 -0.0015 -0.0719 -0.2430 -0.4072 -0.5650 -0.7169 -0.8666
  0.3998  0.3635  0.3370  0.3209  0.3146  0.3161  0.3151  0.3005  0.2735  0.2344
  0.1843  0.1248  0.0585 -0.0114 -0.0821 -0.2551 -0.4211 -0.5793 -0.7306 -0.8789
 -1.0270
  0.3950  0.3463  0.3084  0.2817  0.2662  0.2610  0.2598  0.2489  0.2283  0.1980
  0.1579  0.1078  0.0483 -0.0180 -0.0876 -0.2615 -0.4291 -0.5886 -0.7403 -0.8880
 -1.0345 -1.1779
  0.4389  0.3728  0.3132  0.2658  0.2331  0.2148  0.2074  0.1977  0.1807  0.1568
  0.1253  0.0851  0.0350 -0.0248 -0.0912 -0.2644 -0.4331 -0.5940 -0.7468 -0.8945
 -1.0400 -1.1823 -1.3200 -1.4534
  0.4790  0.4190  0.3578  0.2989  0.2459  0.2026  0.1736  0.1553  0.1366  0.1143
  0.0878  0.0555  0.0153 -0.0352 -0.0955 -0.2651 -0.4345 -0.5967 -0.7508 -0.8989
 -1.0438 -1.1854 -1.3223 -1.4546 -1.5828 -1.7073 -1.8286 -1.9467 -2.0610 -2.1706
  0.4964  0.4426  0.3866  0.3293  0.2734  0.2226  0.1800  0.1448  0.1132  0.0838
  0.0551  0.0246 -0.0104 -0.0520 -0.1035 -0.2648 -0.4341 -0.5972 -0.7526 -0.9015
 -1.0462 -1.1872 -1.3237 -1.4554 -1.5827 -1.7061 -1.8260 -1.9427 -2.0562 -2.1659
 -2.2714
  0.4997  0.4504  0.3993  0.3458  0.2906  0.2363  0.1866  0.1434  0.1057  0.0706
  0.0360  0.0015 -0.0338 -0.0725 -0.1174 -0.2648 -0.4325 -0.5962 -0.7527 -0.9024
 -1.0472 -1.1880 -1.3242 -1.4558 -1.5826 -1.7052 -1.8242 -1.9397 -2.0520 -2.1610
 -2.2665
  0.4950  0.4490  0.4016  0.3520  0.2996  0.2456  0.1924  0.1427  0.0980  0.0579
  0.0205 -0.0164 -0.0544 -0.0940 -0.1366 -0.2687 -0.4323 -0.5963 -0.7537 -0.9043
 -1.0495 -1.1902 -1.3265 -1.4582 -1.5851 -1.7075 -1.8259 -1.9407 -2.0521 -2.1603
 -2.2652
  0.4862  0.4420  0.3983  0.3522  0.3033  0.2518  0.1989  0.1466  0.0967  0.0505
  0.0083 -0.0317 -0.0714 -0.1128 -0.1564 -0.2792 -0.4300 -0.5929 -0.7507 -0.9019
 -1.0473 -1.1880 -1.3244 -1.4563 -1.5835 -1.7060 -1.8242 -1.9385 -2.0491 -2.1565
 -2.2608
  0.4694  0.4290  0.3880  0.3463  0.3011  0.2529  0.2024  0.1509  0.0994  0.0495
  0.0023 -0.0423 -0.0851 -0.1282 -0.1730 -0.2955 -0.4341 -0.5896 -0.7471 -0.8986
 -1.0440 -1.1846 -1.3208 -1.4530 -1.5808 -1.7038 -1.8223 -1.9366 -2.0470 -2.1539
 -2.2576
  0.4411  0.4059  0.3697  0.3315  0.2910  0.2470  0.2003  0.1515  0.1014  0.0511
  0.0014 -0.0470 -0.0938 -0.1397 -0.1864 -0.3176 -0.4446 -0.5864 -0.7429
 [Fe/H] = -0.25 [alpha/Fe] = 0.00 BC value =F322W2
  0.4960  0.4794  0.4710  0.4699  0.4769  0.4807  0.4687  0.4327  0.3753  0.3063
  0.2325  0.1576  0.0838  0.0118 -0.0581 -0.2260 -0.3876 -0.5448 -0.6980
  0.4498  0.4266  0.4127  0.4079  0.4101  0.4157  0.4129  0.3879  0.3427  0.2826
  0.2140  0.1417  0.0684 -0.0042 -0.0753 -0.2464 -0.4097 -0.5666 -0.7177 -0.8648
  0.4168  0.3858  0.3644  0.3532  0.3513  0.3564  0.3577  0.3418  0.3082  0.2588
  0.1980  0.1303  0.0593 -0.0128 -0.0843 -0.2576 -0.4230 -0.5808 -0.7314 -0.8774
 -1.0231
  0.3988  0.3582  0.3275  0.3072  0.2979  0.2983  0.3016  0.2925  0.2687  0.2303
  0.1792  0.1188  0.0522 -0.0178 -0.0888 -0.2633 -0.4303 -0.5895 -0.7408 -0.8865
 -1.0308 -1.1734
  0.4148  0.3562  0.3096  0.2754  0.2541  0.2450  0.2453  0.2405  0.2238  0.1950
  0.1543  0.1030  0.0434 -0.0223 -0.0913 -0.2656 -0.4338 -0.5944 -0.7468 -0.8929
 -1.0364 -1.1777 -1.3152 -1.4487
  0.4669  0.4027  0.3397  0.2829  0.2378  0.2084  0.1954  0.1889  0.1758  0.1537
  0.1220  0.0805  0.0299 -0.0290 -0.0939 -0.2658 -0.4348 -0.5966 -0.7503 -0.8972
 -1.0402 -1.1806 -1.3171 -1.4495 -1.5777 -1.7024 -1.8240 -1.9424 -2.0570 -2.1667
  0.4947  0.4379  0.3792  0.3207  0.2662  0.2191  0.1822  0.1569  0.1359  0.1130
  0.0853  0.0511  0.0093 -0.0408 -0.0990 -0.2651 -0.4341 -0.5968 -0.7518 -0.8996
 -1.0426 -1.1824 -1.3183 -1.4499 -1.5772 -1.7007 -1.8209 -1.9380 -2.0518 -2.1619
 -2.2675
  0.5035  0.4520  0.3987  0.3436  0.2883  0.2363  0.1912  0.1542  0.1218  0.0896
  0.0566  0.0221 -0.0156 -0.0590 -0.1093 -0.2644 -0.4323 -0.5955 -0.7516 -0.9004
 -1.0438 -1.1833 -1.3186 -1.4498 -1.5766 -1.6993 -1.8186 -1.9344 -2.0470 -2.1565
 -2.2624
  0.5019  0.4536  0.4045  0.3534  0.3003  0.2469  0.1961  0.1507  0.1108  0.0740
  0.0376 -0.0002 -0.0395 -0.0813 -0.1267 -0.2669 -0.4318 -0.5954 -0.7524 -0.9023
 -1.0463 -1.1858 -1.3210 -1.4520 -1.5787 -1.7011 -1.8197 -1.9348 -2.0465 -2.1552
 -2.2606
  0.4964  0.4500  0.4038  0.3562  0.3064  0.2545  0.2020  0.1514  0.1043  0.0613
  0.0211 -0.0184 -0.0590 -0.1016 -0.1465 -0.2734 -0.4288 -0.5918 -0.7492 -0.8999
 -1.0444 -1.1840 -1.3192 -1.4502 -1.5768 -1.6991 -1.8174 -1.9319 -2.0430 -2.1508
 -2.2556
  0.4881  0.4433  0.3990  0.3545  0.3077  0.2584  0.2070  0.1551  0.1042  0.0557
  0.0103 -0.0329 -0.0754 -0.1189 -0.1644 -0.2883 -0.4294 -0.5879 -0.7454 -0.8965
 -1.0414 -1.1811 -1.3163 -1.4473 -1.5741 -1.6966 -1.8151 -1.9295 -2.0402 -2.1476
 -2.2518
  0.4730  0.4316  0.3901  0.3479  0.3045  0.2581  0.2092  0.1585  0.1071  0.0561
  0.0066 -0.0409 -0.0868 -0.1323 -0.1804 -0.3116 -0.4336 -0.5837 -0.7410
 [Fe/H] =  0.00 [alpha/Fe] = 0.00 BC value =F322W2
  0.5277  0.5155  0.5109  0.5126  0.5185  0.5241  0.5093  0.4607  0.3921  0.3156
  0.2370  0.1590  0.0830  0.0097 -0.0613 -0.2294 -0.3896 -0.5453 -0.6974
  0.4769  0.4589  0.4500  0.4495  0.4556  0.4631  0.4580  0.4242  0.3676  0.2978
  0.2224  0.1456  0.0696 -0.0046 -0.0767 -0.2485 -0.4112 -0.5672 -0.7176 -0.8632
  0.4380  0.4126  0.3970  0.3913  0.3945  0.4030  0.4052  0.3849  0.3419  0.2816
  0.2116  0.1376  0.0626 -0.0116 -0.0842 -0.2584 -0.4235 -0.5809 -0.7311 -0.8757
 -1.0187
  0.4111  0.3772  0.3529  0.3393  0.3362  0.3419  0.3486  0.3396  0.3100  0.2616
  0.1999  0.1307  0.0583 -0.0150 -0.0876 -0.2631 -0.4300 -0.5890 -0.7399 -0.8844
 -1.0264 -1.1676
  0.4142  0.3579  0.3221  0.2974  0.2844  0.2829  0.2891  0.2881  0.2700  0.2342
  0.1832  0.1215  0.0537 -0.0171 -0.0888 -0.2648 -0.4329 -0.5932 -0.7454 -0.8904
 -1.0318 -1.1717 -1.3088 -1.4422
  0.4455  0.3796  0.3222  0.2776  0.2476  0.2324  0.2306  0.2323  0.2227  0.1980
  0.1586  0.1067  0.0460 -0.0203 -0.0897 -0.2645 -0.4334 -0.5948 -0.7482 -0.8942
 -1.0355 -1.1744 -1.3104 -1.4426 -1.5710 -1.6960 -1.8180 -1.9369 -2.0519 -2.1620
  0.4878  0.4275  0.3661  0.3072  0.2554  0.2149  0.1901  0.1810  0.1724  0.1547
  0.1252  0.0838  0.0323 -0.0271 -0.0919 -0.2633 -0.4325 -0.5947 -0.7492 -0.8962
 -1.0378 -1.1762 -1.3112 -1.4426 -1.5700 -1.6938 -1.8143 -1.9318 -2.0462 -2.1568
 -2.2628
  0.5046  0.4509  0.3951  0.3383  0.2834  0.2343  0.1939  0.1639  0.1406  0.1166
  0.0884  0.0537  0.0109 -0.0399 -0.0979 -0.2619 -0.4305 -0.5933 -0.7488 -0.8968
 -1.0389 -1.1771 -1.3115 -1.4422 -1.5688 -1.6917 -1.8112 -1.9275 -2.0407 -2.1508
 -2.2573
  0.5064  0.4568  0.4058  0.3530  0.2992  0.2470  0.1997  0.1601  0.1269  0.0952
  0.0614  0.0244 -0.0160 -0.0608 -0.1114 -0.2631 -0.4298 -0.5930 -0.7494 -0.8987
 -1.0416 -1.1798 -1.3140 -1.4442 -1.5705 -1.6928 -1.8117 -1.9271 -2.0394 -2.1487
 -2.2549
  0.5021  0.4550  0.4073  0.3583  0.3075  0.2555  0.2046  0.1575  0.1155  0.0774
  0.0402  0.0014 -0.0399 -0.0838 -0.1307 -0.2658 -0.4264 -0.5893 -0.7463 -0.8963
 -1.0399 -1.1784 -1.3125 -1.4424 -1.5684 -1.6904 -1.8088 -1.9236 -2.0351 -2.1435
 -2.2490
  0.4972  0.4502  0.4047  0.3582  0.3104  0.2605  0.2094  0.1588  0.1105  0.0655
  0.0233 -0.0181 -0.0604 -0.1046 -0.1512 -0.2783 -0.4244 -0.5850 -0.7422 -0.8929
 -1.0371 -1.1759 -1.3100 -1.4398 -1.5657 -1.6876 -1.8059 -1.9205 -2.0316 -2.1395
 -2.2444
  0.4906  0.4449  0.4001  0.3556  0.3102  0.2627  0.2131  0.1623  0.1114  0.0618
  0.0142 -0.0313 -0.0760 -0.1211 -0.1729 -0.3006 -0.4238 -0.5801 -0.7371
 [Fe/H] =  0.25 [alpha/Fe] = 0.00 BC value =F322W2
  0.5596  0.5513  0.5495  0.5567  0.5632  0.5584  0.5336  0.4815  0.4036  0.3221
  0.2406  0.1605  0.0829  0.0080 -0.0638 -0.2330 -0.3922 -0.5466 -0.6969
  0.5049  0.4918  0.4871  0.4903  0.4993  0.5088  0.4984  0.4534  0.3855  0.3085
  0.2287  0.1490  0.0711 -0.0046 -0.0777 -0.2507 -0.4132 -0.5683 -0.7179 -0.8627
  0.4606  0.4408  0.4305  0.4298  0.4371  0.4483  0.4497  0.4222  0.3679  0.2981
  0.2217  0.1434  0.0657 -0.0102 -0.0840 -0.2595 -0.4245 -0.5814 -0.7312 -0.8749
 -1.0169
  0.4267  0.3989  0.3809  0.3732  0.3756  0.3857  0.3942  0.3830  0.3446  0.2858
  0.2154  0.1400  0.0635 -0.0122 -0.0863 -0.2633 -0.4302 -0.5887 -0.7395 -0.8832
 -1.0231 -1.1623
  0.4066  0.3691  0.3412  0.3239  0.3181  0.3226  0.3330  0.3339  0.3117  0.2669
  0.2059  0.1359  0.0621 -0.0125 -0.0864 -0.2643 -0.4324 -0.5924 -0.7444 -0.8888
 -1.0284 -1.1664 -1.3026 -1.4359
  0.4188  0.3636  0.3200  0.2886  0.2700  0.2642  0.2697  0.2764  0.2680  0.2382
  0.1896  0.1279  0.0591 -0.0129 -0.0857 -0.2635 -0.4326 -0.5935 -0.7467 -0.8922
 -1.0320 -1.1693 -1.3042 -1.4360 -1.5644 -1.6895 -1.8116 -1.9308 -2.0460 -2.1564
  0.4729  0.4071  0.3459  0.2908  0.2487  0.2225  0.2130  0.2158  0.2151  0.1985
  0.1634  0.1128  0.0518 -0.0153 -0.0854 -0.2618 -0.4314 -0.5931 -0.7473 -0.8938
 -1.0342 -1.1711 -1.3051 -1.4358 -1.5630 -1.6867 -1.8074 -1.9251 -2.0399 -2.1508
 -2.2572
  0.5012  0.4450  0.3866  0.3284  0.2745  0.2285  0.1936  0.1736  0.1643  0.1518
  0.1271  0.0883  0.0374 -0.0223 -0.0875 -0.2596 -0.4293 -0.5916 -0.7466 -0.8941
 -1.0352 -1.1720 -1.3054 -1.4353 -1.5616 -1.6842 -1.8037 -1.9201 -2.0337 -2.1443
 -2.2513
  0.5086  0.4576  0.4047  0.3501  0.2958  0.2453  0.2021  0.1684  0.1418  0.1181
  0.0903  0.0556  0.0130 -0.0378 -0.0959 -0.2596 -0.4283 -0.5913 -0.7471 -0.8958
 -1.0377 -1.1748 -1.3080 -1.4374 -1.5629 -1.6849 -1.8036 -1.9191 -2.0317 -2.1414
 -2.2481
  0.5064  0.4583  0.4095  0.3590  0.3070  0.2553  0.2066  0.1641  0.1284  0.0964
  0.0637  0.0269 -0.0145 -0.0605 -0.1111 -0.2593 -0.4245 -0.5875 -0.7439 -0.8933
 -1.0361 -1.1736 -1.3066 -1.4356 -1.5607 -1.6821 -1.8001 -1.9149 -2.0266 -2.1355
 -2.2415
  0.5014  0.4542  0.4076  0.3602  0.3113  0.2609  0.2106  0.1625  0.1185  0.0788
  0.0411  0.0021 -0.0398 -0.0851 -0.1333 -0.2670 -0.4210 -0.5830 -0.7398 -0.8899
 -1.0335 -1.1714 -1.3045 -1.4333 -1.5581 -1.6792 -1.7969 -1.9112 -2.0224 -2.1307
 -2.2361
  0.4976  0.4504  0.4042  0.3589  0.3121  0.2639  0.2143  0.1643  0.1155  0.0691
  0.0254 -0.0172 -0.0605 -0.1057 -0.1625 -0.2827 -0.4178 -0.5778 -0.7348
 [Fe/H] =  0.50 [alpha/Fe] = 0.00 BC value =F322W2
  0.5930  0.6576  0.6914  0.6974  0.6784  0.6368  0.5749  0.4966  0.4123  0.3277
  0.2444  0.1627  0.0836  0.0074 -0.0658 -0.2364 -0.3954 -0.5485 -0.6976
  0.5344  0.5267  0.5252  0.5314  0.5484  0.5571  0.5362  0.4766  0.3991  0.3170
  0.2345  0.1529  0.0734 -0.0036 -0.0779 -0.2526 -0.4152 -0.5696 -0.7174 -0.8610
  0.4847  0.4703  0.4654  0.4691  0.4800  0.4930  0.4920  0.4543  0.3883  0.3109
  0.2302  0.1491  0.0695 -0.0080 -0.0830 -0.2601 -0.4254 -0.5818 -0.7313 -0.8745
 -1.0150
  0.4444  0.4227  0.4107  0.4088  0.4163  0.4301  0.4395  0.4232  0.3736  0.3047
  0.2278  0.1482  0.0690 -0.0087 -0.0841 -0.2630 -0.4301 -0.5884 -0.7390 -0.8823
 -1.0207 -1.1577
  0.4151  0.3847  0.3638  0.3535  0.3543  0.3642  0.3779  0.3786  0.3494  0.2939
  0.2239  0.1478  0.0699 -0.0074 -0.0832 -0.2632 -0.4317 -0.5914 -0.7432 -0.8873
 -1.0257 -1.1617 -1.2965 -1.4293
  0.4055  0.3628  0.3300  0.3081  0.2981  0.2999  0.3114  0.3213  0.3116  0.2739
  0.2152  0.1453  0.0704 -0.0056 -0.0810 -0.2619 -0.4315 -0.5921 -0.7451 -0.8902
 -1.0290 -1.1646 -1.2981 -1.4293 -1.5574 -1.6824 -1.8046 -1.9238 -2.0391 -2.1498
  0.4436  0.3885  0.3266  0.2850  0.2577  0.2450  0.2464  0.2564  0.2596  0.2407
  0.1975  0.1375  0.0684 -0.0046 -0.0787 -0.2596 -0.4301 -0.5915 -0.7453 -0.8915
 -1.0310 -1.1664 -1.2991 -1.4291 -1.5558 -1.6793 -1.7999 -1.9177 -2.0327 -2.1438
 -2.2506
  0.4911  0.4317  0.3707  0.3122  0.2613  0.2227  0.2003  0.1955  0.1991  0.1938
  0.1674  0.1209  0.0609 -0.0066 -0.0777 -0.2567 -0.4277 -0.5898 -0.7443 -0.8915
 -1.0318 -1.1673 -1.2995 -1.4286 -1.5542 -1.6765 -1.7958 -1.9122 -2.0258 -2.1369
 -2.2441
  0.5069  0.4544  0.3994  0.3432  0.2892  0.2411  0.2015  0.1727  0.1554  0.1441
  0.1255  0.0918  0.0434 -0.0157 -0.0814 -0.2554 -0.4265 -0.5894 -0.7447 -0.8928
 -1.0341 -1.1701 -1.3021 -1.4307 -1.5556 -1.6769 -1.7952 -1.9105 -2.0231 -2.1331
 -2.2404
  0.5081  0.4595  0.4095  0.3574  0.3046  0.2537  0.2081  0.1705  0.1406  0.1158
  0.0903  0.0580  0.0171 -0.0325 -0.0895 -0.2528 -0.4223 -0.5857 -0.7416 -0.8904
 -1.0325 -1.1689 -1.3009 -1.4290 -1.5533 -1.6740 -1.7914 -1.9058 -2.0175 -2.1265
 -2.2329
  0.5028  0.4563  0.4093  0.3609  0.3109  0.2603  0.2112  0.1665  0.1278  0.0943
  0.0625  0.0274 -0.0131 -0.0589 -0.1096 -0.2547 -0.4178 -0.5810 -0.7376 -0.8871
 -1.0299 -1.1669 -1.2990 -1.4270 -1.5509 -1.6711 -1.7880 -1.9017 -2.0127 -2.1210
 -2.2266
  0.4989  0.4518  0.4061  0.3597  0.3124  0.2636  0.2141  0.1658  0.1202  0.0786
  0.0401  0.0017 -0.0394 -0.0845 -0.1417 -0.2611 -0.4130 -0.5753 -0.7327
 [Fe/H] =  0.75 [alpha/Fe] = 0.00 BC value =F322W2
  0.6285  0.6819  0.7076  0.7083  0.6866  0.6447  0.5846  0.5078  0.4194  0.3327
  0.2481  0.1652  0.0848  0.0072 -0.0672 -0.2397 -0.3992 -0.5513 -0.6993
  0.5658  0.5629  0.5645  0.5728  0.5918  0.5988  0.5688  0.4942  0.4098  0.3243
  0.2401  0.1571  0.0763 -0.0019 -0.0774 -0.2542 -0.4173 -0.5713 -0.7194 -0.8627
  0.5103  0.4939  0.5016  0.5091  0.5224  0.5355  0.5306  0.4806  0.4041  0.3213
  0.2376  0.1549  0.0739 -0.0049 -0.0810 -0.2603 -0.4263 -0.5825 -0.7315 -0.8743
 -1.0123
  0.4633  0.4479  0.4419  0.4452  0.4570  0.4734  0.4819  0.4582  0.3968  0.3196
  0.2379  0.1558  0.0747 -0.0044 -0.0811 -0.2620 -0.4300 -0.5882 -0.7385 -0.8816
 -1.0191 -1.1540
  0.4262  0.4024  0.3882  0.3844  0.3913  0.4059  0.4220  0.4204  0.3816  0.3155
  0.2384  0.1580  0.0774 -0.0019 -0.0791 -0.2616 -0.4308 -0.5905 -0.7421 -0.8860
 -1.0236 -1.1578 -1.2909 -1.4226
  0.4031  0.3693  0.3449  0.3311  0.3286  0.3372  0.3537  0.3655  0.3518  0.3039
  0.2359  0.1594  0.0805  0.0016 -0.0757 -0.2597 -0.4301 -0.5907 -0.7434 -0.8884
 -1.0265 -1.1604 -1.2924 -1.4226 -1.5503 -1.6751 -1.7971 -1.9163 -2.0313 -2.1423
  0.4141  0.3614  0.3212  0.2927  0.2768  0.2738  0.2832  0.2985  0.3032  0.2791
  0.2262  0.1576  0.0824  0.0051 -0.0718 -0.2567 -0.4284 -0.5898 -0.7432 -0.8892
 -1.0281 -1.1621 -1.2934 -1.4224 -1.5486 -1.6718 -1.7921 -1.9098 -2.0247 -2.1358
 -2.2429
  0.4711  0.4056  0.3460  0.2932  0.2526  0.2288  0.2215  0.2290  0.2397  0.2361
  0.2042  0.1487  0.0806  0.0070 -0.0682 -0.2529 -0.4258 -0.5880 -0.7421 -0.8889
 -1.0286 -1.1629 -1.2938 -1.4219 -1.5470 -1.6688 -1.7877 -1.9038 -2.0174 -2.1285
 -2.2359
  0.4994  0.4448  0.3874  0.3305  0.2775  0.2322  0.1984  0.1798  0.1766  0.1785
  0.1652  0.1270  0.0704  0.0034 -0.0682 -0.2504 -0.4243 -0.5876 -0.7424 -0.8900
 -1.0307 -1.1657 -1.2965 -1.4241 -1.5483 -1.6691 -1.7869 -1.9018 -2.0141 -2.1241
 -2.2316
  0.5063  0.4571  0.4057  0.3524  0.2992  0.2500  0.2079  0.1747  0.1500  0.1332
  0.1186  0.0932  0.0508 -0.0055 -0.0704 -0.2459 -0.4196 -0.5838 -0.7394 -0.8876
 -1.0290 -1.1645 -1.2954 -1.4226 -1.5462 -1.6662 -1.7829 -1.8967 -2.0080 -2.1169
 -2.2234
  0.5026  0.4561  0.4088  0.3596  0.3087  0.2583  0.2112  0.1706  0.1374  0.1099
  0.0846  0.0560  0.0190 -0.0276 -0.0826 -0.2434 -0.4142 -0.5790 -0.7355 -0.8844
 -1.0265 -1.1627 -1.2938 -1.4208 -1.5439 -1.6634 -1.7794 -1.8924 -2.0028 -2.1107
 -2.2164
  0.4967  0.4510  0.4056  0.3592  0.3113  0.2621  0.2132  0.1670  0.1257  0.0897
  0.0572  0.0240 -0.0135 -0.0575 -0.1048 -0.2429 -0.4081 -0.5732 -0.7307
 [Fe/H] =  1.00 [alpha/Fe] = 0.00 BC value =F322W2
  0.6655  0.7130  0.7335  0.7296  0.7039  0.6585  0.5952  0.5158  0.4252  0.3369
  0.2510  0.1674  0.0859  0.0071 -0.0685 -0.2436 -0.4039 -0.5554 -0.7022
  0.5990  0.6342  0.6536  0.6587  0.6509  0.6316  0.5917  0.5071  0.4184  0.3308
  0.2450  0.1613  0.0795  0.0001 -0.0765 -0.2558 -0.4198 -0.5738 -0.7212 -0.8638
  0.5380  0.5495  0.5389  0.5493  0.5633  0.5744  0.5660  0.5009  0.4166  0.3303
  0.2446  0.1607  0.0786 -0.0013 -0.0785 -0.2601 -0.4273 -0.5837 -0.7323 -0.8746
 -1.0119
  0.4837  0.4746  0.4742  0.4822  0.4971  0.5142  0.5203  0.4876  0.4150  0.3319
  0.2471  0.1630  0.0808  0.0005 -0.0774 -0.2607 -0.4298 -0.5883 -0.7384 -0.8811
 -1.0182 -1.1516
  0.4384  0.4214  0.4139  0.4161  0.4279  0.4461  0.4635  0.4575  0.4080  0.3327
  0.2505  0.1671  0.0849  0.0042 -0.0743 -0.2593 -0.4298 -0.5898 -0.7412 -0.8850
 -1.0221 -1.1549 -1.2860 -1.4163
  0.4051  0.3788  0.3619  0.3554  0.3596  0.3739  0.3945  0.4070  0.3871  0.3285
  0.2526  0.1715  0.0897  0.0091 -0.0698 -0.2566 -0.4286 -0.5895 -0.7419 -0.8867
 -1.0245 -1.1572 -1.2876 -1.4163 -1.5431 -1.6676 -1.7894 -1.9081 -2.0228 -2.1338
  0.3940  0.3539  0.3247  0.3060  0.2991  0.3042  0.3202  0.3398  0.3440  0.3124
  0.2497  0.1740  0.0944  0.0144 -0.0645 -0.2529 -0.4264 -0.5882 -0.7414 -0.8871
 -1.0256 -1.1586 -1.2883 -1.4161 -1.5415 -1.6642 -1.7842 -1.9016 -2.0162 -2.1270
 -2.2342
  0.4379  0.3729  0.3211  0.2818  0.2563  0.2457  0.2495  0.2653  0.2804  0.2757
  0.2360  0.1717  0.0970  0.0191 -0.0590 -0.2481 -0.4234 -0.5863 -0.7401 -0.8864
 -1.0258 -1.1592 -1.2887 -1.4156 -1.5399 -1.6613 -1.7797 -1.8954 -2.0087 -2.1195
 -2.2268
  0.4838  0.4267  0.3672  0.3099  0.2597  0.2222  0.2012  0.1981  0.2087  0.2173
  0.2031  0.1577  0.0929  0.0197 -0.0563 -0.2445 -0.4214 -0.5856 -0.7403 -0.8874
 -1.0276 -1.1617 -1.2913 -1.4179 -1.5413 -1.6616 -1.7788 -1.8931 -2.0050 -2.1147
 -2.2220
  0.4995  0.4493  0.3965  0.3421  0.2893  0.2423  0.2034  0.1749  0.1585  0.1538
  0.1518  0.1293  0.0810  0.0171 -0.0541 -0.2385 -0.4161 -0.5818 -0.7373 -0.8850
 -1.0258 -1.1605 -1.2903 -1.4165 -1.5392 -1.6586 -1.7748 -1.8880 -1.9985 -2.1069
 -2.2133
  0.4989  0.4527  0.4049  0.3548  0.3035  0.2540  0.2098  0.1737  0.1455  0.1232
  0.1048  0.0855  0.0533  0.0037 -0.0581 -0.2333 -0.4099 -0.5768 -0.7335 -0.8820
 -1.0235 -1.1588 -1.2889 -1.4149 -1.5372 -1.6560 -1.7713 -1.8836 -1.9931 -2.1004
 -2.2057
  0.4923  0.4479  0.4029  0.3565  0.3082  0.2589  0.2112  0.1682  0.1318  0.1016
  0.0748  0.0476  0.0155 -0.0259 -0.0683 -0.2289 -0.4028 -0.5706 -0.7289
