 [Fe/H] = -2.00 [alpha/Fe] =-0.40 BC value =  i   
 -2.0510 -2.0281 -2.2131 -2.2078 -2.1151 -1.9664 -1.7905 -1.6717 -1.5690 -1.4601
 -1.3554 -1.2556 -1.1618 -1.0777 -1.0046 -0.8526 -0.7920 -0.7905 -0.7726
 -2.0404 -1.9480 -1.8731 -1.8309 -1.8219 -1.7870 -1.7022 -1.5997 -1.5003 -1.4036
 -1.3097 -1.2207 -1.1390 -1.0662 -1.0029 -0.8850 -0.8174 -0.7892 -0.7847 -0.7938
 -1.9007 -1.8159 -1.7337 -1.6609 -1.6038 -1.5761 -1.5621 -1.5200 -1.4480 -1.3632
 -1.2796 -1.1991 -1.1246 -1.0581 -1.0005 -0.8931 -0.8314 -0.8066 -0.8041 -0.8133
 -0.8301
 -1.7757 -1.7084 -1.6356 -1.5632 -1.4963 -1.4385 -1.3957 -1.3739 -1.3522 -1.3097
 -1.2482 -1.1799 -1.1134 -1.0528 -1.0000 -0.9009 -0.8432 -0.8208 -0.8202 -0.8300
 -0.8462 -0.8674
 -1.6512 -1.6047 -1.5484 -1.4861 -1.4231 -1.3637 -1.3104 -1.2649 -1.2328 -1.2080
 -1.1809 -1.1422 -1.0945 -1.0440 -0.9968 -0.9055 -0.8510 -0.8308 -0.8322 -0.8439
 -0.8606 -0.8812 -0.9056 -0.9341
 -1.5267 -1.4959 -1.4583 -1.4113 -1.3588 -1.3047 -1.2532 -1.2058 -1.1632 -1.1265
 -1.0974 -1.0729 -1.0462 -1.0155 -0.9825 -0.9049 -0.8538 -0.8349 -0.8384 -0.8537
 -0.8726 -0.8940 -0.9182 -0.9452 -0.9753 -1.0089 -1.0465 -1.0883 -1.1345 -1.1851
 -1.4058 -1.3849 -1.3619 -1.3296 -1.2911 -1.2476 -1.2022 -1.1581 -1.1173 -1.0794
 -1.0451 -1.0158 -0.9915 -0.9697 -0.9479 -0.8946 -0.8507 -0.8314 -0.8376 -0.8573
 -0.8805 -0.9046 -0.9301 -0.9572 -0.9861 -1.0160 -1.0485 -1.0858 -1.1294 -1.1793
 -1.2317
 -1.2923 -1.2767 -1.2612 -1.2404 -1.2143 -1.1837 -1.1488 -1.1115 -1.0749 -1.0405
 -1.0086 -0.9793 -0.9532 -0.9311 -0.9119 -0.8719 -0.8405 -0.8240 -0.8304 -0.8535
 -0.8821 -0.9109 -0.9394 -0.9682 -0.9978 -1.0283 -1.0593 -1.0926 -1.1304 -1.1743
 -1.2254
 -1.1899 -1.1762 -1.1628 -1.1474 -1.1302 -1.1099 -1.0863 -1.0592 -1.0299 -1.0003
 -0.9725 -0.9469 -0.9234 -0.9023 -0.8835 -0.8472 -0.8236 -0.8126 -0.8188 -0.8434
 -0.8765 -0.9111 -0.9445 -0.9769 -1.0088 -1.0405 -1.0726 -1.1057 -1.1415 -1.1803
 -1.2216
 -1.1023 -1.0883 -1.0741 -1.0598 -1.0455 -1.0310 -1.0160 -0.9987 -0.9790 -0.9568
 -0.9343 -0.9132 -0.8937 -0.8757 -0.8594 -0.8264 -0.8058 -0.7984 -0.8053 -0.8290
 -0.8639 -0.9030 -0.9420 -0.9795 -1.0153 -1.0498 -1.0838 -1.1174 -1.1515 -1.1869
 -1.2244
 -1.0313 -1.0122 -0.9950 -0.9795 -0.9655 -0.9529 -0.9416 -0.9311 -0.9197 -0.9064
 -0.8911 -0.8753 -0.8604 -0.8469 -0.8346 -0.8079 -0.7895 -0.7841 -0.7924 -0.8143
 -0.8484 -0.8892 -0.9323 -0.9750 -1.0159 -1.0548 -1.0921 -1.1280 -1.1633 -1.1985
 -1.2347
 -0.9724 -0.9289 -0.9011 -0.8848 -0.8757 -0.8706 -0.8667 -0.8620 -0.8561 -0.8492
 -0.8412 -0.8323 -0.8228 -0.8137 -0.8055 -0.7883 -0.7746 -0.7703 -0.7794
 [Fe/H] = -1.50 [alpha/Fe] =-0.40 BC value =  i   
 -2.3485 -2.3410 -2.2963 -2.1675 -2.0109 -1.8578 -1.7271 -1.6184 -1.5196 -1.4254
 -1.3355 -1.2498 -1.1688 -1.0931 -1.0240 -0.8803 -0.7976 -0.7658 -0.7552
 -2.1459 -2.0585 -2.0241 -2.0171 -1.9385 -1.8113 -1.6834 -1.5745 -1.4797 -1.3912
 -1.3071 -1.2270 -1.1514 -1.0813 -1.0179 -0.8936 -0.8169 -0.7811 -0.7738 -0.7823
 -2.0230 -1.9225 -1.8355 -1.7750 -1.7590 -1.7318 -1.6459 -1.5425 -1.4499 -1.3666
 -1.2880 -1.2131 -1.1424 -1.0770 -1.0180 -0.9032 -0.8321 -0.7981 -0.7918 -0.8004
 -0.8174
 -1.9208 -1.8305 -1.7400 -1.6540 -1.5849 -1.5444 -1.5291 -1.4928 -1.4212 -1.3443
 -1.2713 -1.2017 -1.1356 -1.0744 -1.0191 -0.9117 -0.8449 -0.8122 -0.8063 -0.8155
 -0.8321 -0.8539
 -1.8226 -1.7480 -1.6677 -1.5867 -1.5106 -1.4423 -1.3887 -1.3554 -1.3372 -1.3025
 -1.2486 -1.1875 -1.1270 -1.0699 -1.0180 -0.9172 -0.8541 -0.8224 -0.8170 -0.8274
 -0.8449 -0.8664 -0.8917 -0.9219
 -1.7257 -1.6639 -1.5978 -1.5271 -1.4555 -1.3873 -1.3244 -1.2692 -1.2269 -1.2009
 -1.1796 -1.1492 -1.1075 -1.0598 -1.0127 -0.9184 -0.8587 -0.8281 -0.8232 -0.8355
 -0.8551 -0.8778 -0.9031 -0.9311 -0.9615 -0.9954 -1.0338 -1.0774 -1.1263 -1.1780
 -1.6242 -1.5745 -1.5217 -1.4648 -1.4035 -1.3412 -1.2811 -1.2250 -1.1741 -1.1308
 -1.0972 -1.0731 -1.0510 -1.0250 -0.9942 -0.9144 -0.8585 -0.8290 -0.8243 -0.8386
 -0.8616 -0.8870 -0.9137 -0.9420 -0.9722 -1.0041 -1.0388 -1.0776 -1.1213 -1.1705
 -1.2248
 -1.5267 -1.4805 -1.4401 -1.3941 -1.3456 -1.2933 -1.2399 -1.1879 -1.1388 -1.0935
 -1.0531 -1.0189 -0.9918 -0.9704 -0.9507 -0.8998 -0.8530 -0.8253 -0.8205 -0.8359
 -0.8625 -0.8921 -0.9218 -0.9520 -0.9828 -1.0135 -1.0456 -1.0809 -1.1209 -1.1665
 -1.2185
 -1.4404 -1.3917 -1.3543 -1.3167 -1.2774 -1.2366 -1.1932 -1.1481 -1.1038 -1.0615
 -1.0223 -0.9868 -0.9556 -0.9296 -0.9088 -0.8701 -0.8392 -0.8170 -0.8127 -0.8281
 -0.8574 -0.8917 -0.9261 -0.9597 -0.9927 -1.0258 -1.0594 -1.0950 -1.1329 -1.1727
 -1.2142
 -1.3742 -1.3179 -1.2752 -1.2373 -1.2046 -1.1714 -1.1379 -1.1025 -1.0656 -1.0286
 -0.9931 -0.9603 -0.9304 -0.9038 -0.8812 -0.8419 -0.8182 -0.8040 -0.8017 -0.8162
 -0.8460 -0.8838 -0.9232 -0.9616 -0.9985 -1.0342 -1.0696 -1.1047 -1.1403 -1.1772
 -1.2162
 -1.3394 -1.2612 -1.2058 -1.1630 -1.1322 -1.1023 -1.0746 -1.0473 -1.0194 -0.9898
 -0.9599 -0.9313 -0.9048 -0.8808 -0.8594 -0.8197 -0.7972 -0.7875 -0.7888 -0.8029
 -0.8315 -0.8704 -0.9134 -0.9567 -0.9986 -1.0385 -1.0771 -1.1144 -1.1511 -1.1878
 -1.2254
 -1.3342 -1.2215 -1.1459 -1.0955 -1.0610 -1.0338 -1.0094 -0.9864 -0.9647 -0.9431
 -0.9204 -0.8974 -0.8753 -0.8549 -0.8365 -0.8008 -0.7790 -0.7708 -0.7746
 [Fe/H] = -1.00 [alpha/Fe] =-0.40 BC value =  i   
 -2.5468 -2.4655 -2.2907 -2.1061 -1.9276 -1.7756 -1.6631 -1.5679 -1.4789 -1.3944
 -1.3151 -1.2399 -1.1687 -1.1012 -1.0377 -0.9020 -0.8064 -0.7538 -0.7386
 -2.2544 -2.2407 -2.2103 -2.0730 -1.9123 -1.7608 -1.6366 -1.5385 -1.4507 -1.3698
 -1.2943 -1.2231 -1.1557 -1.0919 -1.0322 -0.9065 -0.8203 -0.7733 -0.7589 -0.7654
 -2.1258 -2.0194 -1.9726 -1.9694 -1.8847 -1.7514 -1.6229 -1.5173 -1.4299 -1.3516
 -1.2798 -1.2123 -1.1484 -1.0880 -1.0316 -0.9135 -0.8335 -0.7896 -0.7755 -0.7816
 -0.7988
 -2.0458 -1.9281 -1.8249 -1.7544 -1.7335 -1.7049 -1.6115 -1.5046 -1.4132 -1.3360
 -1.2670 -1.2029 -1.1423 -1.0851 -1.0317 -0.9198 -0.8445 -0.8029 -0.7888 -0.7948
 -0.8116 -0.8344
 -1.9735 -1.8655 -1.7589 -1.6621 -1.5836 -1.5335 -1.5140 -1.4749 -1.3989 -1.3212
 -1.2538 -1.1926 -1.1351 -1.0809 -1.0302 -0.9240 -0.8526 -0.8128 -0.7990 -0.8050
 -0.8223 -0.8450 -0.8716 -0.9015
 -1.9007 -1.8050 -1.7082 -1.6129 -1.5235 -1.4458 -1.3852 -1.3462 -1.3250 -1.2904
 -1.2360 -1.1795 -1.1254 -1.0741 -1.0261 -0.9253 -0.8572 -0.8192 -0.8059 -0.8121
 -0.8305 -0.8544 -0.8810 -0.9106 -0.9427 -0.9783 -1.0186 -1.0645 -1.1153 -1.1666
 -1.8263 -1.7408 -1.6553 -1.5697 -1.4853 -1.4058 -1.3340 -1.2722 -1.2238 -1.1925
 -1.1708 -1.1436 -1.1061 -1.0625 -1.0184 -0.9231 -0.8584 -0.8221 -0.8093 -0.8157
 -0.8355 -0.8614 -0.8896 -0.9195 -0.9514 -0.9849 -1.0214 -1.0623 -1.1088 -1.1605
 -1.2135
 -1.7562 -1.6728 -1.5964 -1.5213 -1.4467 -1.3727 -1.3024 -1.2377 -1.1804 -1.1318
 -1.0939 -1.0673 -1.0467 -1.0245 -0.9970 -0.9170 -0.8559 -0.8213 -0.8088 -0.8153
 -0.8363 -0.8649 -0.8958 -0.9276 -0.9601 -0.9940 -1.0289 -1.0662 -1.1076 -1.1543
 -1.2072
 -1.6991 -1.6069 -1.5323 -1.4647 -1.3995 -1.3350 -1.2713 -1.2099 -1.1528 -1.1011
 -1.0558 -1.0179 -0.9881 -0.9653 -0.9465 -0.8984 -0.8485 -0.8164 -0.8046 -0.8109
 -0.8326 -0.8639 -0.8985 -0.9335 -0.9684 -1.0034 -1.0392 -1.0771 -1.1170 -1.1588
 -1.2023
 -1.6654 -1.5576 -1.4724 -1.4054 -1.3460 -1.2898 -1.2349 -1.1805 -1.1279 -1.0781
 -1.0325 -0.9918 -0.9567 -0.9275 -0.9040 -0.8637 -0.8326 -0.8077 -0.7970 -0.8028
 -0.8238 -0.8566 -0.8950 -0.9342 -0.9727 -1.0103 -1.0477 -1.0850 -1.1228 -1.1619
 -1.2036
 -1.6685 -1.5260 -1.4261 -1.3506 -1.2897 -1.2375 -1.1894 -1.1431 -1.0976 -1.0529
 -1.0103 -0.9710 -0.9356 -0.9046 -0.8782 -0.8325 -0.8076 -0.7925 -0.7861 -0.7920
 -0.8120 -0.8447 -0.8855 -0.9289 -0.9719 -1.0134 -1.0538 -1.0932 -1.1319 -1.1709
 -1.2105
 -1.7158 -1.5315 -1.4034 -1.3108 -1.2403 -1.1847 -1.1384 -1.0972 -1.0587 -1.0208
 -0.9837 -0.9483 -0.9152 -0.8853 -0.8590 -0.8104 -0.7841 -0.7728 -0.7715
 [Fe/H] = -0.75 [alpha/Fe] =-0.40 BC value =  i   
 -2.6088 -2.4571 -2.2546 -2.0675 -1.8938 -1.7444 -1.6335 -1.5437 -1.4618 -1.3803
 -1.3047 -1.2334 -1.1660 -1.1025 -1.0424 -0.9106 -0.8120 -0.7525 -0.7306
 -2.3405 -2.3439 -2.2258 -2.0504 -1.8842 -1.7325 -1.6131 -1.5189 -1.4365 -1.3581
 -1.2859 -1.2182 -1.1541 -1.0936 -1.0365 -0.9131 -0.8233 -0.7703 -0.7507 -0.7547
 -2.1655 -2.0833 -2.0850 -2.0206 -1.8760 -1.7316 -1.6028 -1.5012 -1.4176 -1.3414
 -1.2723 -1.2077 -1.1469 -1.0894 -1.0351 -0.9182 -0.8344 -0.7854 -0.7667 -0.7702
 -0.7869
 -2.0919 -1.9637 -1.8703 -1.8402 -1.8231 -1.7232 -1.6006 -1.4905 -1.4025 -1.3270
 -1.2601 -1.1985 -1.1406 -1.0860 -1.0344 -0.9231 -0.8438 -0.7976 -0.7796 -0.7825
 -0.7988 -0.8220
 -2.0341 -1.9078 -1.7906 -1.6952 -1.6350 -1.6156 -1.5752 -1.4849 -1.3918 -1.3141
 -1.2478 -1.1886 -1.1334 -1.0814 -1.0325 -0.9265 -0.8508 -0.8069 -0.7895 -0.7922
 -0.8085 -0.8315 -0.8587 -0.8895
 -1.9777 -1.8606 -1.7473 -1.6414 -1.5498 -1.4781 -1.4331 -1.4103 -1.3697 -1.3017
 -1.2349 -1.1771 -1.1242 -1.0747 -1.0282 -0.9274 -0.8552 -0.8132 -0.7965 -0.7992
 -0.8158 -0.8396 -0.8670 -0.8972 -0.9307 -0.9680 -1.0097 -1.0559 -1.1063 -1.1589
 -1.9201 -1.8116 -1.7070 -1.6066 -1.5120 -1.4273 -1.3553 -1.2989 -1.2620 -1.2384
 -1.2061 -1.1603 -1.1120 -1.0654 -1.0212 -0.9255 -0.8566 -0.8164 -0.8003 -0.8032
 -0.8202 -0.8454 -0.8742 -0.9049 -0.9378 -0.9732 -1.0115 -1.0536 -1.1003 -1.1526
 -1.2056
 -1.8679 -1.7593 -1.6625 -1.5704 -1.4821 -1.3986 -1.3220 -1.2548 -1.1981 -1.1534
 -1.1226 -1.1002 -1.0759 -1.0452 -1.0092 -0.9203 -0.8550 -0.8165 -0.8009 -0.8037
 -0.8211 -0.8480 -0.8791 -0.9116 -0.9453 -0.9803 -1.0166 -1.0554 -1.0982 -1.1459
 -1.1992
 -1.8305 -1.7098 -1.6125 -1.5270 -1.4466 -1.3700 -1.2969 -1.2290 -1.1681 -1.1150
 -1.0704 -1.0353 -1.0094 -0.9893 -0.9695 -0.9089 -0.8491 -0.8128 -0.7980 -0.8008
 -0.8183 -0.8468 -0.8808 -0.9165 -0.9523 -0.9885 -1.0257 -1.0639 -1.1039 -1.1473
 -1.1940
 -1.8174 -1.6767 -1.5682 -1.4809 -1.4057 -1.3361 -1.2701 -1.2068 -1.1476 -1.0934
 -1.0452 -1.0035 -0.9688 -0.9411 -0.9194 -0.8783 -0.8383 -0.8059 -0.7918 -0.7942
 -0.8113 -0.8405 -0.8771 -0.9164 -0.9557 -0.9944 -1.0330 -1.0717 -1.1109 -1.1515
 -1.1945
 -1.8404 -1.6666 -1.5392 -1.4406 -1.3614 -1.2953 -1.2354 -1.1789 -1.1250 -1.0738
 -1.0264 -0.9837 -0.9461 -0.9141 -0.8874 -0.8420 -0.8142 -0.7937 -0.7824 -0.7849
 -0.8012 -0.8300 -0.8682 -0.9109 -0.9543 -0.9967 -1.0382 -1.0788 -1.1189 -1.1592
 -1.2000
 -1.9126 -1.6908 -1.5343 -1.4163 -1.3247 -1.2530 -1.1945 -1.1429 -1.0951 -1.0494
 -1.0059 -0.9653 -0.9283 -0.8955 -0.8671 -0.8157 -0.7878 -0.7739 -0.7691
 [Fe/H] = -0.50 [alpha/Fe] =-0.40 BC value =  i   
 -2.6325 -2.4239 -2.2134 -2.0312 -1.8704 -1.7253 -1.6143 -1.5237 -1.4454 -1.3672
 -1.2946 -1.2263 -1.1620 -1.1015 -1.0446 -0.9177 -0.8184 -0.7543 -0.7228
 -2.4552 -2.3879 -2.2084 -2.0208 -1.8579 -1.7129 -1.5963 -1.5033 -1.4221 -1.3466
 -1.2770 -1.2119 -1.1506 -1.0929 -1.0383 -0.9184 -0.8267 -0.7681 -0.7426 -0.7431
 -2.2083 -2.1884 -2.1632 -2.0179 -1.8541 -1.7097 -1.5861 -1.4872 -1.4048 -1.3306
 -1.2637 -1.2015 -1.1432 -1.0882 -1.0362 -0.9218 -0.8354 -0.7813 -0.7578 -0.7577
 -0.7733
 -2.1254 -1.9984 -1.9450 -1.9436 -1.8483 -1.7101 -1.5836 -1.4767 -1.3905 -1.3168
 -1.2517 -1.1921 -1.1366 -1.0842 -1.0348 -0.9255 -0.8431 -0.7922 -0.7699 -0.7695
 -0.7843 -0.8077
 -2.0807 -1.9380 -1.8181 -1.7413 -1.7208 -1.6855 -1.5825 -1.4734 -1.3803 -1.3048
 -1.2398 -1.1822 -1.1290 -1.0793 -1.0322 -0.9280 -0.8492 -0.8006 -0.7794 -0.7789
 -0.7931 -0.8161 -0.8439 -0.8756
 -2.0418 -1.9026 -1.7747 -1.6637 -1.5787 -1.5277 -1.5055 -1.4584 -1.3754 -1.2949
 -1.2281 -1.1712 -1.1200 -1.0724 -1.0277 -0.9286 -0.8531 -0.8066 -0.7862 -0.7858
 -0.7997 -0.8229 -0.8507 -0.8818 -0.9161 -0.9543 -0.9972 -1.0455 -1.0979 -1.1496
 -2.0039 -1.8701 -1.7459 -1.6317 -1.5310 -1.4470 -1.3827 -1.3412 -1.3153 -1.2757
 -1.2161 -1.1590 -1.1091 -1.0634 -1.0207 -0.9266 -0.8547 -0.8100 -0.7902 -0.7899
 -0.8038 -0.8276 -0.8564 -0.8880 -0.9218 -0.9585 -0.9981 -1.0417 -1.0901 -1.1430
 -1.1961
 -1.9728 -1.8360 -1.7169 -1.6073 -1.5069 -1.4160 -1.3373 -1.2718 -1.2207 -1.1852
 -1.1599 -1.1300 -1.0919 -1.0511 -1.0111 -0.9219 -0.8534 -0.8106 -0.7914 -0.7909
 -0.8050 -0.8295 -0.8601 -0.8932 -0.9279 -0.9641 -1.0027 -1.0434 -1.0873 -1.1358
 -1.1896
 -1.9583 -1.8088 -1.6837 -1.5783 -1.4826 -1.3946 -1.3141 -1.2424 -1.1808 -1.1292
 -1.0883 -1.0584 -1.0354 -1.0134 -0.9882 -0.9129 -0.8484 -0.8077 -0.7894 -0.7890
 -0.8031 -0.8284 -0.8610 -0.8968 -0.9336 -0.9709 -1.0095 -1.0493 -1.0909 -1.1353
 -1.1840
 -1.9692 -1.7941 -1.6575 -1.5480 -1.4553 -1.3720 -1.2954 -1.2247 -1.1608 -1.1044
 -1.0559 -1.0154 -0.9828 -0.9578 -0.9381 -0.8922 -0.8405 -0.8021 -0.7845 -0.7838
 -0.7976 -0.8231 -0.8573 -0.8960 -0.9358 -0.9755 -1.0154 -1.0556 -1.0964 -1.1386
 -1.1832
 -2.0145 -1.8059 -1.6479 -1.5237 -1.4255 -1.3440 -1.2717 -1.2054 -1.1441 -1.0879
 -1.0374 -0.9933 -0.9553 -0.9237 -0.8981 -0.8541 -0.8213 -0.7926 -0.7765 -0.7759
 -0.7891 -0.8143 -0.8494 -0.8906 -0.9338 -0.9769 -1.0194 -1.0613 -1.1029 -1.1449
 -1.1871
 -2.1082 -1.8508 -1.6627 -1.5172 -1.4034 -1.3146 -1.2426 -1.1799 -1.1230 -1.0703
 -1.0215 -0.9772 -0.9378 -0.9036 -0.8745 -0.8226 -0.7932 -0.7750 -0.7651
 [Fe/H] = -0.25 [alpha/Fe] =-0.40 BC value =  i   
 -2.6114 -2.3770 -2.1679 -1.9950 -1.8440 -1.7075 -1.5998 -1.5068 -1.4287 -1.3550
 -1.2847 -1.2186 -1.1567 -1.0987 -1.0441 -0.9224 -0.8244 -0.7546 -0.7174
 -2.4459 -2.3845 -2.1772 -1.9893 -1.8305 -1.6928 -1.5811 -1.4883 -1.4085 -1.3354
 -1.2677 -1.2046 -1.1455 -1.0899 -1.0375 -0.9215 -0.8296 -0.7666 -0.7349 -0.7307
 -2.2850 -2.2962 -2.1772 -1.9970 -1.8303 -1.6866 -1.5695 -1.4728 -1.3922 -1.3196
 -1.2545 -1.1942 -1.1378 -1.0848 -1.0347 -0.9236 -0.8361 -0.7775 -0.7488 -0.7448
 -0.7583
 -2.1520 -2.0521 -2.0562 -1.9874 -1.8368 -1.6907 -1.5654 -1.4626 -1.3786 -1.3060
 -1.2424 -1.1846 -1.1308 -1.0803 -1.0327 -0.9263 -0.8423 -0.7867 -0.7599 -0.7559
 -0.7684 -0.7914
 -2.1135 -1.9603 -1.8541 -1.8245 -1.8041 -1.6938 -1.5685 -1.4585 -1.3686 -1.2945
 -1.2305 -1.1745 -1.1229 -1.0749 -1.0297 -0.9283 -0.8475 -0.7942 -0.7687 -0.7648
 -0.7765 -0.7987 -0.8269 -0.8593
 -2.0912 -1.9311 -1.7938 -1.6878 -1.6267 -1.6074 -1.5577 -1.4597 -1.3643 -1.2850
 -1.2193 -1.1635 -1.1137 -1.0678 -1.0247 -0.9285 -0.8512 -0.7998 -0.7751 -0.7714
 -0.7826 -0.8044 -0.8323 -0.8642 -0.8995 -0.9389 -0.9833 -1.0331 -1.0865 -1.1388
 -2.0738 -1.9137 -1.7718 -1.6491 -1.5480 -1.4738 -1.4291 -1.4025 -1.3536 -1.2793
 -1.2099 -1.1521 -1.1030 -1.0587 -1.0177 -0.9263 -0.8527 -0.8033 -0.7792 -0.7755
 -0.7866 -0.8082 -0.8367 -0.8688 -0.9036 -0.9414 -0.9826 -1.0278 -1.0778 -1.1317
 -1.1850
 -2.0679 -1.8990 -1.7570 -1.6323 -1.5226 -1.4293 -1.3536 -1.2961 -1.2569 -1.2284
 -1.1910 -1.1400 -1.0910 -1.0479 -1.0083 -0.9215 -0.8516 -0.8043 -0.7808 -0.7771
 -0.7880 -0.8099 -0.8393 -0.8726 -0.9080 -0.9454 -0.9853 -1.0278 -1.0736 -1.1236
 -1.1782
 -2.0788 -1.8909 -1.7418 -1.6168 -1.5072 -1.4104 -1.3257 -1.2539 -1.1950 -1.1484
 -1.1141 -1.0879 -1.0601 -1.0284 -0.9945 -0.9130 -0.8469 -0.8019 -0.7795 -0.7758
 -0.7869 -0.8093 -0.8398 -0.8750 -0.9123 -0.9506 -0.9904 -1.0315 -1.0748 -1.1214
 -1.1718
 -2.1170 -1.9027 -1.7358 -1.6033 -1.4931 -1.3971 -1.3119 -1.2361 -1.1704 -1.1143
 -1.0675 -1.0300 -1.0010 -0.9779 -0.9574 -0.9004 -0.8401 -0.7973 -0.7756 -0.7718
 -0.7826 -0.8051 -0.8365 -0.8737 -0.9134 -0.9538 -0.9948 -1.0364 -1.0790 -1.1231
 -1.1696
 -2.1890 -1.9394 -1.7477 -1.5973 -1.4789 -1.3820 -1.2980 -1.2233 -1.1565 -1.0972
 -1.0457 -1.0017 -0.9648 -0.9347 -0.9109 -0.8676 -0.8270 -0.7895 -0.7689 -0.7651
 -0.7755 -0.7978 -0.8297 -0.8685 -0.9108 -0.9541 -0.9974 -1.0406 -1.0839 -1.1276
 -1.1716
 -2.3049 -2.0077 -1.7843 -1.6099 -1.4733 -1.3668 -1.2810 -1.2076 -1.1426 -1.0842
 -1.0317 -0.9854 -0.9452 -0.9108 -0.8819 -0.8315 -0.7999 -0.7757 -0.7592
 [Fe/H] =  0.00 [alpha/Fe] =-0.40 BC value =  i   
 -2.5670 -2.3326 -2.1328 -1.9691 -1.8187 -1.6857 -1.5836 -1.4952 -1.4154 -1.3432
 -1.2751 -1.2106 -1.1504 -1.0940 -1.0413 -0.9240 -0.8317 -0.7625 -0.7132
 -2.5124 -2.3578 -2.1446 -1.9621 -1.8087 -1.6728 -1.5667 -1.4757 -1.3957 -1.3244
 -1.2584 -1.1967 -1.1392 -1.0852 -1.0344 -0.9219 -0.8311 -0.7653 -0.7280 -0.7182
 -2.3991 -2.3431 -2.1625 -1.9718 -1.8080 -1.6681 -1.5532 -1.4598 -1.3804 -1.3088
 -1.2451 -1.1861 -1.1312 -1.0797 -1.0312 -0.9230 -0.8358 -0.7738 -0.7399 -0.7314
 -0.7421
 -2.2439 -2.1514 -2.1319 -1.9838 -1.8170 -1.6718 -1.5490 -1.4490 -1.3668 -1.2952
 -1.2329 -1.1763 -1.1239 -1.0748 -1.0286 -0.9252 -0.8409 -0.7815 -0.7496 -0.7417
 -0.7514 -0.7733
 -2.1316 -1.9834 -1.9225 -1.9239 -1.8215 -1.6796 -1.5520 -1.4445 -1.3567 -1.2840
 -1.2210 -1.1660 -1.1158 -1.0691 -1.0253 -0.9268 -0.8455 -0.7880 -0.7574 -0.7498
 -0.7588 -0.7796 -0.8080 -0.8409
 -2.1208 -1.9479 -1.8113 -1.7283 -1.7105 -1.6678 -1.5571 -1.4463 -1.3517 -1.2745
 -1.2098 -1.1550 -1.1063 -1.0617 -1.0200 -0.9268 -0.8490 -0.7932 -0.7634 -0.7559
 -0.7645 -0.7845 -0.8122 -0.8446 -0.8809 -0.9212 -0.9670 -1.0187 -1.0729 -1.1260
 -2.1242 -1.9415 -1.7873 -1.6623 -1.5715 -1.5219 -1.4984 -1.4412 -1.3522 -1.2691
 -1.2008 -1.1437 -1.0956 -1.0524 -1.0127 -0.9244 -0.8506 -0.7968 -0.7676 -0.7601
 -0.7684 -0.7879 -0.8154 -0.8478 -0.8834 -0.9222 -0.9649 -1.0118 -1.0633 -1.1182
 -1.1721
 -2.1427 -1.9456 -1.7833 -1.6468 -1.5334 -1.4435 -1.3786 -1.3374 -1.3069 -1.2594
 -1.1942 -1.1342 -1.0841 -1.0417 -1.0032 -0.9193 -0.8496 -0.7982 -0.7697 -0.7620
 -0.7701 -0.7896 -0.8173 -0.8503 -0.8862 -0.9245 -0.9656 -1.0094 -1.0570 -1.1091
 -1.1647
 -2.1705 -1.9605 -1.7856 -1.6424 -1.5218 -1.4199 -1.3354 -1.2678 -1.2161 -1.1785
 -1.1481 -1.1133 -1.0700 -1.0283 -0.9910 -0.9108 -0.8449 -0.7963 -0.7690 -0.7616
 -0.7697 -0.7895 -0.8177 -0.8517 -0.8889 -0.9280 -0.9688 -1.0117 -1.0567 -1.1050
 -1.1574
 -2.2413 -1.9978 -1.8006 -1.6452 -1.5189 -1.4124 -1.3215 -1.2440 -1.1793 -1.1261
 -1.0834 -1.0504 -1.0237 -0.9976 -0.9706 -0.9006 -0.8384 -0.7923 -0.7661 -0.7586
 -0.7665 -0.7863 -0.8150 -0.8501 -0.8890 -0.9296 -0.9714 -1.0143 -1.0586 -1.1047
 -1.1532
 -2.3379 -2.0601 -1.8354 -1.6586 -1.5200 -1.4084 -1.3146 -1.2339 -1.1641 -1.1042
 -1.0534 -1.0111 -0.9765 -0.9487 -0.9259 -0.8784 -0.8285 -0.7854 -0.7604 -0.7530
 -0.7606 -0.7803 -0.8093 -0.8453 -0.8859 -0.9288 -0.9726 -1.0168 -1.0616 -1.1071
 -1.1533
 -2.4602 -2.1474 -1.8918 -1.6909 -1.5317 -1.4077 -1.3087 -1.2260 -1.1549 -1.0927
 -1.0384 -0.9917 -0.9519 -0.9183 -0.8569 -0.8442 -0.8152 -0.7756 -0.7519
 [Fe/H] =  0.25 [alpha/Fe] =-0.40 BC value =  i   
 -2.5229 -2.2895 -2.0983 -1.9452 -1.7956 -1.6680 -1.5651 -1.4802 -1.4017 -1.3319
 -1.2651 -1.2019 -1.1428 -1.0878 -1.0365 -0.9225 -0.8316 -0.7617 -0.7100
 -2.5545 -2.3220 -2.1110 -1.9349 -1.7881 -1.6560 -1.5489 -1.4619 -1.3826 -1.3135
 -1.2487 -1.1882 -1.1317 -1.0789 -1.0293 -0.9196 -0.8304 -0.7634 -0.7215 -0.7058
 -2.3847 -2.3457 -2.1308 -1.9462 -1.7881 -1.6516 -1.5379 -1.4468 -1.3684 -1.2981
 -1.2355 -1.1775 -1.1236 -1.0732 -1.0257 -0.9202 -0.8339 -0.7699 -0.7313 -0.7178
 -0.7249
 -2.2432 -2.2595 -2.1481 -1.9660 -1.7965 -1.6552 -1.5342 -1.4360 -1.3556 -1.2845
 -1.2233 -1.1675 -1.1160 -1.0681 -1.0229 -0.9219 -0.8383 -0.7762 -0.7395 -0.7270
 -0.7335 -0.7536
 -2.1460 -2.0260 -2.0301 -1.9639 -1.8110 -1.6623 -1.5362 -1.4310 -1.3454 -1.2738
 -1.2113 -1.1572 -1.1078 -1.0621 -1.0193 -0.9233 -0.8426 -0.7820 -0.7463 -0.7342
 -0.7403 -0.7592 -0.7871 -0.8212
 -2.1378 -1.9599 -1.8388 -1.8077 -1.7871 -1.6711 -1.5431 -1.4324 -1.3398 -1.2641
 -1.2001 -1.1460 -1.0982 -1.0545 -1.0139 -0.9232 -0.8461 -0.7871 -0.7519 -0.7399
 -0.7455 -0.7635 -0.7904 -0.8233 -0.8601 -0.9018 -0.9495 -1.0021 -1.0572 -1.1113
 -2.1556 -1.9564 -1.7972 -1.6796 -1.6164 -1.5990 -1.5405 -1.4370 -1.3402 -1.2583
 -1.1911 -1.1348 -1.0873 -1.0451 -1.0063 -0.9206 -0.8476 -0.7908 -0.7561 -0.7439
 -0.7492 -0.7667 -0.7930 -0.8253 -0.8614 -0.9007 -0.9441 -0.9928 -1.0467 -1.1024
 -1.1572
 -2.1956 -1.9741 -1.7974 -1.6554 -1.5444 -1.4672 -1.4243 -1.3948 -1.3368 -1.2572
 -1.1851 -1.1256 -1.0760 -1.0341 -0.9967 -0.9154 -0.8468 -0.7926 -0.7588 -0.7463
 -0.7512 -0.7685 -0.7945 -0.8268 -0.8628 -0.9016 -0.9438 -0.9897 -1.0392 -1.0923
 -1.1489
 -2.2520 -2.0098 -1.8128 -1.6566 -1.5299 -1.4276 -1.3484 -1.2909 -1.2516 -1.2181
 -1.1733 -1.1167 -1.0649 -1.0215 -0.9845 -0.9067 -0.8421 -0.7911 -0.7589 -0.7466
 -0.7514 -0.7687 -0.7949 -0.8275 -0.8641 -0.9034 -0.9449 -0.9889 -1.0356 -1.0859
 -1.1404
 -2.3550 -2.0729 -1.8471 -1.6721 -1.5338 -1.4209 -1.3278 -1.2519 -1.1914 -1.1441
 -1.1076 -1.0766 -1.0440 -1.0070 -0.9715 -0.8967 -0.8356 -0.7876 -0.7568 -0.7447
 -0.7492 -0.7663 -0.7927 -0.8257 -0.8632 -0.9035 -0.9457 -0.9896 -1.0353 -1.0835
 -1.1340
 -2.4872 -2.1663 -1.9070 -1.7032 -1.5473 -1.4246 -1.3241 -1.2401 -1.1699 -1.1114
 -1.0632 -1.0240 -0.9923 -0.9657 -0.9406 -0.8822 -0.8263 -0.7812 -0.7520 -0.7404
 -0.7445 -0.7614 -0.7878 -0.8213 -0.8598 -0.9015 -0.9453 -0.9901 -1.0362 -1.0835
 -1.1321
 -2.6485 -2.2900 -1.9835 -1.7571 -1.5754 -1.4359 -1.3266 -1.2372 -1.1621 -1.0981
 -1.0437 -0.9979 -0.9594 -0.9275 -0.8918 -0.8632 -0.8142 -0.7719 -0.7445
 [Fe/H] =  0.50 [alpha/Fe] =-0.40 BC value =  i   
 -2.4580 -2.2470 -2.0695 -1.9223 -1.7711 -1.6489 -1.5504 -1.4657 -1.3902 -1.3206
 -1.2546 -1.1924 -1.1342 -1.0800 -1.0295 -0.9182 -0.8255 -0.7552 -0.7066
 -2.5261 -2.2826 -2.0795 -1.9129 -1.7678 -1.6384 -1.5343 -1.4495 -1.3713 -1.3027
 -1.2388 -1.1790 -1.1232 -1.0712 -1.0224 -0.9148 -0.8270 -0.7598 -0.7149 -0.6943
 -2.5272 -2.3246 -2.1082 -1.9221 -1.7721 -1.6357 -1.5236 -1.4346 -1.3561 -1.2874
 -1.2257 -1.1684 -1.1151 -1.0655 -1.0188 -0.9151 -0.8298 -0.7648 -0.7225 -0.7040
 -0.7070
 -2.2873 -2.3132 -2.1378 -1.9444 -1.7773 -1.6395 -1.5198 -1.4238 -1.3448 -1.2739
 -1.2135 -1.1585 -1.1076 -1.0603 -1.0159 -0.9167 -0.8339 -0.7702 -0.7294 -0.7119
 -0.7147 -0.7326
 -2.1651 -2.1162 -2.1070 -1.9634 -1.7942 -1.6460 -1.5229 -1.4186 -1.3344 -1.2635
 -1.2016 -1.1481 -1.0993 -1.0542 -1.0121 -0.9180 -0.8382 -0.7758 -0.7359 -0.7184
 -0.7209 -0.7376 -0.7647 -0.7990
 -2.1454 -1.9743 -1.8984 -1.9039 -1.8030 -1.6588 -1.5286 -1.4193 -1.3286 -1.2542
 -1.1905 -1.1370 -1.0897 -1.0466 -1.0067 -0.9178 -0.8417 -0.7809 -0.7410 -0.7237
 -0.7257 -0.7417 -0.7674 -0.8003 -0.8380 -0.8801 -0.9285 -0.9834 -1.0391 -1.0945
 -2.1692 -1.9631 -1.8074 -1.7137 -1.6971 -1.6521 -1.5375 -1.4243 -1.3284 -1.2476
 -1.1818 -1.1257 -1.0788 -1.0371 -0.9990 -0.9152 -0.8435 -0.7849 -0.7455 -0.7278
 -0.7294 -0.7447 -0.7697 -0.8015 -0.8379 -0.8782 -0.9226 -0.9721 -1.0278 -1.0842
 -1.1402
 -2.2276 -1.9875 -1.8039 -1.6624 -1.5631 -1.5135 -1.4900 -1.4247 -1.3314 -1.2466
 -1.1752 -1.1166 -1.0674 -1.0261 -0.9892 -0.9099 -0.8427 -0.7872 -0.7487 -0.7307
 -0.7316 -0.7466 -0.7710 -0.8023 -0.8381 -0.8772 -0.9198 -0.9659 -1.0169 -1.0731
 -1.1306
 -2.3045 -2.0381 -1.8261 -1.6631 -1.5352 -1.4379 -1.3715 -1.3317 -1.2973 -1.2412
 -1.1711 -1.1083 -1.0566 -1.0134 -0.9769 -0.9010 -0.8380 -0.7860 -0.7494 -0.7317
 -0.7322 -0.7469 -0.7713 -0.8025 -0.8384 -0.8774 -0.9193 -0.9641 -1.0122 -1.0642
 -1.1210
 -2.4479 -2.1263 -1.8747 -1.6862 -1.5409 -1.4256 -1.3340 -1.2636 -1.2117 -1.1731
 -1.1381 -1.0967 -1.0479 -1.0030 -0.9649 -0.8908 -0.8314 -0.7828 -0.7482 -0.7309
 -0.7309 -0.7451 -0.7693 -0.8006 -0.8367 -0.8762 -0.9184 -0.9627 -1.0095 -1.0588
 -1.1132
 -2.6312 -2.2521 -1.9547 -1.7309 -1.5626 -1.4329 -1.3290 -1.2446 -1.1764 -1.1218
 -1.0781 -1.0428 -1.0117 -0.9809 -0.9483 -0.8785 -0.8221 -0.7766 -0.7441 -0.7276
 -0.7274 -0.7410 -0.7650 -0.7964 -0.8330 -0.8733 -0.9165 -0.9615 -1.0083 -1.0570
 -1.1078
 -2.8542 -2.4155 -2.0595 -1.8056 -1.6038 -1.4529 -1.3366 -1.2432 -1.1664 -1.1025
 -1.0496 -1.0058 -0.9695 -0.9392 -0.9271 -0.8641 -0.8101 -0.7674 -0.7371
 [Fe/H] =  0.75 [alpha/Fe] =-0.40 BC value =  i   
 -2.4134 -2.2136 -2.0442 -1.9023 -1.7503 -1.6348 -1.5395 -1.4547 -1.3783 -1.3083
 -1.2432 -1.1818 -1.1243 -1.0708 -1.0209 -0.9112 -0.8201 -0.7508 -0.7014
 -2.4767 -2.2452 -2.0522 -1.8940 -1.7493 -1.6236 -1.5220 -1.4366 -1.3596 -1.2909
 -1.2281 -1.1689 -1.1136 -1.0620 -1.0138 -0.9075 -0.8209 -0.7539 -0.7074 -0.6826
 -2.5250 -2.2949 -2.0804 -1.9006 -1.7554 -1.6206 -1.5112 -1.4232 -1.3442 -1.2767
 -1.2155 -1.1586 -1.1058 -1.0565 -1.0103 -0.9078 -0.8233 -0.7579 -0.7133 -0.6904
 -0.6889
 -2.4525 -2.3243 -2.1179 -1.9232 -1.7609 -1.6264 -1.5072 -1.4122 -1.3346 -1.2635
 -1.2037 -1.1490 -1.0984 -1.0514 -1.0075 -0.9095 -0.8273 -0.7629 -0.7191 -0.6970
 -0.6955 -0.7108
 -2.2115 -2.2253 -2.1305 -1.9505 -1.7772 -1.6325 -1.5100 -1.4073 -1.3240 -1.2537
 -1.1919 -1.1388 -1.0903 -1.0456 -1.0039 -0.9109 -0.8318 -0.7685 -0.7248 -0.7028
 -0.7010 -0.7151 -0.7409 -0.7752
 -2.1508 -2.0056 -2.0003 -1.9472 -1.7964 -1.6445 -1.5165 -1.4082 -1.3181 -1.2446
 -1.1810 -1.1279 -1.0809 -1.0381 -0.9985 -0.9108 -0.8356 -0.7739 -0.7303 -0.7079
 -0.7055 -0.7188 -0.7432 -0.7756 -0.8139 -0.8572 -0.9068 -0.9628 -1.0189 -1.0756
 -2.1713 -1.9679 -1.8271 -1.7858 -1.7709 -1.6561 -1.5257 -1.4125 -1.3175 -1.2378
 -1.1727 -1.1167 -1.0701 -1.0287 -0.9910 -0.9083 -0.8376 -0.7784 -0.7353 -0.7123
 -0.7092 -0.7217 -0.7451 -0.7762 -0.8128 -0.8536 -0.8988 -0.9499 -1.0068 -1.0639
 -1.1211
 -2.2396 -1.9904 -1.8075 -1.6741 -1.6026 -1.5868 -1.5258 -1.4194 -1.3203 -1.2364
 -1.1658 -1.1078 -1.0587 -1.0177 -0.9812 -0.9031 -0.8370 -0.7811 -0.7391 -0.7158
 -0.7118 -0.7235 -0.7463 -0.7765 -0.8120 -0.8514 -0.8941 -0.9411 -0.9938 -1.0517
 -1.1099
 -2.3253 -2.0480 -1.8302 -1.6660 -1.5418 -1.4577 -1.4155 -1.3845 -1.3189 -1.2357
 -1.1612 -1.0992 -1.0480 -1.0049 -0.9687 -0.8940 -0.8324 -0.7803 -0.7405 -0.7174
 -0.7128 -0.7241 -0.7465 -0.7764 -0.8115 -0.8503 -0.8923 -0.9376 -0.9867 -1.0404
 -1.0991
 -2.5008 -2.1532 -1.8861 -1.6915 -1.5439 -1.4295 -1.3438 -1.2849 -1.2459 -1.2085
 -1.1566 -1.0955 -1.0407 -0.9950 -0.9568 -0.8837 -0.8257 -0.7774 -0.7401 -0.7176
 -0.7123 -0.7227 -0.7446 -0.7743 -0.8093 -0.8481 -0.8899 -0.9344 -0.9818 -1.0327
 -1.0873
 -2.7272 -2.3060 -1.9814 -1.7438 -1.5692 -1.4364 -1.3320 -1.2497 -1.1867 -1.1389
 -1.1009 -1.0655 -1.0269 -0.9845 -0.9453 -0.8716 -0.8163 -0.7713 -0.7366 -0.7154
 -0.7099 -0.7194 -0.7407 -0.7703 -0.8054 -0.8445 -0.8867 -0.9315 -0.9785 -1.0282
 -1.0805
 -3.0044 -2.5064 -2.1196 -1.8345 -1.6184 -1.4610 -1.3412 -1.2463 -1.1697 -1.1079
 -1.0581 -1.0176 -0.9834 -0.9528 -0.9342 -0.8577 -0.8042 -0.7620 -0.7300
 [Fe/H] =  1.00 [alpha/Fe] =-0.40 BC value =  i   
 -2.3628 -2.1889 -2.0291 -1.8821 -1.7348 -1.6074 -1.5016 -1.4130 -1.3377 -1.2723
 -1.2140 -1.1605 -1.1096 -1.0597 -1.0102 -0.9017 -0.8119 -0.7423 -0.6938
 -2.4452 -2.2148 -2.0279 -1.8802 -1.7343 -1.6104 -1.5103 -1.4255 -1.3478 -1.2796
 -1.2165 -1.1576 -1.1027 -1.0514 -1.0036 -0.8981 -0.8121 -0.7451 -0.6981 -0.6708
 -2.5151 -2.2640 -2.0552 -1.8846 -1.7418 -1.6072 -1.4997 -1.4119 -1.3331 -1.2659
 -1.2047 -1.1480 -1.0953 -1.0462 -1.0003 -0.8984 -0.8143 -0.7489 -0.7028 -0.6766
 -0.6709
 -2.5034 -2.3136 -2.0954 -1.9037 -1.7498 -1.6141 -1.4952 -1.4012 -1.3242 -1.2531
 -1.1935 -1.1389 -1.0884 -1.0416 -0.9978 -0.9003 -0.8185 -0.7537 -0.7079 -0.6821
 -0.6763 -0.6884
 -2.3125 -2.2908 -2.1289 -1.9343 -1.7619 -1.6238 -1.4991 -1.3962 -1.3138 -1.2428
 -1.1821 -1.1292 -1.0807 -1.0360 -0.9945 -0.9020 -0.8233 -0.7595 -0.7134 -0.6873
 -0.6810 -0.6920 -0.7161 -0.7500
 -2.1626 -2.0797 -2.0836 -1.9545 -1.7845 -1.6317 -1.5076 -1.3973 -1.3080 -1.2352
 -1.1714 -1.1185 -1.0716 -1.0289 -0.9894 -0.9022 -0.8275 -0.7654 -0.7193 -0.6923
 -0.6852 -0.6951 -0.7177 -0.7496 -0.7879 -0.8326 -0.8839 -0.9402 -0.9967 -1.0547
 -2.1700 -1.9757 -1.8729 -1.8792 -1.7922 -1.6482 -1.5143 -1.4034 -1.3075 -1.2283
 -1.1640 -1.1076 -1.0611 -1.0198 -0.9821 -0.9000 -0.8299 -0.7704 -0.7249 -0.6971
 -0.6889 -0.6977 -0.7191 -0.7494 -0.7861 -0.8275 -0.8739 -0.9264 -0.9839 -1.0414
 -1.0999
 -2.2319 -1.9889 -1.8122 -1.6993 -1.6764 -1.6389 -1.5252 -1.4094 -1.3108 -1.2270
 -1.1568 -1.0993 -1.0498 -1.0089 -0.9726 -0.8949 -0.8296 -0.7737 -0.7295 -0.7013
 -0.6919 -0.6996 -0.7200 -0.7492 -0.7845 -0.8241 -0.8678 -0.9158 -0.9695 -1.0283
 -1.0869
 -2.3257 -2.0460 -1.8290 -1.6685 -1.5551 -1.4990 -1.4768 -1.4093 -1.3134 -1.2258
 -1.1514 -1.0905 -1.0394 -0.9962 -0.9602 -0.8860 -0.8252 -0.7734 -0.7316 -0.7039
 -0.6937 -0.7005 -0.7202 -0.7488 -0.7832 -0.8219 -0.8642 -0.9100 -0.9598 -1.0149
 -1.0750
 -2.5201 -2.1595 -1.8860 -1.6909 -1.5451 -1.4361 -1.3633 -1.3234 -1.2872 -1.2256
 -1.1523 -1.0869 -1.0322 -0.9865 -0.9482 -0.8756 -0.8185 -0.7707 -0.7319 -0.7052
 -0.6943 -0.6998 -0.7187 -0.7466 -0.7806 -0.8188 -0.8604 -0.9050 -0.9528 -1.0045
 -1.0607
 -2.7744 -2.3294 -1.9900 -1.7457 -1.5698 -1.4374 -1.3353 -1.2589 -1.2053 -1.1662
 -1.1273 -1.0799 -1.0266 -0.9783 -0.9379 -0.8634 -0.8090 -0.7647 -0.7289 -0.7039
 -0.6931 -0.6975 -0.7154 -0.7428 -0.7765 -0.8146 -0.8562 -0.9006 -0.9477 -0.9978
 -1.0512
 -3.0887 -2.5557 -2.1410 -1.8424 -1.6227 -1.4632 -1.3427 -1.2483 -1.1742 -1.1167
 -1.0718 -1.0346 -0.9994 -0.9632 -0.9293 -0.8494 -0.7967 -0.7554 -0.7226
