 [Fe/H] = -4.00 [alpha/Fe] = 0.40 BC value = F140M
  2.8701  3.2749  3.3775  2.8102  1.7196  1.1838  1.3562  1.1629  0.9945  1.1835
  1.2513  1.3560  1.5694  1.7376  1.8105  1.6860
  2.3251  2.5864  2.7454  2.5921  2.1785  1.9002  1.8876  1.7277  1.5885  1.5974
  1.5959  1.6294  1.7102  1.7714  1.7853  1.6706  1.5668  1.4568  1.3319
  2.0038  2.1306  2.2541  2.2919  2.2398  2.1369  2.0626  1.9621  1.8755  1.8158
  1.7859  1.7780  1.7803  1.7759  1.7574  1.6514  1.5435  1.4351  1.3200  1.2051
  1.0927
  1.9062  1.9075  1.9036  1.9096  1.9035  1.8939  1.8812  1.8662  1.8555  1.8387
  1.8213  1.8017  1.7797  1.7513  1.7268  1.6284  1.5243  1.4155  1.3051  1.1941
  1.0829  0.9712  0.8594
  1.9109  1.9030  1.8938  1.8899  1.8837  1.8756  1.8638  1.8473  1.8263  1.8028
  1.7796  1.7573  1.7354  1.7112  1.6833  1.5994  1.5029  1.3988  1.2910  1.1823
  1.0739  0.9657  0.8577  0.7497  0.6415
  1.8897  1.8788  1.8683  1.8598  1.8535  1.8471  1.8379  1.8235  1.8034  1.7786
  1.7509  1.7233  1.6971  1.6722  1.6459  1.5706  1.4813  1.3824  1.2779  1.1715
  1.0653  0.9597  0.8547  0.7500  0.6455  0.5409
  1.8427  1.8349  1.8271  1.8193  1.8130  1.8084  1.8035  1.7948  1.7796  1.7580
  1.7313  1.7013  1.6709  1.6425  1.6146  1.5420  1.4595  1.3663  1.2658  1.1617
  1.0571  0.9532  0.8504  0.7484  0.6469  0.5458  0.4447  0.3429  0.2408  0.1416
  1.7698  1.7713  1.7702  1.7668  1.7631  1.7605  1.7592  1.7567  1.7494  1.7346
  1.7126  1.6852  1.6542  1.6224  1.5919  1.5178  1.4385  1.3503  1.2543  1.1532
  1.0499  0.9471  0.8455  0.7453  0.6462  0.5478  0.4500  0.3520  0.2533  0.1541
  0.0573
  1.6693  1.6847  1.6948  1.7001  1.7028  1.7044  1.7065  1.7091  1.7096  1.7040
  1.6903  1.6685  1.6409  1.6096  1.5772  1.4993  1.4206  1.3353  1.2431  1.1454
  1.0442  0.9420  0.8410  0.7416  0.6439  0.5475  0.4519  0.3570  0.2620  0.1665
  0.0699
  1.5563  1.5806  1.6001  1.6153  1.6278  1.6372  1.6453  1.6529  1.6598  1.6634
  1.6598  1.6468  1.6255  1.5978  1.5666  1.4847  1.4059  1.3218  1.2317  1.1367
  1.0379  0.9369  0.8359  0.7366  0.6392  0.5438  0.4497  0.3568  0.2645  0.1721
  0.0795
  1.4376  1.4656  1.4923  1.5178  1.5400  1.5594  1.5756  1.5899  1.6029  1.6138
  1.6177  1.6137  1.6024  1.5841  1.5595  1.4805  1.3943  1.3115  1.2229  1.1299
  1.0335  0.9345  0.8344  0.7350  0.6375  0.5423  0.4490  0.3575  0.2672  0.1776
  0.0870
  1.2958  1.3397  1.3775  1.4098  1.4404  1.4687  1.4943  1.5169  1.5373  1.5549
  1.5680  1.5749  1.5741  1.5644  1.5455  1.4718  1.3852  1.3027  1.2157  1.1240
  1.0292  0.9321  0.8336  0.7347  0.6371  0.5415  0.4481  0.3570  0.2678  0.1800
  0.0929
  1.1311  1.2029  1.2557  1.2913  1.3290  1.3651  1.4023  1.4333  1.4614  1.4856
  1.5058  1.5224  1.5356  1.5387  1.5248  1.4585  1.3786  1.2954  1.2101
 [Fe/H] = -3.00 [alpha/Fe] = 0.40 BC value = F140M
  1.5154  1.5560  1.5951  1.6348  1.6618  1.7116  1.7982  1.8075  1.7953  1.7926
  1.7776  1.7805  1.8066  1.8211  1.8113  1.7108
  1.5681  1.6013  1.6325  1.6633  1.6862  1.7184  1.7719  1.7920  1.7989  1.8044
  1.8004  1.7984  1.8007  1.7947  1.7751  1.6808  1.5724  1.4586  1.3418
  1.6189  1.6448  1.6685  1.6911  1.7093  1.7282  1.7566  1.7787  1.7942  1.8030
  1.8049  1.7999  1.7878  1.7686  1.7425  1.6528  1.5486  1.4377  1.3241  1.2093
  1.0938
  1.6678  1.6865  1.7031  1.7182  1.7311  1.7410  1.7523  1.7676  1.7811  1.7884
  1.7912  1.7849  1.7678  1.7429  1.7135  1.6268  1.5266  1.4189  1.3083  1.1970
  1.0854  0.9736  0.8619
  1.7148  1.7264  1.7363  1.7446  1.7516  1.7568  1.7590  1.7587  1.7596  1.7606
  1.7592  1.7535  1.7408  1.7175  1.6881  1.6028  1.5064  1.4022  1.2943  1.1856
  1.0771  0.9687  0.8604  0.7520  0.6433
  1.7599  1.7645  1.7681  1.7703  1.7708  1.7694  1.7658  1.7592  1.7497  1.7397
  1.7295  1.7189  1.7075  1.6897  1.6638  1.5811  1.4875  1.3870  1.2819  1.1752
  1.0689  0.9630  0.8577  0.7527  0.6478  0.5428
  1.7978  1.7974  1.7959  1.7934  1.7893  1.7831  1.7744  1.7630  1.7483  1.7310
  1.7124  1.6939  1.6758  1.6583  1.6354  1.5602  1.4699  1.3728  1.2707  1.1660
  1.0611  0.9570  0.8538  0.7514  0.6495  0.5480  0.4466  0.3445  0.2422  0.1430
  1.8193  1.8177  1.8140  1.8087  1.8020  1.7934  1.7822  1.7679  1.7504  1.7296
  1.7064  1.6819  1.6573  1.6341  1.6096  1.5383  1.4531  1.3594  1.2605  1.1581
  1.0544  0.9511  0.8493  0.7486  0.6491  0.5502  0.4517  0.3536  0.2548  0.1554
  0.0587
  1.8317  1.8227  1.8157  1.8106  1.8035  1.7945  1.7832  1.7690  1.7511  1.7297
  1.7049  1.6776  1.6491  1.6205  1.5925  1.5187  1.4368  1.3467  1.2540  1.1511
  1.0508  0.9463  0.8449  0.7451  0.6470  0.5502  0.4542  0.3583  0.2624  0.1667
  0.0712
  1.7929  1.8091  1.8088  1.7937  1.7891  1.7818  1.7723  1.7600  1.7444  1.7250
  1.7016  1.6745  1.6448  1.6137  1.5826  1.5032  1.4220  1.3341  1.2406  1.1432
  1.0431  0.9414  0.8400  0.7402  0.6425  0.5467  0.4522  0.3589  0.2663  0.1739
  0.0808
  1.7323  1.7651  1.7721  1.7560  1.7563  1.7532  1.7471  1.7384  1.7266  1.7114
  1.6920  1.6682  1.6404  1.6096  1.5772  1.4935  1.4104  1.3242  1.2326  1.1372
  1.0391  0.9392  0.8385  0.7387  0.6409  0.5453  0.4516  0.3597  0.2691  0.1793
  0.0884
  1.6637  1.6905  1.7085  1.7187  1.7252  1.7273  1.7260  1.7019  1.6952  1.6853
  1.6716  1.6533  1.6303  1.6028  1.5719  1.4875  1.4011  1.3155  1.2257  1.1317
  1.0352  0.9370  0.8378  0.7385  0.6404  0.5445  0.4508  0.3594  0.2699  0.1817
  0.0945
  1.5871  1.5854  1.6181  1.6818  1.6958  1.7042  1.6695  1.6716  1.6701  1.6452
  1.6381  1.6268  1.6106  1.5891  1.5667  1.4852  1.3941  1.3080  1.2199
 [Fe/H] = -2.50 [alpha/Fe] = 0.40 BC value = F140M
  1.3251  1.3372  1.3751  1.4909  1.6563  1.7762  1.8380  1.8817  1.9033  1.8859
  1.8677  1.8549  1.8444  1.8281  1.8024  1.7128
  1.4230  1.4431  1.4734  1.5406  1.6314  1.7084  1.7637  1.8076  1.8349  1.8392
  1.8348  1.8251  1.8110  1.7914  1.7652  1.6793  1.5740  1.4607  1.3450
  1.5043  1.5288  1.5530  1.5869  1.6272  1.6716  1.7158  1.7545  1.7828  1.7993
  1.8037  1.7971  1.7817  1.7601  1.7334  1.6499  1.5495  1.4399  1.3270  1.2122
  1.0962
  1.5690  1.5943  1.6139  1.6298  1.6437  1.6658  1.6943  1.7224  1.7470  1.7662
  1.7744  1.7709  1.7565  1.7342  1.7070  1.6246  1.5277  1.4215  1.3112  1.1998
  1.0881  0.9761  0.8637
  1.6171  1.6396  1.6561  1.6693  1.6809  1.6910  1.6992  1.7113  1.7275  1.7399
  1.7469  1.7465  1.7354  1.7137  1.6860  1.6034  1.5086  1.4055  1.2977  1.1889
  1.0802  0.9716  0.8630  0.7543  0.6454
  1.6618  1.6800  1.6927  1.7014  1.7076  1.7122  1.7156  1.7168  1.7165  1.7186
  1.7215  1.7203  1.7138  1.6964  1.6693  1.5860  1.4922  1.3915  1.2860  1.1791
  1.0725  0.9664  0.8607  0.7553  0.6501  0.5448
  1.7107  1.7221  1.7298  1.7341  1.7350  1.7334  1.7301  1.7252  1.7180  1.7089
  1.6999  1.6923  1.6846  1.6730  1.6518  1.5718  1.4784  1.3793  1.2760  1.1706
  1.0652  0.9607  0.8572  0.7544  0.6521  0.5502  0.4484  0.3461  0.2438  0.1446
  1.7627  1.7667  1.7684  1.7678  1.7644  1.7579  1.7487  1.7374  1.7240  1.7088
  1.6921  1.6752  1.6592  1.6449  1.6268  1.5573  1.4664  1.3686  1.2672  1.1634
  1.0589  0.9553  0.8530  0.7520  0.6520  0.5528  0.4539  0.3554  0.2564  0.1570
  0.0603
  1.8075  1.8072  1.8041  1.7992  1.7921  1.7823  1.7694  1.7536  1.7353  1.7149
  1.6929  1.6701  1.6471  1.6253  1.6043  1.5386  1.4543  1.3590  1.2593  1.1574
  1.0541  0.9508  0.8490  0.7488  0.6503  0.5531  0.4567  0.3609  0.2654  0.1695
  0.0727
  1.8338  1.8330  1.8288  1.8217  1.8127  1.8012  1.7867  1.7689  1.7480  1.7242
  1.6985  1.6714  1.6438  1.6166  1.5905  1.5206  1.4399  1.3483  1.2509  1.1506
  1.0487  0.9462  0.8443  0.7441  0.6460  0.5498  0.4549  0.3612  0.2683  0.1756
  0.0823
  1.8330  1.8346  1.8334  1.8280  1.8197  1.8088  1.7947  1.7775  1.7568  1.7327
  1.7057  1.6765  1.6461  1.6152  1.5848  1.5082  1.4276  1.3390  1.2440  1.1456
  1.0455  0.9443  0.8430  0.7428  0.6445  0.5486  0.4546  0.3623  0.2713  0.1812
  0.0900
  1.8034  1.8102  1.8130  1.8123  1.8080  1.7998  1.7884  1.7738  1.7556  1.7337
  1.7084  1.6798  1.6490  1.6166  1.5837  1.5011  1.4173  1.3304  1.2375  1.1409
  1.0423  0.9426  0.8425  0.7427  0.6442  0.5479  0.4539  0.3621  0.2722  0.1838
  0.0962
  1.7450  1.7598  1.7691  1.7732  1.7741  1.7710  1.7641  1.7538  1.7400  1.7224
  1.7011  1.6760  1.6475  1.6163  1.5872  1.4993  1.4090  1.3225  1.2314
 [Fe/H] = -2.00 [alpha/Fe] = 0.40 BC value = F140M
  1.4783  1.5713  1.6479  1.6948  1.7473  1.7920  1.8274  1.8495  1.8598  1.8614
  1.8568  1.8476  1.8345  1.8156  1.7870  1.7076
  1.4335  1.5078  1.5792  1.6457  1.7042  1.7523  1.7886  1.8122  1.8247  1.8282
  1.8240  1.8133  1.7980  1.7781  1.7521  1.6734  1.5748  1.4636  1.3470
  1.4416  1.4974  1.5557  1.6135  1.6672  1.7135  1.7498  1.7754  1.7909  1.7974
  1.7953  1.7852  1.7691  1.7483  1.7232  1.6446  1.5493  1.4427  1.3303  1.2157
  1.0998
  1.5026  1.5401  1.5774  1.5982  1.6364  1.6755  1.7110  1.7391  1.7584  1.7690
  1.7707  1.7633  1.7478  1.7262  1.7003  1.6212  1.5279  1.4247  1.3156  1.2043
  1.0923  0.9801  0.8670
  1.5715  1.5983  1.6192  1.6353  1.6498  1.6658  1.6859  1.7096  1.7289  1.7418
  1.7472  1.7438  1.7311  1.7100  1.6834  1.6032  1.5106  1.4096  1.3029  1.1942
  1.0851  0.9761  0.8671  0.7579  0.6486
  1.6110  1.6385  1.6563  1.6679  1.6760  1.6825  1.6891  1.6969  1.7072  1.7189
  1.7253  1.7246  1.7158  1.6976  1.6712  1.5899  1.4970  1.3972  1.2924  1.1853
  1.0781  0.9715  0.8654  0.7595  0.6537  0.5480
  1.6450  1.6706  1.6870  1.6960  1.7002  1.7022  1.7032  1.7033  1.7015  1.6994
  1.7009  1.7019  1.6978  1.6849  1.6619  1.5802  1.4868  1.3873  1.2837  1.1778
  1.0717  0.9665  0.8625  0.7591  0.6562  0.5537  0.4514  0.3488  0.2463  0.1473
  1.6873  1.7056  1.7184  1.7247  1.7256  1.7229  1.7180  1.7119  1.7046  1.6958
  1.6857  1.6768  1.6702  1.6624  1.6472  1.5730  1.4790  1.3796  1.2767  1.1717
  1.0662  0.9618  0.8588  0.7572  0.6567  0.5568  0.4574  0.3584  0.2591  0.1596
  0.0630
  1.7389  1.7496  1.7558  1.7574  1.7548  1.7483  1.7386  1.7267  1.7132  1.6985
  1.6827  1.6660  1.6497  1.6356  1.6219  1.5627  1.4728  1.3735  1.2711  1.1670
  1.0622  0.9579  0.8554  0.7546  0.6555  0.5576  0.4606  0.3643  0.2683  0.1721
  0.0753
  1.7967  1.8011  1.7998  1.7953  1.7878  1.7773  1.7637  1.7473  1.7285  1.7081
  1.6867  1.6645  1.6421  1.6203  1.6005  1.5436  1.4635  1.3669  1.2652  1.1619
  1.0578  0.9539  0.8512  0.7504  0.6517  0.5548  0.4594  0.3651  0.2715  0.1784
  0.0849
  1.8460  1.8462  1.8410  1.8322  1.8208  1.8067  1.7900  1.7705  1.7483  1.7237
  1.6975  1.6704  1.6431  1.6162  1.5902  1.5258  1.4509  1.3603  1.2609  1.1587
  1.0558  0.9528  0.8504  0.7494  0.6506  0.5541  0.4594  0.3665  0.2750  0.1843
  0.0927
  1.8723  1.8735  1.8684  1.8591  1.8464  1.8308  1.8125  1.7915  1.7676  1.7410
  1.7121  1.6815  1.6502  1.6190  1.5884  1.5144  1.4380  1.3518  1.2560  1.1556
  1.0539  0.9520  0.8505  0.7498  0.6506  0.5537  0.4591  0.3668  0.2763  0.1872
  0.0992
  1.8728  1.8753  1.8730  1.8664  1.8560  1.8420  1.8248  1.8044  1.7810  1.7545
  1.7253  1.6936  1.6603  1.6262  1.5951  1.5094  1.4248  1.3414  1.2505
 [Fe/H] = -1.50 [alpha/Fe] = 0.40 BC value = F140M
  1.5248  1.6016  1.6775  1.7496  1.8098  1.8558  1.8824  1.8886  1.8814  1.8681
  1.8527  1.8368  1.8201  1.8005  1.7775  1.7021
  1.5009  1.5818  1.6583  1.7282  1.7866  1.8295  1.8536  1.8588  1.8527  1.8403
  1.8243  1.8063  1.7874  1.7665  1.7424  1.6669  1.5738  1.4673  1.3521
  1.4873  1.5630  1.6351  1.7010  1.7571  1.7987  1.8232  1.8302  1.8267  1.8164
  1.8013  1.7828  1.7625  1.7404  1.7153  1.6391  1.5480  1.4457  1.3354  1.2213
  1.1053
  1.4840  1.5452  1.6079  1.6680  1.7212  1.7635  1.7912  1.8028  1.8034  1.7964
  1.7837  1.7663  1.7454  1.7222  1.6962  1.6187  1.5280  1.4281  1.3214  1.2108
  1.0987  0.9860  0.8727
  1.5335  1.5762  1.6066  1.6450  1.6874  1.7268  1.7569  1.7741  1.7797  1.7770
  1.7680  1.7531  1.7334  1.7098  1.6831  1.6041  1.5131  1.4143  1.3097  1.2017
  1.0924  0.9828  0.8731  0.7632  0.6532
  1.5962  1.6273  1.6507  1.6696  1.6870  1.7053  1.7256  1.7442  1.7547  1.7567
  1.7517  1.7405  1.7236  1.7011  1.6743  1.5941  1.5024  1.4037  1.3003  1.1940
  1.0865  0.9792  0.8723  0.7656  0.6591  0.5526
  1.6274  1.6598  1.6815  1.6960  1.7064  1.7143  1.7204  1.7252  1.7288  1.7317
  1.7325  1.7263  1.7132  1.6940  1.6684  1.5876  1.4949  1.3961  1.2931  1.1876
  1.0812  0.9753  0.8703  0.7661  0.6624  0.5591  0.4560  0.3529  0.2504  0.1516
  1.6497  1.6827  1.7044  1.7164  1.7218  1.7235  1.7229  1.7206  1.7162  1.7098
  1.7044  1.7015  1.6960  1.6833  1.6626  1.5837  1.4901  1.3907  1.2878  1.1828
  1.0769  0.9716  0.8677  0.7652  0.6637  0.5630  0.4627  0.3629  0.2632  0.1638
  0.0675
  1.6770  1.7068  1.7268  1.7373  1.7400  1.7372  1.7311  1.7232  1.7137  1.7027
  1.6903  1.6775  1.6670  1.6583  1.6461  1.5811  1.4873  1.3873  1.2842  1.1795
  1.0756  0.9688  0.8652  0.7635  0.6634  0.5647  0.4667  0.3696  0.2730  0.1764
  0.0796
  1.7231  1.7421  1.7571  1.7636  1.7632  1.7571  1.7470  1.7341  1.7194  1.7034
  1.6864  1.6684  1.6501  1.6332  1.6186  1.5699  1.4846  1.3841  1.2807  1.1760
  1.0708  0.9657  0.8619  0.7601  0.6605  0.5627  0.4663  0.3711  0.2768  0.1830
  0.0891
  1.7823  1.7921  1.7985  1.7986  1.7933  1.7833  1.7694  1.7526  1.7335  1.7128
  1.6910  1.6683  1.6453  1.6223  1.6004  1.5486  1.4779  1.3827  1.2796  1.1751
  1.0704  0.9657  0.8620  0.7600  0.6602  0.5627  0.4671  0.3733  0.2809  0.1894
  0.0971
  1.8430  1.8471  1.8463  1.8408  1.8301  1.8154  1.7975  1.7769  1.7541  1.7293
  1.7032  1.6761  1.6486  1.6211  1.5940  1.5300  1.4631  1.3780  1.2784  1.1747
  1.0704  0.9664  0.8631  0.7610  0.6608  0.5630  0.4675  0.3743  0.2829  0.1930
  0.1042
  1.8956  1.8962  1.8915  1.8819  1.8676  1.8495  1.8281  1.8043  1.7782  1.7503
  1.7209  1.6901  1.6587  1.6270  1.5994  1.5141  1.4402  1.3700  1.2771
 [Fe/H] = -1.00 [alpha/Fe] = 0.40 BC value = F140M
  1.6051  1.6899  1.7687  1.8383  1.8969  1.9352  1.9479  1.9380  1.9188  1.8850
  1.8587  1.8346  1.8116  1.7891  1.7647  1.6919
  1.5932  1.6783  1.7563  1.8244  1.8790  1.9149  1.9277  1.9168  1.8927  1.8641
  1.8356  1.8089  1.7842  1.7600  1.7345  1.6601  1.5717  1.4703  1.3585
  1.5738  1.6568  1.7330  1.8000  1.8536  1.8904  1.9060  1.8976  1.8762  1.8486
  1.8193  1.7908  1.7643  1.7385  1.7119  1.6358  1.5471  1.4487  1.3417  1.2290
  1.1132
  1.5469  1.6254  1.6988  1.7651  1.8208  1.8617  1.8828  1.8804  1.8635  1.8385
  1.8098  1.7803  1.7519  1.7246  1.6969  1.6190  1.5297  1.4324  1.3283  1.2193
  1.1074  0.9942  0.8803
  1.5327  1.5986  1.6644  1.7269  1.7824  1.8267  1.8550  1.8612  1.8505  1.8298
  1.8034  1.7743  1.7448  1.7160  1.6872  1.6077  1.5175  1.4203  1.3177  1.2112
  1.1023  0.9922  0.8817  0.7711  0.6602
  1.5778  1.6140  1.6530  1.6977  1.7451  1.7885  1.8213  1.8370  1.8343  1.8194
  1.7970  1.7701  1.7409  1.7112  1.6813  1.6005  1.5093  1.4117  1.3097  1.2047
  1.0977  0.9899  0.8821  0.7744  0.6669  0.5594
  1.6273  1.6610  1.6882  1.7129  1.7369  1.7610  1.7858  1.8055  1.8116  1.8045
  1.7880  1.7651  1.7381  1.7087  1.6783  1.5962  1.5041  1.4059  1.3039  1.1995
  1.0938  0.9875  0.8816  0.7763  0.6715  0.5670  0.4629  0.3591  0.2563  0.1579
  1.6521  1.6874  1.7128  1.7318  1.7471  1.7602  1.7706  1.7772  1.7791  1.7763
  1.7686  1.7540  1.7328  1.7066  1.6770  1.5942  1.5013  1.4023  1.3001  1.1959
  1.0907  0.9853  0.8805  0.7768  0.6741  0.5721  0.4707  0.3699  0.2695  0.1700
  0.0743
  1.6653  1.7028  1.7288  1.7452  1.7551  1.7606  1.7631  1.7624  1.7577  1.7482
  1.7357  1.7238  1.7121  1.6960  1.6732  1.5940  1.5004  1.4007  1.2980  1.1938
  1.0889  0.9838  0.8795  0.7765  0.6752  0.5751  0.4759  0.3776  0.2799  0.1827
  0.0851
  1.6805  1.7178  1.7439  1.7596  1.7665  1.7669  1.7630  1.7559  1.7459  1.7327
  1.7164  1.6982  1.6806  1.6658  1.6517  1.5928  1.5003  1.3997  1.2963  1.1917
  1.0867  0.9817  0.8774  0.7745  0.6735  0.5744  0.4766  0.3802  0.2847  0.1900
  0.0956
  1.7090  1.7403  1.7640  1.7780  1.7829  1.7802  1.7718  1.7596  1.7447  1.7274
  1.7082  1.6870  1.6647  1.6429  1.6233  1.5773  1.5015  1.4013  1.2974  1.1926
  1.0876  0.9827  0.8785  0.7754  0.6744  0.5756  0.4787  0.3836  0.2900  0.1973
  0.1055
  1.7589  1.7807  1.7962  1.8055  1.8069  1.8009  1.7890  1.7727  1.7535  1.7321
  1.7092  1.6850  1.6597  1.6340  1.6088  1.5525  1.4916  1.4030  1.2994  1.1943
  1.0893  0.9846  0.8805  0.7774  0.6761  0.5770  0.4803  0.3858  0.2932  0.2020
  0.1121
  1.8260  1.8366  1.8433  1.8447  1.8407  1.8302  1.8142  1.7941  1.7710  1.7458
  1.7191  1.6914  1.6629  1.6340  1.6082  1.5184  1.4706  1.4048  1.3023
 [Fe/H] = -0.75 [alpha/Fe] = 0.30 BC value = F140M
  1.6464  1.7298  1.8070  1.8737  1.9289  1.9627  1.9703  1.9541  1.9295  1.8920
  1.8627  1.8357  1.8105  1.7858  1.7603  1.6873
  1.6369  1.7205  1.7965  1.8614  1.9122  1.9439  1.9517  1.9352  1.9058  1.8730
  1.8412  1.8119  1.7850  1.7590  1.7324  1.6572  1.5695  1.4708  1.3615
  1.6179  1.6998  1.7742  1.8383  1.8883  1.9212  1.9322  1.9188  1.8922  1.8599
  1.8269  1.7957  1.7670  1.7396  1.7119  1.6347  1.5469  1.4503  1.3451  1.2332
  1.1182
  1.5894  1.6677  1.7401  1.8044  1.8572  1.8947  1.9118  1.9049  1.8828  1.8527
  1.8198  1.7871  1.7565  1.7276  1.6988  1.6198  1.5310  1.4349  1.3322  1.2240
  1.1123  0.9989  0.8845
  1.5677  1.6370  1.7040  1.7661  1.8200  1.8620  1.8871  1.8892  1.8736  1.8475
  1.8163  1.7833  1.7512  1.7206  1.6906  1.6101  1.5202  1.4239  1.3223  1.2165
  1.1077  0.9974  0.8864  0.7751  0.6637
  1.5917  1.6338  1.6813  1.7323  1.7820  1.8251  1.8562  1.8686  1.8613  1.8411
  1.8134  1.7818  1.7492  1.7173  1.6861  1.6041  1.5131  1.4162  1.3149  1.2105
  1.1037  0.9958  0.8876  0.7795  0.6715  0.5635
  1.6456  1.6788  1.7070  1.7339  1.7618  1.7920  1.8211  1.8407  1.8431  1.8307
  1.8085  1.7802  1.7489  1.7165  1.6842  1.6008  1.5089  1.4111  1.3098  1.2059
  1.1005  0.9941  0.8879  0.7820  0.6767  0.5717  0.4670  0.3627  0.2598  0.1613
  1.6736  1.7074  1.7327  1.7527  1.7702  1.7857  1.7985  1.8084  1.8125  1.8085
  1.7956  1.7744  1.7474  1.7167  1.6843  1.5996  1.5068  1.4083  1.3065  1.2028
  1.0980  0.9927  0.8876  0.7834  0.6800  0.5774  0.4754  0.3740  0.2732  0.1735
  0.0779
  1.6881  1.7236  1.7482  1.7646  1.7755  1.7829  1.7875  1.7887  1.7848  1.7753
  1.7627  1.7495  1.7335  1.7117  1.6839  1.6001  1.5066  1.4072  1.3050  1.2012
  1.0966  0.9917  0.8873  0.7839  0.6819  0.5811  0.4813  0.3823  0.2840  0.1865
  0.0898
  1.7011  1.7373  1.7622  1.7771  1.7839  1.7851  1.7825  1.7769  1.7676  1.7542
  1.7368  1.7176  1.6998  1.6844  1.6679  1.6008  1.5071  1.4068  1.3038  1.1996
  1.0949  0.9901  0.8858  0.7825  0.6810  0.5812  0.4827  0.3856  0.2895  0.1942
  0.0995
  1.7231  1.7553  1.7793  1.7929  1.7976  1.7949  1.7869  1.7754  1.7610  1.7439
  1.7240  1.7018  1.6786  1.6565  1.6372  1.5900  1.5096  1.4091  1.3055  1.2010
  1.0962  0.9915  0.8873  0.7840  0.6825  0.5831  0.4855  0.3898  0.2954  0.2021
  0.1098
  1.7652  1.7888  1.8063  1.8167  1.8183  1.8124  1.8004  1.7842  1.7651  1.7439
  1.7209  1.6962  1.6703  1.6441  1.6187  1.5643  1.5033  1.4120  1.3083  1.2033
  1.0984  0.9938  0.8897  0.7864  0.6847  0.5852  0.4878  0.3926  0.2993  0.2075
  0.1169
  1.8285  1.8408  1.8490  1.8517  1.8485  1.8385  1.8226  1.8023  1.7790  1.7537
  1.7271  1.6993  1.6707  1.6416  1.6124  1.5237  1.4882  1.4155  1.3122
 [Fe/H] = -0.50 [alpha/Fe] = 0.20 BC value = F140M
  1.6888  1.7701  1.8454  1.9091  1.9605  1.9897  1.9920  1.9738  1.9400  1.9047
  1.8672  1.8376  1.8099  1.7828  1.7556  1.6811
  1.6819  1.7633  1.8368  1.8983  1.9450  1.9720  1.9744  1.9522  1.9182  1.8820
  1.8473  1.8155  1.7863  1.7583  1.7301  1.6533  1.5664  1.4704  1.3642
  1.6642  1.7442  1.8160  1.8767  1.9226  1.9509  1.9567  1.9382  1.9068  1.8707
  1.8347  1.8010  1.7701  1.7409  1.7117  1.6329  1.5454  1.4509  1.3482  1.2378
  1.1234
  1.6357  1.7128  1.7830  1.8443  1.8933  1.9265  1.9389  1.9273  1.9002  1.8658
  1.8294  1.7941  1.7613  1.7306  1.7004  1.6199  1.5312  1.4367  1.3359  1.2290
  1.1177  1.0042  0.8895
  1.6103  1.6804  1.7467  1.8068  1.8579  1.8964  1.9174  1.9149  1.8944  1.8635
  1.8282  1.7921  1.7577  1.7253  1.6939  1.6119  1.5220  1.4267  1.3267  1.2219
  1.1137  1.0033  0.8921  0.7806  0.6688
  1.6158  1.6654  1.7183  1.7715  1.8206  1.8615  1.8896  1.8980  1.8859  1.8607
  1.8283  1.7928  1.7574  1.7235  1.6908  1.6073  1.5162  1.4201  1.3201  1.2165
  1.1103  1.0024  0.8939  0.7853  0.6768  0.5683
  1.6688  1.7015  1.7306  1.7602  1.7932  1.8272  1.8568  1.8740  1.8720  1.8545
  1.8271  1.7941  1.7591  1.7242  1.6903  1.6051  1.5131  1.4159  1.3155  1.2126
  1.1076  1.0014  0.8949  0.7886  0.6827  0.5770  0.4717  0.3670  0.2639  0.1654
  1.6994  1.7319  1.7571  1.7780  1.7970  1.8140  1.8291  1.8420  1.8469  1.8393
  1.8203  1.7930  1.7608  1.7264  1.6917  1.6048  1.5119  1.4138  1.3129  1.2100
  1.1057  1.0006  0.8955  0.7908  0.6869  0.5836  0.4810  0.3790  0.2776  0.1778
  0.0822
  1.7154  1.7485  1.7718  1.7879  1.7999  1.8089  1.8151  1.8176  1.8148  1.8057
  1.7927  1.7763  1.7544  1.7263  1.6939  1.6061  1.5124  1.4134  1.3118  1.2087
  1.1047  1.0002  0.8958  0.7921  0.6896  0.5882  0.4876  0.3880  0.2892  0.1910
  0.0941
  1.7280  1.7617  1.7847  1.7984  1.8050  1.8070  1.8056  1.8011  1.7924  1.7786
  1.7604  1.7406  1.7224  1.7052  1.6849  1.6081  1.5136  1.4136  1.3111  1.2075
  1.1033  0.9989  0.8948  0.7915  0.6895  0.5890  0.4899  0.3920  0.2952  0.1993
  0.1041
  1.7453  1.7774  1.7998  1.8121  1.8159  1.8129  1.8053  1.7944  1.7806  1.7633
  1.7426  1.7191  1.6950  1.6729  1.6539  1.6027  1.5170  1.4166  1.3134  1.2093
  1.1050  1.0006  0.8967  0.7935  0.6917  0.5917  0.4935  0.3970  0.3019  0.2079
  0.1149
  1.7803  1.8051  1.8227  1.8327  1.8337  1.8273  1.8150  1.7989  1.7799  1.7586
  1.7352  1.7098  1.6830  1.6561  1.6307  1.5778  1.5146  1.4204  1.3168  1.2122
  1.1077  1.0033  0.8994  0.7963  0.6945  0.5945  0.4965  0.4006  0.3066  0.2140
  0.1227
  1.8376  1.8513  1.8605  1.8635  1.8606  1.8502  1.8339  1.8134  1.7898  1.7643
  1.7375  1.7094  1.6804  1.6509  1.6153  1.5334  1.5064  1.4250  1.3213
 [Fe/H] = -0.25 [alpha/Fe] = 0.10 BC value = F140M
  1.7313  1.8107  1.8833  1.9447  1.9916  2.0157  2.0129  1.9884  1.9509  1.9130
  1.8773  1.8447  1.8146  1.7860  1.7524  1.6755
  1.7275  1.8061  1.8763  1.9343  1.9768  1.9987  1.9955  1.9677  1.9302  1.8913
  1.8543  1.8201  1.7887  1.7585  1.7286  1.6492  1.5619  1.4680  1.3656
  1.7122  1.7891  1.8574  1.9141  1.9558  1.9791  1.9791  1.9555  1.9200  1.8811
  1.8428  1.8069  1.7739  1.7426  1.7118  1.6304  1.5426  1.4498  1.3502  1.2422
  1.1284
  1.6854  1.7597  1.8266  1.8841  1.9286  1.9568  1.9637  1.9469  1.9154  1.8776
  1.8386  1.8012  1.7664  1.7338  1.7020  1.6191  1.5301  1.4369  1.3387  1.2338
  1.1235  1.0101  0.8952
  1.6594  1.7280  1.7918  1.8486  1.8956  1.9295  1.9453  1.9377  1.9123  1.8774
  1.8389  1.8004  1.7640  1.7299  1.6970  1.6128  1.5224  1.4283  1.3303  1.2273
  1.1199  1.0098  0.8984  0.7863  0.6739
  1.6540  1.7077  1.7619  1.8138  1.8602  1.8974  1.9211  1.9243  1.9073  1.8774
  1.8411  1.8027  1.7651  1.7294  1.6953  1.6096  1.5181  1.4228  1.3244  1.2225
  1.1171  1.0095  0.9008  0.7918  0.6828  0.5739
  1.7000  1.7316  1.7618  1.7949  1.8306  1.8646  1.8915  1.9045  1.8976  1.8750
  1.8428  1.8061  1.7683  1.7314  1.6960  1.6087  1.5162  1.4196  1.3206  1.2190
  1.1150  1.0092  0.9026  0.7959  0.6895  0.5834  0.4776  0.3721  0.2688  0.1702
  1.7319  1.7630  1.7878  1.8089  1.8280  1.8455  1.8624  1.8765  1.8789  1.8661
  1.8412  1.8086  1.7723  1.7352  1.6987  1.6094  1.5160  1.4184  1.3186  1.2169
  1.1135  1.0089  0.9039  0.7989  0.6945  0.5907  0.4876  0.3849  0.2828  0.1828
  0.0872
  1.7484  1.7791  1.8010  1.8168  1.8290  1.8387  1.8454  1.8485  1.8463  1.8375
  1.8227  1.8010  1.7724  1.7387  1.7027  1.6117  1.5174  1.4188  1.3180  1.2160
  1.1129  1.0090  0.9049  0.8011  0.6982  0.5961  0.4949  0.3947  0.2952  0.1963
  0.0992
  1.7612  1.7920  1.8125  1.8245  1.8306  1.8328  1.8320  1.8279  1.8192  1.8048
  1.7861  1.7663  1.7472  1.7264  1.7005  1.6147  1.5194  1.4197  1.3178  1.2151
  1.1118  1.0080  0.9043  0.8011  0.6989  0.5980  0.4981  0.3995  0.3020  0.2054
  0.1095
  1.7763  1.8067  1.8261  1.8363  1.8385  1.8348  1.8271  1.8165  1.8026  1.7847
  1.7628  1.7383  1.7140  1.6922  1.6730  1.6144  1.5236  1.4233  1.3206  1.2172
  1.1137  1.0099  0.9065  0.8036  0.7018  0.6015  0.5027  0.4054  0.3095  0.2148
  0.1211
  1.8061  1.8302  1.8467  1.8545  1.8538  1.8460  1.8330  1.8164  1.7972  1.7756
  1.7515  1.7249  1.6971  1.6698  1.6448  1.5924  1.5249  1.4279  1.3246  1.2206
  1.1167  1.0129  0.9095  0.8068  0.7052  0.6050  0.5065  0.4099  0.3151  0.2217
  0.1297
  1.8571  1.8711  1.8798  1.8821  1.8777  1.8660  1.8487  1.8273  1.8032  1.7772
  1.7499  1.7213  1.6915  1.6614  1.6159  1.5487  1.5233  1.4335  1.3298
 [Fe/H] =  0.00 [alpha/Fe] = 0.00 BC value = F140M
  1.7592  1.8367  1.9099  1.9681  2.0075  2.0268  2.0251  2.0020  1.9618  1.9220
  1.8842  1.8492  1.8175  1.7862  1.7555  1.6769
  1.7735  1.8482  1.9145  1.9687  2.0066  2.0231  2.0141  1.9814  1.9415  1.9009
  1.8622  1.8260  1.7922  1.7601  1.7281  1.6454  1.5569  1.4636  1.3648
  1.7615  1.8338  1.8975  1.9496  1.9867  2.0047  1.9984  1.9700  1.9317  1.8910
  1.8511  1.8136  1.7786  1.7453  1.7126  1.6280  1.5389  1.4469  1.3502  1.2458
  1.1332
  1.7385  1.8081  1.8701  1.9225  1.9618  1.9845  1.9851  1.9631  1.9280  1.8879
  1.8473  1.8083  1.7719  1.7375  1.7040  1.6181  1.5279  1.4354  1.3397  1.2377
  1.1292  1.0164  0.9016
  1.7152  1.7797  1.8388  1.8906  1.9323  1.9604  1.9698  1.9565  1.9267  1.8886
  1.8480  1.8080  1.7701  1.7344  1.7000  1.6129  1.5215  1.4280  1.3323  1.2318
  1.1261  1.0166  0.9053  0.7930  0.6798
  1.7180  1.7593  1.8108  1.8587  1.9003  1.9320  1.9496  1.9467  1.9245  1.8905
  1.8513  1.8110  1.7719  1.7348  1.6992  1.6109  1.5184  1.4237  1.3273  1.2276
  1.1237  1.0168  0.9083  0.7990  0.6898  0.5803
  1.7436  1.7730  1.8039  1.8379  1.8721  1.9025  1.9245  1.9314  1.9187  1.8911
  1.8551  1.8157  1.7761  1.7377  1.7010  1.6111  1.5177  1.4216  1.3243  1.2247
  1.1221  1.0170  0.9107  0.8038  0.6971  0.5907  0.4842  0.3780  0.2746  0.1760
  1.7754  1.8045  1.8276  1.8469  1.8642  1.8812  1.8977  1.9089  1.9061  1.8874
  1.8572  1.8205  1.7815  1.7425  1.7047  1.6129  1.5186  1.4213  1.3229  1.2231
  1.1211  1.0173  0.9126  0.8076  0.7029  0.5987  0.4949  0.3916  0.2890  0.1888
  0.0931
  1.7911  1.8187  1.8383  1.8527  1.8640  1.8724  1.8778  1.8801  1.8775  1.8672
  1.8481  1.8202  1.7858  1.7482  1.7099  1.6162  1.5210  1.4226  1.3229  1.2225
  1.1208  1.0177  0.9142  0.8105  0.7074  0.6050  0.5033  0.4023  0.3021  0.2027
  0.1053
  1.8039  1.8307  1.8477  1.8572  1.8618  1.8630  1.8613  1.8562  1.8463  1.8310
  1.8122  1.7923  1.7707  1.7447  1.7129  1.6203  1.5240  1.4243  1.3232  1.2219
  1.1198  1.0170  0.9140  0.8111  0.7090  0.6077  0.5074  0.4081  0.3099  0.2126
  0.1161
  1.8186  1.8448  1.8603  1.8669  1.8666  1.8611  1.8523  1.8407  1.8257  1.8064
  1.7832  1.7582  1.7343  1.7129  1.6925  1.6240  1.5290  1.4287  1.3265  1.2242
  1.1218  1.0191  0.9164  0.8141  0.7125  0.6121  0.5129  0.4150  0.3184  0.2229
  0.1284
  1.8455  1.8665  1.8797  1.8835  1.8795  1.8693  1.8545  1.8366  1.8164  1.7936
  1.7681  1.7403  1.7119  1.6848  1.6606  1.6074  1.5332  1.4341  1.3312  1.2280
  1.1250  1.0222  0.9196  0.8175  0.7163  0.6163  0.5176  0.4205  0.3249  0.2308
  0.1379
  1.8918  1.9038  1.9097  1.9090  1.9013  1.8867  1.8671  1.8440  1.8186  1.7916
  1.7633  1.7336  1.7031  1.6725  1.6172  1.5705  1.5366  1.4405  1.3373
 [Fe/H] =  0.25 [alpha/Fe] = 0.00 BC value = F140M
  1.8088  1.8893  1.9615  2.0086  2.0302  2.0389  2.0397  2.0321  1.9875  1.9437
  1.9016  1.8620  1.8252  1.7916  1.7579  1.6739
  1.8117  1.8893  1.9571  2.0076  2.0385  2.0497  2.0410  2.0126  1.9686  1.9242
  1.8814  1.8409  1.8031  1.7672  1.7326  1.6456  1.5551  1.4606  1.3629
  1.8012  1.8764  1.9416  1.9941  2.0308  2.0460  2.0359  2.0023  1.9599  1.9155
  1.8718  1.8301  1.7911  1.7543  1.7187  1.6300  1.5386  1.4454  1.3498  1.2481
  1.1384
  1.7773  1.8506  1.9150  1.9682  2.0070  2.0276  2.0243  1.9971  1.9574  1.9135
  1.8692  1.8263  1.7859  1.7478  1.7114  1.6214  1.5291  1.4355  1.3405  1.2409
  1.1350  1.0240  0.9094
  1.7495  1.8195  1.8824  1.9362  1.9782  2.0048  2.0108  1.9928  1.9578  1.9155
  1.8711  1.8273  1.7854  1.7460  1.7085  1.6173  1.5240  1.4295  1.3342  1.2358
  1.1320  1.0238  0.9130  0.8007  0.6878
  1.7278  1.7907  1.8492  1.9015  1.9453  1.9769  1.9922  1.9854  1.9580  1.9191
  1.8758  1.8316  1.7886  1.7477  1.7089  1.6160  1.5219  1.4263  1.3303  1.2322
  1.1302  1.0244  0.9165  0.8073  0.6977  0.5879
  1.7348  1.7798  1.8259  1.8709  1.9118  1.9453  1.9674  1.9720  1.9550  1.9222
  1.8814  1.8377  1.7941  1.7520  1.7119  1.6169  1.5219  1.4252  1.3282  1.2300
  1.1290  1.0251  0.9194  0.8127  0.7058  0.5990  0.4921  0.3854  0.2821  0.1833
  1.7769  1.8071  1.8347  1.8611  1.8895  1.9167  1.9392  1.9515  1.9460  1.9220
  1.8861  1.8444  1.8011  1.7583  1.7170  1.6196  1.5235  1.4258  1.3276  1.2290
  1.1284  1.0257  0.9217  0.8171  0.7124  0.6080  0.5038  0.4000  0.2967  0.1964
  0.1006
  1.7957  1.8258  1.8493  1.8688  1.8856  1.9000  1.9129  1.9237  1.9264  1.9139
  1.8867  1.8498  1.8083  1.7657  1.7237  1.6237  1.5265  1.4276  1.3282  1.2288
  1.1284  1.0265  0.9237  0.8206  0.7177  0.6152  0.5131  0.4116  0.3108  0.2106
  0.1132
  1.8077  1.8361  1.8557  1.8693  1.8795  1.8869  1.8916  1.8934  1.8906  1.8816
  1.8649  1.8405  1.8087  1.7711  1.7304  1.6288  1.5300  1.4300  1.3291  1.2285
  1.1277  1.0260  0.9238  0.8217  0.7200  0.6188  0.5183  0.4186  0.3196  0.2216
  0.1243
  1.8186  1.8466  1.8644  1.8740  1.8777  1.8777  1.8749  1.8694  1.8599  1.8450
  1.8254  1.8024  1.7784  1.7532  1.7252  1.6355  1.5357  1.4348  1.3327  1.2310
  1.1297  1.0281  0.9264  0.8249  0.7241  0.6240  0.5247  0.4265  0.3292  0.2329
  0.1377
  1.8352  1.8617  1.8783  1.8855  1.8851  1.8791  1.8692  1.8566  1.8412  1.8224
  1.7992  1.7724  1.7444  1.7173  1.6924  1.6294  1.5420  1.4407  1.3378  1.2349
  1.1329  1.0311  0.9295  0.8284  0.7281  0.6287  0.5302  0.4329  0.3369  0.2420
  0.1483
  1.8663  1.8873  1.9000  1.9050  1.9012  1.8909  1.8754  1.8566  1.8352  1.8116
  1.7856  1.7570  1.7265  1.6956  1.6320  1.6105  1.5489  1.4477  1.3444
 [Fe/H] =  0.50 [alpha/Fe] = 0.00 BC value = F140M
  1.8381  2.0317  2.1465  2.1930  2.1894  2.1564  2.1094  2.0644  2.0155  1.9678
  1.9216  1.8777  1.8365  1.7979  1.7625  1.6742
  1.8449  1.9624  2.0450  2.0961  2.1188  2.1159  2.0898  2.0458  1.9980  1.9502
  1.9035  1.8590  1.8170  1.7774  1.7394  1.6472  1.5537  1.4577  1.3601
  1.8364  1.9154  1.9816  2.0353  2.0723  2.0869  2.0744  2.0363  1.9904  1.9427
  1.8955  1.8500  1.8070  1.7664  1.7276  1.6336  1.5392  1.4442  1.3472  1.2464
  1.1404
  1.8126  1.8905  1.9564  2.0106  2.0497  2.0693  2.0632  2.0321  1.9887  1.9416
  1.8940  1.8475  1.8032  1.7614  1.7217  1.6264  1.5312  1.4359  1.3406  1.2428
  1.1389  1.0296  0.9162
  1.7823  1.8573  1.9238  1.9796  2.0222  2.0479  2.0514  2.0294  1.9902  1.9445
  1.8969  1.8496  1.8041  1.7608  1.7199  1.6232  1.5273  1.4311  1.3356  1.2386
  1.1370  1.0305  0.9206  0.8087  0.6957
  1.7534  1.8238  1.8879  1.9439  1.9894  2.0210  2.0344  2.0240  1.9922  1.9493
  1.9025  1.8549  1.8084  1.7638  1.7215  1.6227  1.5260  1.4290  1.3327  1.2359
  1.1357  1.0315  0.9244  0.8157  0.7062  0.5962
  1.7395  1.7990  1.8558  1.9081  1.9534  1.9889  2.0106  2.0126  1.9915  1.9541
  1.9093  1.8622  1.8151  1.7694  1.7257  1.6243  1.5267  1.4289  1.3315  1.2344
  1.1350  1.0325  0.9277  0.8215  0.7148  0.6080  0.5008  0.3942  0.2906  0.1917
  1.7637  1.8083  1.8432  1.8835  1.9220  1.9557  1.9811  1.9930  1.9847  1.9563
  1.9158  1.8702  1.8233  1.7769  1.7321  1.6278  1.5290  1.4302  1.3317  1.2339
  1.1349  1.0335  0.9305  0.8264  0.7220  0.6177  0.5133  0.4092  0.3054  0.2052
  0.1092
  1.7971  1.8306  1.8585  1.8830  1.9066  1.9305  1.9520  1.9672  1.9695  1.9529
  1.9198  1.8777  1.8320  1.7857  1.7401  1.6330  1.5325  1.4327  1.3331  1.2343
  1.1353  1.0347  0.9328  0.8304  0.7279  0.6256  0.5235  0.4218  0.3205  0.2198
  0.1223
  1.8099  1.8407  1.8640  1.8830  1.8993  1.9132  1.9245  1.9340  1.9395  1.9346
  1.9142  1.8804  1.8388  1.7939  1.7485  1.6391  1.5365  1.4355  1.3345  1.2344
  1.1348  1.0344  0.9332  0.8318  0.7307  0.6300  0.5296  0.4298  0.3305  0.2318
  0.1339
  1.8192  1.8491  1.8692  1.8823  1.8911  1.8973  1.9011  1.9021  1.8995  1.8924
  1.8785  1.8569  1.8284  1.7939  1.7546  1.6475  1.5429  1.4407  1.3385  1.2372
  1.1369  1.0365  0.9359  0.8353  0.7352  0.6358  0.5369  0.4387  0.3411  0.2443
  0.1484
  1.8302  1.8605  1.8792  1.8891  1.8923  1.8910  1.8869  1.8804  1.8710  1.8576
  1.8393  1.8158  1.7895  1.7620  1.7334  1.6510  1.5504  1.4470  1.3437  1.2412
  1.1399  1.0393  0.9389  0.8388  0.7394  0.6408  0.5430  0.4460  0.3498  0.2544
  0.1601
  1.8505  1.8779  1.8957  1.9034  1.9032  1.8967  1.8858  1.8720  1.8558  1.8370
  1.8149  1.7888  1.7595  1.7292  1.6849  1.6496  1.5590  1.4544  1.3501
 [Fe/H] =  0.75 [alpha/Fe] = 0.00 BC value = F140M
  1.8632  2.0210  2.1214  2.1606  2.1572  2.1350  2.1133  2.0973  2.0447  1.9931
  1.9431  1.8952  1.8497  1.8066  1.7664  1.6671
  1.8726  1.9818  2.0598  2.1099  2.1347  2.1367  2.1180  2.0805  2.0293  1.9780
  1.9278  1.8794  1.8335  1.7899  1.7483  1.6499  1.5525  1.4548  1.3566
  1.8659  1.9483  2.0171  2.0728  2.1121  2.1280  2.1142  2.0720  2.0228  1.9721
  1.9216  1.8724  1.8256  1.7811  1.7389  1.6385  1.5407  1.4433  1.3465  1.2482
  1.1441
  1.8431  1.9207  1.9933  2.0494  2.0894  2.1091  2.1019  2.0682  2.0220  1.9720
  1.9214  1.8714  1.8234  1.7779  1.7346  1.6329  1.5342  1.4366  1.3402  1.2433
  1.1419  1.0347  0.9227
  1.8111  1.8913  1.9614  2.0195  2.0631  2.0888  2.0907  2.0662  2.0241  1.9756
  1.9252  1.8747  1.8256  1.7787  1.7342  1.6308  1.5315  1.4332  1.3365  1.2401
  1.1403  1.0361  0.9277  0.8165  0.7037
  1.7777  1.8550  1.9242  1.9837  2.0313  2.0633  2.0755  2.0624  2.0271  1.9811
  1.9315  1.8809  1.8311  1.7829  1.7370  1.6312  1.5311  1.4321  1.3347  1.2384
  1.1400  1.0376  0.9318  0.8239  0.7148  0.6048
  1.7518  1.8221  1.8871  1.9452  1.9943  2.0315  2.0530  2.0527  2.0282  1.9870
  1.9392  1.8890  1.8388  1.7897  1.7425  1.6337  1.5324  1.4328  1.3345  1.2377
  1.1399  1.0390  0.9354  0.8300  0.7238  0.6171  0.5100  0.4033  0.3004  0.2013
  1.7544  1.8079  1.8604  1.9113  1.9575  1.9958  2.0231  2.0344  2.0233  1.9910
  1.9468  1.8980  1.8480  1.7984  1.7502  1.6382  1.5352  1.4348  1.3355  1.2379
  1.1402  1.0405  0.9386  0.8352  0.7314  0.6274  0.5233  0.4190  0.3153  0.2154
  0.1191
  1.7922  1.8270  1.8619  1.8968  1.9314  1.9642  1.9909  2.0082  2.0094  1.9897
  1.9527  1.9068  1.8578  1.8083  1.7594  1.6445  1.5394  1.4379  1.3375  1.2389
  1.1410  1.0419  0.9413  0.8396  0.7377  0.6359  0.5341  0.4326  0.3310  0.2301
  0.1328
  1.8085  1.8430  1.8716  1.8964  1.9191  1.9402  1.9606  1.9777  1.9861  1.9790
  1.9527  1.9128  1.8664  1.8178  1.7689  1.6518  1.5441  1.4411  1.3395  1.2395
  1.1408  1.0418  0.9419  0.8414  0.7409  0.6408  0.5409  0.4413  0.3421  0.2431
  0.1448
  1.8176  1.8499  1.8733  1.8913  1.9064  1.9194  1.9301  1.9383  1.9441  1.9451
  1.9345  1.9083  1.8702  1.8258  1.7788  1.6614  1.5513  1.4467  1.3438  1.2426
  1.1430  1.0440  0.9446  0.8450  0.7457  0.6470  0.5487  0.4510  0.3536  0.2566
  0.1602
  1.8264  1.8586  1.8799  1.8930  1.9006  1.9051  1.9074  1.9075  1.9048  1.8985
  1.8876  1.8697  1.8445  1.8126  1.7757  1.6699  1.5597  1.4534  1.3493  1.2467
  1.1460  1.0465  0.9474  0.8484  0.7500  0.6523  0.5552  0.4589  0.3631  0.2678
  0.1730
  1.8396  1.8715  1.8924  1.9031  1.9062  1.9038  1.8980  1.8900  1.8798  1.8668
  1.8502  1.8288  1.8032  1.7745  1.7596  1.6773  1.5693  1.4612  1.3560
 [Fe/H] =  1.00 [alpha/Fe] = 0.00 BC value = F140M
  1.8815  1.9968  2.0671  2.1250  2.1575  2.1613  2.1445  2.1260  2.0732  2.0182
  1.9645  1.9127  1.8633  1.8164  1.7717  1.6667
  1.8935  2.0095  2.0924  2.1457  2.1722  2.1745  2.1548  2.1152  2.0610  2.0065
  1.9530  1.9009  1.8511  1.8037  1.7585  1.6530  1.5519  1.4520  1.3523
  1.8888  1.9983  2.0784  2.1320  2.1616  2.1696  2.1540  2.1084  2.0564  2.0027
  1.9491  1.8965  1.8460  1.7978  1.7519  1.6444  1.5426  1.4427  1.3442  1.2462
  1.1445
  1.8674  1.9634  2.0251  2.0838  2.1257  2.1467  2.1421  2.1056  2.0566  2.0040
  1.9504  1.8974  1.8459  1.7966  1.7498  1.6409  1.5379  1.4376  1.3395  1.2426
  1.1432  1.0385  0.9284
  1.8349  1.9203  1.9943  2.0551  2.1005  2.1271  2.1291  2.1036  2.0594  2.0084
  1.9553  1.9019  1.8496  1.7991  1.7511  1.6402  1.5365  1.4356  1.3372  1.2407
  1.1427  1.0403  0.9338  0.8238  0.7117
  1.7981  1.8821  1.9566  2.0198  2.0696  2.1027  2.1149  2.1003  2.0629  2.0146
  1.9625  1.9092  1.8562  1.8047  1.7553  1.6417  1.5371  1.4356  1.3365  1.2398
  1.1428  1.0423  0.9383  0.8315  0.7231  0.6134
  1.7644  1.8438  1.9161  1.9797  2.0325  2.0716  2.0935  2.0920  2.0650  2.0213
  1.9709  1.9181  1.8650  1.8127  1.7621  1.6454  1.5392  1.4370  1.3372  1.2400
  1.1433  1.0442  0.9421  0.8379  0.7326  0.6263  0.5193  0.4136  0.3114  0.2122
  1.7477  1.8162  1.8804  1.9401  1.9926  2.0350  2.0641  2.0750  2.0618  2.0265
  1.9794  1.9279  1.8752  1.8226  1.7711  1.6511  1.5427  1.4397  1.3390  1.2409
  1.1442  1.0461  0.9456  0.8434  0.7405  0.6370  0.5331  0.4290  0.3261  0.2267
  0.1304
  1.7749  1.8186  1.8648  1.9125  1.9580  1.9978  2.0293  2.0486  2.0490  2.0268
  1.9864  1.9376  1.8859  1.8335  1.7816  1.6587  1.5477  1.4434  1.3417  1.2426
  1.1454  1.0478  0.9487  0.8481  0.7469  0.6456  0.5445  0.4433  0.3419  0.2415
  0.1446
  1.8010  1.8405  1.8746  1.9059  1.9371  1.9691  1.9974  2.0178  2.0268  2.0176
  1.9883  1.9449  1.8955  1.8439  1.7920  1.6672  1.5533  1.4472  1.3443  1.2438
  1.1456  1.0480  0.9495  0.8501  0.7504  0.6509  0.5516  0.4527  0.3539  0.2550
  0.1568
  1.8115  1.8473  1.8756  1.8998  1.9220  1.9423  1.9608  1.9782  1.9919  1.9952
  1.9806  1.9473  1.9029  1.8539  1.8033  1.6780  1.5614  1.4531  1.3490  1.2473
  1.1480  1.0501  0.9523  0.8539  0.7554  0.6574  0.5599  0.4629  0.3662  0.2696
  0.1730
  1.8193  1.8543  1.8788  1.8962  1.9095  1.9208  1.9303  1.9376  1.9425  1.9448
  1.9419  1.9270  1.8968  1.8558  1.8095  1.6885  1.5708  1.4603  1.3546  1.2516
  1.1511  1.0525  0.9548  0.8571  0.7597  0.6628  0.5666  0.4711  0.3761  0.2814
  0.1869
  1.8286  1.8644  1.8879  1.9019  1.9089  1.9116  1.9119  1.9104  1.9068  1.9004
  1.8909  1.8769  1.8565  1.8284  1.8106  1.6987  1.5815  1.4688  1.3611
