 [Fe/H] = -2.50 [alpha/Fe] = 0.00 BC value = F410M
 -3.8544 -3.9331 -4.0010 -4.0623 -4.1113 -4.1518 -4.1751 -4.2195 -4.2729 -4.3363
 -4.4093 -4.4761 -4.5633 -4.6434 -4.7205 -4.9089 -5.0976 -5.2678 -5.4353
 -3.8116 -3.8929 -3.9723 -4.0499 -4.1224 -4.1839 -4.2376 -4.2883 -4.3394 -4.3939
 -4.4554 -4.5244 -4.5982 -4.6739 -4.7501 -4.9390 -5.1222 -5.2972 -5.4641 -5.6231
 -3.8335 -3.9101 -3.9865 -4.0614 -4.1336 -4.2037 -4.2710 -4.3308 -4.3855 -4.4395
 -4.4952 -4.5563 -4.6245 -4.6973 -4.7716 -4.9575 -5.1391 -5.3139 -5.4807 -5.6395
 -5.7908
 -3.8673 -3.9370 -4.0083 -4.0802 -4.1513 -4.2204 -4.2869 -4.3521 -4.4157 -4.4754
 -4.5333 -4.5905 -4.6515 -4.7186 -4.7897 -4.9715 -5.1513 -5.3259 -5.4929 -5.6516
 -5.8026 -5.9469
 -3.9161 -3.9765 -4.0400 -4.1062 -4.1739 -4.2416 -4.3079 -4.3723 -4.4356 -4.4986
 -4.5608 -4.6215 -4.6810 -4.7429 -4.8084 -4.9830 -5.1596 -5.3337 -5.5014 -5.6605
 -5.8115 -5.9555 -6.0933 -6.2257
 -3.9806 -4.0311 -4.0847 -4.1424 -4.2038 -4.2675 -4.3319 -4.3956 -4.4583 -4.5202
 -4.5820 -4.6441 -4.7051 -4.7665 -4.8296 -4.9946 -5.1659 -5.3377 -5.5062 -5.6665
 -5.8179 -5.9620 -6.0995 -6.2315 -6.3585 -6.4810 -6.5997 -6.7151 -6.8274 -6.9371
 -4.0560 -4.1004 -4.1442 -4.1918 -4.2444 -4.3014 -4.3612 -4.4222 -4.4834 -4.5442
 -4.6047 -4.6653 -4.7258 -4.7864 -4.8482 -5.0075 -5.1722 -5.3394 -5.5070 -5.6691
 -5.8220 -5.9666 -6.1043 -6.2361 -6.3625 -6.4843 -6.6020 -6.7161 -6.8271 -6.9353
 -7.0413
 -4.1411 -4.1804 -4.2178 -4.2562 -4.2986 -4.3466 -4.3992 -4.4549 -4.5127 -4.5711
 -4.6299 -4.6888 -4.7478 -4.8065 -4.8662 -5.0199 -5.1793 -5.3411 -5.5052 -5.6679
 -5.8232 -5.9694 -6.1077 -6.2397 -6.3660 -6.4874 -6.6044 -6.7176 -6.8274 -6.9343
 -7.0386
 -4.2310 -4.2674 -4.3020 -4.3349 -4.3684 -4.4065 -4.4500 -4.4983 -4.5501 -4.6043
 -4.6599 -4.7164 -4.7733 -4.8303 -4.8877 -5.0347 -5.1881 -5.3457 -5.5053 -5.6660
 -5.8230 -5.9720 -6.1122 -6.2450 -6.3717 -6.4932 -6.6100 -6.7229 -6.8321 -6.9380
 -7.0408
 -4.3256 -4.3614 -4.3900 -4.4213 -4.4504 -4.4801 -4.5140 -4.5531 -4.5969 -4.6445
 -4.6948 -4.7473 -4.8010 -4.8555 -4.9105 -5.0508 -5.1967 -5.3487 -5.5038 -5.6605
 -5.8164 -5.9674 -6.1104 -6.2451 -6.3728 -6.4948 -6.6117 -6.7242 -6.8351 -6.9403
 -7.0420
 -4.4250 -4.4624 -4.4818 -4.5096 -4.5399 -4.5666 -4.5930 -4.6229 -4.6575 -4.6965
 -4.7394 -4.7856 -4.8344 -4.8850 -4.9368 -5.0705 -5.2086 -5.3537 -5.5039 -5.6564
 -5.8091 -5.9597 -6.1047 -6.2423 -6.3721 -6.4953 -6.6130 -6.7258 -6.8343 -6.9391
 -7.0406
 -4.5293 -4.5704 -4.5774 -4.5986 -4.6310 -4.6590 -4.6832 -4.7070 -4.7333 -4.7632
 -4.7971 -4.8350 -4.8765 -4.9212 -4.9666 -5.0938 -5.2238 -5.3607 -5.5056
 [Fe/H] = -2.00 [alpha/Fe] = 0.00 BC value = F410M
 -3.8301 -3.9001 -3.9621 -4.0200 -4.0733 -4.1247 -4.1722 -4.2289 -4.2895 -4.3545
 -4.4243 -4.4939 -4.5719 -4.6485 -4.7243 -4.9112 -5.0963 -5.2699 -5.4377
 -3.8127 -3.8995 -3.9818 -4.0532 -4.1160 -4.1731 -4.2268 -4.2798 -4.3350 -4.3942
 -4.4588 -4.5294 -4.6036 -4.6790 -4.7544 -4.9404 -5.1214 -5.2956 -5.4620 -5.6208
 -3.8113 -3.8964 -3.9787 -4.0571 -4.1329 -4.2018 -4.2620 -4.3181 -4.3732 -4.4290
 -4.4885 -4.5539 -4.6254 -4.7001 -4.7751 -4.9602 -5.1396 -5.3126 -5.4786 -5.6371
 -5.7884
 -3.8198 -3.9012 -3.9818 -4.0602 -4.1349 -4.2056 -4.2745 -4.3402 -4.4002 -4.4581
 -4.5163 -4.5771 -4.6435 -4.7157 -4.7897 -4.9742 -5.1527 -5.3250 -5.4906 -5.6490
 -5.8000 -5.9443
 -3.8411 -3.9161 -3.9922 -4.0681 -4.1426 -4.2145 -4.2828 -4.3483 -4.4139 -4.4784
 -4.5402 -4.6006 -4.6627 -4.7298 -4.8014 -4.9838 -5.1616 -5.3333 -5.4991 -5.6576
 -5.8085 -5.9526 -6.0904 -6.2230
 -3.8788 -3.9448 -4.0136 -4.0841 -4.1554 -4.2263 -4.2954 -4.3620 -4.4265 -4.4906
 -4.5556 -4.6202 -4.6829 -4.7467 -4.8135 -4.9907 -5.1671 -5.3381 -5.5041 -5.6633
 -5.8147 -5.9588 -6.0964 -6.2285 -6.3556 -6.4784 -6.5975 -6.7132 -6.8256 -6.9350
 -3.9342 -3.9900 -4.0491 -4.1116 -4.1767 -4.2436 -4.3110 -4.3777 -4.4429 -4.5065
 -4.5697 -4.6339 -4.6983 -4.7626 -4.8280 -4.9971 -5.1705 -5.3401 -5.5057 -5.6660
 -5.8185 -5.9632 -6.1010 -6.2329 -6.3595 -6.4816 -6.5997 -6.7141 -6.8252 -6.9334
 -7.0395
 -4.0039 -4.0517 -4.1008 -4.1533 -4.2100 -4.2703 -4.3330 -4.3970 -4.4612 -4.5247
 -4.5872 -4.6495 -4.7122 -4.7758 -4.8404 -5.0054 -5.1735 -5.3405 -5.5046 -5.6653
 -5.8197 -5.9658 -6.1042 -6.2362 -6.3627 -6.4843 -6.6018 -6.7154 -6.8254 -6.9324
 -7.0368
 -4.0824 -4.1262 -4.1678 -4.2109 -4.2581 -4.3099 -4.3657 -4.4245 -4.4853 -4.5469
 -4.6085 -4.6697 -4.7307 -4.7921 -4.8545 -5.0153 -5.1792 -5.3429 -5.5045 -5.6642
 -5.8199 -5.9684 -6.1084 -6.2413 -6.3682 -6.4898 -6.6069 -6.7200 -6.8295 -6.9356
 -7.0389
 -4.1618 -4.2057 -4.2447 -4.2813 -4.3196 -4.3623 -4.4096 -4.4610 -4.5160 -4.5734
 -4.6322 -4.6916 -4.7509 -4.8104 -4.8702 -5.0246 -5.1835 -5.3434 -5.5019 -5.6588
 -5.8139 -5.9641 -6.1066 -6.2413 -6.3691 -6.4911 -6.6083 -6.7211 -6.8300 -6.9355
 -7.0400
 -4.2380 -4.2851 -4.3260 -4.3612 -4.3941 -4.4286 -4.4674 -4.5105 -4.5579 -4.6089
 -4.6627 -4.7185 -4.7753 -4.8326 -4.8902 -5.0375 -5.1899 -5.3452 -5.5004 -5.6542
 -5.8068 -5.9568 -6.1013 -6.2385 -6.3683 -6.4915 -6.6094 -6.7225 -6.8313 -6.9364
 -7.0381
 -4.3083 -4.3611 -4.4060 -4.4441 -4.4770 -4.5071 -4.5388 -4.5739 -4.6132 -4.6564
 -4.7033 -4.7534 -4.8024 -4.8567 -4.9145 -5.0540 -5.1984 -5.3483 -5.5000
 [Fe/H] = -1.50 [alpha/Fe] = 0.00 BC value = F410M
 -3.7982 -3.8629 -3.9226 -3.9803 -4.0389 -4.0998 -4.1640 -4.2314 -4.2997 -4.3685
 -4.4380 -4.5087 -4.5807 -4.6540 -4.7278 -4.9117 -5.0932 -5.2681 -5.4361
 -3.8223 -3.8986 -3.9671 -4.0298 -4.0894 -4.1486 -4.2094 -4.2719 -4.3355 -4.4003
 -4.4671 -4.5369 -4.6097 -4.6838 -4.7580 -4.9413 -5.1198 -5.2929 -5.4589 -5.6175
 -3.8110 -3.8981 -3.9815 -4.0563 -4.1231 -4.1850 -4.2449 -4.3047 -4.3652 -4.4265
 -4.4899 -4.5572 -4.6290 -4.7033 -4.7780 -4.9617 -5.1394 -5.3107 -5.4755 -5.6336
 -5.7847
 -3.8019 -3.8887 -3.9720 -4.0520 -4.1292 -4.2025 -4.2684 -4.3296 -4.3896 -4.4496
 -4.5107 -4.5745 -4.6432 -4.7165 -4.7912 -4.9755 -5.1530 -5.3235 -5.4876 -5.6452
 -5.7960 -5.9403
 -3.8010 -3.8857 -3.9693 -4.0504 -4.1274 -4.2009 -4.2720 -4.3407 -4.4065 -4.4683
 -4.5292 -4.5914 -4.6564 -4.7266 -4.8002 -4.9844 -5.1621 -5.3324 -5.4960 -5.6534
 -5.8041 -5.9482 -6.0862 -6.2189
 -3.8108 -3.8910 -3.9716 -4.0514 -4.1293 -4.2043 -4.2757 -4.3437 -4.4106 -4.4781
 -4.5440 -4.6074 -4.6708 -4.7368 -4.8074 -4.9900 -5.1677 -5.3379 -5.5015 -5.6589
 -5.8098 -5.9540 -6.0918 -6.2241 -6.3514 -6.4747 -6.5943 -6.7103 -6.8229 -6.9324
 -3.8357 -3.9085 -3.9832 -4.0589 -4.1345 -4.2090 -4.2816 -4.3514 -4.4188 -4.4847
 -4.5510 -4.6182 -4.6841 -4.7495 -4.8164 -4.9935 -5.1706 -5.3407 -5.5042 -5.6619
 -5.8133 -5.9580 -6.0959 -6.2280 -6.3549 -6.4774 -6.5959 -6.7108 -6.8223 -6.9306
 -7.0365
 -3.8786 -3.9418 -4.0083 -4.0772 -4.1476 -4.2187 -4.2898 -4.3599 -4.4283 -4.4950
 -4.5605 -4.6262 -4.6926 -4.7592 -4.8262 -4.9970 -5.1718 -5.3413 -5.5045 -5.6623
 -5.8146 -5.9602 -6.0987 -6.2310 -6.3577 -6.4797 -6.5976 -6.7117 -6.8221 -6.9294
 -7.0339
 -3.9389 -3.9927 -4.0499 -4.1101 -4.1732 -4.2385 -4.3053 -4.3730 -4.4407 -4.5077
 -4.5735 -4.6385 -4.7035 -4.7689 -4.8352 -5.0040 -5.1744 -5.3428 -5.5054 -5.6628
 -5.8157 -5.9628 -6.1026 -6.2357 -6.3628 -6.4847 -6.6023 -6.7158 -6.8258 -6.9324
 -7.0359
 -4.0097 -4.0575 -4.1062 -4.1573 -4.2116 -4.2691 -4.3294 -4.3921 -4.4564 -4.5215
 -4.5866 -4.6512 -4.7152 -4.7791 -4.8434 -5.0083 -5.1753 -5.3409 -5.5023 -5.6586
 -5.8111 -5.9592 -6.1009 -6.2354 -6.3633 -6.4857 -6.6032 -6.7164 -6.8258 -6.9318
 -7.0367
 -4.0838 -4.1308 -4.1746 -4.2183 -4.2643 -4.3134 -4.3658 -4.4216 -4.4804 -4.5414
 -4.6038 -4.6668 -4.7297 -4.7922 -4.8549 -5.0142 -5.1770 -5.3396 -5.4991 -5.6539
 -5.8050 -5.9529 -6.0960 -6.2326 -6.3623 -6.4858 -6.6039 -6.7174 -6.8266 -6.9322
 -7.0344
 -4.1563 -4.2057 -4.2495 -4.2893 -4.3292 -4.3710 -4.4156 -4.4637 -4.5153 -4.5703
 -4.6279 -4.6874 -4.7474 -4.8087 -4.8697 -5.0217 -5.1795 -5.3389 -5.4958
 [Fe/H] = -1.00 [alpha/Fe] = 0.00 BC value = F410M
 -3.7587 -3.8216 -3.8823 -3.9433 -4.0081 -4.0772 -4.1505 -4.2270 -4.3035 -4.3783
 -4.4504 -4.5204 -4.5896 -4.6599 -4.7311 -4.9103 -5.0882 -5.2626 -5.4305
 -3.7976 -3.8656 -3.9293 -3.9907 -4.0527 -4.1177 -4.1870 -4.2590 -4.3318 -4.4041
 -4.4751 -4.5454 -4.6160 -4.6880 -4.7606 -4.9410 -5.1174 -5.2890 -5.4544 -5.6128
 -3.8154 -3.8919 -3.9611 -4.0254 -4.0873 -4.1499 -4.2153 -4.2834 -4.3528 -4.4225
 -4.4921 -4.5619 -4.6330 -4.7057 -4.7793 -4.9612 -5.1377 -5.3079 -5.4716 -5.6288
 -5.7797
 -3.8022 -3.8890 -3.9713 -4.0458 -4.1130 -4.1764 -4.2398 -4.3048 -4.3712 -4.4383
 -4.5059 -4.5744 -4.6447 -4.7174 -4.7913 -4.9744 -5.1513 -5.3211 -5.4839 -5.6403
 -5.7906 -5.9348
 -3.7901 -3.8766 -3.9596 -4.0393 -4.1161 -4.1896 -4.2584 -4.3235 -4.3881 -4.4533
 -4.5190 -4.5857 -4.6542 -4.7256 -4.7992 -4.9829 -5.1602 -5.3300 -5.4924 -5.6483
 -5.7982 -5.9422 -6.0802 -6.2132
 -3.7846 -3.8705 -3.9547 -4.0363 -4.1137 -4.1877 -4.2596 -4.3305 -4.4004 -4.4670
 -4.5319 -4.5971 -4.6637 -4.7327 -4.8048 -4.9881 -5.1658 -5.3357 -5.4981 -5.6538
 -5.8034 -5.9473 -6.0852 -6.2176 -6.3454 -6.4691 -6.5893 -6.7061 -6.8193 -6.9284
 -3.7867 -3.8698 -3.9525 -4.0341 -4.1138 -4.1905 -4.2639 -4.3343 -4.4031 -4.4720
 -4.5410 -4.6084 -4.6745 -4.7411 -4.8102 -4.9913 -5.1689 -5.3390 -5.5015 -5.6571
 -5.8067 -5.9506 -6.0886 -6.2209 -6.3482 -6.4711 -6.5902 -6.7059 -6.8181 -6.9267
 -7.0321
 -3.7998 -3.8777 -3.9566 -4.0359 -4.1146 -4.1920 -4.2671 -4.3396 -4.4096 -4.4778
 -4.5454 -4.6136 -4.6822 -4.7501 -4.8179 -4.9931 -5.1703 -5.3404 -5.5029 -5.6586
 -5.8083 -5.9525 -6.0907 -6.2232 -6.3503 -6.4728 -6.5913 -6.7061 -6.8173 -6.9252
 -7.0296
 -3.8291 -3.8992 -3.9719 -4.0465 -4.1219 -4.1973 -4.2719 -4.3451 -4.4165 -4.4860
 -4.5540 -4.6213 -4.6887 -4.7567 -4.8252 -4.9976 -5.1724 -5.3424 -5.5051 -5.6608
 -5.8106 -5.9552 -6.0942 -6.2272 -6.3546 -6.4771 -6.5953 -6.7095 -6.8202 -6.9275
 -7.0315
 -3.8747 -3.9362 -4.0003 -4.0678 -4.1373 -4.2082 -4.2798 -4.3512 -4.4222 -4.4921
 -4.5607 -4.6283 -4.6952 -4.7620 -4.8292 -4.9998 -5.1711 -5.3404 -5.5028 -5.6582
 -5.8079 -5.9528 -6.0926 -6.2266 -6.3547 -6.4775 -6.5956 -6.7094 -6.8195 -6.9263
 -7.0297
 -3.9341 -3.9882 -4.0441 -4.1035 -4.1655 -4.2298 -4.2960 -4.3634 -4.4317 -4.5002
 -4.5683 -4.6359 -4.7027 -4.7689 -4.8349 -5.0016 -5.1702 -5.3373 -5.4994 -5.6545
 -5.8036 -5.9483 -6.0887 -6.2240 -6.3534 -6.4771 -6.5957 -6.7097 -6.8196 -6.9260
 -7.0289
 -4.0014 -4.0507 -4.1006 -4.1527 -4.2073 -4.2642 -4.3235 -4.3849 -4.4485 -4.5134
 -4.5793 -4.6455 -4.7115 -4.7772 -4.8423 -5.0030 -5.1697 -5.3331 -5.4949
 [Fe/H] = -0.75 [alpha/Fe] = 0.00 BC value = F410M
 -3.7361 -3.7994 -3.8619 -3.9258 -3.9940 -4.0667 -4.1436 -4.2235 -4.3031 -4.3804
 -4.4544 -4.5251 -4.5941 -4.6630 -4.7327 -4.9089 -5.0850 -5.2584 -5.4262
 -3.7781 -3.8450 -3.9088 -3.9715 -4.0358 -4.1036 -4.1760 -4.2516 -4.3284 -4.4043
 -4.4779 -4.5491 -4.6192 -4.6898 -4.7612 -4.9398 -5.1152 -5.2861 -5.4512 -5.6095
 -3.8037 -3.8757 -3.9424 -4.0058 -4.0682 -4.1323 -4.2004 -4.2720 -4.3456 -4.4196
 -4.4926 -4.5641 -4.6351 -4.7068 -4.7793 -4.9598 -5.1356 -5.3055 -5.4689 -5.6258
 -5.7765
 -3.8055 -3.8890 -3.9637 -4.0315 -4.0950 -4.1576 -4.2221 -4.2899 -4.3602 -4.4317
 -4.5032 -4.5745 -4.6457 -4.7179 -4.7909 -4.9728 -5.1492 -5.3189 -5.4815 -5.6374
 -5.7873 -5.9314
 -3.7957 -3.8808 -3.9586 -4.0371 -4.1106 -4.1780 -4.2422 -4.3074 -4.3746 -4.4434
 -4.5129 -4.5829 -4.6536 -4.7254 -4.7985 -4.9812 -5.1581 -5.3278 -5.4901 -5.6455
 -5.7948 -5.9385 -6.0766 -6.2096
 -3.7838 -3.8667 -3.9505 -4.0306 -4.1065 -4.1794 -4.2512 -4.3213 -4.3891 -4.4559
 -4.5232 -4.5915 -4.6607 -4.7314 -4.8038 -4.9864 -5.1637 -5.3335 -5.4958 -5.6510
 -5.8000 -5.9434 -6.0811 -6.2137 -6.3416 -6.4657 -6.5862 -6.7033 -6.8168 -6.9261
 -3.7767 -3.8618 -3.9456 -4.0273 -4.1061 -4.1814 -4.2537 -4.3240 -4.3942 -4.4648
 -4.5340 -4.6016 -4.6690 -4.7376 -4.8081 -4.9896 -5.1671 -5.3370 -5.4993 -5.6545
 -5.8033 -5.9465 -6.0842 -6.2165 -6.3440 -6.4671 -6.5867 -6.7027 -6.8153 -6.9243
 -7.0296
 -3.7803 -3.8625 -3.9444 -4.0256 -4.1054 -4.1830 -4.2579 -4.3300 -4.4002 -4.4693
 -4.5384 -4.6081 -4.6774 -4.7458 -4.8141 -4.9914 -5.1686 -5.3387 -5.5011 -5.6562
 -5.8050 -5.9482 -6.0860 -6.2184 -6.3456 -6.4684 -6.5872 -6.7024 -6.8141 -6.9224
 -7.0271
 -3.7956 -3.8725 -3.9505 -4.0291 -4.1076 -4.1853 -4.2615 -4.3356 -4.4075 -4.4774
 -4.5461 -4.6145 -4.6832 -4.7523 -4.8216 -4.9950 -5.1710 -5.3412 -5.5037 -5.6590
 -5.8078 -5.9511 -6.0892 -6.2221 -6.3496 -6.4722 -6.5907 -6.7054 -6.8165 -6.9243
 -7.0286
 -3.8248 -3.8947 -3.9660 -4.0397 -4.1146 -4.1899 -4.2649 -4.3389 -4.4116 -4.4826
 -4.5521 -4.6205 -4.6883 -4.7562 -4.8244 -4.9969 -5.1696 -5.3395 -5.5019 -5.6571
 -5.8059 -5.9493 -6.0878 -6.2213 -6.3493 -6.4722 -6.5906 -6.7048 -6.8153 -6.9225
 -7.0264
 -3.8699 -3.9317 -3.9958 -4.0622 -4.1312 -4.2019 -4.2735 -4.3453 -4.4169 -4.4877
 -4.5575 -4.6263 -4.6942 -4.7614 -4.8285 -4.9975 -5.1680 -5.3366 -5.4991 -5.6541
 -5.8026 -5.9459 -6.0847 -6.2190 -6.3479 -6.4716 -6.5904 -6.7047 -6.8150 -6.9217
 -7.0251
 -3.9279 -3.9829 -4.0395 -4.0985 -4.1604 -4.2246 -4.2908 -4.3583 -4.4267 -4.4955
 -4.5642 -4.6326 -4.7003 -4.7673 -4.8339 -4.9968 -5.1662 -5.3325 -5.4953
 [Fe/H] = -0.50 [alpha/Fe] = 0.00 BC value = F410M
 -3.7131 -3.7774 -3.8420 -3.9091 -3.9810 -4.0574 -4.1376 -4.2202 -4.3019 -4.3810
 -4.4566 -4.5287 -4.5980 -4.6661 -4.7344 -4.9073 -5.0814 -5.2536 -5.4213
 -3.7571 -3.8236 -3.8883 -3.9530 -4.0200 -4.0908 -4.1662 -4.2450 -4.3250 -4.4036
 -4.4793 -4.5520 -4.6222 -4.6918 -4.7618 -4.9380 -5.1121 -5.2825 -5.4474 -5.6057
 -3.7867 -3.8565 -3.9224 -3.9862 -4.0500 -4.1161 -4.1866 -4.2615 -4.3389 -4.4165
 -4.4924 -4.5658 -4.6372 -4.7079 -4.7791 -4.9576 -5.1327 -5.3024 -5.4657 -5.6224
 -5.7728
 -3.8021 -3.8782 -3.9479 -4.0130 -4.0759 -4.1390 -4.2050 -4.2756 -4.3496 -4.4251
 -4.5005 -4.5744 -4.6467 -4.7185 -4.7904 -4.9705 -5.1463 -5.3158 -5.4785 -5.6342
 -5.7837 -5.9276
 -3.7904 -3.8768 -3.9575 -4.0308 -4.0974 -4.1606 -4.2238 -4.2902 -4.3604 -4.4331
 -4.5067 -4.5803 -4.6530 -4.7254 -4.7978 -4.9789 -5.1552 -5.3248 -5.4872 -5.6424
 -5.7912 -5.9345 -6.0725 -6.2055
 -3.7779 -3.8645 -3.9472 -4.0256 -4.1003 -4.1720 -4.2400 -4.3060 -4.3732 -4.4426
 -4.5136 -4.5857 -4.6579 -4.7302 -4.8027 -4.9842 -5.1610 -5.3306 -5.4929 -5.6479
 -5.7963 -5.9392 -6.0767 -6.2092 -6.3372 -6.4614 -6.5822 -6.6999 -6.8138 -6.9234
 -3.7714 -3.8574 -3.9411 -4.0217 -4.0984 -4.1714 -4.2422 -4.3126 -4.3835 -4.4538
 -4.5232 -4.5928 -4.6632 -4.7343 -4.8063 -4.9875 -5.1645 -5.3342 -5.4965 -5.6515
 -5.7997 -5.9421 -6.0794 -6.2116 -6.3391 -6.4625 -6.5823 -6.6988 -6.8119 -6.9214
 -7.0268
 -3.7697 -3.8542 -3.9373 -4.0187 -4.0979 -4.1742 -4.2474 -4.3183 -4.3884 -4.4589
 -4.5300 -4.6010 -4.6710 -4.7404 -4.8103 -4.9894 -5.1664 -5.3362 -5.4984 -5.6534
 -5.8015 -5.9438 -6.0809 -6.2131 -6.3403 -6.4633 -6.5824 -6.6980 -6.8102 -6.9190
 -7.0242
 -3.7755 -3.8569 -3.9380 -4.0186 -4.0982 -4.1762 -4.2521 -4.3256 -4.3972 -4.4674
 -4.5371 -4.6070 -4.6772 -4.7476 -4.8176 -4.9926 -5.1690 -5.3390 -5.5015 -5.6565
 -5.8047 -5.9470 -6.0842 -6.2165 -6.3439 -6.4667 -6.5854 -6.7005 -6.8120 -6.9204
 -7.0253
 -3.7903 -3.8672 -3.9441 -4.0219 -4.0998 -4.1773 -4.2539 -4.3288 -4.4020 -4.4734
 -4.5434 -4.6127 -4.6816 -4.7507 -4.8200 -4.9942 -5.1679 -5.3378 -5.5002 -5.6552
 -5.8034 -5.9458 -6.0831 -6.2157 -6.3434 -6.4663 -6.5849 -6.6994 -6.8103 -6.9180
 -7.0224
 -3.8194 -3.8895 -3.9609 -4.0334 -4.1076 -4.1825 -4.2576 -4.3321 -4.4056 -4.4778
 -4.5485 -4.6181 -4.6868 -4.7550 -4.8231 -4.9942 -5.1661 -5.3355 -5.4979 -5.6528
 -5.8010 -5.9434 -6.0807 -6.2137 -6.3420 -6.4654 -6.5843 -6.6988 -6.8094 -6.9166
 -7.0206
 -3.8635 -3.9260 -3.9903 -4.0567 -4.1250 -4.1953 -4.2669 -4.3389 -4.4109 -4.4824
 -4.5531 -4.6228 -4.6916 -4.7596 -4.8269 -4.9926 -5.1636 -5.3321 -5.4946
 [Fe/H] = -0.25 [alpha/Fe] = 0.00 BC value = F410M
 -3.6913 -3.7570 -3.8240 -3.8945 -3.9699 -4.0496 -4.1324 -4.2169 -4.2997 -4.3796
 -4.4561 -4.5294 -4.5995 -4.6675 -4.7345 -4.9036 -5.0754 -5.2466 -5.4142
 -3.7364 -3.8030 -3.8690 -3.9360 -4.0059 -4.0797 -4.1580 -4.2395 -4.3216 -4.4018
 -4.4789 -4.5527 -4.6235 -4.6924 -4.7609 -4.9339 -5.1065 -5.2765 -5.4414 -5.5999
 -3.7683 -3.8368 -3.9027 -3.9675 -4.0333 -4.1019 -4.1749 -4.2527 -4.3330 -4.4132
 -4.4911 -4.5660 -4.6380 -4.7081 -4.7779 -4.9534 -5.1272 -5.2967 -5.4603 -5.6172
 -5.7678
 -3.7898 -3.8620 -3.9297 -3.9943 -4.0577 -4.1221 -4.1900 -4.2631 -4.3404 -4.4193
 -4.4975 -4.5735 -4.6468 -4.7183 -4.7891 -4.9663 -5.1409 -5.3103 -5.4734 -5.6293
 -5.7787 -5.9227
 -3.7933 -3.8750 -3.9488 -4.0164 -4.0802 -4.1426 -4.2063 -4.2745 -4.3476 -4.4238
 -4.5011 -4.5775 -4.6520 -4.7247 -4.7966 -4.9751 -5.1502 -5.3195 -5.4822 -5.6376
 -5.7864 -5.9295 -6.0674 -6.2006
 -3.7773 -3.8635 -3.9454 -4.0228 -4.0946 -4.1609 -4.2241 -4.2885 -4.3572 -4.4297
 -4.5046 -4.5801 -4.6550 -4.7286 -4.8013 -4.9808 -5.1563 -5.3256 -5.4880 -5.6432
 -5.7916 -5.9341 -6.0714 -6.2040 -6.3321 -6.4564 -6.5775 -6.6956 -6.8100 -6.9199
 -3.7685 -3.8547 -3.9376 -4.0163 -4.0910 -4.1626 -4.2325 -4.3010 -4.3694 -4.4389
 -4.5104 -4.5837 -4.6575 -4.7312 -4.8042 -4.9845 -5.1603 -5.3295 -5.4917 -5.6468
 -5.7950 -5.9370 -6.0739 -6.2060 -6.3336 -6.4572 -6.5772 -6.6940 -6.8076 -6.9176
 -7.0234
 -3.7641 -3.8496 -3.9329 -4.0136 -4.0910 -4.1648 -4.2357 -4.3052 -4.3753 -4.4469
 -4.5190 -4.5908 -4.6624 -4.7342 -4.8065 -4.9867 -5.1627 -5.3319 -5.4940 -5.6489
 -5.7969 -5.9388 -6.0753 -6.2072 -6.3344 -6.4574 -6.5768 -6.6927 -6.8053 -6.9148
 -7.0206
 -3.7643 -3.8485 -3.9311 -4.0121 -4.0913 -4.1681 -4.2423 -4.3140 -4.3846 -4.4551
 -4.5261 -4.5979 -4.6699 -4.7415 -4.8124 -4.9898 -5.1658 -5.3352 -5.4974 -5.6523
 -5.8004 -5.9423 -6.0787 -6.2104 -6.3375 -6.4603 -6.5793 -6.6946 -6.8066 -6.9154
 -7.0210
 -3.7697 -3.8511 -3.9316 -4.0115 -4.0905 -4.1684 -4.2447 -4.3190 -4.3915 -4.4626
 -4.5331 -4.6035 -4.6739 -4.7445 -4.8152 -4.9909 -5.1652 -5.3346 -5.4967 -5.6515
 -5.7995 -5.9415 -6.0779 -6.2096 -6.3368 -6.4595 -6.5782 -6.6930 -6.8043 -6.9125
 -7.0175
 -3.7847 -3.8616 -3.9386 -4.0155 -4.0927 -4.1698 -4.2463 -4.3217 -4.3957 -4.4681
 -4.5392 -4.6094 -4.6791 -4.7484 -4.8176 -4.9909 -5.1637 -5.3330 -5.4951 -5.6498
 -5.7977 -5.9397 -6.0762 -6.2080 -6.3354 -6.4584 -6.5771 -6.6918 -6.8028 -6.9104
 -7.0149
 -3.8131 -3.8836 -3.9551 -4.0277 -4.1009 -4.1755 -4.2504 -4.3250 -4.3990 -4.4719
 -4.5436 -4.6142 -4.6838 -4.7526 -4.8196 -4.9898 -5.1613 -5.3304 -5.4926
 [Fe/H] =  0.00 [alpha/Fe] = 0.00 BC value = F410M
 -3.6695 -3.7367 -3.8065 -3.8805 -3.9589 -4.0418 -4.1276 -4.2139 -4.2979 -4.3784
 -4.4560 -4.5307 -4.6023 -4.6709 -4.7379 -4.9038 -5.0728 -5.2424 -5.4091
 -3.7151 -3.7821 -3.8496 -3.9192 -3.9920 -4.0689 -4.1504 -4.2348 -4.3187 -4.4001
 -4.4783 -4.5535 -4.6255 -4.6950 -4.7630 -4.9330 -5.1039 -5.2730 -5.4376 -5.5960
 -3.7485 -3.8162 -3.8823 -3.9484 -4.0164 -4.0876 -4.1638 -4.2448 -4.3280 -4.4102
 -4.4897 -4.5661 -4.6392 -4.7098 -4.7790 -4.9519 -5.1243 -5.2934 -5.4570 -5.6138
 -5.7641
 -3.7735 -3.8433 -3.9098 -3.9743 -4.0386 -4.1049 -4.1753 -4.2515 -4.3322 -4.4141
 -4.4946 -4.5724 -4.6472 -4.7192 -4.7897 -4.9646 -5.1379 -5.3069 -5.4700 -5.6260
 -5.7752 -5.9187
 -3.7834 -3.8633 -3.9325 -3.9977 -4.0607 -4.1236 -4.1887 -4.2591 -4.3356 -4.4154
 -4.4959 -4.5748 -4.6510 -4.7248 -4.7966 -4.9733 -5.1471 -5.3161 -5.4788 -5.6344
 -5.7829 -5.9255 -6.0631 -6.1961
 -3.7791 -3.8646 -3.9434 -4.0150 -4.0808 -4.1433 -4.2054 -4.2703 -4.3413 -4.4174
 -4.4961 -4.5749 -4.6522 -4.7274 -4.8007 -4.9792 -5.1535 -5.3223 -5.4846 -5.6399
 -5.7881 -5.9302 -6.0670 -6.1992 -6.3272 -6.4515 -6.5727 -6.6911 -6.8057 -6.9160
 -3.7672 -3.8529 -3.9345 -4.0118 -4.0853 -4.1550 -4.2209 -4.2848 -4.3513 -4.4225
 -4.4978 -4.5750 -4.6522 -4.7282 -4.8026 -4.9829 -5.1579 -5.3266 -5.4886 -5.6436
 -5.7916 -5.9333 -6.0695 -6.2011 -6.3283 -6.4518 -6.5719 -6.6890 -6.8030 -6.9134
 -7.0197
 -3.7610 -3.8468 -3.9296 -4.0087 -4.0838 -4.1552 -4.2242 -4.2923 -4.3611 -4.4314
 -4.5037 -4.5777 -4.6530 -4.7285 -4.8033 -4.9851 -5.1605 -5.3294 -5.4912 -5.6459
 -5.7938 -5.9352 -6.0710 -6.2021 -6.3288 -6.4516 -6.5710 -6.6871 -6.8001 -6.9100
 -7.0164
 -3.7587 -3.8439 -3.9270 -4.0076 -4.0854 -4.1599 -4.2314 -4.3007 -4.3697 -4.4401
 -4.5122 -4.5855 -4.6592 -4.7328 -4.8061 -4.9878 -5.1639 -5.3331 -5.4950 -5.6497
 -5.7976 -5.9390 -6.0747 -6.2054 -6.3318 -6.4542 -6.5729 -6.6884 -6.8007 -6.9100
 -7.0161
 -3.7590 -3.8426 -3.9249 -4.0055 -4.0844 -4.1613 -4.2359 -4.3081 -4.3787 -4.4490
 -4.5198 -4.5915 -4.6637 -4.7361 -4.8085 -4.9876 -5.1634 -5.3328 -5.4948 -5.6495
 -5.7973 -5.9387 -6.0743 -6.2049 -6.3310 -6.4531 -6.5714 -6.6862 -6.7978 -6.9063
 -7.0119
 -3.7644 -3.8458 -3.9259 -4.0053 -4.0839 -4.1614 -4.2377 -4.3123 -4.3853 -4.4569
 -4.5277 -4.5985 -4.6694 -4.7402 -4.8108 -4.9873 -5.1618 -5.3314 -5.4935 -5.6483
 -5.7961 -5.9376 -6.0733 -6.2038 -6.3299 -6.4519 -6.5701 -6.6846 -6.7957 -6.9037
 -7.0087
 -3.7788 -3.8560 -3.9330 -4.0097 -4.0863 -4.1629 -4.2392 -4.3146 -4.3889 -4.4619
 -4.5337 -4.6046 -4.6748 -4.7446 -4.8130 -4.9869 -5.1591 -5.3289 -5.4911
 [Fe/H] =  0.25 [alpha/Fe] = 0.00 BC value = F410M
 -3.6498 -3.7188 -3.7916 -3.8697 -3.9521 -4.0370 -4.1232 -4.2096 -4.2946 -4.3757
 -4.4536 -4.5292 -4.6020 -4.6719 -4.7390 -4.9023 -5.0680 -5.2363 -5.4028
 -3.6953 -3.7633 -3.8327 -3.9048 -3.9803 -4.0601 -4.1439 -4.2302 -4.3153 -4.3973
 -4.4760 -4.5520 -4.6251 -4.6953 -4.7634 -4.9306 -5.0991 -5.2672 -5.4317 -5.5903
 -3.7295 -3.7969 -3.8637 -3.9315 -4.0016 -4.0754 -4.1543 -4.2382 -4.3234 -4.4067
 -4.4870 -4.5642 -4.6384 -4.7096 -4.7788 -4.9488 -5.1191 -5.2875 -5.4513 -5.6084
 -5.7588
 -3.7566 -3.8248 -3.8907 -3.9556 -4.0213 -4.0895 -4.1625 -4.2417 -4.3253 -4.4092
 -4.4911 -4.5700 -4.6458 -4.7185 -4.7890 -4.9614 -5.1327 -5.3011 -5.4643 -5.6208
 -5.7702 -5.9136
 -3.7769 -3.8479 -3.9148 -3.9790 -4.0420 -4.1059 -4.1729 -4.2459 -4.3255 -4.4083
 -4.4909 -4.5714 -4.6489 -4.7235 -4.7956 -4.9703 -5.1422 -5.3104 -5.4731 -5.6291
 -5.7779 -5.9205 -6.0579 -6.1908
 -3.7828 -3.8619 -3.9338 -4.0004 -4.0634 -4.1250 -4.1875 -4.2540 -4.3276 -4.4070
 -4.4887 -4.5699 -4.6490 -4.7253 -4.7991 -4.9765 -5.1491 -5.3170 -5.4792 -5.6347
 -5.7832 -5.9253 -6.0618 -6.1938 -6.3217 -6.4459 -6.5672 -6.6857 -6.8006 -6.9112
 -3.7678 -3.8531 -3.9336 -4.0092 -4.0787 -4.1432 -4.2050 -4.2673 -4.3344 -4.4083
 -4.4870 -4.5674 -4.6471 -4.7248 -4.8003 -4.9805 -5.1540 -5.3218 -5.4834 -5.6385
 -5.7868 -5.9285 -6.0645 -6.1958 -6.3227 -6.4460 -6.5660 -6.6831 -6.7974 -6.9082
 -7.0148
 -3.7598 -3.8451 -3.9268 -4.0041 -4.0772 -4.1474 -4.2151 -4.2804 -4.3456 -4.4145
 -4.4885 -4.5661 -4.6450 -4.7231 -4.7996 -4.9827 -5.1572 -5.3252 -5.4865 -5.6412
 -5.7892 -5.9307 -6.0663 -6.1969 -6.3232 -6.4456 -6.5647 -6.6807 -6.7939 -6.9042
 -7.0111
 -3.7561 -3.8416 -3.9243 -4.0038 -4.0795 -4.1514 -4.2204 -4.2877 -4.3552 -4.4244
 -4.4963 -4.5708 -4.6469 -4.7236 -4.8001 -4.9852 -5.1610 -5.3295 -5.4910 -5.6455
 -5.7933 -5.9347 -6.0701 -6.2004 -6.3261 -6.4478 -6.5662 -6.6815 -6.7939 -6.9035
 -7.0102
 -3.7537 -3.8385 -3.9213 -4.0018 -4.0798 -4.1548 -4.2268 -4.2963 -4.3646 -4.4335
 -4.5041 -4.5768 -4.6508 -4.7253 -4.7999 -4.9840 -5.1609 -5.3299 -5.4914 -5.6458
 -5.7934 -5.9348 -6.0701 -6.2001 -6.3254 -6.4466 -6.5644 -6.6789 -6.7904 -6.8993
 -7.0053
 -3.7541 -3.8377 -3.9195 -3.9999 -4.0786 -4.1555 -4.2304 -4.3030 -4.3738 -4.4436
 -4.5137 -4.5849 -4.6570 -4.7295 -4.8021 -4.9826 -5.1593 -5.3289 -5.4908 -5.6453
 -5.7928 -5.9342 -6.0695 -6.1994 -6.3245 -6.4455 -6.5629 -6.6769 -6.7879 -6.8960
 -7.0013
 -3.7592 -3.8406 -3.9209 -3.9998 -4.0781 -4.1553 -4.2315 -4.3062 -4.3794 -4.4513
 -4.5221 -4.5928 -4.6637 -4.7347 -4.8067 -4.9810 -5.1562 -5.3265 -5.4892
 [Fe/H] =  0.50 [alpha/Fe] = 0.00 BC value = F410M
 -3.6314 -3.7030 -3.7789 -3.8584 -3.9412 -4.0268 -4.1149 -4.2042 -4.2906 -4.3723
 -4.4505 -4.5266 -4.6004 -4.6714 -4.7396 -4.9014 -5.0639 -5.2305 -5.3968
 -3.6767 -3.7455 -3.8174 -3.8921 -3.9703 -4.0520 -4.1372 -4.2249 -4.3111 -4.3937
 -4.4727 -4.5492 -4.6231 -4.6944 -4.7631 -4.9285 -5.0942 -5.2610 -5.4244 -5.5828
 -3.7113 -3.7783 -3.8466 -3.9162 -3.9884 -4.0644 -4.1459 -4.2319 -4.3185 -4.4025
 -4.4833 -4.5611 -4.6361 -4.7082 -4.7778 -4.9461 -5.1137 -5.2811 -5.4449 -5.6024
 -5.7531
 -3.7398 -3.8069 -3.8725 -3.9382 -4.0054 -4.0756 -4.1510 -4.2330 -4.3189 -4.4041
 -4.4868 -4.5665 -4.6431 -4.7166 -4.7876 -4.9583 -5.1272 -5.2945 -5.4578 -5.6147
 -5.7645 -5.9081
 -3.7633 -3.8318 -3.8972 -3.9608 -4.0242 -4.0893 -4.1583 -4.2339 -4.3165 -4.4016
 -4.4857 -4.5672 -4.6457 -4.7211 -4.7937 -4.9673 -5.1370 -5.3040 -5.4666 -5.6230
 -5.7723 -5.9151 -6.0523 -6.1852
 -3.7791 -3.8518 -3.9195 -3.9835 -4.0454 -4.1069 -4.1704 -4.2389 -4.3153 -4.3978
 -4.4818 -4.5646 -4.6449 -4.7223 -4.7968 -4.9737 -5.1444 -5.3110 -5.4729 -5.6287
 -5.7776 -5.9199 -6.0564 -6.1883 -6.3160 -6.4401 -6.5613 -6.6797 -6.7946 -6.9054
 -3.7735 -3.8529 -3.9324 -4.0016 -4.0657 -4.1269 -4.1874 -4.2501 -4.3189 -4.3958
 -4.4775 -4.5603 -4.6418 -4.7208 -4.7972 -4.9779 -5.1499 -5.3164 -5.4776 -5.6327
 -5.7813 -5.9233 -6.0593 -6.1903 -6.3171 -6.4400 -6.5598 -6.6768 -6.7912 -6.9021
 -7.0091
 -3.7605 -3.8449 -3.9252 -4.0012 -4.0730 -4.1406 -4.2041 -4.2655 -4.3288 -4.3986
 -4.4754 -4.5562 -4.6376 -4.7176 -4.7955 -4.9801 -5.1538 -5.3206 -5.4812 -5.6357
 -5.7839 -5.9256 -6.0613 -6.1917 -6.3176 -6.4396 -6.5583 -6.6740 -6.7872 -6.8978
 -7.0049
 -3.7557 -3.8407 -3.9225 -4.0002 -4.0735 -4.1432 -4.2107 -4.2767 -4.3419 -4.4083
 -4.4797 -4.5564 -4.6359 -4.7158 -4.7944 -4.9821 -5.1580 -5.3257 -5.4864 -5.6405
 -5.7883 -5.9299 -6.0654 -6.1954 -6.3207 -6.4418 -6.5597 -6.6745 -6.7867 -6.8964
 -7.0034
 -3.7520 -3.8370 -3.9196 -3.9993 -4.0756 -4.1481 -4.2173 -4.2842 -4.3504 -4.4175
 -4.4871 -4.5600 -4.6357 -4.7130 -4.7908 -4.9802 -5.1582 -5.3267 -5.4877 -5.6416
 -5.7890 -5.9303 -6.0656 -6.1954 -6.3202 -6.4407 -6.5577 -6.6716 -6.7828 -6.8916
 -6.9978
 -3.7500 -3.8342 -3.9168 -3.9972 -4.0753 -4.1509 -4.2235 -4.2934 -4.3614 -4.4290
 -4.4976 -4.5687 -4.6417 -4.7159 -4.7907 -4.9769 -5.1566 -5.3263 -5.4878 -5.6419
 -5.7891 -5.9302 -6.0654 -6.1951 -6.3196 -6.4398 -6.5563 -6.6695 -6.7799 -6.8878
 -6.9932
 -3.7500 -3.8334 -3.9150 -3.9952 -4.0738 -4.1508 -4.2259 -4.2989 -4.3699 -4.4395
 -4.5087 -4.5786 -4.6498 -4.7219 -4.7941 -4.9722 -5.1532 -5.3245 -5.4867
 [Fe/H] =  0.75 [alpha/Fe] = 0.00 BC value = F410M
 -3.6140 -3.6910 -3.7707 -3.8527 -3.9367 -4.0224 -4.1095 -4.1979 -4.2859 -4.3685
 -4.4470 -4.5234 -4.5979 -4.6701 -4.7393 -4.9011 -5.0615 -5.2256 -5.3911
 -3.6591 -3.7293 -3.8033 -3.8805 -3.9603 -4.0431 -4.1294 -4.2185 -4.3060 -4.3894
 -4.4687 -4.5456 -4.6201 -4.6922 -4.7618 -4.9271 -5.0897 -5.2550 -5.4191 -5.5781
 -3.6946 -3.7616 -3.8307 -3.9021 -3.9765 -4.0547 -4.1379 -4.2251 -4.3128 -4.3976
 -4.4789 -4.5570 -4.6325 -4.7055 -4.7758 -4.9436 -5.1085 -5.2744 -5.4381 -5.5961
 -5.7473
 -3.7239 -3.7899 -3.8556 -3.9222 -3.9909 -4.0630 -4.1407 -4.2249 -4.3122 -4.3984
 -4.4817 -4.5619 -4.6391 -4.7134 -4.7850 -4.9554 -5.1217 -5.2876 -5.4508 -5.6081
 -5.7584 -5.9023
 -3.7499 -3.8161 -3.8803 -3.9437 -4.0076 -4.0740 -4.1449 -4.2231 -4.3081 -4.3948
 -4.4798 -4.5620 -4.6413 -4.7175 -4.7908 -4.9643 -5.1317 -5.2972 -5.4595 -5.6162
 -5.7660 -5.9092 -6.0466 -6.1794
 -3.7709 -3.8395 -3.9044 -3.9667 -4.0280 -4.0898 -4.1545 -4.2251 -4.3042 -4.3891
 -4.4748 -4.5588 -4.6400 -4.7182 -4.7934 -4.9708 -5.1396 -5.3046 -5.4659 -5.6219
 -5.7713 -5.9140 -6.0507 -6.1825 -6.3102 -6.4342 -6.5552 -6.6734 -6.7880 -6.8990
 -3.7786 -3.8547 -3.9245 -3.9889 -4.0500 -4.1097 -4.1700 -4.2336 -4.3047 -4.3844
 -4.4686 -4.5532 -4.6358 -4.7160 -4.7932 -4.9750 -5.1457 -5.3108 -5.4711 -5.6261
 -5.7750 -5.9174 -6.0536 -6.1847 -6.3113 -6.4340 -6.5536 -6.6704 -6.7846 -6.8954
 -7.0026
 -3.7640 -3.8483 -3.9268 -3.9998 -4.0672 -4.1293 -4.1890 -4.2487 -4.3124 -4.3841
 -4.4638 -4.5470 -4.6302 -4.7116 -4.7906 -4.9768 -5.1502 -5.3158 -5.4755 -5.6296
 -5.7779 -5.9199 -6.0558 -6.1862 -6.3119 -6.4336 -6.5519 -6.6673 -6.7802 -6.8907
 -6.9980
 -3.7573 -3.8414 -3.9215 -3.9973 -4.0688 -4.1373 -4.2029 -4.2656 -4.3273 -4.3921
 -4.4648 -4.5443 -4.6263 -4.7081 -4.7883 -4.9784 -5.1548 -5.3216 -5.4815 -5.6351
 -5.7827 -5.9245 -6.0601 -6.1902 -6.3153 -6.4361 -6.5534 -6.6676 -6.7793 -6.8888
 -6.9958
 -3.7528 -3.8374 -3.9192 -3.9974 -4.0714 -4.1412 -4.2079 -4.2731 -4.3378 -4.4027
 -4.4701 -4.5433 -4.6217 -4.7023 -4.7827 -4.9758 -5.1551 -5.3234 -5.4837 -5.6370
 -5.7840 -5.9253 -6.0606 -6.1904 -6.3151 -6.4352 -6.5516 -6.6647 -6.7753 -6.8836
 -6.9897
 -3.7496 -3.8340 -3.9163 -3.9962 -4.0730 -4.1465 -4.2164 -4.2833 -4.3487 -4.4141
 -4.4810 -4.5509 -4.6244 -4.7005 -4.7782 -4.9713 -5.1534 -5.3236 -5.4847 -5.6382
 -5.7850 -5.9258 -6.0609 -6.1905 -6.3149 -6.4346 -6.5504 -6.6627 -6.7723 -6.8795
 -6.9848
 -3.7476 -3.8314 -3.9134 -3.9936 -4.0719 -4.1479 -4.2212 -4.2918 -4.3601 -4.4270
 -4.4940 -4.5626 -4.6334 -4.7064 -4.7748 -4.9649 -5.1497 -5.3222 -5.4845
 [Fe/H] =  1.00 [alpha/Fe] = 0.00 BC value = F410M
 -3.5980 -3.6771 -3.7586 -3.8422 -3.9277 -4.0147 -4.1030 -4.1924 -4.2814 -4.3652
 -4.4444 -4.5207 -4.5956 -4.6685 -4.7389 -4.9024 -5.0613 -5.2218 -5.3858
 -3.6423 -3.7169 -3.7939 -3.8729 -3.9537 -4.0360 -4.1210 -4.2117 -4.3004 -4.3847
 -4.4648 -4.5416 -4.6165 -4.6893 -4.7598 -4.9263 -5.0864 -5.2498 -5.4134 -5.5726
 -3.6780 -3.7473 -3.8157 -3.8890 -3.9655 -4.0457 -4.1292 -4.2174 -4.3063 -4.3919
 -4.4738 -4.5522 -4.6281 -4.7017 -4.7728 -4.9413 -5.1041 -5.2681 -5.4316 -5.5898
 -5.7415
 -3.7087 -3.7738 -3.8397 -3.9073 -3.9775 -4.0515 -4.1312 -4.2165 -4.3049 -4.3918
 -4.4758 -4.5566 -4.6341 -4.7090 -4.7813 -4.9523 -5.1168 -5.2809 -5.4437 -5.6013
 -5.7523 -5.8965
 -3.7372 -3.8013 -3.8644 -3.9277 -3.9925 -4.0602 -4.1328 -4.2130 -4.2996 -4.3873
 -4.4730 -4.5561 -4.6357 -4.7126 -4.7866 -4.9609 -5.1266 -5.2904 -5.4521 -5.6092
 -5.7596 -5.9032 -6.0408 -6.1736
 -3.7621 -3.8274 -3.8899 -3.9509 -4.0117 -4.0741 -4.1398 -4.2123 -4.2937 -4.3804
 -4.4672 -4.5520 -4.6340 -4.7128 -4.7888 -4.9672 -5.1348 -5.2982 -5.4587 -5.6147
 -5.7646 -5.9078 -6.0449 -6.1767 -6.3042 -6.4281 -6.5491 -6.6668 -6.7809 -6.8918
 -3.7796 -3.8490 -3.9140 -3.9752 -4.0344 -4.0932 -4.1536 -4.2183 -4.2915 -4.3736
 -4.4597 -4.5454 -4.6291 -4.7100 -4.7881 -4.9713 -5.1415 -5.3050 -5.4643 -5.6192
 -5.7683 -5.9111 -6.0477 -6.1788 -6.3053 -6.4280 -6.5474 -6.6639 -6.7776 -6.8880
 -6.9953
 -3.7726 -3.8549 -3.9288 -3.9953 -4.0567 -4.1152 -4.1729 -4.2321 -4.2968 -4.3706
 -4.4527 -4.5378 -4.6223 -4.7049 -4.7847 -4.9728 -5.1463 -5.3109 -5.4695 -5.6231
 -5.7714 -5.9137 -6.0498 -6.1804 -6.3061 -6.4277 -6.5457 -6.6607 -6.7732 -6.8833
 -6.9903
 -3.7618 -3.8446 -3.9229 -3.9972 -4.0674 -4.1325 -4.1932 -4.2518 -4.3113 -4.3767
 -4.4513 -4.5330 -4.6169 -4.7001 -4.7814 -4.9738 -5.1512 -5.3175 -5.4763 -5.6292
 -5.7767 -5.9185 -6.0544 -6.1846 -6.3097 -6.4304 -6.5474 -6.6611 -6.7721 -6.8810
 -6.9879
 -3.7561 -3.8399 -3.9203 -3.9964 -4.0678 -4.1353 -4.2005 -4.2641 -4.3261 -4.3879
 -4.4541 -4.5291 -4.6101 -4.6928 -4.7747 -4.9704 -5.1514 -5.3200 -5.4795 -5.6321
 -5.7787 -5.9198 -6.0552 -6.1851 -6.3097 -6.4298 -6.5458 -6.6584 -6.7681 -6.8757
 -6.9813
 -3.7524 -3.8363 -3.9178 -3.9965 -4.0714 -4.1422 -4.2090 -4.2733 -4.3367 -4.4004
 -4.4652 -4.5333 -4.6074 -4.6864 -4.7673 -4.9651 -5.1495 -5.3206 -5.4814 -5.6343
 -5.7806 -5.9211 -6.0560 -6.1856 -6.3099 -6.4295 -6.5449 -6.6566 -6.7653 -6.8716
 -6.9760
 -3.7495 -3.8329 -3.9147 -3.9943 -4.0716 -4.1460 -4.2169 -4.2846 -4.3499 -4.4142
 -4.4790 -4.5458 -4.6156 -4.6889 -4.7592 -4.9579 -5.1455 -5.3193 -5.4820
