 [Fe/H] = -2.50 [alpha/Fe] = 0.00 BC value = F560W
 -0.2154 -0.2954 -0.3738 -0.4505 -0.5286 -0.5971 -0.6222 -0.6500 -0.6777 -0.7156
 -0.7639 -0.8239 -0.8867 -0.9595 -1.0319 -1.2096 -1.3803 -1.5669 -1.7278
 -0.1330 -0.2170 -0.3038 -0.3930 -0.4816 -0.5622 -0.6312 -0.6883 -0.7347 -0.7723
 -0.8106 -0.8592 -0.9218 -0.9924 -1.0651 -1.2437 -1.4157 -1.5827 -1.7499 -1.9100
 -0.1278 -0.2066 -0.2861 -0.3661 -0.4467 -0.5284 -0.6104 -0.6869 -0.7538 -0.8099
 -0.8528 -0.8929 -0.9465 -1.0137 -1.0856 -1.2646 -1.4361 -1.6028 -1.7695 -1.9296
 -2.0818
 -0.1379 -0.2103 -0.2838 -0.3581 -0.4328 -0.5077 -0.5823 -0.6576 -0.7335 -0.8060
 -0.8720 -0.9216 -0.9696 -1.0305 -1.0998 -1.2781 -1.4506 -1.6175 -1.7837 -1.9436
 -2.0958 -2.2408
 -0.1643 -0.2284 -0.2947 -0.3629 -0.4326 -0.5035 -0.5745 -0.6450 -0.7153 -0.7869
 -0.8592 -0.9269 -0.9831 -1.0448 -1.1114 -1.2866 -1.4598 -1.6277 -1.7937 -1.9536
 -2.1058 -2.2508 -2.3891 -2.5216
 -0.2085 -0.2631 -0.3200 -0.3802 -0.4437 -0.5099 -0.5776 -0.6458 -0.7137 -0.7813
 -0.8496 -0.9196 -0.9822 -1.0473 -1.1166 -1.2918 -1.4646 -1.6335 -1.8001 -1.9606
 -2.1131 -2.2581 -2.3964 -2.5287 -2.6555 -2.7777 -2.8958 -3.0105 -3.1223 -3.2316
 -0.2669 -0.3155 -0.3623 -0.4123 -0.4672 -0.5267 -0.5896 -0.6545 -0.7204 -0.7863
 -0.8522 -0.9187 -0.9826 -1.0463 -1.1153 -1.2924 -1.4656 -1.6348 -1.8025 -1.9645
 -2.1179 -2.2634 -2.4020 -2.5344 -2.6610 -2.7827 -2.9000 -3.0136 -3.1238 -3.2312
 -3.3369
 -0.3385 -0.3816 -0.4219 -0.4623 -0.5063 -0.5564 -0.6119 -0.6717 -0.7341 -0.7977
 -0.8618 -0.9261 -0.9894 -1.0511 -1.1168 -1.2899 -1.4632 -1.6323 -1.8003 -1.9648
 -2.1202 -2.2668 -2.4059 -2.5386 -2.6655 -2.7871 -2.9039 -3.0166 -3.1257 -3.2319
 -3.3355
 -0.4174 -0.4583 -0.4957 -0.5299 -0.5642 -0.6034 -0.6491 -0.7008 -0.7573 -0.8169
 -0.8781 -0.9402 -1.0022 -1.0632 -1.1257 -1.2913 -1.4613 -1.6297 -1.7969 -1.9630
 -2.1217 -2.2706 -2.4109 -2.5444 -2.6719 -2.7938 -2.9108 -3.0235 -3.1324 -3.2376
 -3.3394
 -0.5036 -0.5456 -0.5764 -0.6085 -0.6379 -0.6678 -0.7026 -0.7440 -0.7915 -0.8442
 -0.9003 -0.9588 -1.0183 -1.0781 -1.1383 -1.2954 -1.4589 -1.6244 -1.7893 -1.9543
 -2.1155 -2.2677 -2.4103 -2.5450 -2.6733 -2.7959 -2.9133 -3.0260 -3.1369 -3.2416
 -3.3425
 -0.5971 -0.6435 -0.6640 -0.6914 -0.7221 -0.7483 -0.7746 -0.8053 -0.8422 -0.8853
 -0.9335 -0.9860 -1.0411 -1.0978 -1.1554 -1.3049 -1.4603 -1.6209 -1.7829 -1.9451
 -2.1057 -2.2606 -2.4066 -2.5436 -2.6732 -2.7968 -2.9150 -3.0283 -3.1371 -3.2419
 -3.3432
 -0.6978 -0.7520 -0.7585 -0.7773 -0.8099 -0.8375 -0.8610 -0.8843 -0.9113 -0.9435
 -0.9816 -1.0251 -1.0731 -1.1244 -1.1770 -1.3198 -1.4655 -1.6192 -1.7777
 [Fe/H] = -2.00 [alpha/Fe] = 0.00 BC value = F560W
 -0.2123 -0.2860 -0.3545 -0.4179 -0.4783 -0.5343 -0.5770 -0.6230 -0.6703 -0.7207
 -0.7759 -0.8388 -0.9063 -0.9791 -1.0517 -1.2282 -1.3948 -1.5643 -1.7220
 -0.1646 -0.2570 -0.3499 -0.4357 -0.5122 -0.5793 -0.6370 -0.6863 -0.7314 -0.7754
 -0.8216 -0.8754 -0.9399 -1.0110 -1.0836 -1.2609 -1.4273 -1.5884 -1.7486 -1.9059
 -0.1398 -0.2252 -0.3125 -0.4011 -0.4906 -0.5763 -0.6523 -0.7171 -0.7715 -0.8167
 -0.8586 -0.9035 -0.9607 -1.0293 -1.1019 -1.2806 -1.4487 -1.6092 -1.7690 -1.9275
 -2.0794
 -0.1298 -0.2103 -0.2921 -0.3744 -0.4566 -0.5378 -0.6192 -0.6992 -0.7724 -0.8356
 -0.8861 -0.9300 -0.9783 -1.0413 -1.1113 -1.2922 -1.4628 -1.6242 -1.7835 -1.9414
 -2.0932 -2.2381
 -0.1324 -0.2080 -0.2848 -0.3622 -0.4397 -0.5165 -0.5918 -0.6655 -0.7401 -0.8152
 -0.8861 -0.9443 -0.9950 -1.0521 -1.1193 -1.2985 -1.4713 -1.6345 -1.7938 -1.9512
 -2.1030 -2.2479 -2.3863 -2.5189
 -0.1487 -0.2179 -0.2888 -0.3611 -0.4340 -0.5073 -0.5800 -0.6513 -0.7209 -0.7905
 -0.8623 -0.9338 -0.9959 -1.0581 -1.1249 -1.3012 -1.4754 -1.6407 -1.8007 -1.9580
 -2.1100 -2.2550 -2.3934 -2.5258 -2.6529 -2.7754 -2.8940 -3.0090 -3.1207 -3.2298
 -0.1811 -0.2422 -0.3054 -0.3709 -0.4383 -0.5072 -0.5770 -0.6467 -0.7154 -0.7828
 -0.8499 -0.9188 -0.9851 -1.0509 -1.1216 -1.3015 -1.4761 -1.6430 -1.8041 -1.9619
 -2.1145 -2.2601 -2.3987 -2.5312 -2.6581 -2.7800 -2.8977 -3.0116 -3.1220 -3.2294
 -3.3352
 -0.2288 -0.2827 -0.3374 -0.3941 -0.4539 -0.5168 -0.5823 -0.6491 -0.7164 -0.7833
 -0.8492 -0.9151 -0.9792 -1.0445 -1.1139 -1.2962 -1.4737 -1.6418 -1.8040 -1.9628
 -2.1167 -2.2632 -2.4024 -2.5353 -2.6623 -2.7841 -2.9013 -3.0144 -3.1238 -3.2300
 -3.3337
 -0.2890 -0.3385 -0.3859 -0.4335 -0.4843 -0.5392 -0.5982 -0.6603 -0.7247 -0.7900
 -0.8553 -0.9203 -0.9840 -1.0471 -1.1130 -1.2907 -1.4693 -1.6396 -1.8027 -1.9627
 -2.1185 -2.2668 -2.4072 -2.5408 -2.6684 -2.7905 -2.9078 -3.0206 -3.1296 -3.2350
 -3.3375
 -0.3540 -0.4030 -0.4471 -0.4882 -0.5302 -0.5756 -0.6260 -0.6809 -0.7398 -0.8015
 -0.8646 -0.9280 -0.9912 -1.0539 -1.1173 -1.2867 -1.4616 -1.6323 -1.7960 -1.9560
 -2.1134 -2.2642 -2.4065 -2.5413 -2.6696 -2.7923 -2.9100 -3.0230 -3.1317 -3.2368
 -3.3405
 -0.4211 -0.4716 -0.5168 -0.5556 -0.5918 -0.6287 -0.6698 -0.7159 -0.7671 -0.8225
 -0.8812 -0.9417 -1.0033 -1.0650 -1.1271 -1.2885 -1.4569 -1.6252 -1.7887 -1.9478
 -2.1050 -2.2578 -2.4030 -2.5398 -2.6694 -2.7931 -2.9115 -3.0250 -3.1341 -3.2393
 -3.3408
 -0.4865 -0.5414 -0.5889 -0.6297 -0.6649 -0.6971 -0.7303 -0.7675 -0.8098 -0.8571
 -0.9089 -0.9642 -1.0248 -1.0837 -1.1424 -1.2961 -1.4552 -1.6183 -1.7808
 [Fe/H] = -1.50 [alpha/Fe] = 0.00 BC value = F560W
 -0.2000 -0.2678 -0.3284 -0.3823 -0.4309 -0.4792 -0.5320 -0.5917 -0.6542 -0.7170
 -0.7815 -0.8503 -0.9225 -0.9963 -1.0694 -1.2452 -1.4091 -1.5668 -1.7202
 -0.2083 -0.2890 -0.3618 -0.4271 -0.4863 -0.5407 -0.5942 -0.6509 -0.7085 -0.7653
 -0.8228 -0.8852 -0.9545 -1.0276 -1.1012 -1.2785 -1.4429 -1.5979 -1.7509 -1.9050
 -0.1696 -0.2601 -0.3506 -0.4350 -0.5103 -0.5768 -0.6360 -0.6924 -0.7480 -0.8017
 -0.8540 -0.9090 -0.9726 -1.0438 -1.1174 -1.2965 -1.4638 -1.6200 -1.7721 -1.9253
 -2.0760
 -0.1406 -0.2243 -0.3104 -0.3976 -0.4849 -0.5701 -0.6473 -0.7145 -0.7743 -0.8293
 -0.8807 -0.9306 -0.9863 -1.0528 -1.1252 -1.3057 -1.4761 -1.6347 -1.7871 -1.9395
 -2.0896 -2.2343
 -0.1274 -0.2065 -0.2877 -0.3704 -0.4531 -0.5350 -0.6156 -0.6946 -0.7703 -0.8379
 -0.8967 -0.9496 -1.0008 -1.0600 -1.1291 -1.3096 -1.4826 -1.6440 -1.7976 -1.9494
 -2.0991 -2.2437 -2.3821 -2.5149
 -0.1255 -0.2008 -0.2781 -0.3567 -0.4360 -0.5148 -0.5917 -0.6661 -0.7392 -0.8134
 -0.8860 -0.9519 -1.0108 -1.0683 -1.1324 -1.3103 -1.4852 -1.6493 -1.8046 -1.9563
 -2.1057 -2.2504 -2.3888 -2.5215 -2.6488 -2.7719 -2.8910 -3.0064 -3.1182 -3.2272
 -0.1337 -0.2048 -0.2779 -0.3526 -0.4281 -0.5038 -0.5788 -0.6520 -0.7228 -0.7919
 -0.8615 -0.9324 -1.0006 -1.0669 -1.1343 -1.3095 -1.4850 -1.6513 -1.8085 -1.9607
 -2.1101 -2.2551 -2.3938 -2.5265 -2.6536 -2.7758 -2.8940 -3.0085 -3.1193 -3.2268
 -3.3323
 -0.1541 -0.2192 -0.2871 -0.3570 -0.4283 -0.5003 -0.5727 -0.6445 -0.7150 -0.7836
 -0.8506 -0.9177 -0.9849 -1.0527 -1.1240 -1.3069 -1.4830 -1.6508 -1.8098 -1.9627
 -2.1124 -2.2579 -2.3971 -2.5302 -2.6574 -2.7795 -2.8972 -3.0108 -3.1207 -3.2273
 -3.3310
 -0.1895 -0.2473 -0.3085 -0.3721 -0.4379 -0.5053 -0.5740 -0.6434 -0.7128 -0.7814
 -0.8486 -0.9147 -0.9799 -1.0453 -1.1140 -1.2988 -1.4808 -1.6504 -1.8108 -1.9648
 -2.1151 -2.2615 -2.4016 -2.5354 -2.6632 -2.7856 -2.9032 -3.0166 -3.1261 -3.2320
 -3.3347
 -0.2365 -0.2890 -0.3431 -0.3992 -0.4577 -0.5188 -0.5822 -0.6475 -0.7142 -0.7815
 -0.8484 -0.9146 -0.9797 -1.0441 -1.1098 -1.2875 -1.4703 -1.6443 -1.8065 -1.9612
 -2.1120 -2.2594 -2.4008 -2.5356 -2.6641 -2.7871 -2.9051 -3.0185 -3.1278 -3.2334
 -3.3374
 -0.2914 -0.3421 -0.3915 -0.4406 -0.4915 -0.5449 -0.6013 -0.6607 -0.7229 -0.7870
 -0.8523 -0.9177 -0.9828 -1.0471 -1.1119 -1.2814 -1.4595 -1.6346 -1.7997 -1.9554
 -2.1064 -2.2545 -2.3976 -2.5340 -2.6637 -2.7875 -2.9062 -3.0202 -3.1297 -3.2353
 -3.3373
 -0.3511 -0.4022 -0.4497 -0.4946 -0.5394 -0.5854 -0.6340 -0.6862 -0.7420 -0.8010
 -0.8625 -0.9258 -0.9926 -1.0565 -1.1203 -1.2805 -1.4484 -1.6213 -1.7904
 [Fe/H] = -1.00 [alpha/Fe] = 0.00 BC value = F560W
 -0.1785 -0.2408 -0.2955 -0.3436 -0.3864 -0.4316 -0.4872 -0.5561 -0.6294 -0.7045
 -0.7807 -0.8583 -0.9354 -1.0111 -1.0850 -1.2606 -1.4231 -1.5747 -1.7224
 -0.2094 -0.2792 -0.3413 -0.3960 -0.4449 -0.4915 -0.5446 -0.6084 -0.6760 -0.7452
 -0.8159 -0.8894 -0.9652 -1.0413 -1.1160 -1.2942 -1.4583 -1.6113 -1.7574 -1.9042
 -0.2119 -0.2922 -0.3638 -0.4270 -0.4828 -0.5333 -0.5853 -0.6453 -0.7091 -0.7740
 -0.8398 -0.9080 -0.9802 -1.0552 -1.1303 -1.3105 -1.4779 -1.6333 -1.7798 -1.9256
 -2.0718
 -0.1709 -0.2616 -0.3502 -0.4311 -0.5016 -0.5622 -0.6168 -0.6747 -0.7358 -0.7977
 -0.8597 -0.9227 -0.9896 -1.0616 -1.1359 -1.3175 -1.4880 -1.6464 -1.7948 -1.9403
 -2.0856 -2.2288
 -0.1386 -0.2241 -0.3087 -0.3926 -0.4756 -0.5562 -0.6285 -0.6930 -0.7554 -0.8172
 -0.8777 -0.9374 -0.9987 -1.0656 -1.1375 -1.3194 -1.4923 -1.6537 -1.8046 -1.9505
 -2.0952 -2.2378 -2.3760 -2.5090
 -0.1247 -0.2023 -0.2816 -0.3626 -0.4431 -0.5224 -0.6003 -0.6767 -0.7510 -0.8215
 -0.8874 -0.9494 -1.0093 -1.0708 -1.1383 -1.3184 -1.4930 -1.6572 -1.8107 -1.9575
 -2.1019 -2.2441 -2.3821 -2.5149 -2.6426 -2.7660 -2.8858 -3.0022 -3.1149 -3.2236
 -0.1224 -0.1962 -0.2712 -0.3483 -0.4270 -0.5056 -0.5823 -0.6562 -0.7280 -0.7998
 -0.8728 -0.9443 -1.0122 -1.0762 -1.1407 -1.3161 -1.4917 -1.6579 -1.8139 -1.9620
 -2.1064 -2.2484 -2.3865 -2.5192 -2.6467 -2.7695 -2.8884 -3.0036 -3.1153 -3.2233
 -3.3283
 -0.1267 -0.1979 -0.2698 -0.3435 -0.4189 -0.4952 -0.5711 -0.6452 -0.7168 -0.7860
 -0.8542 -0.9240 -0.9956 -1.0673 -1.1384 -1.3135 -1.4890 -1.6568 -1.8149 -1.9645
 -2.1092 -2.2511 -2.3893 -2.5223 -2.6499 -2.7725 -2.8908 -3.0052 -3.1161 -3.2234
 -3.3271
 -0.1386 -0.2064 -0.2751 -0.3459 -0.4182 -0.4918 -0.5658 -0.6391 -0.7111 -0.7809
 -0.8485 -0.9151 -0.9823 -1.0520 -1.1245 -1.3103 -1.4877 -1.6567 -1.8164 -1.9675
 -2.1128 -2.2548 -2.3933 -2.5270 -2.6550 -2.7779 -2.8962 -3.0102 -3.1206 -3.2274
 -3.3307
 -0.1598 -0.2227 -0.2866 -0.3536 -0.4225 -0.4926 -0.5638 -0.6351 -0.7062 -0.7763
 -0.8447 -0.9115 -0.9773 -1.0436 -1.1121 -1.2959 -1.4810 -1.6525 -1.8135 -1.9658
 -2.1117 -2.2537 -2.3925 -2.5268 -2.6555 -2.7789 -2.8975 -3.0115 -3.1215 -3.2280
 -3.3309
 -0.1925 -0.2498 -0.3082 -0.3699 -0.4338 -0.4999 -0.5675 -0.6359 -0.7049 -0.7740
 -0.8424 -0.9099 -0.9762 -1.0418 -1.1080 -1.2831 -1.4672 -1.6454 -1.8091 -1.9625
 -2.1089 -2.2511 -2.3902 -2.5251 -2.6548 -2.7790 -2.8982 -3.0126 -3.1228 -3.2292
 -3.3320
 -0.2359 -0.2880 -0.3414 -0.3972 -0.4556 -0.5163 -0.5790 -0.6432 -0.7090 -0.7756
 -0.8428 -0.9099 -0.9766 -1.0427 -1.1122 -1.2719 -1.4463 -1.6354 -1.8032
 [Fe/H] = -0.75 [alpha/Fe] = 0.00 BC value = F560W
 -0.1643 -0.2240 -0.2765 -0.3231 -0.3652 -0.4107 -0.4675 -0.5390 -0.6171 -0.6979
 -0.7796 -0.8610 -0.9406 -1.0176 -1.0920 -1.2677 -1.4300 -1.5806 -1.7250
 -0.2007 -0.2675 -0.3270 -0.3790 -0.4258 -0.4704 -0.5226 -0.5880 -0.6596 -0.7347
 -0.8118 -0.8905 -0.9693 -1.0470 -1.1226 -1.3014 -1.4656 -1.6175 -1.7626 -1.9054
 -0.2153 -0.2895 -0.3558 -0.4145 -0.4659 -0.5121 -0.5617 -0.6226 -0.6893 -0.7595
 -0.8319 -0.9064 -0.9829 -1.0600 -1.1360 -1.3170 -1.4846 -1.6401 -1.7853 -1.9276
 -2.0707
 -0.1950 -0.2837 -0.3631 -0.4326 -0.4927 -0.5446 -0.5936 -0.6508 -0.7137 -0.7797
 -0.8477 -0.9176 -0.9901 -1.0651 -1.1407 -1.3232 -1.4937 -1.6523 -1.7999 -1.9426
 -2.0848 -2.2260
 -0.1638 -0.2462 -0.3260 -0.4121 -0.4919 -0.5608 -0.6179 -0.6745 -0.7351 -0.7983
 -0.8627 -0.9284 -0.9961 -1.0673 -1.1412 -1.3242 -1.4969 -1.6586 -1.8091 -1.9529
 -2.0947 -2.2351 -2.3725 -2.5054
 -0.1360 -0.2079 -0.2895 -0.3721 -0.4539 -0.5330 -0.6080 -0.6785 -0.7460 -0.8115
 -0.8759 -0.9398 -1.0038 -1.0702 -1.1407 -1.3225 -1.4969 -1.6611 -1.8144 -1.9597
 -2.1015 -2.2414 -2.3784 -2.5109 -2.6387 -2.7625 -2.8827 -2.9994 -3.1125 -3.2216
 -0.1208 -0.1961 -0.2724 -0.3505 -0.4297 -0.5081 -0.5836 -0.6560 -0.7279 -0.8011
 -0.8738 -0.9437 -1.0102 -1.0751 -1.1415 -1.3194 -1.4949 -1.6611 -1.8170 -1.9640
 -2.1061 -2.2457 -2.3824 -2.5149 -2.6424 -2.7655 -2.8847 -3.0003 -3.1126 -3.2211
 -3.3260
 -0.1224 -0.1950 -0.2675 -0.3416 -0.4175 -0.4944 -0.5703 -0.6437 -0.7146 -0.7840
 -0.8543 -0.9269 -1.0004 -1.0725 -1.1421 -1.3161 -1.4917 -1.6594 -1.8174 -1.9662
 -2.1089 -2.2484 -2.3850 -2.5176 -2.6452 -2.7680 -2.8866 -3.0015 -3.1129 -3.2208
 -3.3248
 -0.1292 -0.1996 -0.2698 -0.3410 -0.4140 -0.4885 -0.5633 -0.6372 -0.7091 -0.7787
 -0.8466 -0.9145 -0.9843 -1.0568 -1.1311 -1.3145 -1.4900 -1.6589 -1.8186 -1.9691
 -2.1127 -2.2523 -2.3890 -2.5220 -2.6500 -2.7731 -2.8917 -3.0061 -3.1169 -3.2243
 -3.3281
 -0.1401 -0.2084 -0.2755 -0.3441 -0.4144 -0.4863 -0.5591 -0.6318 -0.7039 -0.7744
 -0.8429 -0.9099 -0.9766 -1.0447 -1.1154 -1.3017 -1.4849 -1.6547 -1.8156 -1.9675
 -2.1120 -2.2518 -2.3884 -2.5216 -2.6503 -2.7738 -2.8926 -3.0070 -3.1174 -3.2244
 -3.3278
 -0.1599 -0.2236 -0.2876 -0.3525 -0.4198 -0.4889 -0.5592 -0.6299 -0.7007 -0.7710
 -0.8402 -0.9080 -0.9745 -1.0409 -1.1082 -1.2864 -1.4722 -1.6494 -1.8116 -1.9646
 -2.1100 -2.2500 -2.3866 -2.5202 -2.6494 -2.7736 -2.8931 -3.0078 -3.1183 -3.2251
 -3.3284
 -0.1911 -0.2492 -0.3082 -0.3687 -0.4319 -0.4972 -0.5642 -0.6322 -0.7009 -0.7699
 -0.8386 -0.9067 -0.9739 -1.0403 -1.1095 -1.2686 -1.4519 -1.6430 -1.8066
 [Fe/H] = -0.50 [alpha/Fe] = 0.00 BC value = F560W
 -0.1488 -0.2057 -0.2559 -0.3015 -0.3438 -0.3903 -0.4489 -0.5232 -0.6059 -0.6917
 -0.7778 -0.8624 -0.9443 -1.0228 -1.0980 -1.2741 -1.4364 -1.5860 -1.7291
 -0.1898 -0.2538 -0.3105 -0.3605 -0.4062 -0.4501 -0.5020 -0.5690 -0.6445 -0.7250
 -0.8077 -0.8906 -0.9723 -1.0516 -1.1282 -1.3080 -1.4725 -1.6251 -1.7684 -1.9077
 -0.2111 -0.2814 -0.3444 -0.3997 -0.4483 -0.4920 -0.5399 -0.6013 -0.6707 -0.7458
 -0.8243 -0.9043 -0.9845 -1.0637 -1.1409 -1.3231 -1.4908 -1.6466 -1.7914 -1.9307
 -2.0705
 -0.2112 -0.2907 -0.3619 -0.4247 -0.4792 -0.5263 -0.5715 -0.6279 -0.6924 -0.7623
 -0.8360 -0.9121 -0.9896 -1.0676 -1.1446 -1.3285 -1.4990 -1.6579 -1.8054 -1.9460
 -2.0851 -2.2237
 -0.1694 -0.2614 -0.3492 -0.4281 -0.4958 -0.5523 -0.6001 -0.6525 -0.7128 -0.7782
 -0.8472 -0.9190 -0.9927 -1.0681 -1.1441 -1.3288 -1.5015 -1.6632 -1.8137 -1.9561
 -2.0952 -2.2330 -2.3688 -2.5013
 -0.1341 -0.2180 -0.3033 -0.3883 -0.4707 -0.5474 -0.6132 -0.6710 -0.7309 -0.7940
 -0.8596 -0.9273 -0.9969 -1.0686 -1.1422 -1.3263 -1.5007 -1.6648 -1.8182 -1.9626
 -2.1021 -2.2394 -2.3746 -2.5065 -2.6343 -2.7582 -2.8786 -2.9959 -3.1096 -3.2191
 -0.1204 -0.1979 -0.2766 -0.3566 -0.4367 -0.5145 -0.5880 -0.6580 -0.7280 -0.7984
 -0.8676 -0.9354 -1.0029 -1.0711 -1.1412 -1.3225 -1.4980 -1.6640 -1.8199 -1.9664
 -2.1066 -2.2438 -2.3785 -2.5102 -2.6376 -2.7608 -2.8803 -2.9964 -3.1092 -3.2184
 -3.3236
 -0.1193 -0.1930 -0.2668 -0.3419 -0.4187 -0.4955 -0.5703 -0.6416 -0.7111 -0.7813
 -0.8539 -0.9282 -1.0017 -1.0728 -1.1420 -1.3184 -1.4943 -1.6618 -1.8196 -1.9681
 -2.1094 -2.2465 -2.3810 -2.5126 -2.6400 -2.7630 -2.8819 -2.9971 -3.1090 -3.2175
 -3.3223
 -0.1246 -0.1961 -0.2671 -0.3387 -0.4120 -0.4868 -0.5615 -0.6345 -0.7054 -0.7744
 -0.8431 -0.9134 -0.9863 -1.0613 -1.1363 -1.3168 -1.4922 -1.6608 -1.8203 -1.9705
 -2.1130 -2.2506 -2.3851 -2.5168 -2.6444 -2.7676 -2.8864 -3.0012 -3.1125 -3.2204
 -3.3249
 -0.1305 -0.2017 -0.2705 -0.3398 -0.4103 -0.4825 -0.5557 -0.6287 -0.7007 -0.7709
 -0.8393 -0.9070 -0.9754 -1.0460 -1.1191 -1.3073 -1.4872 -1.6564 -1.8170 -1.9687
 -2.1124 -2.2504 -2.3848 -2.5165 -2.6445 -2.7680 -2.8869 -3.0017 -3.1125 -3.2199
 -3.3240
 -0.1405 -0.2094 -0.2773 -0.3441 -0.4125 -0.4825 -0.5537 -0.6254 -0.6971 -0.7679
 -0.8373 -0.9052 -0.9724 -1.0398 -1.1089 -1.2907 -1.4771 -1.6515 -1.8130 -1.9659
 -2.1106 -2.2493 -2.3837 -2.5154 -2.6436 -2.7676 -2.8871 -3.0020 -3.1129 -3.2201
 -3.3240
 -0.1586 -0.2234 -0.2879 -0.3528 -0.4185 -0.4861 -0.5552 -0.6252 -0.6956 -0.7658
 -0.8353 -0.9039 -0.9715 -1.0384 -1.1057 -1.2670 -1.4619 -1.6461 -1.8083
 [Fe/H] = -0.25 [alpha/Fe] = 0.00 BC value = F560W
 -0.1330 -0.1872 -0.2357 -0.2808 -0.3234 -0.3713 -0.4323 -0.5102 -0.5973 -0.6870
 -0.7762 -0.8633 -0.9472 -1.0274 -1.1038 -1.2811 -1.4432 -1.5922 -1.7342
 -0.1781 -0.2392 -0.2934 -0.3417 -0.3867 -0.4311 -0.4835 -0.5527 -0.6324 -0.7176
 -0.8046 -0.8909 -0.9749 -1.0560 -1.1339 -1.3152 -1.4802 -1.6325 -1.7754 -1.9120
 -0.2040 -0.2711 -0.3311 -0.3838 -0.4305 -0.4732 -0.5203 -0.5823 -0.6549 -0.7348
 -0.8183 -0.9027 -0.9861 -1.0673 -1.1459 -1.3299 -1.4981 -1.6539 -1.7987 -1.9359
 -2.0722
 -0.2145 -0.2883 -0.3546 -0.4132 -0.4643 -0.5086 -0.5517 -0.6073 -0.6734 -0.7473
 -0.8263 -0.9077 -0.9894 -1.0701 -1.1488 -1.3346 -1.5055 -1.6645 -1.8121 -1.9511
 -2.0874 -2.2231
 -0.1951 -0.2824 -0.3605 -0.4292 -0.4885 -0.5386 -0.5817 -0.6315 -0.6918 -0.7598
 -0.8335 -0.9109 -0.9898 -1.0690 -1.1472 -1.3341 -1.5071 -1.6688 -1.8195 -1.9609
 -2.0977 -2.2328 -2.3663 -2.4973
 -0.1465 -0.2354 -0.3246 -0.4106 -0.4886 -0.5547 -0.6073 -0.6555 -0.7112 -0.7742
 -0.8427 -0.9153 -0.9905 -1.0670 -1.1439 -1.3308 -1.5056 -1.6695 -1.8230 -1.9668
 -2.1045 -2.2394 -2.3722 -2.5029 -2.6301 -2.7539 -2.8745 -2.9921 -3.1062 -3.2161
 -0.1225 -0.2030 -0.2850 -0.3679 -0.4496 -0.5277 -0.5994 -0.6627 -0.7242 -0.7877
 -0.8537 -0.9224 -0.9935 -1.0665 -1.1408 -1.3261 -1.5022 -1.6680 -1.8238 -1.9700
 -2.1089 -2.2439 -2.3763 -2.5064 -2.6332 -2.7563 -2.8759 -2.9922 -3.1054 -3.2151
 -3.3208
 -0.1165 -0.1918 -0.2677 -0.3451 -0.4232 -0.5002 -0.5736 -0.6424 -0.7099 -0.7801
 -0.8525 -0.9252 -0.9970 -1.0681 -1.1396 -1.3211 -1.4979 -1.6651 -1.8228 -1.9711
 -2.1115 -2.2468 -2.3791 -2.5088 -2.6354 -2.7581 -2.8771 -2.9925 -3.1047 -3.2137
 -3.3192
 -0.1203 -0.1930 -0.2650 -0.3378 -0.4121 -0.4871 -0.5612 -0.6324 -0.7011 -0.7693
 -0.8394 -0.9125 -0.9879 -1.0639 -1.1386 -1.3186 -1.4951 -1.6635 -1.8228 -1.9730
 -2.1149 -2.2510 -2.3834 -2.5130 -2.6396 -2.7623 -2.8812 -2.9961 -3.1077 -3.2160
 -3.3211
 -0.1258 -0.1977 -0.2676 -0.3374 -0.4082 -0.4805 -0.5536 -0.6260 -0.6967 -0.7658
 -0.8340 -0.9030 -0.9740 -1.0474 -1.1230 -1.3119 -1.4896 -1.6586 -1.8190 -1.9706
 -2.1140 -2.2510 -2.3835 -2.5131 -2.6396 -2.7625 -2.8813 -2.9961 -3.1072 -3.2150
 -3.3196
 -0.1312 -0.2030 -0.2724 -0.3404 -0.4090 -0.4789 -0.5502 -0.6220 -0.6935 -0.7639
 -0.8328 -0.9010 -0.9692 -1.0385 -1.1098 -1.2957 -1.4817 -1.6534 -1.8148 -1.9675
 -2.1121 -2.2500 -2.3829 -2.5124 -2.6390 -2.7620 -2.8811 -2.9961 -3.1071 -3.2147
 -3.3189
 -0.1398 -0.2097 -0.2780 -0.3453 -0.4122 -0.4804 -0.5499 -0.6204 -0.6913 -0.7619
 -0.8317 -0.9005 -0.9683 -1.0360 -1.0990 -1.2700 -1.4714 -1.6479 -1.8102
 [Fe/H] =  0.00 [alpha/Fe] = 0.00 BC value = F560W
 -0.1154 -0.1669 -0.2138 -0.2585 -0.3034 -0.3510 -0.4132 -0.4968 -0.5883 -0.6807
 -0.7720 -0.8609 -0.9464 -1.0281 -1.1059 -1.2849 -1.4472 -1.5961 -1.7371
 -0.1648 -0.2227 -0.2743 -0.3210 -0.3647 -0.4088 -0.4625 -0.5355 -0.6201 -0.7093
 -0.7993 -0.8880 -0.9740 -1.0567 -1.1358 -1.3192 -1.4850 -1.6371 -1.7800 -1.9155
 -0.1949 -0.2586 -0.3153 -0.3651 -0.4097 -0.4512 -0.4982 -0.5620 -0.6389 -0.7234
 -0.8109 -0.8985 -0.9843 -1.0674 -1.1473 -1.3334 -1.5025 -1.6582 -1.8033 -1.9397
 -2.0732
 -0.2118 -0.2812 -0.3434 -0.3983 -0.4461 -0.4879 -0.5298 -0.5851 -0.6538 -0.7321
 -0.8158 -0.9013 -0.9863 -1.0693 -1.1496 -1.3375 -1.5093 -1.6682 -1.8160 -1.9545
 -2.0886 -2.2216
 -0.2017 -0.2889 -0.3591 -0.4212 -0.4752 -0.5208 -0.5610 -0.6087 -0.6696 -0.7409
 -0.8193 -0.9015 -0.9846 -1.0668 -1.1471 -1.3365 -1.5103 -1.6717 -1.8225 -1.9635
 -2.0986 -2.2314 -2.3627 -2.4924
 -0.1687 -0.2612 -0.3479 -0.4251 -0.4915 -0.5467 -0.5914 -0.6345 -0.6882 -0.7524
 -0.8247 -0.9022 -0.9823 -1.0629 -1.1426 -1.3326 -1.5081 -1.6717 -1.8250 -1.9686
 -2.1051 -2.2380 -2.3688 -2.4977 -2.6243 -2.7480 -2.8688 -2.9868 -3.1013 -3.2118
 -0.1297 -0.2140 -0.3001 -0.3861 -0.4688 -0.5442 -0.6076 -0.6578 -0.7088 -0.7676
 -0.8338 -0.9059 -0.9819 -1.0596 -1.1377 -1.3274 -1.5043 -1.6696 -1.8251 -1.9710
 -2.1091 -2.2424 -2.3729 -2.5012 -2.6271 -2.7500 -2.8697 -2.9864 -3.1001 -3.2104
 -3.3168
 -0.1159 -0.1932 -0.2718 -0.3519 -0.4320 -0.5096 -0.5826 -0.6488 -0.7113 -0.7757
 -0.8428 -0.9125 -0.9845 -1.0587 -1.1341 -1.3215 -1.4995 -1.6662 -1.8235 -1.9715
 -2.1112 -2.2453 -2.3758 -2.5037 -2.6291 -2.7514 -2.8704 -2.9861 -3.0988 -3.2084
 -3.3147
 -0.1168 -0.1902 -0.2638 -0.3385 -0.4143 -0.4901 -0.5635 -0.6326 -0.6984 -0.7652
 -0.8355 -0.9093 -0.9845 -1.0597 -1.1340 -1.3180 -1.4961 -1.6643 -1.8231 -1.9730
 -2.1144 -2.2495 -2.3802 -2.5080 -2.6332 -2.7553 -2.8740 -2.9891 -3.1011 -3.2100
 -3.3159
 -0.1225 -0.1941 -0.2648 -0.3355 -0.4073 -0.4803 -0.5532 -0.6241 -0.6926 -0.7596
 -0.8273 -0.8977 -0.9711 -1.0469 -1.1239 -1.3123 -1.4902 -1.6591 -1.8191 -1.9704
 -2.1133 -2.2495 -2.3806 -2.5083 -2.6332 -2.7552 -2.8737 -2.9886 -3.1000 -3.2082
 -3.3135
 -0.1276 -0.1999 -0.2693 -0.3380 -0.4069 -0.4771 -0.5483 -0.6195 -0.6898 -0.7587
 -0.8265 -0.8947 -0.9642 -1.0357 -1.1094 -1.2990 -1.4836 -1.6538 -1.8147 -1.9671
 -2.1114 -2.2487 -2.3803 -2.5081 -2.6328 -2.7546 -2.8732 -2.9881 -3.0993 -3.2073
 -3.3122
 -0.1316 -0.2041 -0.2740 -0.3420 -0.4094 -0.4775 -0.5469 -0.6172 -0.6877 -0.7577
 -0.8268 -0.8951 -0.9633 -1.0320 -1.0905 -1.2781 -1.4763 -1.6484 -1.8099
 [Fe/H] =  0.25 [alpha/Fe] = 0.00 BC value = F560W
 -0.0982 -0.1474 -0.1936 -0.2373 -0.2837 -0.3379 -0.4042 -0.4859 -0.5813 -0.6757
 -0.7681 -0.8581 -0.9451 -1.0283 -1.1074 -1.2888 -1.4516 -1.6011 -1.7399
 -0.1515 -0.2066 -0.2562 -0.3017 -0.3446 -0.3874 -0.4434 -0.5213 -0.6108 -0.7031
 -0.7950 -0.8852 -0.9727 -1.0569 -1.1374 -1.3233 -1.4906 -1.6426 -1.7853 -1.9204
 -0.1855 -0.2459 -0.2997 -0.3473 -0.3900 -0.4306 -0.4777 -0.5442 -0.6261 -0.7147
 -0.8051 -0.8949 -0.9825 -1.0672 -1.1485 -1.3371 -1.5077 -1.6635 -1.8086 -1.9447
 -2.0772
 -0.2070 -0.2726 -0.3313 -0.3829 -0.4279 -0.4678 -0.5091 -0.5645 -0.6372 -0.7201
 -0.8076 -0.8961 -0.9834 -1.0683 -1.1502 -1.3408 -1.5139 -1.6728 -1.8207 -1.9589
 -2.0912 -2.2218
 -0.2162 -0.2881 -0.3530 -0.4103 -0.4600 -0.5025 -0.5409 -0.5872 -0.6496 -0.7249
 -0.8078 -0.8938 -0.9800 -1.0647 -1.1469 -1.3391 -1.5142 -1.6756 -1.8263 -1.9671
 -2.1009 -2.2316 -2.3607 -2.4884
 -0.1976 -0.2826 -0.3588 -0.4260 -0.4841 -0.5330 -0.5734 -0.6139 -0.6665 -0.7329
 -0.8093 -0.8914 -0.9754 -1.0591 -1.1412 -1.3347 -1.5115 -1.6749 -1.8280 -1.9714
 -2.1070 -2.2383 -2.3671 -2.4940 -2.6192 -2.7423 -2.8629 -2.9811 -3.0959 -3.2068
 -0.1450 -0.2355 -0.3242 -0.4097 -0.4860 -0.5505 -0.6017 -0.6430 -0.6887 -0.7461
 -0.8148 -0.8913 -0.9717 -1.0534 -1.1346 -1.3287 -1.5071 -1.6722 -1.8273 -1.9731
 -2.1106 -2.2426 -2.3715 -2.4979 -2.6222 -2.7442 -2.8636 -2.9803 -3.0943 -3.2050
 -3.3119
 -0.1195 -0.1994 -0.2814 -0.3646 -0.4469 -0.5255 -0.5971 -0.6573 -0.7087 -0.7630
 -0.8254 -0.8954 -0.9710 -1.0494 -1.1287 -1.3219 -1.5017 -1.6685 -1.8252 -1.9729
 -2.1123 -2.2454 -2.3744 -2.5006 -2.6244 -2.7456 -2.8641 -2.9796 -3.0924 -3.2025
 -3.3094
 -0.1149 -0.1895 -0.2649 -0.3420 -0.4198 -0.4966 -0.5699 -0.6376 -0.7013 -0.7642
 -0.8308 -0.9014 -0.9748 -1.0501 -1.1266 -1.3171 -1.4977 -1.6661 -1.8244 -1.9739
 -2.1151 -2.2495 -2.3790 -2.5052 -2.6286 -2.7494 -2.8674 -2.9822 -3.0942 -3.2035
 -3.3099
 -0.1192 -0.1911 -0.2624 -0.3345 -0.4079 -0.4819 -0.5548 -0.6244 -0.6905 -0.7551
 -0.8216 -0.8925 -0.9671 -1.0438 -1.1211 -1.3105 -1.4910 -1.6605 -1.8201 -1.9710
 -2.1137 -2.2493 -2.3795 -2.5057 -2.6288 -2.7492 -2.8668 -2.9813 -3.0926 -3.2011
 -3.3069
 -0.1258 -0.1973 -0.2667 -0.3358 -0.4056 -0.4765 -0.5479 -0.6183 -0.6868 -0.7533
 -0.8194 -0.8874 -0.9583 -1.0321 -1.1080 -1.3005 -1.4843 -1.6548 -1.8155 -1.9675
 -2.1115 -2.2484 -2.3793 -2.5057 -2.6286 -2.7487 -2.8662 -2.9804 -3.0915 -3.1996
 -3.3049
 -0.1300 -0.2023 -0.2722 -0.3398 -0.4077 -0.4761 -0.5454 -0.6153 -0.6849 -0.7534
 -0.8209 -0.8883 -0.9567 -1.0267 -1.0873 -1.2871 -1.4776 -1.6490 -1.8106
 [Fe/H] =  0.50 [alpha/Fe] = 0.00 BC value = F560W
 -0.0808 -0.0868 -0.1128 -0.1569 -0.2170 -0.2916 -0.3793 -0.4768 -0.5752 -0.6708
 -0.7638 -0.8546 -0.9426 -1.0271 -1.1078 -1.2917 -1.4561 -1.6060 -1.7439
 -0.1380 -0.1897 -0.2384 -0.2829 -0.3206 -0.3633 -0.4242 -0.5088 -0.6029 -0.6974
 -0.7904 -0.8817 -0.9703 -1.0557 -1.1375 -1.3262 -1.4954 -1.6479 -1.7888 -1.9228
 -0.1757 -0.2329 -0.2840 -0.3296 -0.3708 -0.4103 -0.4574 -0.5280 -0.6152 -0.7072
 -0.7996 -0.8907 -0.9797 -1.0656 -1.1482 -1.3397 -1.5121 -1.6683 -1.8135 -1.9495
 -2.0805
 -0.2013 -0.2634 -0.3187 -0.3672 -0.4097 -0.4478 -0.4880 -0.5448 -0.6224 -0.7099
 -0.8003 -0.8908 -0.9797 -1.0661 -1.1494 -1.3428 -1.5177 -1.6771 -1.8250 -1.9631
 -2.0942 -2.2226
 -0.2169 -0.2843 -0.3448 -0.3981 -0.4441 -0.4837 -0.5202 -0.5659 -0.6309 -0.7110
 -0.7979 -0.8867 -0.9751 -1.0616 -1.1454 -1.3406 -1.5175 -1.6793 -1.8298 -1.9705
 -2.1034 -2.2324 -2.3594 -2.4852
 -0.2160 -0.2918 -0.3601 -0.4206 -0.4730 -0.5172 -0.5543 -0.5929 -0.6452 -0.7150
 -0.7959 -0.8816 -0.9686 -1.0546 -1.1386 -1.3356 -1.5142 -1.6780 -1.8307 -1.9740
 -2.1090 -2.2389 -2.3659 -2.4911 -2.6145 -2.7364 -2.8567 -2.9746 -3.0895 -3.2008
 -0.1751 -0.2582 -0.3496 -0.4248 -0.4897 -0.5439 -0.5873 -0.6244 -0.6673 -0.7252
 -0.7974 -0.8781 -0.9623 -1.0470 -1.1306 -1.3288 -1.5093 -1.6748 -1.8294 -1.9749
 -2.1120 -2.2431 -2.3705 -2.4953 -2.6179 -2.7386 -2.8573 -2.9737 -3.0878 -3.1987
 -3.3061
 -0.1297 -0.2133 -0.2994 -0.3859 -0.4686 -0.5434 -0.6058 -0.6535 -0.6948 -0.7431
 -0.8052 -0.8786 -0.9582 -1.0404 -1.1227 -1.3212 -1.5033 -1.6707 -1.8269 -1.9741
 -2.1132 -2.2457 -2.3736 -2.4983 -2.6204 -2.7401 -2.8576 -2.9728 -3.0855 -3.1959
 -3.3030
 -0.1167 -0.1927 -0.2706 -0.3503 -0.4303 -0.5082 -0.5822 -0.6493 -0.7078 -0.7612
 -0.8192 -0.8860 -0.9600 -1.0383 -1.1183 -1.3152 -1.4987 -1.6678 -1.8257 -1.9747
 -2.1156 -2.2495 -2.3781 -2.5031 -2.6249 -2.7440 -2.8609 -2.9751 -3.0868 -3.1962
 -3.3030
 -0.1177 -0.1897 -0.2621 -0.3359 -0.4110 -0.4862 -0.5591 -0.6279 -0.6925 -0.7545
 -0.8179 -0.8862 -0.9592 -1.0354 -1.1132 -1.3071 -1.4912 -1.6619 -1.8212 -1.9715
 -2.1138 -2.2491 -2.3785 -2.5036 -2.6252 -2.7440 -2.8603 -2.9739 -3.0849 -3.1933
 -3.2993
 -0.1249 -0.1952 -0.2646 -0.3343 -0.4053 -0.4772 -0.5489 -0.6186 -0.6853 -0.7493
 -0.8131 -0.8802 -0.9516 -1.0267 -1.1040 -1.2986 -1.4836 -1.6556 -1.8163 -1.9679
 -2.1114 -2.2479 -2.3782 -2.5036 -2.6252 -2.7437 -2.8597 -2.9730 -3.0835 -3.1913
 -3.2966
 -0.1307 -0.2020 -0.2705 -0.3384 -0.4064 -0.4754 -0.5451 -0.6146 -0.6830 -0.7495
 -0.8146 -0.8804 -0.9486 -1.0199 -1.0907 -1.2897 -1.4759 -1.6489 -1.8110
 [Fe/H] =  0.75 [alpha/Fe] = 0.00 BC value = F560W
 -0.0630 -0.0778 -0.1096 -0.1568 -0.2176 -0.2907 -0.3749 -0.4690 -0.5695 -0.6662
 -0.7596 -0.8509 -0.9396 -1.0253 -1.1072 -1.2940 -1.4606 -1.6111 -1.7492
 -0.1239 -0.1730 -0.2205 -0.2644 -0.2998 -0.3414 -0.4057 -0.4981 -0.5958 -0.6919
 -0.7858 -0.8776 -0.9669 -1.0532 -1.1362 -1.3281 -1.4992 -1.6528 -1.7948 -1.9295
 -0.1663 -0.2246 -0.2682 -0.3120 -0.3520 -0.3906 -0.4378 -0.5134 -0.6057 -0.7004
 -0.7941 -0.8861 -0.9758 -1.0628 -1.1465 -1.3408 -1.5153 -1.6727 -1.8178 -1.9539
 -2.0829
 -0.1954 -0.2539 -0.3059 -0.3517 -0.3918 -0.4282 -0.4678 -0.5267 -0.6095 -0.7009
 -0.7935 -0.8852 -0.9752 -1.0627 -1.1471 -1.3434 -1.5203 -1.6808 -1.8287 -1.9669
 -2.0974 -2.2239
 -0.2161 -0.2795 -0.3361 -0.3856 -0.4282 -0.4651 -0.4998 -0.5452 -0.6138 -0.6988
 -0.7890 -0.8798 -0.9696 -1.0574 -1.1424 -1.3408 -1.5196 -1.6825 -1.8328 -1.9734
 -2.1059 -2.2335 -2.3587 -2.4825
 -0.2255 -0.2951 -0.3578 -0.4131 -0.4608 -0.5010 -0.5349 -0.5719 -0.6248 -0.6989
 -0.7840 -0.8728 -0.9617 -1.0494 -1.1348 -1.3351 -1.5158 -1.6807 -1.8331 -1.9761
 -2.1108 -2.2396 -2.3651 -2.4887 -2.6104 -2.7309 -2.8502 -2.9678 -3.0824 -3.1939
 -0.2059 -0.2893 -0.3635 -0.4290 -0.4854 -0.5328 -0.5710 -0.6047 -0.6460 -0.7054
 -0.7818 -0.8664 -0.9534 -1.0403 -1.1257 -1.3276 -1.5105 -1.6770 -1.8313 -1.9764
 -2.1132 -2.2435 -2.3696 -2.4931 -2.6142 -2.7333 -2.8510 -2.9668 -3.0807 -3.1916
 -3.2993
 -0.1494 -0.2399 -0.3277 -0.4120 -0.4876 -0.5506 -0.6009 -0.6393 -0.6759 -0.7220
 -0.7859 -0.8632 -0.9465 -1.0316 -1.1163 -1.3190 -1.5040 -1.6724 -1.8284 -1.9752
 -2.1139 -2.2458 -2.3726 -2.4962 -2.6169 -2.7352 -2.8515 -2.9659 -3.0782 -3.1885
 -3.2958
 -0.1238 -0.2022 -0.2833 -0.3657 -0.4478 -0.5269 -0.5989 -0.6590 -0.7058 -0.7482
 -0.8005 -0.8678 -0.9450 -1.0268 -1.1097 -1.3119 -1.4986 -1.6692 -1.8269 -1.9754
 -2.1158 -2.2492 -2.3771 -2.5009 -2.6215 -2.7393 -2.8549 -2.9682 -3.0793 -3.1884
 -3.2953
 -0.1191 -0.1917 -0.2656 -0.3413 -0.4182 -0.4943 -0.5676 -0.6363 -0.7001 -0.7583
 -0.8136 -0.8749 -0.9455 -1.0225 -1.1026 -1.3024 -1.4902 -1.6627 -1.8222 -1.9720
 -2.1138 -2.2486 -2.3774 -2.5016 -2.6221 -2.7395 -2.8544 -2.9669 -3.0772 -3.1852
 -3.2911
 -0.1249 -0.1949 -0.2644 -0.3350 -0.4072 -0.4801 -0.5520 -0.6208 -0.6861 -0.7485
 -0.8101 -0.8742 -0.9438 -1.0183 -1.0961 -1.2933 -1.4816 -1.6558 -1.8171 -1.9682
 -2.1112 -2.2472 -2.3770 -2.5016 -2.6222 -2.7394 -2.8540 -2.9660 -3.0756 -3.1829
 -3.2879
 -0.1329 -0.2024 -0.2702 -0.3378 -0.4062 -0.4759 -0.5460 -0.6151 -0.6820 -0.7464
 -0.8092 -0.8732 -0.9404 -1.0121 -1.0902 -1.2846 -1.4728 -1.6485 -1.8116
 [Fe/H] =  1.00 [alpha/Fe] = 0.00 BC value = F560W
 -0.0458 -0.0629 -0.0968 -0.1457 -0.2081 -0.2827 -0.3681 -0.4634 -0.5649 -0.6625
 -0.7565 -0.8479 -0.9372 -1.0236 -1.1067 -1.2968 -1.4651 -1.6167 -1.7556
 -0.1095 -0.1426 -0.1816 -0.2256 -0.2742 -0.3268 -0.3915 -0.4895 -0.5894 -0.6868
 -0.7813 -0.8733 -0.9631 -1.0501 -1.1341 -1.3289 -1.5023 -1.6573 -1.7997 -1.9342
 -0.1556 -0.2017 -0.2522 -0.2944 -0.3336 -0.3721 -0.4175 -0.5007 -0.5973 -0.6938
 -0.7885 -0.8809 -0.9712 -1.0588 -1.1434 -1.3405 -1.5174 -1.6764 -1.8218 -1.9577
 -2.0866
 -0.1891 -0.2440 -0.2928 -0.3360 -0.3743 -0.4096 -0.4485 -0.5100 -0.5981 -0.6925
 -0.7867 -0.8794 -0.9698 -1.0580 -1.1433 -1.3423 -1.5215 -1.6837 -1.8318 -1.9698
 -2.1004 -2.2259
 -0.2146 -0.2742 -0.3270 -0.3731 -0.4128 -0.4472 -0.4801 -0.5258 -0.5987 -0.6879
 -0.7805 -0.8728 -0.9634 -1.0520 -1.1380 -1.3391 -1.5202 -1.6847 -1.8353 -1.9759
 -2.1083 -2.2348 -2.3584 -2.4805
 -0.2312 -0.2961 -0.3541 -0.4050 -0.4487 -0.4853 -0.5164 -0.5514 -0.6058 -0.6845
 -0.7733 -0.8642 -0.9546 -1.0432 -1.1297 -1.3329 -1.5161 -1.6824 -1.8351 -1.9778
 -2.1124 -2.2405 -2.3648 -2.4867 -2.6068 -2.7257 -2.8437 -2.9604 -3.0747 -3.1863
 -0.2296 -0.3039 -0.3701 -0.4286 -0.4789 -0.5209 -0.5549 -0.5852 -0.6252 -0.6870
 -0.7678 -0.8556 -0.9447 -1.0330 -1.1196 -1.3247 -1.5103 -1.6784 -1.8330 -1.9776
 -2.1142 -2.2439 -2.3689 -2.4910 -2.6107 -2.7285 -2.8448 -2.9599 -3.0731 -3.1838
 -3.2917
 -0.1817 -0.2746 -0.3577 -0.4316 -0.4954 -0.5484 -0.5905 -0.6230 -0.6561 -0.7014
 -0.7681 -0.8493 -0.9356 -1.0228 -1.1090 -1.3152 -1.5032 -1.6735 -1.8298 -1.9760
 -2.1143 -2.2458 -2.3717 -2.4940 -2.6136 -2.7307 -2.8457 -2.9591 -3.0709 -3.1807
 -3.2879
 -0.1384 -0.2200 -0.3050 -0.3905 -0.4733 -0.5480 -0.6098 -0.6568 -0.6924 -0.7295
 -0.7805 -0.8504 -0.9311 -1.0157 -1.1008 -1.3070 -1.4971 -1.6697 -1.8280 -1.9758
 -2.1158 -2.2488 -2.3759 -2.4988 -2.6183 -2.7350 -2.8494 -2.9616 -3.0719 -3.1804
 -3.2871
 -0.1249 -0.1988 -0.2745 -0.3524 -0.4312 -0.5085 -0.5826 -0.6507 -0.7091 -0.7573
 -0.8014 -0.8578 -0.9292 -1.0090 -1.0916 -1.2963 -1.4878 -1.6627 -1.8230 -1.9723
 -2.1136 -2.2479 -2.3761 -2.4994 -2.6189 -2.7353 -2.8491 -2.9605 -3.0697 -3.1770
 -3.2825
 -0.1275 -0.1974 -0.2675 -0.3392 -0.4126 -0.4863 -0.5583 -0.6265 -0.6908 -0.7524
 -0.8109 -0.8684 -0.9325 -1.0058 -1.0846 -1.2861 -1.4782 -1.6551 -1.8175 -1.9685
 -2.1109 -2.2464 -2.3756 -2.4995 -2.6192 -2.7354 -2.8488 -2.9596 -3.0681 -3.1745
 -3.2790
 -0.1362 -0.2045 -0.2718 -0.3393 -0.4082 -0.4785 -0.5488 -0.6172 -0.6825 -0.7450
 -0.8061 -0.8679 -0.9328 -1.0030 -1.0798 -1.2764 -1.4683 -1.6469 -1.8115
