 [Fe/H] = -2.00 [alpha/Fe] =-0.40 BC value =F150W2
  1.0520  1.1232  1.1956  1.2084  1.1827  1.1638  1.1509  1.1336  1.1041  1.0761
  1.0424  1.0050  0.9636  0.9202  0.8750  0.7586  0.6316  0.4976  0.3692
  1.0840  1.0850  1.0898  1.1069  1.1344  1.1433  1.1302  1.1074  1.0805  1.0501
  1.0158  0.9777  0.9367  0.8936  0.8491  0.7333  0.6117  0.4861  0.3605  0.2371
  1.0537  1.0517  1.0482  1.0463  1.0494  1.0655  1.0826  1.0798  1.0593  1.0292
  0.9951  0.9569  0.9157  0.8723  0.8277  0.7127  0.5939  0.4711  0.3476  0.2264
  0.1082
  1.0238  1.0233  1.0182  1.0113  1.0045  0.9993  0.9996  1.0097  1.0137  1.0007
  0.9732  0.9373  0.8969  0.8537  0.8090  0.6943  0.5775  0.4575  0.3365  0.2170
  0.1006 -0.0128
  0.9898  0.9939  0.9909  0.9833  0.9735  0.9630  0.9526  0.9438  0.9413  0.9395
  0.9308  0.9090  0.8761  0.8360  0.7922  0.6781  0.5625  0.4452  0.3268  0.2088
  0.0936 -0.0184 -0.1273 -0.2338
  0.9509  0.9593  0.9610  0.9560  0.9465  0.9344  0.9213  0.9076  0.8935  0.8806
  0.8701  0.8579  0.8379  0.8089  0.7724  0.6634  0.5489  0.4339  0.3181  0.2018
  0.0874 -0.0238 -0.1317 -0.2367 -0.3395 -0.4405 -0.5397 -0.6373 -0.7333 -0.8279
  0.9076  0.9194  0.9261  0.9250  0.9186  0.9076  0.8939  0.8789  0.8629  0.8459
  0.8279  0.8098  0.7910  0.7686  0.7404  0.6470  0.5366  0.4236  0.3101  0.1959
  0.0823 -0.0285 -0.1360 -0.2403 -0.3417 -0.4402 -0.5366 -0.6319 -0.7270 -0.8218
 -0.9142
  0.8606  0.8750  0.8849  0.8880  0.8858  0.8782  0.8663  0.8517  0.8353  0.8180
  0.7991  0.7784  0.7560  0.7319  0.7058  0.6245  0.5234  0.4138  0.3026  0.1907
  0.0786 -0.0321 -0.1397 -0.2438 -0.3448 -0.4428 -0.5380 -0.6313 -0.7236 -0.8157
 -0.9081
  0.8103  0.8268  0.8386  0.8444  0.8463  0.8429  0.8347  0.8224  0.8071  0.7902
  0.7721  0.7522  0.7299  0.7051  0.6779  0.6002  0.5069  0.4029  0.2941  0.1844
  0.0740 -0.0359 -0.1439 -0.2487 -0.3500 -0.4480 -0.5431 -0.6358 -0.7269 -0.8167
 -0.9051
  0.7572  0.7757  0.7888  0.7970  0.8009  0.8007  0.7967  0.7883  0.7758  0.7606
  0.7437  0.7252  0.7049  0.6817  0.6557  0.5800  0.4916  0.3926  0.2874  0.1800
  0.0718 -0.0365 -0.1439 -0.2492 -0.3513 -0.4498 -0.5452 -0.6376 -0.7276 -0.8156
 -0.9034
  0.7016  0.7207  0.7349  0.7446  0.7504  0.7526  0.7515  0.7471  0.7386  0.7267
  0.7120  0.6953  0.6770  0.6568  0.6340  0.5630  0.4772  0.3828  0.2813  0.1759
  0.0696 -0.0369 -0.1430 -0.2480 -0.3507 -0.4502 -0.5464 -0.6394 -0.7294 -0.8170
 -0.9027
  0.6428  0.6555  0.6682  0.6798  0.6893  0.6959  0.6991  0.6984  0.6939  0.6860
  0.6749  0.6610  0.6451  0.6274  0.6078  0.5455  0.4642  0.3728  0.2749
 [Fe/H] = -1.50 [alpha/Fe] =-0.40 BC value =F150W2
  1.1613  1.1977  1.2100  1.1971  1.1762  1.1551  1.1334  1.1087  1.0819  1.0532
  1.0213  0.9861  0.9479  0.9072  0.8645  0.7520  0.6317  0.5055  0.3778
  1.1129  1.1165  1.1396  1.1678  1.1639  1.1431  1.1188  1.0932  1.0658  1.0362
  1.0032  0.9669  0.9279  0.8864  0.8431  0.7300  0.6120  0.4897  0.3651  0.2419
  1.0862  1.0807  1.0774  1.0837  1.1095  1.1226  1.1070  1.0807  1.0520  1.0218
  0.9884  0.9517  0.9120  0.8701  0.8263  0.7127  0.5956  0.4754  0.3530  0.2320
  0.1136
  1.0636  1.0581  1.0492  1.0391  1.0349  1.0433  1.0617  1.0618  1.0390  1.0090
  0.9757  0.9391  0.8994  0.8572  0.8131  0.6988  0.5821  0.4634  0.3430  0.2234
  0.1067 -0.0070
  1.0399  1.0376  1.0291  1.0174  1.0052  0.9937  0.9877  0.9904  0.9976  0.9880
  0.9619  0.9273  0.8883  0.8465  0.8025  0.6877  0.5710  0.4534  0.3347  0.2163
  0.1006 -0.0118 -0.1212 -0.2284
  1.0123  1.0148  1.0094  0.9987  0.9846  0.9692  0.9532  0.9380  0.9274  0.9252
  0.9210  0.9040  0.8742  0.8358  0.7930  0.6787  0.5618  0.4450  0.3278  0.2105
  0.0954 -0.0164 -0.1249 -0.2304 -0.3332 -0.4341 -0.5334 -0.6318 -0.7292 -0.8243
  0.9812  0.9877  0.9865  0.9790  0.9663  0.9502  0.9324  0.9134  0.8936  0.8753
  0.8610  0.8504  0.8357  0.8114  0.7781  0.6705  0.5542  0.4379  0.3219  0.2060
  0.0913 -0.0204 -0.1285 -0.2333 -0.3353 -0.4347 -0.5321 -0.6281 -0.7230 -0.8172
 -0.9107
  0.9465  0.9556  0.9585  0.9552  0.9459  0.9317  0.9140  0.8944  0.8732  0.8509
  0.8282  0.8068  0.7876  0.7684  0.7449  0.6582  0.5471  0.4318  0.3169  0.2024
  0.0886 -0.0231 -0.1315 -0.2363 -0.3378 -0.4360 -0.5318 -0.6259 -0.7190 -0.8118
 -0.9046
  0.9093  0.9199  0.9256  0.9260  0.9207  0.9099  0.8943  0.8755  0.8545  0.8321
  0.8082  0.7832  0.7577  0.7326  0.7079  0.6342  0.5360  0.4245  0.3110  0.1978
  0.0853 -0.0262 -0.1350 -0.2405 -0.3424 -0.4410 -0.5369 -0.6307 -0.7227 -0.8129
 -0.9013
  0.8706  0.8819  0.8889  0.8913  0.8897  0.8829  0.8710  0.8547  0.8351  0.8135
  0.7903  0.7656  0.7393  0.7116  0.6832  0.6091  0.5207  0.4173  0.3068  0.1954
  0.0844 -0.0258 -0.1344 -0.2405 -0.3432 -0.4423 -0.5384 -0.6314 -0.7221 -0.8108
 -0.8993
  0.8325  0.8420  0.8485  0.8522  0.8534  0.8499  0.8418  0.8291  0.8123  0.7925
  0.7705  0.7470  0.7219  0.6951  0.6664  0.5890  0.5041  0.4075  0.3020  0.1930
  0.0837 -0.0251 -0.1327 -0.2387 -0.3421 -0.4423 -0.5391 -0.6327 -0.7234 -0.8117
 -0.8980
  0.7944  0.8002  0.8046  0.8091  0.8119  0.8114  0.8066  0.7975  0.7842  0.7673
  0.7475  0.7255  0.7019  0.6769  0.6500  0.5742  0.4892  0.3969  0.2963
 [Fe/H] = -1.00 [alpha/Fe] =-0.40 BC value =F150W2
  1.2281  1.2294  1.2076  1.1806  1.1596  1.1389  1.1127  1.0850  1.0574  1.0290
  0.9981  0.9645  0.9285  0.8901  0.8497  0.7422  0.6282  0.5089  0.3848
  1.1440  1.1769  1.1935  1.1756  1.1495  1.1249  1.1000  1.0724  1.0445  1.0155
  0.9837  0.9491  0.9120  0.8726  0.8314  0.7228  0.6094  0.4922  0.3711  0.2489
  1.1115  1.1056  1.1218  1.1521  1.1447  1.1191  1.0914  1.0634  1.0346  1.0051
  0.9730  0.9379  0.9002  0.8602  0.8184  0.7086  0.5949  0.4788  0.3599  0.2399
  0.1214
  1.0945  1.0821  1.0712  1.0717  1.0946  1.1073  1.0874  1.0577  1.0272  0.9968
  0.9646  0.9295  0.8917  0.8515  0.8093  0.6985  0.5841  0.4683  0.3508  0.2324
  0.1156  0.0015
  1.0784  1.0686  1.0536  1.0387  1.0291  1.0319  1.0486  1.0476  1.0219  0.9899
  0.9575  0.9226  0.8851  0.8450  0.8028  0.6914  0.5763  0.4604  0.3437  0.2265
  0.1106 -0.0023 -0.1123 -0.2195
  1.0602  1.0547  1.0421  1.0248  1.0058  0.9893  0.9793  0.9791  0.9856  0.9765
  0.9496  0.9161  0.8792  0.8396  0.7977  0.6863  0.5707  0.4546  0.3383  0.2219
  0.1067 -0.0058 -0.1149 -0.2211 -0.3246 -0.4262 -0.5263 -0.6257 -0.7239 -0.8185
  1.0391  1.0376  1.0292  1.0144  0.9952  0.9743  0.9538  0.9350  0.9206  0.9148
  0.9114  0.8970  0.8698  0.8336  0.7930  0.6824  0.5667  0.4503  0.3344  0.2186
  0.1038 -0.0085 -0.1174 -0.2230 -0.3258 -0.4259 -0.5239 -0.6207 -0.7169 -0.8123
 -0.9048
  1.0152  1.0168  1.0125  1.0016  0.9849  0.9641  0.9412  0.9177  0.8942  0.8724
  0.8546  0.8423  0.8301  0.8103  0.7811  0.6788  0.5636  0.4473  0.3316  0.2165
  0.1023 -0.0101 -0.1192 -0.2249 -0.3272 -0.4268 -0.5237 -0.6187 -0.7124 -0.8056
 -0.8987
  0.9892  0.9927  0.9914  0.9844  0.9715  0.9533  0.9311  0.9066  0.8809  0.8546
  0.8285  0.8041  0.7828  0.7642  0.7442  0.6675  0.5593  0.4435  0.3281  0.2137
  0.1002 -0.0121 -0.1218 -0.2281 -0.3309 -0.4304 -0.5273 -0.6221 -0.7150 -0.8060
 -0.8952
  0.9622  0.9662  0.9664  0.9627  0.9536  0.9391  0.9197  0.8967  0.8711  0.8440
  0.8159  0.7872  0.7591  0.7323  0.7072  0.6418  0.5515  0.4414  0.3271  0.2135
  0.1010 -0.0105 -0.1202 -0.2272 -0.3308 -0.4309 -0.5279 -0.6219 -0.7136 -0.8032
 -0.8915
  0.9365  0.9378  0.9387  0.9369  0.9309  0.9200  0.9042  0.8841  0.8603  0.8341
  0.8061  0.7768  0.7468  0.7165  0.6864  0.6139  0.5340  0.4358  0.3258  0.2136
  0.1022 -0.0083 -0.1174 -0.2246 -0.3290 -0.4300 -0.5278 -0.6224 -0.7140 -0.8033
 -0.8905
  0.9127  0.9107  0.9098  0.9082  0.9038  0.8958  0.8836  0.8669  0.8461  0.8220
  0.7955  0.7670  0.7371  0.7063  0.6747  0.5949  0.5147  0.4248  0.3225
 [Fe/H] = -0.75 [alpha/Fe] =-0.40 BC value =F150W2
  1.2456  1.2292  1.2001  1.1704  1.1476  1.1280  1.1024  1.0736  1.0443  1.0164
  0.9857  0.9527  0.9174  0.8800  0.8407  0.7361  0.6251  0.5089  0.3877
  1.1737  1.2065  1.1944  1.1674  1.1388  1.1151  1.0896  1.0615  1.0325  1.0041
  0.9728  0.9389  0.9026  0.8641  0.8240  0.7178  0.6069  0.4925  0.3741  0.2531
  1.1213  1.1255  1.1606  1.1623  1.1377  1.1086  1.0815  1.0533  1.0240  0.9949
  0.9634  0.9291  0.8923  0.8533  0.8125  0.7050  0.5935  0.4797  0.3632  0.2446
  0.1264
  1.1053  1.0900  1.0842  1.1046  1.1256  1.1081  1.0784  1.0482  1.0179  0.9879
  0.9563  0.9220  0.8852  0.8460  0.8049  0.6964  0.5840  0.4700  0.3545  0.2376
  0.1211  0.0068
  1.0931  1.0783  1.0605  1.0478  1.0492  1.0692  1.0723  1.0468  1.0143  0.9824
  0.9506  0.9164  0.8798  0.8408  0.7997  0.6908  0.5775  0.4631  0.3480  0.2321
  0.1167  0.0036 -0.1066 -0.2142
  1.0791  1.0688  1.0518  1.0316  1.0138  1.0027  1.0035  1.0141  1.0071  0.9785
  0.9454  0.9116  0.8754  0.8368  0.7960  0.6871  0.5732  0.4583  0.3432  0.2280
  0.1134  0.0009 -0.1086 -0.2151 -0.3192 -0.4215 -0.5223 -0.6216 -0.7194 -0.8145
  1.0624  1.0566  1.0436  1.0246  1.0024  0.9809  0.9622  0.9487  0.9443  0.9448
  0.9324  0.9049  0.8707  0.8331  0.7929  0.6845  0.5705  0.4551  0.3400  0.2253
  0.1111 -0.0012 -0.1103 -0.2163 -0.3195 -0.4204 -0.5192 -0.6165 -0.7128 -0.8082
 -0.8996
  1.0432  1.0408  1.0322  1.0169  0.9963  0.9723  0.9479  0.9246  0.9031  0.8861
  0.8755  0.8669  0.8508  0.8239  0.7883  0.6826  0.5688  0.4532  0.3381  0.2237
  0.1101 -0.0021 -0.1115 -0.2175 -0.3203 -0.4204 -0.5179 -0.6135 -0.7078 -0.8014
 -0.8946
  1.0222  1.0221  1.0167  1.0055  0.9883  0.9662  0.9408  0.9142  0.8876  0.8617
  0.8376  0.8168  0.8003  0.7843  0.7631  0.6779  0.5663  0.4508  0.3356  0.2216
  0.1085 -0.0036 -0.1134 -0.2201 -0.3233 -0.4234 -0.5209 -0.6158 -0.7087 -0.8003
 -0.8909
  1.0001  1.0007  0.9977  0.9898  0.9765  0.9578  0.9347  0.9084  0.8803  0.8515
  0.8228  0.7945  0.7679  0.7439  0.7220  0.6581  0.5635  0.4506  0.3359  0.2223
  0.1099 -0.0015 -0.1113 -0.2187 -0.3227 -0.4233 -0.5208 -0.6155 -0.7078 -0.7981
 -0.8869
  0.9788  0.9782  0.9760  0.9704  0.9603  0.9452  0.9253  0.9015  0.8744  0.8454
  0.8153  0.7845  0.7538  0.7239  0.6951  0.6278  0.5490  0.4485  0.3363  0.2235
  0.1119  0.0013 -0.1080 -0.2156 -0.3204 -0.4219 -0.5202 -0.6154 -0.7077 -0.7976
 -0.8852
  0.9598  0.9561  0.9528  0.9481  0.9401  0.9280  0.9115  0.8909  0.8663  0.8389
  0.8094  0.7784  0.7465  0.7142  0.6822  0.6045  0.5281  0.4390  0.3353
 [Fe/H] = -0.50 [alpha/Fe] =-0.40 BC value =F150W2
  1.2538  1.2251  1.1915  1.1599  1.1340  1.1137  1.0890  1.0616  1.0319  1.0040
  0.9735  0.9408  0.9061  0.8694  0.8310  0.7292  0.6211  0.5078  0.3902
  1.2125  1.2153  1.1891  1.1578  1.1275  1.1024  1.0769  1.0493  1.0208  0.9925
  0.9616  0.9283  0.8927  0.8551  0.8159  0.7122  0.6038  0.4920  0.3765  0.2577
  1.1333  1.1624  1.1797  1.1577  1.1277  1.0975  1.0699  1.0417  1.0128  0.9843
  0.9532  0.9196  0.8837  0.8456  0.8058  0.7008  0.5915  0.4800  0.3660  0.2495
  0.1320
  1.1127  1.0982  1.1103  1.1402  1.1281  1.0989  1.0675  1.0376  1.0077  0.9779
  0.9470  0.9134  0.8775  0.8394  0.7994  0.6934  0.5831  0.4712  0.3578  0.2428
  0.1272  0.0130
  1.1039  1.0844  1.0664  1.0634  1.0852  1.0943  1.0696  1.0371  1.0048  0.9733
  0.9421  0.9087  0.8730  0.8351  0.7951  0.6888  0.5777  0.4651  0.3518  0.2377
  0.1234  0.0104 -0.1001 -0.2081
  1.0945  1.0786  1.0572  1.0362  1.0232  1.0249  1.0396  1.0345  1.0050  0.9708
  0.9379  0.9047  0.8694  0.8318  0.7922  0.6860  0.5744  0.4612  0.3476  0.2340
  0.1205  0.0083 -0.1013 -0.2082 -0.3127 -0.4153 -0.5165 -0.6167 -0.7153 -0.8097
  1.0824  1.0713  1.0532  1.0300  1.0065  0.9870  0.9745  0.9724  0.9763  0.9648
  0.9348  0.9010  0.8661  0.8291  0.7900  0.6844  0.5726  0.4588  0.3450  0.2316
  0.1187  0.0070 -0.1023 -0.2086 -0.3123 -0.4136 -0.5129 -0.6108 -0.7077 -0.8034
 -0.8956
  1.0678  1.0608  1.0470  1.0270  1.0025  0.9767  0.9526  0.9321  0.9162  0.9076
  0.9022  0.8871  0.8599  0.8257  0.7877  0.6835  0.5719  0.4578  0.3438  0.2305
  0.1180  0.0066 -0.1027 -0.2090 -0.3123 -0.4129 -0.5114 -0.6077 -0.7025 -0.7963
 -0.8895
  1.0513  1.0474  1.0372  1.0211  0.9994  0.9735  0.9457  0.9186  0.8930  0.8696
  0.8499  0.8350  0.8216  0.8033  0.7767  0.6814  0.5706  0.4564  0.3421  0.2289
  0.1167  0.0054 -0.1041 -0.2109 -0.3145 -0.4151 -0.5132 -0.6088 -0.7024 -0.7945
 -0.8857
  1.0337  1.0311  1.0239  1.0115  0.9936  0.9705  0.9436  0.9147  0.8852  0.8563
  0.8286  0.8024  0.7789  0.7587  0.7392  0.6716  0.5707  0.4575  0.3433  0.2303
  0.1186  0.0078 -0.1016 -0.2090 -0.3133 -0.4143 -0.5124 -0.6078 -0.7008 -0.7918
 -0.8812
  1.0165  1.0135  1.0079  0.9982  0.9836  0.9641  0.9401  0.9125  0.8825  0.8516
  0.8205  0.7898  0.7598  0.7314  0.7051  0.6427  0.5622  0.4581  0.3451  0.2325
  0.1211  0.0110 -0.0980 -0.2055 -0.3105 -0.4124 -0.5112 -0.6070 -0.6999 -0.7906
 -0.8787
  1.0011  0.9960  0.9903  0.9820  0.9699  0.9535  0.9327  0.9080  0.8798  0.8494
  0.8175  0.7849  0.7522  0.7199  0.6884  0.6148  0.5415  0.4521  0.3464
 [Fe/H] = -0.25 [alpha/Fe] =-0.40 BC value =F150W2
  1.2548  1.2192  1.1830  1.1497  1.1221  1.0999  1.0748  1.0495  1.0209  0.9918
  0.9614  0.9291  0.8948  0.8587  0.8211  0.7217  0.6164  0.5062  0.3915
  1.2076  1.2151  1.1818  1.1479  1.1170  1.0905  1.0640  1.0373  1.0094  0.9811
  0.9505  0.9176  0.8827  0.8458  0.8074  0.7060  0.6000  0.4909  0.3782  0.2620
  1.1590  1.1939  1.1800  1.1495  1.1170  1.0872  1.0583  1.0303  1.0015  0.9734
  0.9428  0.9098  0.8746  0.8374  0.7985  0.6958  0.5889  0.4797  0.3681  0.2540
  0.1380
  1.1181  1.1146  1.1492  1.1481  1.1201  1.0880  1.0567  1.0266  0.9968  0.9676
  0.9372  0.9042  0.8691  0.8320  0.7929  0.6895  0.5815  0.4717  0.3605  0.2477
  0.1337  0.0198
  1.1109  1.0880  1.0762  1.0955  1.1136  1.0916  1.0592  1.0263  0.9944  0.9632
  0.9327  0.9000  0.8651  0.8282  0.7893  0.6857  0.5769  0.4664  0.3551  0.2430
  0.1302  0.0178 -0.0927 -0.2009
  1.1059  1.0841  1.0598  1.0420  1.0421  1.0610  1.0591  1.0296  0.9949  0.9613
  0.9289  0.8964  0.8619  0.8253  0.7868  0.6835  0.5743  0.4631  0.3514  0.2396
  0.1277  0.0164 -0.0932 -0.2004 -0.3052 -0.4082 -0.5100 -0.6108 -0.7096 -0.8040
  1.0985  1.0816  1.0583  1.0324  1.0101  0.9972  0.9977  1.0057  0.9943  0.9624
  0.9272  0.8934  0.8591  0.8230  0.7849  0.6823  0.5731  0.4613  0.3493  0.2375
  0.1262  0.0155 -0.0934 -0.2000 -0.3040 -0.4058 -0.5057 -0.6042 -0.7017 -0.7975
 -0.8896
  1.0890  1.0765  1.0571  1.0322  1.0048  0.9791  0.9584  0.9444  0.9386  0.9361
  0.9211  0.8906  0.8564  0.8208  0.7833  0.6819  0.5729  0.4608  0.3484  0.2367
  0.1256  0.0154 -0.0932 -0.1996 -0.3032 -0.4042 -0.5032 -0.6003 -0.6959 -0.7902
 -0.8835
  1.0767  1.0679  1.0527  1.0314  1.0052  0.9764  0.9479  0.9222  0.8999  0.8819
  0.8690  0.8580  0.8401  0.8132  0.7796  0.6807  0.5723  0.4601  0.3473  0.2353
  0.1244  0.0144 -0.0943 -0.2008 -0.3046 -0.4056 -0.5042 -0.6005 -0.6948 -0.7877
 -0.8795
  1.0632  1.0568  1.0452  1.0278  1.0049  0.9776  0.9476  0.9172  0.8880  0.8607
  0.8356  0.8134  0.7944  0.7767  0.7562  0.6784  0.5736  0.4619  0.3491  0.2372
  0.1265  0.0168 -0.0917 -0.1985 -0.3028 -0.4041 -0.5027 -0.5987 -0.6924 -0.7855
 -0.8745
  1.0497  1.0440  1.0346  1.0205  1.0012  0.9770  0.9488  0.9180  0.8861  0.8545
  0.8240  0.7945  0.7667  0.7409  0.7175  0.6570  0.5715  0.4640  0.3517  0.2400
  0.1295  0.0202 -0.0879 -0.1948 -0.2995 -0.4015 -0.5007 -0.5970 -0.6907 -0.7821
 -0.8710
  1.0374  1.0307  1.0221  1.0101  0.9937  0.9728  0.9476  0.9188  0.8873  0.8545
  0.8213  0.7884  0.7562  0.7248  0.6949  0.6265  0.5543  0.4626  0.3546
 [Fe/H] =  0.00 [alpha/Fe] =-0.40 BC value =F150W2
  1.2514  1.2114  1.1732  1.1384  1.1116  1.0891  1.0626  1.0361  1.0096  0.9806
  0.9499  0.9177  0.8838  0.8483  0.8112  0.7139  0.6109  0.5033  0.3920
  1.2344  1.2108  1.1733  1.1376  1.1058  1.0796  1.0516  1.0251  0.9985  0.9702
  0.9397  0.9072  0.8727  0.8365  0.7988  0.6994  0.5957  0.4890  0.3791  0.2658
  1.1983  1.2030  1.1748  1.1401  1.1062  1.0759  1.0472  1.0188  0.9904  0.9630
  0.9326  0.9000  0.8655  0.8290  0.7909  0.6904  0.5856  0.4786  0.3695  0.2579
  0.1440
  1.1489  1.1495  1.1672  1.1431  1.1102  1.0768  1.0457  1.0155  0.9858  0.9573
  0.9272  0.8949  0.8604  0.8241  0.7860  0.6849  0.5791  0.4715  0.3625  0.2520
  0.1399  0.0271
  1.1143  1.0923  1.0998  1.1290  1.1134  1.0817  1.0478  1.0152  0.9837  0.9528
  0.9229  0.8908  0.8567  0.8206  0.7827  0.6816  0.5752  0.4669  0.3576  0.2476
  0.1368  0.0256 -0.0847 -0.1929
  1.1130  1.0863  1.0621  1.0552  1.0767  1.0815  1.0532  1.0185  0.9841  0.9510
  0.9192  0.8874  0.8535  0.8178  0.7803  0.6798  0.5731  0.4641  0.3544  0.2446
  0.1346  0.0245 -0.0845 -0.1918 -0.2969 -0.4002 -0.5025 -0.6039 -0.7028 -0.7974
  1.1109  1.0873  1.0598  1.0334  1.0170  1.0186  1.0314  1.0210  0.9882  0.9521
  0.9175  0.8844  0.8508  0.8155  0.7784  0.6787  0.5721  0.4627  0.3526  0.2428
  0.1332  0.0240 -0.0842 -0.1906 -0.2948 -0.3969 -0.4975 -0.5967 -0.6946 -0.7907
 -0.8827
  1.1061  1.0874  1.0624  1.0337  1.0053  0.9826  0.9694  0.9674  0.9680  0.9523
  0.9191  0.8831  0.8485  0.8134  0.7769  0.6783  0.5721  0.4625  0.3520  0.2421
  0.1328  0.0241 -0.0836 -0.1895 -0.2932 -0.3946 -0.4940 -0.5915 -0.6877 -0.7830
 -0.8765
  1.0988  1.0842  1.0633  1.0368  1.0069  0.9766  0.9495  0.9278  0.9119  0.9022
  0.8935  0.8754  0.8448  0.8106  0.7746  0.6773  0.5718  0.4620  0.3510  0.2408
  0.1314  0.0229 -0.0845 -0.1903 -0.2939 -0.3951 -0.4941 -0.5910 -0.6860 -0.7795
 -0.8721
  1.0881  1.0782  1.0615  1.0387  1.0110  0.9801  0.9483  0.9180  0.8908  0.8670
  0.8467  0.8298  0.8138  0.7931  0.7665  0.6775  0.5736  0.4642  0.3532  0.2428
  0.1335  0.0252 -0.0820 -0.1877 -0.2915 -0.3928 -0.4916 -0.5881 -0.6825 -0.7751
 -0.8661
  1.0774  1.0700  1.0564  1.0374  1.0130  0.9843  0.9525  0.9195  0.8869  0.8562
  0.8275  0.8008  0.7762  0.7539  0.7324  0.6675  0.5747  0.4670  0.3563  0.2459
  0.1367  0.0286 -0.0783 -0.1840 -0.2879 -0.3897 -0.4890 -0.5856 -0.6799 -0.7721
 -0.8619
  1.0669  1.0595  1.0488  1.0327  1.0117  0.9861  0.9564  0.9241  0.8901  0.8560
  0.8228  0.7908  0.7601  0.7307  0.6723  0.6473  0.5751  0.4704  0.3603
 [Fe/H] =  0.25 [alpha/Fe] =-0.40 BC value =F150W2
  1.2445  1.2023  1.1631  1.1266  1.1011  1.0776  1.0524  1.0252  0.9992  0.9696
  0.9389  0.9068  0.8732  0.8380  0.8015  0.7059  0.6050  0.5000  0.3916
  1.2431  1.2047  1.1644  1.1275  1.0946  1.0681  1.0416  1.0141  0.9884  0.9597
  0.9292  0.8970  0.8629  0.8272  0.7901  0.6926  0.5909  0.4865  0.3790  0.2685
  1.1894  1.2033  1.1669  1.1304  1.0950  1.0644  1.0361  1.0077  0.9796  0.9527
  0.9225  0.8903  0.8562  0.8204  0.7831  0.6845  0.5817  0.4769  0.3701  0.2610
  0.1495
  1.1453  1.1809  1.1678  1.1352  1.0997  1.0653  1.0343  1.0044  0.9748  0.9471
  0.9173  0.8854  0.8515  0.8159  0.7786  0.6796  0.5760  0.4705  0.3637  0.2554
  0.1456  0.0345
  1.1163  1.1040  1.1369  1.1353  1.1054  1.0708  1.0365  1.0042  0.9727  0.9421
  0.9130  0.8814  0.8479  0.8125  0.7755  0.6768  0.5727  0.4665  0.3593  0.2515
  0.1427  0.0332 -0.0762 -0.1846
  1.1163  1.0867  1.0683  1.0853  1.1014  1.0767  1.0424  1.0070  0.9731  0.9405
  0.9091  0.8779  0.8447  0.8097  0.7731  0.6751  0.5709  0.4641  0.3566  0.2488
  0.1408  0.0324 -0.0757 -0.1826 -0.2876 -0.3914 -0.4944 -0.5960 -0.6950 -0.7898
  1.1186  1.0894  1.0592  1.0362  1.0341  1.0523  1.0457  1.0134  0.9769  0.9413
  0.9074  0.8747  0.8418  0.8072  0.7710  0.6740  0.5701  0.4630  0.3551  0.2473
  0.1396  0.0320 -0.0750 -0.1809 -0.2850 -0.3871 -0.4878 -0.5876 -0.6865 -0.7826
 -0.8748
  1.1188  1.0939  1.0639  1.0328  1.0060  0.9909  0.9919  0.9973  0.9808  0.9461
  0.9088  0.8733  0.8394  0.8050  0.7692  0.6732  0.5700  0.4628  0.3546  0.2466
  0.1392  0.0322 -0.0741 -0.1793 -0.2827 -0.3841 -0.4840 -0.5824 -0.6792 -0.7745
 -0.8682
  1.1180  1.0959  1.0691  1.0381  1.0059  0.9761  0.9532  0.9392  0.9334  0.9275
  0.9082  0.8742  0.8377  0.8025  0.7669  0.6720  0.5694  0.4623  0.3536  0.2453
  0.1377  0.0309 -0.0750 -0.1798 -0.2828 -0.3838 -0.4829 -0.5802 -0.6757 -0.7700
 -0.8634
  1.1106  1.0950  1.0728  1.0447  1.0128  0.9795  0.9473  0.9192  0.8962  0.8783
  0.8644  0.8503  0.8294  0.7990  0.7652  0.6725  0.5711  0.4644  0.3556  0.2471
  0.1396  0.0329 -0.0727 -0.1772 -0.2800 -0.3808 -0.4797 -0.5764 -0.6713 -0.7646
 -0.8564
  1.1032  1.0914  1.0731  1.0489  1.0197  0.9870  0.9526  0.9187  0.8869  0.8585
  0.8332  0.8106  0.7901  0.7699  0.7463  0.6704  0.5731  0.4674  0.3588  0.2502
  0.1426  0.0361 -0.0693 -0.1736 -0.2763 -0.3773 -0.4763 -0.5731 -0.6678 -0.7606
 -0.8514
  1.0958  1.0851  1.0706  1.0499  1.0241  0.9938  0.9604  0.9253  0.8898  0.8557
  0.8237  0.7936  0.7655  0.7390  0.7102  0.6657  0.5754  0.4713  0.3632
 [Fe/H] =  0.50 [alpha/Fe] =-0.40 BC value =F150W2
  1.2376  1.1927  1.1521  1.1154  1.0922  1.0678  1.0419  1.0155  0.9881  0.9592
  0.9285  0.8964  0.8629  0.8281  0.7921  0.6978  0.5972  0.4951  0.3891
  1.2436  1.1971  1.1549  1.1166  1.0844  1.0579  1.0309  1.0032  0.9781  0.9497
  0.9193  0.8871  0.8533  0.8181  0.7815  0.6856  0.5856  0.4832  0.3781  0.2700
  1.2306  1.1997  1.1596  1.1205  1.0834  1.0536  1.0254  0.9968  0.9699  0.9429
  0.9128  0.8808  0.8471  0.8118  0.7750  0.6782  0.5773  0.4744  0.3697  0.2630
  0.1540
  1.1558  1.1913  1.1633  1.1262  1.0892  1.0541  1.0235  0.9935  0.9640  0.9373
  0.9077  0.8760  0.8426  0.8075  0.7709  0.6739  0.5723  0.4687  0.3639  0.2579
  0.1504  0.0413
  1.1199  1.1349  1.1549  1.1307  1.0958  1.0597  1.0250  0.9931  0.9619  0.9317
  0.9034  0.8721  0.8390  0.8042  0.7679  0.6713  0.5693  0.4652  0.3602  0.2544
  0.1478  0.0402 -0.0678 -0.1755
  1.1169  1.0878  1.0878  1.1166  1.1003  1.0670  1.0310  0.9957  0.9621  0.9298
  0.8991  0.8684  0.8357  0.8013  0.7654  0.6696  0.5678  0.4632  0.3578  0.2521
  0.1460  0.0395 -0.0671 -0.1733 -0.2782 -0.3817 -0.4847 -0.5871 -0.6860 -0.7811
  1.1222  1.0888  1.0588  1.0461  1.0662  1.0686  1.0384  1.0021  0.9653  0.9305
  0.8968  0.8649  0.8326  0.7986  0.7631  0.6684  0.5670  0.4623  0.3565  0.2507
  0.1450  0.0393 -0.0663 -0.1713 -0.2750 -0.3771 -0.4779 -0.5778 -0.6772 -0.7734
 -0.8658
  1.1274  1.0961  1.0626  1.0313  1.0103  1.0107  1.0221  1.0074  0.9724  0.9345
  0.8980  0.8630  0.8297  0.7960  0.7609  0.6673  0.5667  0.4621  0.3561  0.2502
  0.1447  0.0394 -0.0654 -0.1694 -0.2722 -0.3733 -0.4728 -0.5709 -0.6683 -0.7649
 -0.8587
  1.1327  1.1029  1.0708  1.0367  1.0038  0.9772  0.9626  0.9611  0.9591  0.9384
  0.9024  0.8643  0.8278  0.7932  0.7582  0.6655  0.5658  0.4613  0.3550  0.2487
  0.1431  0.0381 -0.0663 -0.1698 -0.2719 -0.3723 -0.4712 -0.5685 -0.6644 -0.7593
 -0.8534
  1.1305  1.1074  1.0792  1.0465  1.0116  0.9772  0.9466  0.9231  0.9073  0.8974
  0.8857  0.8636  0.8296  0.7929  0.7573  0.6655  0.5669  0.4630  0.3566  0.2502
  0.1446  0.0398 -0.0642 -0.1672 -0.2688 -0.3688 -0.4672 -0.5639 -0.6590 -0.7539
 -0.8472
  1.1290  1.1096  1.0849  1.0555  1.0220  0.9863  0.9505  0.9171  0.8878  0.8635
  0.8434  0.8256  0.8069  0.7832  0.7524  0.6656  0.5687  0.4656  0.3595  0.2529
  0.1472  0.0425 -0.0612 -0.1639 -0.2653 -0.3651 -0.4634 -0.5598 -0.6546 -0.7478
 -0.8394
  1.1282  1.1095  1.0876  1.0617  1.0313  0.9970  0.9605  0.9237  0.8880  0.8551
  0.8254  0.7986  0.7739  0.7505  0.7435  0.6658  0.5712  0.4691  0.3637
 [Fe/H] =  0.75 [alpha/Fe] =-0.40 BC value =F150W2
  1.2269  1.1816  1.1408  1.1041  1.0827  1.0565  1.0299  1.0041  0.9777  0.9494
  0.9186  0.8863  0.8529  0.8184  0.7827  0.6896  0.5905  0.4904  0.3864
  1.2365  1.1884  1.1448  1.1053  1.0741  1.0472  1.0198  0.9931  0.9684  0.9404
  0.9096  0.8776  0.8440  0.8091  0.7730  0.6784  0.5800  0.4793  0.3762  0.2705
  1.2330  1.1941  1.1509  1.1104  1.0727  1.0431  1.0144  0.9859  0.9606  0.9334
  0.9033  0.8715  0.8381  0.8032  0.7670  0.6717  0.5725  0.4712  0.3685  0.2640
  0.1574
  1.2083  1.1928  1.1568  1.1168  1.0784  1.0428  1.0126  0.9828  0.9533  0.9278
  0.8983  0.8669  0.8337  0.7991  0.7630  0.6678  0.5680  0.4662  0.3633  0.2594
  0.1541  0.0473
  1.1330  1.1666  1.1566  1.1234  1.0858  1.0484  1.0139  0.9821  0.9513  0.9214
  0.8939  0.8629  0.8301  0.7958  0.7601  0.6654  0.5654  0.4631  0.3600  0.2563
  0.1518  0.0463 -0.0600 -0.1667
  1.1166  1.0947  1.1219  1.1232  1.0929  1.0565  1.0193  0.9843  0.9511  0.9192
  0.8892  0.8591  0.8267  0.7928  0.7575  0.6637  0.5640  0.4615  0.3580  0.2543
  0.1503  0.0458 -0.0592 -0.1642 -0.2685 -0.3719 -0.4749 -0.5773 -0.6760 -0.7713
  1.1229  1.0871  1.0615  1.0720  1.0886  1.0635  1.0278  0.9904  0.9540  0.9196
  0.8864  0.8552  0.8234  0.7899  0.7550  0.6622  0.5632  0.4607  0.3569  0.2532
  0.1495  0.0456 -0.0583 -0.1621 -0.2650 -0.3667 -0.4673 -0.5675 -0.6670 -0.7631
 -0.8558
  1.1320  1.0957  1.0602  1.0313  1.0240  1.0410  1.0324  0.9989  0.9609  0.9230
  0.8872  0.8527  0.8201  0.7869  0.7524  0.6608  0.5627  0.4604  0.3566  0.2527
  0.1492  0.0458 -0.0574 -0.1601 -0.2619 -0.3624 -0.4615 -0.5596 -0.6573 -0.7543
 -0.8480
  1.1421  1.1058  1.0697  1.0338  1.0022  0.9830  0.9833  0.9869  0.9665  0.9300
  0.8911  0.8534  0.8175  0.7835  0.7492  0.6584  0.5612  0.4593  0.3553  0.2511
  0.1475  0.0444 -0.0583 -0.1604 -0.2614 -0.3610 -0.4594 -0.5563 -0.6523 -0.7476
 -0.8422
  1.1457  1.1152  1.0816  1.0453  1.0086  0.9747  0.9480  0.9328  0.9272  0.9188
  0.8954  0.8590  0.8202  0.7830  0.7478  0.6576  0.5615  0.4603  0.3564  0.2522
  0.1487  0.0458 -0.0564 -0.1579 -0.2583 -0.3573 -0.4549 -0.5511 -0.6460 -0.7400
 -0.8330
  1.1531  1.1239  1.0921  1.0580  1.0210  0.9835  0.9476  0.9161  0.8915  0.8737
  0.8596  0.8429  0.8183  0.7844  0.7475  0.6576  0.5626  0.4622  0.3586  0.2542
  0.1506  0.0479 -0.0540 -0.1551 -0.2550 -0.3535 -0.4508 -0.5465 -0.6408 -0.7340
 -0.8260
  1.1641  1.1319  1.0996  1.0688  1.0342  0.9966  0.9582  0.9208  0.8859  0.8555
  0.8297  0.8073  0.7863  0.7638  0.7483  0.6584  0.5645  0.4650  0.3619
 [Fe/H] =  1.00 [alpha/Fe] =-0.40 BC value =F150W2
  1.2195  1.1687  1.1270  1.0935  1.0715  1.0498  1.0256  0.9993  0.9711  0.9412
  0.9099  0.8773  0.8436  0.8089  0.7734  0.6814  0.5837  0.4823  0.3803
  1.2246  1.1780  1.1341  1.0927  1.0630  1.0360  1.0090  0.9820  0.9588  0.9307
  0.9002  0.8682  0.8348  0.8002  0.7644  0.6711  0.5740  0.4740  0.3726  0.2693
  1.2352  1.1868  1.1416  1.0993  1.0613  1.0323  1.0035  0.9755  0.9512  0.9240
  0.8941  0.8624  0.8292  0.7946  0.7588  0.6650  0.5672  0.4676  0.3665  0.2640
  0.1596
  1.2194  1.1905  1.1492  1.1073  1.0667  1.0319  1.0019  0.9723  0.9430  0.9184
  0.8892  0.8579  0.8250  0.7907  0.7551  0.6614  0.5633  0.4631  0.3620  0.2600
  0.1568  0.0521
  1.1659  1.1791  1.1534  1.1151  1.0756  1.0363  1.0028  0.9716  0.9409  0.9120
  0.8847  0.8539  0.8214  0.7874  0.7522  0.6591  0.5610  0.4605  0.3591  0.2573
  0.1548  0.0513 -0.0531 -0.1583
  1.1174  1.1180  1.1414  1.1199  1.0840  1.0458  1.0073  0.9734  0.9406  0.9088
  0.8798  0.8500  0.8179  0.7844  0.7495  0.6574  0.5597  0.4590  0.3574  0.2556
  0.1536  0.0510 -0.0522 -0.1557 -0.2589 -0.3620 -0.4651 -0.5669 -0.6651 -0.7605
  1.1215  1.0861  1.0743  1.1014  1.0885  1.0546  1.0168  0.9785  0.9429  0.9091
  0.8761  0.8458  0.8144  0.7812  0.7468  0.6557  0.5588  0.4583  0.3565  0.2546
  0.1529  0.0509 -0.0512 -0.1535 -0.2553 -0.3564 -0.4568 -0.5569 -0.6561 -0.7517
 -0.8447
  1.1325  1.0933  1.0578  1.0367  1.0518  1.0555  1.0254  0.9879  0.9491  0.9118
  0.8766  0.8424  0.8107  0.7780  0.7439  0.6539  0.5579  0.4579  0.3561  0.2542
  0.1526  0.0512 -0.0502 -0.1515 -0.2521 -0.3518 -0.4505 -0.5483 -0.6459 -0.7427
 -0.8362
  1.1472  1.1054  1.0666  1.0305  1.0034  0.9991  1.0095  0.9935  0.9577  0.9186
  0.8800  0.8426  0.8072  0.7740  0.7401  0.6509  0.5560  0.4565  0.3547  0.2525
  0.1509  0.0496 -0.0512 -0.1518 -0.2515 -0.3502 -0.4478 -0.5443 -0.6399 -0.7352
 -0.8300
  1.1559  1.1188  1.0808  1.0420  1.0050  0.9734  0.9547  0.9522  0.9486  0.9252
  0.8879  0.8481  0.8095  0.7727  0.7380  0.6494  0.5554  0.4568  0.3553  0.2532
  0.1516  0.0507 -0.0496 -0.1495 -0.2485 -0.3464 -0.4431 -0.5385 -0.6329 -0.7266
 -0.8198
  1.1719  1.1335  1.0952  1.0570  1.0179  0.9797  0.9450  0.9177  0.9007  0.8907
  0.8770  0.8516  0.8150  0.7759  0.7381  0.6486  0.5555  0.4577  0.3566  0.2545
  0.1529  0.0521 -0.0478 -0.1471 -0.2455 -0.3428 -0.4388 -0.5336 -0.6271 -0.7199
 -0.8118
  1.1952  1.1495  1.1098  1.0721  1.0337  0.9939  0.9546  0.9175  0.8848  0.8587
  0.8385  0.8206  0.7999  0.7731  0.7404  0.6485  0.5563  0.4592  0.3586
