 [Fe/H] = -2.50 [alpha/Fe] = 0.00 BC value =F150W2
  0.8011  0.8060  0.8144  0.8230  0.8333  0.8448  0.8878  0.8868  0.8762  0.8548
  0.8238  0.8006  0.7545  0.7064  0.6570  0.5295  0.3951  0.2610  0.1308
  0.8015  0.7836  0.7839  0.8005  0.8271  0.8447  0.8502  0.8473  0.8375  0.8209
  0.7947  0.7589  0.7166  0.6711  0.6242  0.5026  0.3760  0.2465  0.1179 -0.0082
  0.7699  0.7601  0.7505  0.7452  0.7482  0.7636  0.7869  0.8007  0.7989  0.7840
  0.7612  0.7304  0.6907  0.6461  0.5996  0.4803  0.3576  0.2313  0.1050 -0.0187
 -0.1394
  0.7429  0.7368  0.7279  0.7182  0.7106  0.7078  0.7116  0.7224  0.7344  0.7353
  0.7215  0.6973  0.6635  0.6218  0.5763  0.4588  0.3395  0.2173  0.0936 -0.0283
 -0.1470 -0.2626
  0.7064  0.7063  0.7018  0.6939  0.6844  0.6754  0.6691  0.6663  0.6659  0.6667
  0.6633  0.6496  0.6264  0.5933  0.5527  0.4384  0.3217  0.2036  0.0832 -0.0369
 -0.1542 -0.2682 -0.3792 -0.4872
  0.6593  0.6657  0.6674  0.6644  0.6575  0.6479  0.6379  0.6292  0.6218  0.6145
  0.6058  0.5941  0.5774  0.5529  0.5208  0.4183  0.3045  0.1899  0.0733 -0.0445
 -0.1607 -0.2738 -0.3836 -0.4904 -0.5949 -0.6974 -0.7981 -0.8971 -0.9944 -1.0902
  0.6028  0.6146  0.6229  0.6262  0.6243  0.6178  0.6083  0.5976  0.5870  0.5765
  0.5648  0.5500  0.5320  0.5103  0.4833  0.3947  0.2879  0.1765  0.0635 -0.0513
 -0.1661 -0.2787 -0.3880 -0.4940 -0.5970 -0.6970 -0.7948 -0.8915 -0.9878 -1.0837
 -1.1772
  0.5374  0.5542  0.5679  0.5776  0.5819  0.5806  0.5748  0.5655  0.5542  0.5425
  0.5299  0.5153  0.4972  0.4753  0.4495  0.3690  0.2706  0.1636  0.0538 -0.0577
 -0.1705 -0.2825 -0.3918 -0.4976 -0.6001 -0.6995 -0.7960 -0.8906 -0.9842 -1.0774
 -1.1708
  0.4646  0.4857  0.5035  0.5183  0.5288  0.5339  0.5336  0.5283  0.5193  0.5080
  0.4955  0.4817  0.4654  0.4455  0.4212  0.3446  0.2524  0.1500  0.0431 -0.0658
 -0.1760 -0.2868 -0.3961 -0.5025 -0.6053 -0.7047 -0.8012 -0.8956 -0.9880 -1.0787
 -1.1676
  0.3844  0.4091  0.4312  0.4499  0.4653  0.4764  0.4824  0.4829  0.4786  0.4703
  0.4595  0.4468  0.4324  0.4154  0.3948  0.3239  0.2365  0.1386  0.0347 -0.0718
 -0.1795 -0.2881 -0.3965 -0.5030 -0.6065 -0.7064 -0.8030 -0.8967 -0.9906 -1.0797
 -1.1657
  0.2968  0.3244  0.3510  0.3743  0.3927  0.4083  0.4199  0.4269  0.4287  0.4257
  0.4187  0.4087  0.3965  0.3822  0.3652  0.3045  0.2212  0.1279  0.0272 -0.0772
 -0.1830 -0.2895 -0.3961 -0.5021 -0.6059 -0.7066 -0.8041 -0.8982 -0.9893 -1.0779
 -1.1646
  0.2018  0.2316  0.2629  0.2919  0.3126  0.3311  0.3470  0.3594  0.3676  0.3711
  0.3700  0.3647  0.3562  0.3450  0.3324  0.2864  0.2065  0.1179  0.0206
 [Fe/H] = -2.00 [alpha/Fe] = 0.00 BC value =F150W2
  0.8404  0.8479  0.8578  0.8675  0.8764  0.8830  0.8967  0.8915  0.8782  0.8557
  0.8241  0.7902  0.7459  0.6992  0.6511  0.5269  0.3974  0.2660  0.1347
  0.8061  0.8097  0.8269  0.8395  0.8467  0.8516  0.8539  0.8517  0.8427  0.8253
  0.7983  0.7619  0.7189  0.6728  0.6252  0.5031  0.3775  0.2493  0.1210 -0.0050
  0.7920  0.7767  0.7670  0.7686  0.7871  0.8086  0.8179  0.8163  0.8078  0.7933
  0.7711  0.7395  0.6988  0.6531  0.6055  0.4838  0.3603  0.2347  0.1087 -0.0151
 -0.1358
  0.7829  0.7665  0.7498  0.7363  0.7294  0.7315  0.7467  0.7667  0.7733  0.7634
  0.7432  0.7156  0.6795  0.6356  0.5886  0.4670  0.3449  0.2218  0.0979 -0.0241
 -0.1430 -0.2587
  0.7675  0.7549  0.7393  0.7232  0.7086  0.6978  0.6923  0.6930  0.7019  0.7111
  0.7065  0.6875  0.6576  0.6183  0.5728  0.4523  0.3311  0.2102  0.0886 -0.0320
 -0.1496 -0.2639 -0.3751 -0.4837
  0.7419  0.7351  0.7242  0.7105  0.6952  0.6801  0.6670  0.6569  0.6492  0.6447
  0.6435  0.6378  0.6214  0.5934  0.5553  0.4391  0.3188  0.1994  0.0802 -0.0388
 -0.1555 -0.2690 -0.3791 -0.4862 -0.5907 -0.6929 -0.7935 -0.8929 -0.9919 -1.0878
  0.7052  0.7050  0.7001  0.6913  0.6791  0.6646  0.6493  0.6343  0.6206  0.6076
  0.5946  0.5824  0.5697  0.5514  0.5241  0.4251  0.3076  0.1897  0.0725 -0.0445
 -0.1604 -0.2735 -0.3831 -0.4895 -0.5928 -0.6935 -0.7921 -0.8891 -0.9852 -1.0812
 -1.1748
  0.6595  0.6646  0.6657  0.6628  0.6557  0.6447  0.6306  0.6149  0.5986  0.5823
  0.5656  0.5474  0.5284  0.5081  0.4849  0.4030  0.2958  0.1805  0.0652 -0.0496
 -0.1640 -0.2768 -0.3865 -0.4927 -0.5955 -0.6953 -0.7928 -0.8880 -0.9816 -1.0748
 -1.1684
  0.6068  0.6159  0.6220  0.6246  0.6231  0.6169  0.6065  0.5927  0.5766  0.5593
  0.5413  0.5219  0.5005  0.4772  0.4518  0.3759  0.2791  0.1696  0.0568 -0.0560
 -0.1687 -0.2806 -0.3905 -0.4972 -0.6003 -0.7001 -0.7971 -0.8914 -0.9837 -1.0746
 -1.1651
  0.5484  0.5602  0.5700  0.5773  0.5809  0.5802  0.5747  0.5648  0.5511  0.5348
  0.5170  0.4978  0.4771  0.4540  0.4282  0.3524  0.2621  0.1593  0.0500 -0.0605
 -0.1711 -0.2813 -0.3905 -0.4975 -0.6013 -0.7016 -0.7986 -0.8927 -0.9842 -1.0737
 -1.1631
  0.4865  0.4997  0.5117  0.5220  0.5298  0.5340  0.5336  0.5286  0.5191  0.5058
  0.4897  0.4715  0.4519  0.4305  0.4066  0.3334  0.2458  0.1483  0.0433 -0.0649
 -0.1735 -0.2819 -0.3897 -0.4962 -0.6005 -0.7016 -0.7994 -0.8939 -0.9855 -1.0745
 -1.1616
  0.4223  0.4359  0.4486  0.4605  0.4710  0.4788  0.4831  0.4831  0.4785  0.4696
  0.4569  0.4412  0.4240  0.4032  0.3870  0.3189  0.2302  0.1366  0.0367
 [Fe/H] = -1.50 [alpha/Fe] = 0.00 BC value =F150W2
  0.8905  0.8998  0.9102  0.9196  0.9260  0.9274  0.9219  0.9085  0.8872  0.8582
  0.8221  0.7806  0.7363  0.6902  0.6430  0.5219  0.3971  0.2693  0.1392
  0.8625  0.8670  0.8729  0.8796  0.8851  0.8872  0.8840  0.8744  0.8577  0.8336
  0.8015  0.7618  0.7175  0.6708  0.6231  0.5015  0.3781  0.2526  0.1257 -0.0001
  0.8214  0.8201  0.8320  0.8429  0.8479  0.8493  0.8470  0.8398  0.8268  0.8075
  0.7806  0.7453  0.7026  0.6561  0.6079  0.4855  0.3625  0.2387  0.1141 -0.0095
 -0.1304
  0.8128  0.7947  0.7816  0.7770  0.7847  0.8023  0.8118  0.8092  0.7981  0.7810
  0.7580  0.7279  0.6892  0.6441  0.5960  0.4730  0.3499  0.2273  0.1043 -0.0176
 -0.1368 -0.2529
  0.8109  0.7903  0.7692  0.7507  0.7367  0.7314  0.7370  0.7493  0.7599  0.7546
  0.7358  0.7087  0.6747  0.6330  0.5862  0.4631  0.3399  0.2179  0.0963 -0.0245
 -0.1426 -0.2574 -0.3690 -0.4780
  0.8049  0.7866  0.7654  0.7434  0.7229  0.7059  0.6931  0.6852  0.6841  0.6911
  0.6942  0.6823  0.6564  0.6202  0.5767  0.4551  0.3319  0.2102  0.0896 -0.0301
 -0.1475 -0.2617 -0.3723 -0.4799 -0.5850 -0.6877 -0.7887 -0.8889 -0.9880 -1.0837
  0.7895  0.7764  0.7587  0.7383  0.7167  0.6957  0.6764  0.6597  0.6453  0.6337
  0.6269  0.6241  0.6156  0.5948  0.5619  0.4480  0.3252  0.2039  0.0842 -0.0345
 -0.1514 -0.2653 -0.3756 -0.4825 -0.5864 -0.6877 -0.7870 -0.8846 -0.9811 -1.0773
 -1.1708
  0.7628  0.7561  0.7439  0.7277  0.7088  0.6884  0.6673  0.6466  0.6269  0.6079
  0.5898  0.5732  0.5597  0.5465  0.5266  0.4379  0.3192  0.1985  0.0796 -0.0379
 -0.1540 -0.2678 -0.3782 -0.4850 -0.5885 -0.6890 -0.7870 -0.8829 -0.9771 -1.0707
 -1.1645
  0.7270  0.7258  0.7192  0.7084  0.6940  0.6767  0.6572  0.6363  0.6145  0.5924
  0.5701  0.5473  0.5246  0.5032  0.4827  0.4131  0.3099  0.1919  0.0739 -0.0424
 -0.1574 -0.2708 -0.3816 -0.4890 -0.5927 -0.6931 -0.7907 -0.8858 -0.9787 -1.0704
 -1.1611
  0.6838  0.6867  0.6852  0.6798  0.6706  0.6578  0.6418  0.6231  0.6022  0.5797
  0.5561  0.5314  0.5056  0.4792  0.4526  0.3836  0.2942  0.1857  0.0702 -0.0447
 -0.1582 -0.2705 -0.3809 -0.4887 -0.5932 -0.6940 -0.7917 -0.8865 -0.9787 -1.0689
 -1.1588
  0.6360  0.6415  0.6436  0.6427  0.6383  0.6304  0.6188  0.6037  0.5854  0.5645
  0.5416  0.5170  0.4909  0.4633  0.4346  0.3589  0.2750  0.1756  0.0657 -0.0470
 -0.1591 -0.2699 -0.3793 -0.4869 -0.5919 -0.6936 -0.7921 -0.8872 -0.9794 -1.0692
 -1.1568
  0.5856  0.5924  0.5968  0.5989  0.5983  0.5948  0.5877  0.5768  0.5622  0.5442
  0.5234  0.5003  0.4737  0.4462  0.4287  0.3390  0.2523  0.1616  0.0604
 [Fe/H] = -1.00 [alpha/Fe] = 0.00 BC value =F150W2
  0.9514  0.9617  0.9716  0.9793  0.9823  0.9779  0.9634  0.9378  0.9032  0.8623
  0.8178  0.7718  0.7258  0.6795  0.6328  0.5145  0.3941  0.2708  0.1442
  0.9206  0.9281  0.9363  0.9436  0.9474  0.9450  0.9335  0.9121  0.8824  0.8457
  0.8038  0.7585  0.7117  0.6643  0.6166  0.4965  0.3762  0.2546  0.1310  0.0066
  0.8932  0.8970  0.9023  0.9077  0.9112  0.9100  0.9018  0.8850  0.8603  0.8287
  0.7910  0.7481  0.7019  0.6542  0.6057  0.4838  0.3626  0.2418  0.1202 -0.0019
 -0.1226
  0.8525  0.8524  0.8623  0.8716  0.8758  0.8753  0.8691  0.8560  0.8359  0.8093
  0.7766  0.7379  0.6941  0.6470  0.5983  0.4751  0.3528  0.2320  0.1114 -0.0090
 -0.1280 -0.2445
  0.8413  0.8195  0.8082  0.8063  0.8130  0.8250  0.8314  0.8259  0.8106  0.7882
  0.7598  0.7257  0.6859  0.6409  0.5930  0.4692  0.3460  0.2247  0.1046 -0.0147
 -0.1326 -0.2479 -0.3601 -0.4698
  0.8413  0.8199  0.7985  0.7797  0.7656  0.7570  0.7542  0.7574  0.7634  0.7588
  0.7401  0.7111  0.6754  0.6342  0.5882  0.4652  0.3413  0.2195  0.0996 -0.0192
 -0.1363 -0.2509 -0.3622 -0.4706 -0.5764 -0.6801 -0.7820 -0.8828 -0.9823 -1.0778
  0.8413  0.8204  0.7969  0.7725  0.7493  0.7291  0.7123  0.6986  0.6886  0.6854
  0.6863  0.6793  0.6578  0.6240  0.5823  0.4621  0.3380  0.2159  0.0960 -0.0223
 -0.1390 -0.2533 -0.3643 -0.4720 -0.5768 -0.6791 -0.7793 -0.8777 -0.9750 -1.0714
 -1.1645
  0.8351  0.8180  0.7962  0.7713  0.7454  0.7198  0.6960  0.6744  0.6549  0.6370
  0.6224  0.6131  0.6062  0.5923  0.5659  0.4591  0.3358  0.2135  0.0936 -0.0243
 -0.1405 -0.2547 -0.3658 -0.4734 -0.5778 -0.6792 -0.7783 -0.8752 -0.9704 -1.0646
 -1.1584
  0.8185  0.8072  0.7899  0.7678  0.7428  0.7164  0.6900  0.6643  0.6395  0.6158
  0.5928  0.5710  0.5520  0.5370  0.5215  0.4480  0.3324  0.2104  0.0905 -0.0270
 -0.1427 -0.2567 -0.3682 -0.4764 -0.5810 -0.6824 -0.7811 -0.8771 -0.9711 -1.0637
 -1.1549
  0.7919  0.7859  0.7746  0.7573  0.7359  0.7117  0.6860  0.6596  0.6328  0.6059
  0.5791  0.5523  0.5258  0.5005  0.4776  0.4187  0.3262  0.2092  0.0900 -0.0270
 -0.1420 -0.2552 -0.3666 -0.4753 -0.5806 -0.6825 -0.7811 -0.8769 -0.9701 -1.0613
 -1.1509
  0.7578  0.7564  0.7500  0.7377  0.7211  0.7009  0.6781  0.6534  0.6272  0.5999
  0.5717  0.5426  0.5130  0.4832  0.4537  0.3850  0.3071  0.2051  0.0895 -0.0267
 -0.1408 -0.2532 -0.3640 -0.4727 -0.5786 -0.6813 -0.7807 -0.8768 -0.9700 -1.0608
 -1.1494
  0.7194  0.7215  0.7184  0.7103  0.6983  0.6826  0.6638  0.6422  0.6183  0.5925
  0.5649  0.5358  0.5053  0.4738  0.4498  0.3469  0.2751  0.1981  0.0890
 [Fe/H] = -0.75 [alpha/Fe] = 0.00 BC value =F150W2
  0.9859  0.9964  1.0057  1.0120  1.0130  1.0054  0.9863  0.9543  0.9124  0.8651
  0.8162  0.7677  0.7202  0.6735  0.6269  0.5099  0.3916  0.2709  0.1469
  0.9545  0.9632  0.9718  0.9786  0.9810  0.9763  0.9610  0.9337  0.8967  0.8530
  0.8057  0.7571  0.7087  0.6607  0.6129  0.4935  0.3747  0.2550  0.1337  0.0107
  0.9259  0.9311  0.9375  0.9434  0.9467  0.9444  0.9333  0.9113  0.8799  0.8411
  0.7970  0.7498  0.7015  0.6528  0.6041  0.4826  0.3624  0.2431  0.1232  0.0025
 -0.1178
  0.8921  0.8988  0.9043  0.9089  0.9118  0.9106  0.9029  0.8859  0.8602  0.8268
  0.7874  0.7433  0.6962  0.6478  0.5987  0.4756  0.3539  0.2341  0.1149 -0.0042
 -0.1227 -0.2392
  0.8692  0.8614  0.8503  0.8591  0.8702  0.8747  0.8706  0.8580  0.8372  0.8092
  0.7749  0.7352  0.6910  0.6439  0.5952  0.4713  0.3484  0.2278  0.1087 -0.0095
 -0.1267 -0.2419 -0.3544 -0.4644
  0.8588  0.8359  0.8192  0.8077  0.8023  0.8032  0.8096  0.8138  0.8069  0.7876
  0.7591  0.7241  0.6840  0.6397  0.5923  0.4687  0.3449  0.2236  0.1043 -0.0135
 -0.1299 -0.2443 -0.3559 -0.4646 -0.5708 -0.6749 -0.7774 -0.8787 -0.9783 -1.0737
  0.8565  0.8349  0.8123  0.7906  0.7717  0.7567  0.7447  0.7358  0.7314  0.7306
  0.7243  0.7049  0.6729  0.6333  0.5888  0.4671  0.3430  0.2210  0.1015 -0.0161
 -0.1321 -0.2461 -0.3572 -0.4653 -0.5705 -0.6733 -0.7741 -0.8730 -0.9708 -1.0673
 -1.1602
  0.8568  0.8365  0.8130  0.7876  0.7622  0.7382  0.7166  0.6971  0.6790  0.6630
  0.6517  0.6452  0.6353  0.6140  0.5802  0.4658  0.3421  0.2197  0.0999 -0.0175
 -0.1332 -0.2469 -0.3580 -0.4660 -0.5708 -0.6728 -0.7725 -0.8700 -0.9657 -1.0604
 -1.1541
  0.8502  0.8341  0.8128  0.7878  0.7606  0.7327  0.7056  0.6799  0.6555  0.6320
  0.6096  0.5892  0.5732  0.5604  0.5439  0.4606  0.3403  0.2178  0.0978 -0.0196
 -0.1350 -0.2486 -0.3599 -0.4684 -0.5734 -0.6754 -0.7746 -0.8713 -0.9658 -1.0587
 -1.1506
  0.8338  0.8227  0.8067  0.7848  0.7592  0.7313  0.7025  0.6738  0.6456  0.6181
  0.5909  0.5642  0.5383  0.5147  0.4943  0.4368  0.3387  0.2183  0.0985 -0.0187
 -0.1337 -0.2468 -0.3580 -0.4668 -0.5725 -0.6748 -0.7740 -0.8704 -0.9643 -1.0561
 -1.1462
  0.8082  0.8022  0.7908  0.7743  0.7524  0.7272  0.6997  0.6709  0.6416  0.6121
  0.5824  0.5525  0.5225  0.4928  0.4642  0.4002  0.3231  0.2175  0.0994 -0.0173
 -0.1318 -0.2443 -0.3550 -0.4639 -0.5701 -0.6732 -0.7730 -0.8697 -0.9635 -1.0549
 -1.1442
  0.7762  0.7742  0.7671  0.7553  0.7381  0.7169  0.6924  0.6659  0.6376  0.6083
  0.5781  0.5469  0.5150  0.4826  0.4536  0.3508  0.2935  0.2154  0.1005
 [Fe/H] = -0.50 [alpha/Fe] = 0.00 BC value =F150W2
  1.0201  1.0310  1.0398  1.0446  1.0433  1.0324  1.0083  0.9697  0.9209  0.8681
  0.8152  0.7641  0.7149  0.6673  0.6204  0.5046  0.3883  0.2703  0.1489
  0.9890  0.9990  1.0077  1.0137  1.0142  1.0069  0.9876  0.9544  0.9104  0.8601
  0.8079  0.7562  0.7060  0.6570  0.6089  0.4900  0.3726  0.2552  0.1360  0.0148
  0.9590  0.9662  0.9736  0.9797  0.9822  0.9784  0.9642  0.9371  0.8991  0.8532
  0.8031  0.7519  0.7011  0.6513  0.6022  0.4809  0.3617  0.2440  0.1259  0.0070
 -0.1124
  0.9310  0.9351  0.9402  0.9451  0.9480  0.9465  0.9371  0.9162  0.8846  0.8443
  0.7981  0.7487  0.6984  0.6483  0.5987  0.4755  0.3546  0.2359  0.1182  0.0006
 -0.1169 -0.2332
  0.8884  0.8919  0.9012  0.9090  0.9131  0.9128  0.9065  0.8912  0.8658  0.8316
  0.7905  0.7447  0.6961  0.6466  0.5968  0.4727  0.3502  0.2305  0.1126 -0.0043
 -0.1205 -0.2353 -0.3479 -0.4582
  0.8706  0.8563  0.8479  0.8472  0.8537  0.8632  0.8673  0.8604  0.8421  0.8143
  0.7790  0.7379  0.6926  0.6447  0.5956  0.4713  0.3479  0.2272  0.1088 -0.0078
 -0.1232 -0.2371 -0.3487 -0.4577 -0.5643 -0.6689 -0.7719 -0.8737 -0.9736 -1.0690
  0.8689  0.8486  0.8292  0.8132  0.8020  0.7950  0.7914  0.7905  0.7888  0.7799
  0.7586  0.7260  0.6860  0.6415  0.5942  0.4709  0.3470  0.2254  0.1066 -0.0101
 -0.1250 -0.2383 -0.3493 -0.4576 -0.5632 -0.6665 -0.7678 -0.8674 -0.9658 -1.0625
 -1.1552
  0.8713  0.8498  0.8267  0.8034  0.7816  0.7625  0.7459  0.7305  0.7158  0.7033
  0.6945  0.6841  0.6642  0.6319  0.5904  0.4709  0.3470  0.2249  0.1056 -0.0111
 -0.1258 -0.2387 -0.3495 -0.4576 -0.5627 -0.6653 -0.7655 -0.8637 -0.9602 -1.0552
 -1.1491
  0.8717  0.8522  0.8288  0.8032  0.7765  0.7501  0.7252  0.7018  0.6790  0.6564
  0.6348  0.6166  0.6026  0.5884  0.5666  0.4689  0.3464  0.2240  0.1042 -0.0128
 -0.1274 -0.2402 -0.3510 -0.4593 -0.5647 -0.6671 -0.7669 -0.8642 -0.9594 -1.0530
 -1.1454
  0.8654  0.8494  0.8294  0.8047  0.7771  0.7480  0.7185  0.6898  0.6619  0.6346
  0.6075  0.5808  0.5558  0.5340  0.5155  0.4537  0.3473  0.2256  0.1058 -0.0112
 -0.1257 -0.2382 -0.3489 -0.4574 -0.5632 -0.6658 -0.7656 -0.8626 -0.9571 -1.0496
 -1.1405
  0.8495  0.8387  0.8225  0.8020  0.7764  0.7478  0.7173  0.6863  0.6554  0.6249
  0.5946  0.5643  0.5342  0.5049  0.4775  0.4171  0.3378  0.2271  0.1079 -0.0090
 -0.1232 -0.2354 -0.3457 -0.4542 -0.5604 -0.6637 -0.7639 -0.8612 -0.9557 -1.0478
 -1.1378
  0.8252  0.8191  0.8078  0.7912  0.7701  0.7443  0.7155  0.6849  0.6534  0.6214
  0.5893  0.5570  0.5244  0.4917  0.4526  0.3591  0.3179  0.2285  0.1105
 [Fe/H] = -0.25 [alpha/Fe] = 0.00 BC value =F150W2
  1.0527  1.0641  1.0727  1.0765  1.0733  1.0593  1.0308  0.9865  0.9323  0.8753
  0.8192  0.7654  0.7144  0.6654  0.6179  0.5021  0.3873  0.2712  0.1521
  1.0229  1.0341  1.0433  1.0487  1.0476  1.0375  1.0143  0.9757  0.9259  0.8706
  0.8145  0.7600  0.7077  0.6575  0.6086  0.4896  0.3731  0.2572  0.1398  0.0203
  0.9920  1.0013  1.0100  1.0164  1.0180  1.0123  0.9951  0.9634  0.9194  0.8676
  0.8128  0.7581  0.7050  0.6538  0.6040  0.4823  0.3637  0.2469  0.1303  0.0128
 -0.1057
  0.9632  0.9693  0.9760  0.9818  0.9849  0.9827  0.9714  0.9470  0.9099  0.8634
  0.8115  0.7578  0.7045  0.6526  0.6020  0.4785  0.3578  0.2399  0.1232  0.0068
 -0.1098 -0.2258
  0.9302  0.9367  0.9423  0.9472  0.9503  0.9498  0.9431  0.9256  0.8958  0.8557
  0.8084  0.7572  0.7047  0.6527  0.6017  0.4768  0.3546  0.2353  0.1182  0.0023
 -0.1130 -0.2275 -0.3401 -0.4506
  0.8906  0.8858  0.8897  0.8998  0.9094  0.9135  0.9104  0.8988  0.8761  0.8430
  0.8016  0.7544  0.7042  0.6530  0.6020  0.4766  0.3532  0.2328  0.1150 -0.0008
 -0.1154 -0.2288 -0.3403 -0.4496 -0.5566 -0.6616 -0.7651 -0.8675 -0.9676 -1.0631
  0.8812  0.8642  0.8510  0.8437  0.8424  0.8461  0.8519  0.8533  0.8441  0.8219
  0.7888  0.7476  0.7015  0.6525  0.6024  0.4771  0.3531  0.2318  0.1133 -0.0027
 -0.1169 -0.2295 -0.3403 -0.4488 -0.5548 -0.6585 -0.7603 -0.8605 -0.9595 -1.0564
 -1.1491
  0.8819  0.8611  0.8402  0.8213  0.8058  0.7943  0.7852  0.7771  0.7690  0.7603
  0.7476  0.7252  0.6913  0.6487  0.6016  0.4780  0.3540  0.2320  0.1130 -0.0033
 -0.1174 -0.2297 -0.3399 -0.4480 -0.5535 -0.6565 -0.7573 -0.8560 -0.9530 -1.0488
 -1.1429
  0.8855  0.8640  0.8406  0.8164  0.7927  0.7708  0.7509  0.7322  0.7129  0.6928
  0.6740  0.6578  0.6422  0.6210  0.5896  0.4777  0.3542  0.2318  0.1121 -0.0046
 -0.1188 -0.2310 -0.3412 -0.4492 -0.5546 -0.6574 -0.7577 -0.8557 -0.9516 -1.0458
 -1.1388
  0.8863  0.8669  0.8442  0.8187  0.7915  0.7637  0.7366  0.7104  0.6848  0.6588
  0.6323  0.6062  0.5826  0.5625  0.5436  0.4710  0.3563  0.2343  0.1144 -0.0025
 -0.1168 -0.2289 -0.3390 -0.4470 -0.5526 -0.6554 -0.7556 -0.8532 -0.9485 -1.0417
 -1.1332
  0.8802  0.8647  0.8447  0.8211  0.7937  0.7640  0.7332  0.7024  0.6719  0.6419
  0.6118  0.5814  0.5514  0.5227  0.4968  0.4378  0.3528  0.2369  0.1173  0.0004
 -0.1138 -0.2258 -0.3357 -0.4436 -0.5494 -0.6527 -0.7533 -0.8510 -0.9462 -1.0390
 -1.1298
  0.8650  0.8544  0.8388  0.8182  0.7938  0.7650  0.7337  0.7011  0.6680  0.6351
  0.6023  0.5695  0.5367  0.5040  0.4492  0.3781  0.3437  0.2396  0.1208
 [Fe/H] =  0.00 [alpha/Fe] = 0.00 BC value =F150W2
  1.0804  1.0919  1.0999  1.1022  1.0963  1.0789  1.0453  0.9944  0.9354  0.8749
  0.8158  0.7594  0.7062  0.6558  0.6073  0.4918  0.3793  0.2662  0.1506
  1.0530  1.0651  1.0743  1.0786  1.0755  1.0621  1.0336  0.9886  0.9330  0.8735
  0.8140  0.7567  0.7022  0.6503  0.6005  0.4814  0.3665  0.2531  0.1386  0.0221
  1.0224  1.0336  1.0431  1.0492  1.0494  1.0409  1.0194  0.9817  0.9314  0.8744
  0.8155  0.7576  0.7020  0.6490  0.5981  0.4761  0.3586  0.2439  0.1298  0.0148
 -0.1013
  0.9926  1.0011  1.0094  1.0159  1.0186  1.0146  1.0002  0.9709  0.9276  0.8749
  0.8179  0.7603  0.7041  0.6501  0.5981  0.4739  0.3542  0.2380  0.1235  0.0093
 -0.1051 -0.2197
  0.9566  0.9697  0.9758  0.9813  0.9847  0.9836  0.9751  0.9542  0.9190  0.8726
  0.8192  0.7631  0.7070  0.6524  0.5997  0.4737  0.3522  0.2344  0.1192  0.0053
 -0.1080 -0.2210 -0.3330 -0.4434
  0.9204  0.9282  0.9377  0.9448  0.9490  0.9495  0.9446  0.9310  0.9043  0.8653
  0.8174  0.7644  0.7096  0.6551  0.6019  0.4746  0.3518  0.2326  0.1166  0.0027
 -0.1101 -0.2219 -0.3326 -0.4416 -0.5486 -0.6537 -0.7578 -0.8610 -0.9612 -1.0569
  0.8954  0.8848  0.8811  0.8848  0.8938  0.9025  0.9055  0.8994  0.8817  0.8514
  0.8106  0.7625  0.7105  0.6572  0.6042  0.4761  0.3524  0.2322  0.1153  0.0011
 -0.1113 -0.2224 -0.3321 -0.4401 -0.5460 -0.6498 -0.7521 -0.8530 -0.9527 -1.0498
 -1.1427
  0.8912  0.8728  0.8563  0.8440  0.8371  0.8345  0.8345  0.8347  0.8302  0.8164
  0.7908  0.7533  0.7077  0.6576  0.6059  0.4780  0.3538  0.2328  0.1151  0.0005
 -0.1118 -0.2225 -0.3315 -0.4388 -0.5439 -0.6470 -0.7482 -0.8475 -0.9452 -1.0418
 -1.1363
  0.8941  0.8729  0.8511  0.8301  0.8115  0.7962  0.7834  0.7713  0.7578  0.7424
  0.7257  0.7064  0.6810  0.6462  0.6029  0.4790  0.3547  0.2329  0.1144 -0.0008
 -0.1134 -0.2240 -0.3327 -0.4396 -0.5445 -0.6471 -0.7477 -0.8463 -0.9429 -1.0378
 -1.1316
  0.8984  0.8776  0.8542  0.8294  0.8045  0.7804  0.7580  0.7369  0.7154  0.6921
  0.6671  0.6420  0.6187  0.5964  0.5716  0.4789  0.3577  0.2359  0.1168  0.0012
 -0.1116 -0.2221 -0.3307 -0.4374 -0.5420 -0.6445 -0.7448 -0.8428 -0.9387 -1.0328
 -1.1251
  0.8998  0.8809  0.8589  0.8335  0.8062  0.7776  0.7489  0.7208  0.6930  0.6650
  0.6358  0.6054  0.5751  0.5465  0.5205  0.4549  0.3588  0.2395  0.1203  0.0043
 -0.1087 -0.2192 -0.3277 -0.4342 -0.5388 -0.6414 -0.7419 -0.8399 -0.9356 -1.0291
 -1.1207
  0.8940  0.8791  0.8597  0.8365  0.8097  0.7800  0.7485  0.7163  0.6839  0.6517
  0.6194  0.5866  0.5533  0.5201  0.4496  0.4070  0.3580  0.2437  0.1249
 [Fe/H] =  0.25 [alpha/Fe] = 0.00 BC value =F150W2
  1.1044  1.1161  1.1233  1.1229  1.1124  1.0899  1.0542  1.0040  0.9418  0.8789
  0.8175  0.7587  0.7032  0.6509  0.6013  0.4848  0.3736  0.2625  0.1498
  1.0798  1.0925  1.1016  1.1050  1.1006  1.0844  1.0518  1.0016  0.9422  0.8799
  0.8181  0.7583  0.7015  0.6478  0.5967  0.4764  0.3622  0.2506  0.1385  0.0244
  1.0504  1.0631  1.0733  1.0791  1.0782  1.0675  1.0421  0.9992  0.9441  0.8835
  0.8219  0.7615  0.7036  0.6486  0.5962  0.4729  0.3560  0.2427  0.1305  0.0177
 -0.0963
  1.0201  1.0311  1.0410  1.0482  1.0504  1.0448  1.0273  0.9934  0.9447  0.8875
  0.8271  0.7666  0.7079  0.6517  0.5982  0.4723  0.3530  0.2378  0.1250  0.0127
 -0.0999 -0.2130
  0.9911  0.9992  1.0072  1.0141  1.0180  1.0163  1.0058  0.9815  0.9413  0.8894
  0.8317  0.7720  0.7131  0.6561  0.6015  0.4735  0.3522  0.2353  0.1214  0.0093
 -0.1024 -0.2140 -0.3251 -0.4351
  0.9587  0.9663  0.9730  0.9789  0.9830  0.9834  0.9778  0.9620  0.9314  0.8872
  0.8340  0.7765  0.7182  0.6609  0.6055  0.4756  0.3528  0.2343  0.1194  0.0070
 -0.1042 -0.2147 -0.3244 -0.4329 -0.5397 -0.6451 -0.7494 -0.8530 -0.9533 -1.0493
  0.9139  0.9151  0.9227  0.9343  0.9429  0.9463  0.9442  0.9347  0.9137  0.8785
  0.8320  0.7785  0.7221  0.6653  0.6097  0.4781  0.3542  0.2346  0.1187  0.0058
 -0.1052 -0.2150 -0.3237 -0.4310 -0.5366 -0.6405 -0.7429 -0.8441 -0.9445 -1.0418
 -1.1349
  0.9006  0.8866  0.8771  0.8742  0.8774  0.8843  0.8908  0.8916  0.8820  0.8591
  0.8226  0.7760  0.7235  0.6686  0.6135  0.4810  0.3561  0.2356  0.1188  0.0055
 -0.1055 -0.2149 -0.3229 -0.4293 -0.5340 -0.6368 -0.7381 -0.8377 -0.9360 -1.0333
 -1.1281
  0.9003  0.8810  0.8623  0.8463  0.8348  0.8276  0.8230  0.8195  0.8138  0.8027
  0.7834  0.7541  0.7144  0.6667  0.6148  0.4832  0.3574  0.2360  0.1183  0.0042
 -0.1071 -0.2164 -0.3240 -0.4299 -0.5340 -0.6362 -0.7367 -0.8355 -0.9326 -1.0283
 -1.1229
  0.9052  0.8841  0.8617  0.8393  0.8182  0.7997  0.7838  0.7694  0.7540  0.7359
  0.7150  0.6916  0.6662  0.6368  0.6015  0.4864  0.3610  0.2392  0.1208  0.0061
 -0.1055 -0.2148 -0.3221 -0.4276 -0.5313 -0.6330 -0.7331 -0.8312 -0.9275 -1.0222
 -1.1153
  0.9103  0.8899  0.8669  0.8419  0.8161  0.7904  0.7658  0.7425  0.7197  0.6955
  0.6689  0.6398  0.6102  0.5814  0.5535  0.4742  0.3644  0.2433  0.1244  0.0091
 -0.1028 -0.2122 -0.3194 -0.4247 -0.5281 -0.6297 -0.7296 -0.8275 -0.9234 -1.0176
 -1.1099
  0.9120  0.8938  0.8719  0.8476  0.8201  0.7912  0.7615  0.7318  0.7024  0.6731
  0.6428  0.6109  0.5776  0.5441  0.4708  0.4466  0.3676  0.2483  0.1291
 [Fe/H] =  0.50 [alpha/Fe] = 0.00 BC value =F150W2
  1.1244  1.1634  1.1807  1.1785  1.1588  1.1233  1.0734  1.0123  0.9478  0.8831
  0.8198  0.7589  0.7013  0.6470  0.5957  0.4776  0.3668  0.2577  0.1477
  1.1026  1.1162  1.1241  1.1266  1.1214  1.1033  1.0672  1.0126  0.9505  0.8863
  0.8226  0.7607  0.7018  0.6461  0.5934  0.4712  0.3573  0.2472  0.1369  0.0251
  1.0748  1.0892  1.0991  1.1044  1.1024  1.0897  1.0609  1.0137  0.9551  0.8922
  0.8286  0.7661  0.7060  0.6490  0.5949  0.4695  0.3527  0.2406  0.1302  0.0196
 -0.0923
  1.0446  1.0577  1.0689  1.0764  1.0781  1.0710  1.0506  1.0123  0.9592  0.8987
  0.8359  0.7732  0.7124  0.6541  0.5987  0.4705  0.3511  0.2369  0.1255  0.0152
 -0.0954 -0.2067
  1.0149  1.0256  1.0358  1.0440  1.0483  1.0458  1.0332  1.0052  0.9602  0.9041
  0.8431  0.7810  0.7197  0.6605  0.6040  0.4731  0.3514  0.2353  0.1228  0.0123
 -0.0976 -0.2075 -0.3173 -0.4266
  0.9856  0.9937  1.0019  1.0092  1.0142  1.0148  1.0083  0.9900  0.9553  0.9061
  0.8487  0.7880  0.7271  0.6674  0.6099  0.4765  0.3531  0.2352  0.1214  0.0105
 -0.0990 -0.2080 -0.3165 -0.4241 -0.5306 -0.6357 -0.7402 -0.8437 -0.9443 -1.0406
  0.9444  0.9466  0.9643  0.9723  0.9776  0.9797  0.9767  0.9659  0.9420  0.9023
  0.8508  0.7932  0.7334  0.6739  0.6159  0.4803  0.3553  0.2362  0.1212  0.0097
 -0.0997 -0.2082 -0.3156 -0.4220 -0.5270 -0.6306 -0.7330 -0.8344 -0.9352 -1.0326
 -1.1260
  0.9114  0.9045  0.9054  0.9141  0.9258  0.9351  0.9377  0.9327  0.9180  0.8897
  0.8471  0.7948  0.7379  0.6795  0.6216  0.4844  0.3580  0.2377  0.1218  0.0096
 -0.0999 -0.2079 -0.3147 -0.4201 -0.5240 -0.6264 -0.7274 -0.8271 -0.9258 -1.0237
 -1.1186
  0.9055  0.8892  0.8756  0.8670  0.8644  0.8664  0.8706  0.8738  0.8707  0.8566
  0.8285  0.7872  0.7368  0.6818  0.6253  0.4877  0.3598  0.2385  0.1215  0.0085
 -0.1015 -0.2094 -0.3158 -0.4207 -0.5238 -0.6253 -0.7253 -0.8240 -0.9213 -1.0176
 -1.1128
  0.9084  0.8887  0.8686  0.8499  0.8344  0.8229  0.8147  0.8077  0.8001  0.7893
  0.7724  0.7472  0.7138  0.6725  0.6246  0.4926  0.3638  0.2417  0.1239  0.0102
 -0.1001 -0.2080 -0.3140 -0.4184 -0.5209 -0.6217 -0.7211 -0.8189 -0.9153 -1.0103
 -1.1041
  0.9146  0.8944  0.8717  0.8483  0.8253  0.8040  0.7850  0.7680  0.7514  0.7329
  0.7110  0.6853  0.6568  0.6259  0.5922  0.4909  0.3685  0.2459  0.1275  0.0130
 -0.0978 -0.2058 -0.3117 -0.4157 -0.5179 -0.6183 -0.7172 -0.8145 -0.9103 -1.0047
 -1.0976
  0.9204  0.9009  0.8786  0.8536  0.8272  0.8003  0.7738  0.7484  0.7239  0.6991
  0.6725  0.6430  0.6110  0.5779  0.5281  0.4826  0.3739  0.2511  0.1323
 [Fe/H] =  0.75 [alpha/Fe] = 0.00 BC value =F150W2
  1.1410  1.1721  1.1842  1.1792  1.1589  1.1246  1.0779  1.0198  0.9535  0.8874
  0.8225  0.7597  0.7001  0.6438  0.5909  0.4705  0.3595  0.2520  0.1442
  1.1215  1.1352  1.1422  1.1433  1.1377  1.1190  1.0807  1.0223  0.9581  0.8926
  0.8274  0.7638  0.7029  0.6452  0.5908  0.4660  0.3519  0.2428  0.1349  0.0257
  1.0953  1.1071  1.1202  1.1248  1.1214  1.1069  1.0759  1.0258  0.9648  0.9004
  0.8353  0.7712  0.7092  0.6502  0.5943  0.4661  0.3488  0.2375  0.1288  0.0203
 -0.0892
  1.0655  1.0803  1.0924  1.1000  1.1009  1.0923  1.0693  1.0277  0.9715  0.9091
  0.8446  0.7803  0.7175  0.6573  0.6000  0.4686  0.3486  0.2350  0.1251  0.0167
 -0.0919 -0.2012
  1.0351  1.0485  1.0605  1.0698  1.0742  1.0709  1.0563  1.0250  0.9760  0.9170
  0.8540  0.7900  0.7269  0.6657  0.6071  0.4726  0.3502  0.2345  0.1231  0.0143
 -0.0936 -0.2018 -0.3101 -0.4183
  1.0058  1.0165  1.0269  1.0359  1.0420  1.0427  1.0351  1.0142  0.9756  0.9224
  0.8621  0.7992  0.7363  0.6745  0.6150  0.4775  0.3528  0.2353  0.1225  0.0131
 -0.0947 -0.2020 -0.3091 -0.4157 -0.5214 -0.6262 -0.7307 -0.8343 -0.9342 -1.0307
  0.9729  0.9830  0.9921  1.0002  1.0064  1.0091  1.0060  0.9938  0.9668  0.9229
  0.8675  0.8069  0.7448  0.6831  0.6230  0.4829  0.3561  0.2370  0.1229  0.0126
 -0.0952 -0.2020 -0.3081 -0.4134 -0.5176 -0.6206 -0.7227 -0.8242 -0.9250 -1.0221
 -1.1159
  0.9253  0.9319  0.9426  0.9558  0.9666  0.9712  0.9707  0.9640  0.9472  0.9152
  0.8681  0.8118  0.7516  0.6907  0.6305  0.4885  0.3596  0.2392  0.1239  0.0129
 -0.0952 -0.2017 -0.3071 -0.4114 -0.5144 -0.6161 -0.7166 -0.8160 -0.9148 -1.0130
 -1.1078
  0.9102  0.8988  0.8930  0.8938  0.9014  0.9122  0.9207  0.9221  0.9137  0.8935
  0.8583  0.8100  0.7543  0.6954  0.6360  0.4930  0.3621  0.2404  0.1240  0.0119
 -0.0967 -0.2032 -0.3082 -0.4119 -0.5140 -0.6147 -0.7140 -0.8121 -0.9093 -1.0058
 -1.1016
  0.9095  0.8922  0.8758  0.8625  0.8544  0.8512  0.8513  0.8524  0.8517  0.8447
  0.8259  0.7929  0.7482  0.6961  0.6404  0.4992  0.3668  0.2437  0.1264  0.0135
 -0.0955 -0.2020 -0.3066 -0.4097 -0.5112 -0.6110 -0.7094 -0.8064 -0.9025 -0.9976
 -1.0918
  0.9151  0.8955  0.8747  0.8541  0.8353  0.8197  0.8075  0.7976  0.7878  0.7764
  0.7612  0.7391  0.7090  0.6715  0.6281  0.5031  0.3723  0.2479  0.1297  0.0160
 -0.0937 -0.2003 -0.3047 -0.4074 -0.5084 -0.6076 -0.7054 -0.8017 -0.8969 -0.9911
 -1.0843
  0.9223  0.9026  0.8808  0.8569  0.8326  0.8089  0.7869  0.7670  0.7483  0.7292
  0.7078  0.6827  0.6538  0.6214  0.5991  0.5047  0.3786  0.2530  0.1339
 [Fe/H] =  1.00 [alpha/Fe] = 0.00 BC value =F150W2
  1.1542  1.1843  1.1953  1.1893  1.1679  1.1326  1.0849  1.0258  0.9585  0.8913
  0.8252  0.7609  0.6994  0.6414  0.5867  0.4633  0.3519  0.2453  0.1393
  1.1369  1.1609  1.1708  1.1681  1.1539  1.1294  1.0914  1.0305  0.9651  0.8986
  0.8322  0.7672  0.7046  0.6451  0.5889  0.4609  0.3461  0.2376  0.1313  0.0245
  1.1121  1.1312  1.1371  1.1406  1.1357  1.1194  1.0890  1.0364  0.9736  0.9083
  0.8421  0.7766  0.7130  0.6521  0.5944  0.4628  0.3445  0.2337  0.1264  0.0198
 -0.0874
  1.0827  1.0990  1.1116  1.1189  1.1188  1.1087  1.0837  1.0404  0.9823  0.9187
  0.8532  0.7876  0.7233  0.6612  0.6021  0.4670  0.3457  0.2324  0.1237  0.0170
 -0.0895 -0.1967
  1.0516  1.0674  1.0811  1.0910  1.0953  1.0911  1.0749  1.0409  0.9894  0.9287
  0.8644  0.7991  0.7345  0.6716  0.6112  0.4726  0.3485  0.2329  0.1226  0.0153
 -0.0908 -0.1970 -0.3036 -0.4105
  1.0212  1.0348  1.0476  1.0584  1.0654  1.0660  1.0575  1.0344  0.9926  0.9367
  0.8746  0.8103  0.7458  0.6824  0.6210  0.4791  0.3523  0.2347  0.1227  0.0145
 -0.0915 -0.1970 -0.3025 -0.4077 -0.5124 -0.6168 -0.7211 -0.8238 -0.9231 -1.0197
  0.9911  1.0024  1.0132  1.0232  1.0309  1.0345  1.0314  1.0179  0.9881  0.9408
  0.8826  0.8200  0.7562  0.6929  0.6309  0.4862  0.3567  0.2372  0.1237  0.0145
 -0.0918 -0.1968 -0.3013 -0.4054 -0.5085 -0.6107 -0.7125 -0.8139 -0.9139 -1.0106
 -1.1046
  0.9453  0.9616  0.9750  0.9856  0.9934  0.9980  0.9980  0.9911  0.9725  0.9373
  0.8865  0.8274  0.7651  0.7023  0.6403  0.4935  0.3613  0.2401  0.1252  0.0151
 -0.0916 -0.1964 -0.3002 -0.4033 -0.5053 -0.6062 -0.7059 -0.8049 -0.9036 -1.0014
 -1.0959
  0.9149  0.9107  0.9153  0.9270  0.9425  0.9543  0.9584  0.9552  0.9440  0.9207
  0.8816  0.8292  0.7703  0.7089  0.6474  0.4995  0.3649  0.2419  0.1257  0.0145
 -0.0930 -0.1979 -0.3013 -0.4037 -0.5048 -0.6046 -0.7031 -0.8004 -0.8971 -0.9936
 -1.0893
  0.9090  0.8951  0.8837  0.8778  0.8786  0.8846  0.8931  0.9000  0.8999  0.8886
  0.8631  0.8223  0.7706  0.7135  0.6542  0.5070  0.3704  0.2455  0.1282  0.0161
 -0.0919 -0.1969 -0.2999 -0.4016 -0.5020 -0.6008 -0.6983 -0.7945 -0.8897 -0.9844
 -1.0787
  0.9123  0.8946  0.8766  0.8599  0.8467  0.8381  0.8336  0.8313  0.8288  0.8243
  0.8134  0.7904  0.7535  0.7061  0.6531  0.5133  0.3767  0.2500  0.1314  0.0183
 -0.0904 -0.1957 -0.2985 -0.3998 -0.4995 -0.5976 -0.6943 -0.7895 -0.8837 -0.9772
 -1.0700
  0.9192  0.9009  0.8802  0.8585  0.8372  0.8179  0.8015  0.7880  0.7757  0.7629
  0.7480  0.7290  0.7033  0.6696  0.6441  0.5184  0.3838  0.2554  0.1353
