 [Fe/H] = -2.00 [alpha/Fe] =-0.40 BC value = F438W
 -7.4308 -7.1938 -7.2753 -7.1505 -6.9704 -6.5901 -6.0220 -5.6845 -5.3644 -5.0413
 -4.7385 -4.4554 -4.1851 -3.9211 -3.6634 -3.0998 -2.4977 -1.9496 -1.5657
 -7.1699 -6.7421 -6.4133 -6.1903 -6.0492 -5.8725 -5.6009 -5.2744 -4.9452 -4.6292
 -4.3283 -4.0456 -3.7806 -3.5312 -3.2947 -2.7458 -2.2472 -1.8259 -1.5040 -1.2605
 -6.7714 -6.3418 -5.9773 -5.6794 -5.4370 -5.2586 -5.1063 -4.8927 -4.6167 -4.3173
 -4.0263 -3.7499 -3.4929 -3.2547 -3.0340 -2.5432 -2.1132 -1.7440 -1.4558 -1.2368
 -1.0632
 -6.4500 -6.0496 -5.6867 -5.3731 -5.1001 -4.8541 -4.6377 -4.4602 -4.2757 -4.0444
 -3.7851 -3.5259 -3.2788 -3.0499 -2.8405 -2.3909 -2.0133 -1.6901 -1.4277 -1.2278
 -1.0690 -0.9356
 -6.1666 -5.8071 -5.4659 -5.1560 -4.8807 -4.6280 -4.3884 -4.1632 -3.9662 -3.7791
 -3.5788 -3.3556 -3.1280 -2.9101 -2.7087 -2.2855 -1.9437 -1.6531 -1.4145 -1.2290
 -1.0821 -0.9586 -0.8499 -0.7517
 -5.9109 -5.5890 -5.2801 -4.9856 -4.7159 -4.4692 -4.2355 -4.0086 -3.7914 -3.5880
 -3.4000 -3.2149 -3.0201 -2.8210 -2.6288 -2.2197 -1.8997 -1.6322 -1.4112 -1.2363
 -1.0988 -0.9842 -0.8833 -0.7914 -0.7018 -0.6166 -0.5394 -0.4732 -0.4202 -0.3816
 -5.6820 -5.3922 -5.1136 -4.8425 -4.5833 -4.3441 -4.1199 -3.9040 -3.6936 -3.4886
 -3.2931 -3.1090 -2.9327 -2.7580 -2.5837 -2.1867 -1.8761 -1.6245 -1.4142 -1.2464
 -1.1158 -1.0091 -0.9161 -0.8313 -0.7523 -0.6783 -0.6091 -0.5445 -0.4842 -0.4321
 -0.4029
 -5.4792 -5.2164 -4.9628 -4.7157 -4.4740 -4.2417 -4.0242 -3.8194 -3.6213 -3.4262
 -3.2352 -3.0509 -2.8755 -2.7094 -2.5496 -2.1775 -1.8687 -1.6245 -1.4217 -1.2576
 -1.1307 -1.0304 -0.9451 -0.8679 -0.7961 -0.7280 -0.6624 -0.6009 -0.5452 -0.4967
 -0.4562
 -5.3017 -5.0614 -4.8280 -4.5979 -4.3757 -4.1570 -3.9452 -3.7449 -3.5562 -3.3730
 -3.1919 -3.0139 -2.8417 -2.6775 -2.5219 -2.1698 -1.8697 -1.6270 -1.4298 -1.2677
 -1.1420 -1.0455 -0.9670 -0.8980 -0.8341 -0.7733 -0.7152 -0.6599 -0.6088 -0.5619
 -0.5189
 -5.1488 -4.9269 -4.7098 -4.4973 -4.2892 -4.0852 -3.8852 -3.6901 -3.5042 -3.3283
 -3.1579 -2.9899 -2.8243 -2.6646 -2.5122 -2.1670 -1.8761 -1.6361 -1.4409 -1.2808
 -1.1542 -1.0581 -0.9836 -0.9216 -0.8659 -0.8133 -0.7631 -0.7145 -0.6679 -0.6241
 -0.5838
 -5.0161 -4.8061 -4.6011 -4.4010 -4.2054 -4.0141 -3.8270 -3.6435 -3.4633 -3.2900
 -3.1249 -2.9656 -2.8090 -2.6550 -2.5055 -2.1661 -1.8813 -1.6441 -1.4499 -1.2921
 -1.1656 -1.0685 -0.9950 -0.9374 -0.8887 -0.8445 -0.8027 -0.7622 -0.7228 -0.6848
 -0.6491
 -4.8886 -4.6721 -4.4716 -4.2832 -4.1032 -3.9287 -3.7571 -3.5869 -3.4189 -3.2544
 -3.0943 -2.9395 -2.7900 -2.6439 -2.5006 -2.1669 -1.8845 -1.6509 -1.4582
 [Fe/H] = -1.50 [alpha/Fe] =-0.40 BC value = F438W
 -7.7563 -7.5469 -7.3113 -6.9588 -6.5409 -6.0876 -5.6676 -5.3111 -4.9870 -4.6857
 -4.4026 -4.1405 -3.8974 -3.6683 -3.4495 -2.9497 -2.4537 -1.9881 -1.6141
 -7.1241 -6.7431 -6.5274 -6.3903 -6.1394 -5.7803 -5.3833 -5.0106 -4.6779 -4.3722
 -4.0870 -3.8248 -3.5845 -3.3623 -3.1543 -2.6809 -2.2519 -1.8635 -1.5383 -1.2836
 -6.7582 -6.3290 -5.9968 -5.7563 -5.6091 -5.4368 -5.1390 -4.7880 -4.4494 -4.1419
 -3.8558 -3.5935 -3.3548 -3.1367 -2.9359 -2.4939 -2.1132 -1.7757 -1.4874 -1.2570
 -1.0746
 -6.5011 -6.0753 -5.7147 -5.4096 -5.1595 -4.9654 -4.8044 -4.5824 -4.2830 -3.9819
 -3.6990 -3.4370 -3.1987 -2.9826 -2.7856 -2.3631 -2.0147 -1.7150 -1.4566 -1.2457
 -1.0774 -0.9384
 -6.2994 -5.8950 -5.5321 -5.2206 -4.9509 -4.7025 -4.4754 -4.2757 -4.0895 -3.8554
 -3.5943 -3.3395 -3.1028 -2.8869 -2.6910 -2.2782 -1.9496 -1.6754 -1.4404 -1.2450
 -1.0880 -0.9585 -0.8466 -0.7452
 -6.1430 -5.7547 -5.4021 -5.0854 -4.8092 -4.5605 -4.3216 -4.0891 -3.8742 -3.6841
 -3.4903 -3.2723 -3.0480 -2.8352 -2.6392 -2.2284 -1.9100 -1.6518 -1.4336 -1.2508
 -1.1029 -0.9817 -0.8775 -0.7841 -0.6978 -0.6179 -0.5444 -0.4770 -0.4176 -0.3749
 -6.0032 -5.6399 -5.3043 -4.9902 -4.7077 -4.4577 -4.2270 -4.0016 -3.7789 -3.5673
 -3.3717 -3.1900 -3.0041 -2.8102 -2.6190 -2.2051 -1.8894 -1.6398 -1.4329 -1.2594
 -1.1188 -1.0048 -0.9081 -0.8218 -0.7423 -0.6662 -0.5950 -0.5310 -0.4760 -0.4310
 -0.3954
 -5.8781 -5.5422 -5.2281 -4.9239 -4.6393 -4.3818 -4.1520 -3.9375 -3.7272 -3.5185
 -3.3164 -3.1261 -2.9498 -2.7803 -2.6098 -2.2046 -1.8831 -1.6363 -1.4361 -1.2691
 -1.1336 -1.0253 -0.9356 -0.8567 -0.7842 -0.7150 -0.6497 -0.5894 -0.5353 -0.4879
 -0.4477
 -5.7730 -5.4575 -5.1621 -4.8731 -4.5943 -4.3322 -4.0945 -3.8801 -3.6800 -3.4841
 -3.2897 -3.0994 -2.9184 -2.7490 -2.5889 -2.2119 -1.8875 -1.6373 -1.4400 -1.2772
 -1.1447 -1.0403 -0.9567 -0.8853 -0.8206 -0.7598 -0.7024 -0.6489 -0.5992 -0.5530
 -0.5100
 -5.6927 -5.3836 -5.1018 -4.8360 -4.5698 -4.3122 -4.0685 -3.8454 -3.6436 -3.4555
 -3.2729 -3.0919 -2.9138 -2.7428 -2.5815 -2.2193 -1.9042 -1.6480 -1.4490 -1.2880
 -1.1568 -1.0534 -0.9733 -0.9082 -0.8512 -0.7986 -0.7488 -0.7010 -0.6556 -0.6130
 -0.5741
 -5.6278 -5.3199 -5.0467 -4.7955 -4.5439 -4.3015 -4.0630 -3.8353 -3.6248 -3.4332
 -3.2551 -3.0838 -2.9149 -2.7483 -2.5872 -2.2253 -1.9188 -1.6629 -1.4596 -1.2984
 -1.1677 -1.0641 -0.9850 -0.9238 -0.8735 -0.8289 -0.7874 -0.7476 -0.7091 -0.6723
 -0.6379
 -5.5674 -5.2665 -4.9967 -4.7468 -4.5109 -4.2826 -4.0571 -3.8371 -3.6253 -3.4265
 -3.2438 -3.0743 -2.9125 -2.7542 -2.5983 -2.2365 -1.9310 -1.6774 -1.4713
 [Fe/H] = -1.00 [alpha/Fe] =-0.40 BC value = F438W
 -7.9524 -7.6331 -7.1889 -6.7060 -6.1887 -5.7143 -5.3403 -5.0113 -4.7025 -4.4197
 -4.1550 -3.9101 -3.6861 -3.4802 -3.2879 -2.8448 -2.4281 -2.0292 -1.6713
 -7.1295 -6.9398 -6.7629 -6.4196 -5.9974 -5.5429 -5.1282 -4.7788 -4.4612 -4.1730
 -3.9043 -3.6573 -3.4331 -3.2293 -3.0417 -2.6226 -2.2472 -1.9011 -1.5890 -1.3251
 -6.7547 -6.3683 -6.1577 -6.0446 -5.7885 -5.4128 -5.0057 -4.6303 -4.3023 -4.0088
 -3.7373 -3.4878 -3.2617 -3.0576 -2.8718 -2.4667 -2.1182 -1.8088 -1.5325 -1.2945
 -1.0993
 -6.5576 -6.1174 -5.7809 -5.5460 -5.4037 -5.2316 -4.9163 -4.5547 -4.2121 -3.9097
 -3.6359 -3.3837 -3.1546 -2.9483 -2.7619 -2.3629 -2.0308 -1.7456 -1.4959 -1.2787
 -1.0978 -0.9487
 -6.4329 -5.9841 -5.6094 -5.3040 -5.0594 -4.8607 -4.7002 -4.4757 -4.1695 -3.8608
 -3.5836 -3.3289 -3.0961 -2.8862 -2.6971 -2.2979 -1.9743 -1.7045 -1.4735 -1.2732
 -1.1042 -0.9644 -0.8464 -0.7439
 -6.3526 -5.9076 -5.5136 -5.1804 -4.8986 -4.6545 -4.4364 -4.2393 -4.0562 -3.8253
 -3.5613 -3.3089 -3.0737 -2.8593 -2.6660 -2.2612 -1.9401 -1.6792 -1.4609 -1.2739
 -1.1154 -0.9838 -0.8731 -0.7765 -0.6903 -0.6114 -0.5376 -0.4667 -0.4030 -0.3648
 -6.3042 -5.8689 -5.4687 -5.1160 -4.8153 -4.5585 -4.3244 -4.0986 -3.8850 -3.6927
 -3.5045 -3.2939 -3.0717 -2.8579 -2.6606 -2.2460 -1.9222 -1.6654 -1.4551 -1.2780
 -1.1283 -1.0039 -0.9002 -0.8105 -0.7296 -0.6556 -0.5874 -0.5239 -0.4642 -0.4121
 -0.3837
 -6.2707 -5.8559 -5.4579 -5.0937 -4.7728 -4.4972 -4.2575 -4.0350 -3.8176 -3.6065
 -3.4098 -3.2286 -3.0494 -2.8617 -2.6717 -2.2485 -1.9174 -1.6602 -1.4540 -1.2836
 -1.1409 -1.0228 -0.9253 -0.8425 -0.7684 -0.7003 -0.6361 -0.5765 -0.5225 -0.4750
 -0.4345
 -6.2498 -5.8520 -5.4664 -5.0999 -4.7645 -4.4690 -4.2136 -3.9884 -3.7784 -3.5724
 -3.3710 -3.1797 -3.0009 -2.8335 -2.6690 -2.2634 -1.9213 -1.6595 -1.4546 -1.2882
 -1.1503 -1.0371 -0.9452 -0.8690 -0.8022 -0.7411 -0.6844 -0.6319 -0.5833 -0.5382
 -0.4965
 -6.2431 -5.8598 -5.4896 -5.1323 -4.7926 -4.4814 -4.2058 -3.9656 -3.7530 -3.5547
 -3.3615 -3.1720 -2.9891 -2.8165 -2.6557 -2.2833 -1.9431 -1.6702 -1.4618 -1.2962
 -1.1609 -1.0503 -0.9619 -0.8910 -0.8313 -0.7778 -0.7284 -0.6816 -0.6377 -0.5968
 -0.5596
 -6.2475 -5.8583 -5.5065 -5.1676 -4.8384 -4.5232 -4.2326 -3.9730 -3.7453 -3.5427
 -3.3550 -3.1738 -2.9958 -2.8226 -2.6577 -2.2917 -1.9688 -1.6904 -1.4735 -1.3056
 -1.1706 -1.0612 -0.9744 -0.9069 -0.8529 -0.8067 -0.7652 -0.7261 -0.6890 -0.6539
 -0.6212
 -6.2570 -5.8610 -5.5114 -5.1901 -4.8772 -4.5731 -4.2827 -4.0110 -3.7657 -3.5482
 -3.3542 -3.1756 -3.0048 -2.8378 -2.6744 -2.3024 -1.9874 -1.7149 -1.4906
 [Fe/H] = -0.75 [alpha/Fe] =-0.40 BC value = F438W
 -8.0019 -7.5761 -7.0683 -6.5567 -6.0415 -5.5761 -5.2073 -4.8890 -4.5951 -4.3203
 -4.0643 -3.8266 -3.6091 -3.4104 -3.2267 -2.8093 -2.4222 -2.0507 -1.7032
 -7.2279 -7.0867 -6.7766 -6.3555 -5.8996 -5.4317 -5.0291 -4.6893 -4.3843 -4.1047
 -3.8445 -3.6043 -3.3857 -3.1876 -3.0064 -2.6064 -2.2504 -1.9211 -1.6188 -1.3537
 -6.7598 -6.4499 -6.3391 -6.1338 -5.7716 -5.3576 -4.9360 -4.5694 -4.2523 -3.9667
 -3.7034 -3.4603 -3.2390 -3.0393 -2.8583 -2.4665 -2.1300 -1.8294 -1.5591 -1.3202
 -1.1187
 -6.5759 -6.1418 -5.8486 -5.6980 -5.5677 -5.2721 -4.8986 -4.5190 -4.1827 -3.8875
 -3.6213 -3.3752 -3.1504 -2.9475 -2.7643 -2.3744 -2.0489 -1.7668 -1.5192 -1.3010
 -1.1145 -0.9590
 -6.4849 -6.0168 -5.6407 -5.3615 -5.1622 -5.0230 -4.8203 -4.5031 -4.1656 -3.8550
 -3.5827 -3.3335 -3.1047 -2.8974 -2.7105 -2.3171 -1.9963 -1.7257 -1.4938 -1.2918
 -1.1180 -0.9719 -0.8491 -0.7433
 -6.4458 -5.9657 -5.5543 -5.2192 -4.9532 -4.7309 -4.5427 -4.3737 -4.1445 -3.8569
 -3.5763 -3.3236 -3.0907 -2.8784 -2.6865 -2.2850 -1.9642 -1.7000 -1.4786 -1.2890
 -1.1262 -0.9887 -0.8731 -0.7735 -0.6854 -0.6048 -0.5294 -0.4604 -0.4010 -0.3586
 -6.4438 -5.9613 -5.5299 -5.1609 -4.8564 -4.6029 -4.3780 -4.1670 -3.9761 -3.7918
 -3.5719 -3.3314 -3.0996 -2.8834 -2.6859 -2.2726 -1.9473 -1.6855 -1.4705 -1.2901
 -1.1366 -1.0067 -0.8980 -0.8050 -0.7227 -0.6479 -0.5802 -0.5168 -0.4566 -0.4045
 -0.3752
 -6.4604 -5.9895 -5.5485 -5.1560 -4.8199 -4.5395 -4.3001 -4.0804 -3.8684 -3.6667
 -3.4812 -3.2997 -3.1039 -2.9002 -2.7029 -2.2768 -1.9431 -1.6796 -1.4681 -1.2935
 -1.1471 -1.0239 -0.9214 -0.8350 -0.7593 -0.6906 -0.6265 -0.5674 -0.5139 -0.4666
 -0.4257
 -6.4870 -6.0297 -5.5923 -5.1867 -4.8264 -4.5174 -4.2563 -4.0297 -3.8194 -3.6145
 -3.4164 -3.2310 -3.0572 -2.8874 -2.7134 -2.2927 -1.9476 -1.6789 -1.4676 -1.2964
 -1.1550 -1.0373 -0.9403 -0.8602 -0.7913 -0.7296 -0.6730 -0.6203 -0.5716 -0.5274
 -0.4875
 -6.5194 -6.0782 -5.6567 -5.2515 -4.8762 -4.5425 -4.2547 -4.0088 -3.7935 -3.5935
 -3.3992 -3.2104 -3.0304 -2.8608 -2.7014 -2.3194 -1.9690 -1.6899 -1.4748 -1.3038
 -1.1646 -1.0501 -0.9570 -0.8818 -0.8194 -0.7649 -0.7154 -0.6692 -0.6260 -0.5861
 -0.5499
 -6.5592 -6.1187 -5.7170 -5.3270 -4.9525 -4.6045 -4.2931 -4.0222 -3.7886 -3.5828
 -3.3928 -3.2096 -3.0311 -2.8589 -2.6955 -2.3308 -1.9992 -1.7111 -1.4873 -1.3133
 -1.1740 -1.0609 -0.9698 -0.8979 -0.8407 -0.7930 -0.7510 -0.7123 -0.6758 -0.6417
 -0.6095
 -6.6047 -6.1538 -5.7596 -5.3914 -5.0327 -4.6868 -4.3639 -4.0723 -3.8157 -3.5921
 -3.3945 -3.2133 -3.0405 -2.8722 -2.7085 -2.3382 -2.0215 -1.7401 -1.5065
 [Fe/H] = -0.50 [alpha/Fe] =-0.40 BC value = F438W
 -8.0057 -7.4831 -6.9366 -6.4188 -5.9334 -5.4858 -5.1197 -4.7984 -4.5110 -4.2462
 -3.9987 -3.7679 -3.5557 -3.3618 -3.1839 -2.7851 -2.4209 -2.0728 -1.7373
 -7.4020 -7.1562 -6.7448 -6.2786 -5.8123 -5.3580 -4.9656 -4.6295 -4.3280 -4.0587
 -3.8069 -3.5733 -3.3594 -3.1653 -2.9884 -2.6018 -2.2607 -1.9448 -1.6515 -1.3872
 -6.7955 -6.6227 -6.4800 -6.1470 -5.7337 -5.3029 -4.8890 -4.5312 -4.2187 -3.9415
 -3.6866 -3.4501 -3.2334 -3.0370 -2.8590 -2.4766 -2.1494 -1.8554 -1.5891 -1.3502
 -1.1435
 -6.5861 -6.1842 -5.9827 -5.8891 -5.6354 -5.2682 -4.8732 -4.4941 -4.1647 -3.8772
 -3.6188 -3.3791 -3.1588 -2.9587 -2.7778 -2.3940 -2.0740 -1.7940 -1.5464 -1.3271
 -1.1359 -0.9741
 -6.5191 -6.0397 -5.6835 -5.4561 -5.3334 -5.1694 -4.8595 -4.5039 -4.1584 -3.8549
 -3.5894 -3.3463 -3.1221 -2.9174 -2.7321 -2.3424 -2.0246 -1.7531 -1.5184 -1.3141
 -1.1360 -0.9839 -0.8553 -0.7456
 -6.5175 -6.0053 -5.5834 -5.2596 -5.0217 -4.8454 -4.7008 -4.4828 -4.1806 -3.8700
 -3.5895 -3.3417 -3.1134 -2.9038 -2.7132 -2.3138 -1.9941 -1.7271 -1.5010 -1.3077
 -1.1408 -0.9976 -0.8763 -0.7725 -0.6814 -0.5996 -0.5243 -0.4533 -0.3903 -0.3518
 -6.5625 -6.0312 -5.5716 -5.1941 -4.8939 -4.6565 -4.4528 -4.2735 -4.1005 -3.8783
 -3.6132 -3.3584 -3.1262 -2.9118 -2.7155 -2.3034 -1.9780 -1.7120 -1.4913 -1.3059
 -1.1480 -1.0129 -0.8984 -0.8010 -0.7161 -0.6402 -0.5711 -0.5074 -0.4479 -0.3960
 -0.3673
 -6.6309 -6.0990 -5.6159 -5.1984 -4.8531 -4.5744 -4.3435 -4.1344 -3.9372 -3.7539
 -3.5733 -3.3682 -3.1495 -2.9360 -2.7357 -2.3091 -1.9743 -1.7059 -1.4877 -1.3073
 -1.1562 -1.0280 -0.9198 -0.8286 -0.7501 -0.6802 -0.6172 -0.5598 -0.5063 -0.4568
 -0.4156
 -6.7099 -6.1807 -5.6939 -5.2511 -4.8692 -4.5511 -4.2899 -4.0674 -3.8625 -3.6648
 -3.4761 -3.2994 -3.1260 -2.9450 -2.7588 -2.3261 -1.9794 -1.7053 -1.4867 -1.3091
 -1.1624 -1.0398 -0.9373 -0.8521 -0.7801 -0.7169 -0.6600 -0.6078 -0.5598 -0.5161
 -0.4769
 -6.7900 -6.2820 -5.7996 -5.3464 -4.9382 -4.5852 -4.2887 -4.0413 -3.8279 -3.6306
 -3.4397 -3.2554 -3.0815 -2.9164 -2.7561 -2.3577 -2.0009 -1.7170 -1.4943 -1.3162
 -1.1713 -1.0520 -0.9536 -0.8732 -0.8070 -0.7505 -0.7004 -0.6546 -0.6122 -0.5734
 -0.5382
 -6.8679 -6.3680 -5.9056 -5.4607 -5.0423 -4.6648 -4.3359 -4.0566 -3.8204 -3.6151
 -3.4263 -3.2446 -3.0688 -2.9005 -2.7405 -2.3751 -2.0337 -1.7385 -1.5077 -1.3262
 -1.1807 -1.0625 -0.9665 -0.8895 -0.8281 -0.7778 -0.7347 -0.6960 -0.6602 -0.6271
 -0.5953
 -6.9506 -6.4420 -5.9931 -5.5690 -5.1597 -4.7746 -4.4244 -4.1162 -3.8510 -3.6240
 -3.4258 -3.2450 -3.0728 -2.9061 -2.7448 -2.3793 -2.0603 -1.7703 -1.5284
 [Fe/H] = -0.25 [alpha/Fe] =-0.40 BC value = F438W
 -7.9574 -7.3756 -6.8099 -6.3029 -5.8421 -5.4211 -5.0667 -4.7396 -4.4485 -4.1973
 -3.9579 -3.7336 -3.5264 -3.3365 -3.1621 -2.7756 -2.4277 -2.0963 -1.7766
 -7.3819 -7.1713 -6.6948 -6.2036 -5.7352 -5.3008 -4.9256 -4.5913 -4.2931 -4.0335
 -3.7901 -3.5632 -3.3541 -3.1632 -2.9891 -2.6107 -2.2799 -1.9739 -1.6877 -1.4252
 -6.9169 -6.8166 -6.5388 -6.1333 -5.6922 -5.2526 -4.8565 -4.5073 -4.2008 -3.9325
 -3.6859 -3.4563 -3.2445 -3.0511 -2.8753 -2.4984 -2.1775 -1.8881 -1.6239 -1.3849
 -1.1740
 -6.6004 -6.2800 -6.1887 -5.9984 -5.6506 -5.2515 -4.8479 -4.4794 -4.1582 -3.8778
 -3.6276 -3.3950 -3.1797 -2.9826 -2.8034 -2.4234 -2.1072 -1.8285 -1.5795 -1.3580
 -1.1627 -0.9947
 -6.5345 -6.0624 -5.7565 -5.6220 -5.5061 -5.2232 -4.8668 -4.4975 -4.1581 -3.8615
 -3.6033 -3.3672 -3.1481 -2.9466 -2.7629 -2.3755 -2.0600 -1.7879 -1.5496 -1.3411
 -1.1590 -1.0011 -0.8663 -0.7518
 -6.5628 -6.0253 -5.6079 -5.3157 -5.1333 -5.0176 -4.8275 -4.5240 -4.1935 -3.8806
 -3.6061 -3.3648 -3.1417 -2.9356 -2.7468 -2.3487 -2.0301 -1.7614 -1.5303 -1.3316
 -1.1601 -1.0114 -0.8838 -0.7747 -0.6809 -0.5975 -0.5198 -0.4458 -0.3832 -0.3447
 -6.6537 -6.0730 -5.5930 -5.2167 -4.9380 -4.7317 -4.5707 -4.4202 -4.2026 -3.9217
 -3.6372 -3.3829 -3.1552 -2.9446 -2.7507 -2.3393 -2.0140 -1.7455 -1.5191 -1.3273
 -1.1640 -1.0234 -0.9029 -0.7999 -0.7112 -0.6330 -0.5638 -0.4995 -0.4380 -0.3868
 -0.3578
 -6.7820 -6.1791 -5.6548 -5.2206 -4.8777 -4.6103 -4.3975 -4.2109 -4.0403 -3.8684
 -3.6594 -3.4179 -3.1852 -2.9705 -2.7714 -2.3458 -2.0104 -1.7390 -1.5143 -1.3269
 -1.1695 -1.0359 -0.9217 -0.8248 -0.7422 -0.6699 -0.6059 -0.5469 -0.4931 -0.4454
 -0.4045
 -6.9170 -6.3145 -5.7657 -5.2882 -4.8912 -4.5727 -4.3201 -4.1093 -3.9169 -3.7337
 -3.5597 -3.3867 -3.1976 -2.9986 -2.8018 -2.3638 -2.0161 -1.7383 -1.5129 -1.3276
 -1.1741 -1.0456 -0.9374 -0.8463 -0.7697 -0.7038 -0.6459 -0.5937 -0.5463 -0.5033
 -0.4644
 -7.0520 -6.4647 -5.9139 -5.4120 -4.9738 -4.6074 -4.3094 -4.0675 -3.8621 -3.6728
 -3.4901 -3.3150 -3.1487 -2.9852 -2.8180 -2.3989 -2.0381 -1.7506 -1.5207 -1.3347
 -1.1824 -1.0569 -0.9528 -0.8665 -0.7953 -0.7356 -0.6840 -0.6380 -0.5963 -0.5580
 -0.5242
 -7.1762 -6.6047 -6.0683 -5.5637 -5.1029 -4.6996 -4.3584 -4.0766 -3.8439 -3.6443
 -3.4610 -3.2847 -3.1146 -2.9528 -2.7973 -2.4257 -2.0721 -1.7727 -1.5350 -1.3453
 -1.1922 -1.0674 -0.9656 -0.8829 -0.8161 -0.7620 -0.7168 -0.6774 -0.6421 -0.6099
 -0.5790
 -7.2992 -6.7245 -6.2068 -5.7173 -5.2557 -4.8331 -4.4599 -4.1400 -3.8714 -3.6461
 -3.4517 -3.2750 -3.1067 -2.9443 -2.7879 -2.4284 -2.1036 -1.8056 -1.5570
 [Fe/H] =  0.00 [alpha/Fe] =-0.40 BC value = F438W
 -7.8791 -7.2633 -6.7001 -6.2130 -5.7634 -5.3611 -5.0243 -4.7102 -4.4193 -4.1739
 -3.9422 -3.7238 -3.5213 -3.3343 -3.1625 -2.7831 -2.4389 -2.1182 -1.8185
 -7.5115 -7.1521 -6.6358 -6.1374 -5.6803 -5.2589 -4.9039 -4.5777 -4.2822 -4.0302
 -3.7941 -3.5734 -3.3688 -3.1809 -3.0085 -2.6343 -2.3097 -2.0103 -1.7292 -1.4678
 -7.1265 -6.9334 -6.5555 -6.1071 -5.6549 -5.2231 -4.8400 -4.5039 -4.2023 -3.9410
 -3.7021 -3.4789 -3.2719 -3.0814 -2.9071 -2.5327 -2.2151 -1.9286 -1.6652 -1.4251
 -1.2107
 -6.7534 -6.4666 -6.3519 -6.0432 -5.6489 -5.2350 -4.8350 -4.4788 -4.1661 -3.8920
 -3.6494 -3.4235 -3.2135 -3.0195 -2.8419 -2.4634 -2.1490 -1.8711 -1.6201 -1.3952
 -1.1957 -1.0216
 -6.5383 -6.1026 -5.8968 -5.8221 -5.5875 -5.2430 -4.8668 -4.4979 -4.1671 -3.8777
 -3.6267 -3.3973 -3.1837 -2.9859 -2.8041 -2.4178 -2.1031 -1.8308 -1.5890 -1.3753
 -1.1880 -1.0243 -0.8830 -0.7631
 -6.5772 -6.0348 -5.6438 -5.4128 -5.3117 -5.1649 -4.8775 -4.5412 -4.2029 -3.8970
 -3.6290 -3.3944 -3.1770 -2.9750 -2.7884 -2.3913 -2.0729 -1.8034 -1.5681 -1.3630
 -1.1853 -1.0309 -0.8970 -0.7818 -0.6821 -0.5954 -0.5152 -0.4384 -0.3762 -0.3374
 -6.6998 -6.0890 -5.6049 -5.2471 -5.0061 -4.8540 -4.7351 -4.5347 -4.2487 -3.9440
 -3.6602 -3.4113 -3.1893 -2.9829 -2.7917 -2.3818 -2.0560 -1.7863 -1.5552 -1.3563
 -1.1860 -1.0394 -0.9127 -0.8035 -0.7096 -0.6279 -0.5542 -0.4873 -0.4272 -0.3768
 -0.3478
 -6.8844 -6.2221 -5.6715 -5.2330 -4.9013 -4.6602 -4.4782 -4.3283 -4.1759 -3.9680
 -3.7108 -3.4503 -3.2181 -3.0077 -2.8116 -2.3881 -2.0519 -1.7785 -1.5490 -1.3541
 -1.1889 -1.0488 -0.9285 -0.8253 -0.7372 -0.6613 -0.5951 -0.5367 -0.4827 -0.4323
 -0.3922
 -7.0976 -6.3999 -5.8060 -5.3059 -4.9044 -4.5946 -4.3584 -4.1663 -3.9949 -3.8335
 -3.6671 -3.4741 -3.2551 -3.0420 -2.8424 -2.4064 -2.0577 -1.7774 -1.5465 -1.3534
 -1.1918 -1.0562 -0.9417 -0.8444 -0.7621 -0.6922 -0.6319 -0.5788 -0.5314 -0.4888
 -0.4501
 -7.2901 -6.6026 -5.9920 -5.4511 -4.9925 -4.6206 -4.3282 -4.0978 -3.9050 -3.7283
 -3.5592 -3.3962 -3.2336 -3.0603 -2.8790 -2.4426 -2.0802 -1.7902 -1.5544 -1.3603
 -1.1996 -1.0664 -0.9557 -0.8632 -0.7861 -0.7217 -0.6674 -0.6203 -0.5785 -0.5413
 -0.5084
 -7.4833 -6.8060 -6.1926 -5.6373 -5.1419 -4.7191 -4.3715 -4.0927 -3.8684 -3.6780
 -3.5035 -3.3359 -3.1745 -3.0202 -2.8672 -2.4803 -2.1150 -1.8131 -1.5697 -1.3718
 -1.2098 -1.0769 -0.9683 -0.8793 -0.8064 -0.7471 -0.6985 -0.6575 -0.6217 -0.5903
 -0.5608
 -7.6771 -7.0100 -6.3867 -5.8350 -5.3265 -4.8729 -4.4805 -4.1531 -3.8855 -3.6659
 -3.4788 -3.3090 -3.1469 -2.9909 -2.8070 -2.5195 -2.1621 -1.8461 -1.5924
 [Fe/H] =  0.25 [alpha/Fe] =-0.40 BC value = F438W
 -7.8248 -7.1677 -6.6139 -6.1534 -5.7135 -5.3313 -4.9982 -4.6950 -4.4104 -4.1726
 -3.9469 -3.7344 -3.5363 -3.3530 -3.1834 -2.8081 -2.4694 -2.1559 -1.8648
 -7.6499 -7.1192 -6.5803 -6.0844 -5.6436 -5.2395 -4.8899 -4.5768 -4.2867 -4.0430
 -3.8139 -3.5993 -3.3996 -3.2150 -3.0446 -2.6730 -2.3512 -2.0553 -1.7773 -1.5165
 -7.1390 -7.0001 -6.5382 -6.0791 -5.6280 -5.2078 -4.8364 -4.5112 -4.2142 -3.9621
 -3.7303 -3.5137 -3.3119 -3.1249 -2.9526 -2.5798 -2.2633 -1.9778 -1.7143 -1.4722
 -1.2541
 -6.7615 -6.6808 -6.4425 -6.0632 -5.6398 -5.2239 -4.8325 -4.4882 -4.1837 -3.9160
 -3.6809 -3.4617 -3.2573 -3.0674 -2.8921 -2.5147 -2.2005 -1.9223 -1.6693 -1.4401
 -1.2357 -1.0556
 -6.5464 -6.1922 -6.1083 -5.9462 -5.6268 -5.2493 -4.8648 -4.5040 -4.1842 -3.9013
 -3.6576 -3.4351 -3.2275 -3.0342 -2.8551 -2.4703 -2.1554 -1.8823 -1.6372 -1.4179
 -1.2243 -1.0545 -0.9066 -0.7786
 -6.5717 -6.0450 -5.7095 -5.5806 -5.4863 -5.2311 -4.9001 -4.5507 -4.2166 -3.9188
 -3.6575 -3.4298 -3.2185 -3.0213 -2.8380 -2.4430 -2.1242 -1.8538 -1.6149 -1.4031
 -1.2181 -1.0570 -0.9167 -0.7950 -0.6904 -0.5968 -0.5097 -0.4322 -0.3700 -0.3301
 -6.7129 -6.0843 -5.6141 -5.2951 -5.1191 -5.0287 -4.8611 -4.5836 -4.2715 -3.9636
 -3.6860 -3.4437 -3.2278 -3.0267 -2.8390 -2.4320 -2.1055 -1.8349 -1.6001 -1.3942
 -1.2158 -1.0619 -0.9286 -0.8131 -0.7132 -0.6280 -0.5527 -0.4823 -0.4163 -0.3665
 -0.3374
 -6.9361 -6.2305 -5.6671 -5.2402 -4.9363 -4.7354 -4.6026 -4.4796 -4.2832 -4.0185
 -3.7392 -3.4807 -3.2538 -3.0483 -2.8566 -2.4370 -2.0998 -1.8252 -1.5920 -1.3901
 -1.2164 -1.0682 -0.9411 -0.8317 -0.7373 -0.6563 -0.5844 -0.5207 -0.4652 -0.4180
 -0.3789
 -7.2216 -6.4483 -5.8129 -5.3019 -4.9094 -4.6203 -4.4108 -4.2486 -4.1084 -3.9591
 -3.7663 -3.5324 -3.2941 -3.0808 -2.8852 -2.4540 -2.1045 -1.8225 -1.5878 -1.3877
 -1.2174 -1.0734 -0.9516 -0.8479 -0.7593 -0.6839 -0.6198 -0.5644 -0.5160 -0.4729
 -0.4337
 -7.4539 -6.6963 -6.0337 -5.4572 -4.9890 -4.6238 -4.3468 -4.1357 -3.9624 -3.8056
 -3.6551 -3.4990 -3.3237 -3.1256 -2.9297 -2.4896 -2.1268 -1.8345 -1.5948 -1.3937
 -1.2243 -1.0824 -0.9641 -0.8649 -0.7813 -0.7111 -0.6525 -0.6028 -0.5599 -0.5226
 -0.4903
 -7.7409 -6.9658 -6.2798 -5.6746 -5.1485 -4.7160 -4.3729 -4.1060 -3.8964 -3.7204
 -3.5593 -3.4050 -3.2548 -3.1047 -2.9461 -2.5345 -2.1618 -1.8578 -1.6104 -1.4055
 -1.2348 -1.0931 -0.9763 -0.8803 -0.8008 -0.7353 -0.6818 -0.6376 -0.6004 -0.5688
 -0.5407
 -8.0827 -7.2569 -6.5292 -5.9160 -5.3624 -4.8806 -4.4784 -4.1532 -3.8944 -3.6865
 -3.5110 -3.3514 -3.1990 -3.0520 -2.9344 -2.5887 -2.2095 -1.8924 -1.6346
 [Fe/H] =  0.50 [alpha/Fe] =-0.40 BC value = F438W
 -7.7015 -7.0804 -6.5537 -6.1123 -5.6787 -5.3160 -4.9975 -4.7045 -4.4358 -4.1920
 -3.9709 -3.7635 -3.5698 -3.3893 -3.2212 -2.8496 -2.5097 -2.2034 -1.9105
 -7.6985 -7.0802 -6.5337 -6.0523 -5.6211 -5.2323 -4.8973 -4.5937 -4.3112 -4.0725
 -3.8489 -3.6397 -3.4449 -3.2636 -3.0955 -2.7260 -2.4053 -2.1105 -1.8334 -1.5731
 -7.4464 -7.0351 -6.5419 -6.0547 -5.6166 -5.2041 -4.8461 -4.5322 -4.2392 -3.9961
 -3.7706 -3.5597 -3.3630 -3.1799 -3.0100 -2.6390 -2.3228 -2.0371 -1.7725 -1.5275
 -1.3046
 -6.8682 -6.8337 -6.4965 -6.0696 -5.6308 -5.2195 -4.8392 -4.5084 -4.2121 -3.9505
 -3.7223 -3.5094 -3.3103 -3.1247 -2.9522 -2.5768 -2.2622 -1.9832 -1.7278 -1.4942
 -1.2838 -1.0971
 -6.5807 -6.3752 -6.2887 -6.0176 -5.6480 -5.2521 -4.8706 -4.5193 -4.2099 -3.9332
 -3.6972 -3.4812 -3.2793 -3.0908 -2.9150 -2.5326 -2.2171 -1.9428 -1.6944 -1.4699
 -1.2693 -1.0924 -0.9374 -0.8027
 -6.5582 -6.0738 -5.8410 -5.7829 -5.5829 -5.2679 -4.9134 -4.5614 -4.2369 -3.9482
 -3.6930 -3.4723 -3.2670 -3.0750 -2.8957 -2.5041 -2.1844 -1.9126 -1.6707 -1.4528
 -1.2598 -1.0909 -0.9436 -0.8152 -0.7034 -0.6056 -0.5144 -0.4288 -0.3658 -0.3238
 -6.6933 -6.0727 -5.6360 -5.3836 -5.2962 -5.1765 -4.9212 -4.6100 -4.2901 -3.9869
 -3.7180 -3.4817 -3.2721 -3.0765 -2.8932 -2.4907 -2.1637 -1.8914 -1.6537 -1.4415
 -1.2546 -1.0922 -0.9516 -0.8294 -0.7234 -0.6312 -0.5502 -0.4764 -0.4067 -0.3570
 -0.3268
 -6.9443 -6.2115 -5.6561 -5.2555 -4.9962 -4.8576 -4.7670 -4.5938 -4.3343 -4.0472
 -3.7669 -3.5149 -3.2938 -3.0940 -2.9068 -2.4931 -2.1555 -1.8793 -1.6432 -1.4352
 -1.2529 -1.0956 -0.9607 -0.8444 -0.7439 -0.6571 -0.5823 -0.5177 -0.4584 -0.4036
 -0.3650
 -7.2749 -6.4504 -5.7946 -5.2909 -4.9196 -4.6619 -4.4913 -4.3717 -4.2487 -4.0636
 -3.8220 -3.5660 -3.3311 -3.1228 -2.9319 -2.5078 -2.1582 -1.8744 -1.6369 -1.4309
 -1.2519 -1.0986 -0.9685 -0.8577 -0.7627 -0.6812 -0.6120 -0.5527 -0.5016 -0.4567
 -0.4159
 -7.6440 -6.7646 -6.0351 -5.4409 -4.9778 -4.6294 -4.3757 -4.1908 -4.0452 -3.9146
 -3.7738 -3.6000 -3.3896 -3.1714 -2.9743 -2.5411 -2.1792 -1.8848 -1.6422 -1.4356
 -1.2579 -1.1066 -0.9795 -0.8728 -0.7825 -0.7059 -0.6417 -0.5877 -0.5422 -0.5052
 -0.4684
 -8.1609 -7.1541 -6.3322 -5.6771 -5.1344 -4.7047 -4.3746 -4.1257 -3.9355 -3.7785
 -3.6361 -3.4982 -3.3551 -3.1979 -3.0187 -2.5861 -2.2137 -1.9076 -1.6572 -1.4470
 -1.2684 -1.1173 -0.9915 -0.8873 -0.8007 -0.7285 -0.6690 -0.6201 -0.5798 -0.5466
 -0.5192
 -8.8256 -7.6189 -6.6343 -5.9555 -5.3671 -4.8688 -4.4669 -4.1517 -3.9070 -3.7145
 -3.5536 -3.4076 -3.2682 -3.1320 -3.0651 -2.6428 -2.2617 -1.9428 -1.6819
 [Fe/H] =  0.75 [alpha/Fe] =-0.40 BC value = F438W
 -7.6013 -7.0113 -6.5109 -6.0915 -5.6660 -5.3244 -5.0182 -4.7309 -4.4660 -4.2259
 -4.0096 -3.8068 -3.6170 -3.4396 -3.2736 -2.9041 -2.5663 -2.2606 -1.9704
 -7.6604 -7.0356 -6.4970 -6.0364 -5.6140 -5.2420 -4.9193 -4.6200 -4.3473 -4.1101
 -3.8955 -3.6915 -3.5010 -3.3233 -3.1576 -2.7906 -2.4703 -2.1753 -1.8978 -1.6359
 -7.5350 -7.0462 -6.5248 -6.0372 -5.6115 -5.2110 -4.8679 -4.5625 -4.2756 -4.0395
 -3.8197 -3.6144 -3.4226 -3.2436 -3.0767 -2.7089 -2.3928 -2.1063 -1.8396 -1.5911
 -1.3628
 -7.1977 -6.9375 -6.5272 -6.0688 -5.6278 -5.2264 -4.8565 -4.5367 -4.2486 -3.9929
 -3.7710 -3.5637 -3.3699 -3.1889 -3.0198 -2.6482 -2.3338 -2.0537 -1.7958 -1.5575
 -1.3406 -1.1463
 -6.6790 -6.5975 -6.4070 -6.0631 -5.6595 -5.2586 -4.8820 -4.5431 -4.2429 -3.9720
 -3.7431 -3.5333 -3.3370 -3.1533 -2.9815 -2.6035 -2.2880 -2.0125 -1.7620 -1.5319
 -1.3239 -1.1388 -0.9759 -0.8333
 -6.5515 -6.1449 -6.0475 -5.9250 -5.6433 -5.2909 -4.9273 -4.5796 -4.2641 -3.9838
 -3.7346 -3.5204 -3.3211 -3.1343 -2.9592 -2.5730 -2.2534 -1.9804 -1.7357 -1.5126
 -1.3116 -1.1340 -0.9786 -0.8429 -0.7242 -0.6189 -0.5209 -0.4299 -0.3650 -0.3195
 -6.6573 -6.0667 -5.6867 -5.5421 -5.4743 -5.2585 -4.9576 -4.6305 -4.3112 -4.0168
 -3.7550 -3.5250 -3.3215 -3.1314 -2.9529 -2.5570 -2.2301 -1.9564 -1.7161 -1.4988
 -1.3036 -1.1320 -0.9830 -0.8535 -0.7409 -0.6423 -0.5554 -0.4745 -0.4001 -0.3494
 -0.3170
 -6.9154 -6.1773 -5.6485 -5.2905 -5.1011 -5.0304 -4.8961 -4.6523 -4.3652 -4.0732
 -3.7987 -3.5534 -3.3383 -3.1442 -2.9621 -2.5562 -2.2194 -1.9415 -1.7029 -1.4901
 -1.2996 -1.1328 -0.9889 -0.8651 -0.7579 -0.6649 -0.5850 -0.5144 -0.4492 -0.3905
 -0.3520
 -7.2647 -6.4177 -5.7628 -5.2810 -4.9426 -4.7303 -4.6162 -4.5239 -4.3569 -4.1178
 -3.8548 -3.6004 -3.3710 -3.1682 -2.9825 -2.5673 -2.2195 -1.9341 -1.6941 -1.4836
 -1.2968 -1.1337 -0.9942 -0.8753 -0.7734 -0.6856 -0.6103 -0.5458 -0.4903 -0.4415
 -0.3977
 -7.7348 -6.7723 -6.0039 -5.4105 -4.9652 -4.6429 -4.4211 -4.2728 -4.1633 -4.0458
 -3.8794 -3.6629 -3.4297 -3.2137 -3.0208 -2.5971 -2.2379 -1.9420 -1.6971 -1.4864
 -1.3015 -1.1407 -1.0037 -0.8884 -0.7908 -0.7076 -0.6372 -0.5777 -0.5278 -0.4863
 -0.4512
 -8.3860 -7.2411 -6.3367 -5.6491 -5.1051 -4.6900 -4.3810 -4.1561 -3.9913 -3.8601
 -3.7405 -3.6122 -3.4586 -3.2713 -3.0715 -2.6393 -2.2705 -1.9633 -1.7103 -1.4965
 -1.3114 -1.1513 -1.0155 -0.9021 -0.8076 -0.7284 -0.6623 -0.6074 -0.5626 -0.5261
 -0.4970
 -9.2184 -7.8241 -6.7021 -5.9597 -5.3424 -4.8409 -4.4504 -4.1521 -3.9266 -3.7536
 -3.6114 -3.4834 -3.3592 -3.2309 -3.1346 -2.6939 -2.3173 -1.9980 -1.7337
 [Fe/H] =  1.00 [alpha/Fe] =-0.40 BC value = F438W
 -7.4835 -6.9663 -6.5010 -6.0828 -5.6771 -5.3143 -4.9968 -4.7167 -4.4672 -4.2424
 -4.0371 -3.8471 -3.6686 -3.4983 -3.3347 -2.9670 -2.6315 -2.3124 -2.0241
 -7.6343 -6.9965 -6.4683 -6.0390 -5.6243 -5.2640 -4.9505 -4.6592 -4.3934 -4.1644
 -3.9509 -3.7512 -3.5646 -3.3902 -3.2270 -2.8628 -2.5433 -2.2434 -1.9653 -1.7019
 -7.6475 -7.0410 -6.5051 -6.0332 -5.6198 -5.2288 -4.8977 -4.5990 -4.3209 -4.0908
 -3.8763 -3.6758 -3.4885 -3.3135 -3.1498 -2.7859 -2.4706 -2.1835 -1.9147 -1.6622
 -1.4282
 -7.3641 -7.0067 -6.5405 -6.0648 -5.6373 -5.2400 -4.8806 -4.5708 -4.2895 -4.0415
 -3.8255 -3.6236 -3.4349 -3.2583 -3.0931 -2.7266 -2.4134 -2.1327 -1.8723 -1.6293
 -1.4056 -1.2030
 -6.8869 -6.7737 -6.4886 -6.0904 -5.6669 -5.2756 -4.9012 -4.5715 -4.2803 -4.0142
 -3.7940 -3.5900 -3.3991 -3.2203 -3.0526 -2.6809 -2.3669 -2.0910 -1.8381 -1.6032
 -1.3879 -1.1939 -1.0219 -0.8706
 -6.5705 -6.3010 -6.2400 -6.0198 -5.6826 -5.3068 -4.9466 -4.6011 -4.2964 -4.0238
 -3.7807 -3.5731 -3.3793 -3.1976 -3.0271 -2.6480 -2.3300 -2.0565 -1.8099 -1.5822
 -1.3739 -1.1871 -1.0223 -0.8781 -0.7526 -0.6387 -0.5315 -0.4373 -0.3687 -0.3181
 -6.6224 -6.0788 -5.7933 -5.7409 -5.5891 -5.3116 -4.9826 -4.6528 -4.3364 -4.0509
 -3.7967 -3.5726 -3.3751 -3.1904 -3.0167 -2.6289 -2.3039 -2.0294 -1.7874 -1.5659
 -1.3636 -1.1827 -1.0240 -0.8860 -0.7657 -0.6603 -0.5662 -0.4768 -0.3987 -0.3453
 -0.3090
 -6.8507 -6.1440 -5.6545 -5.3602 -5.2672 -5.1837 -4.9698 -4.6894 -4.3917 -4.1016
 -3.8343 -3.5960 -3.3865 -3.1983 -3.0214 -2.6245 -2.2903 -2.0114 -1.7709 -1.5542
 -1.3571 -1.1810 -1.0273 -0.8946 -0.7798 -0.6801 -0.5930 -0.5156 -0.4436 -0.3810
 -0.3410
 -7.1980 -6.3631 -5.7311 -5.2818 -4.9885 -4.8434 -4.7771 -4.6411 -4.4151 -4.1518
 -3.8849 -3.6380 -3.4143 -3.2171 -3.0370 -2.6319 -2.2876 -2.0012 -1.7591 -1.5451
 -1.3521 -1.1799 -1.0302 -0.9021 -0.7923 -0.6977 -0.6161 -0.5454 -0.4840 -0.4289
 -0.3813
 -7.7252 -6.7296 -5.9551 -5.3798 -4.9615 -4.6725 -4.4935 -4.3935 -4.3037 -4.1527
 -3.9388 -3.7009 -3.4691 -3.2581 -3.0703 -2.6575 -2.3030 -2.0065 -1.7593 -1.5454
 -1.3549 -1.1854 -1.0383 -0.9132 -0.8073 -0.7170 -0.6400 -0.5742 -0.5189 -0.4724
 -0.4329
 -8.4600 -7.2435 -6.3012 -5.6059 -5.0758 -4.6824 -4.3990 -4.2038 -4.0720 -3.9714
 -3.8639 -3.7193 -3.5290 -3.3171 -3.1184 -2.6956 -2.3327 -2.0255 -1.7702 -1.5533
 -1.3632 -1.1951 -1.0494 -0.9260 -0.8226 -0.7358 -0.6629 -0.6016 -0.5506 -0.5096
 -0.4769
 -9.4023 -7.9048 -6.7694 -5.9361 -5.3054 -4.8128 -4.4396 -4.1614 -3.9584 -3.8087
 -3.6901 -3.5825 -3.4687 -3.3359 -3.1813 -2.7462 -2.3767 -2.0582 -1.7918
