 [Fe/H] = -2.50 [alpha/Fe] = 0.00 BC value = F098M
 -0.1559 -0.1757 -0.2032 -0.2293 -0.2428 -0.2418 -0.2001 -0.2138 -0.2194 -0.2132
 -0.1947 -0.1582 -0.1366 -0.1091 -0.0854 -0.0483 -0.0724 -0.1349 -0.1974
 -0.0739 -0.0628 -0.0699 -0.0933 -0.1298 -0.1614 -0.1830 -0.1977 -0.2077 -0.2127
 -0.2077 -0.1911 -0.1672 -0.1440 -0.1257 -0.1097 -0.1287 -0.1710 -0.2222 -0.2767
 -0.0728 -0.0730 -0.0737 -0.0778 -0.0897 -0.1133 -0.1472 -0.1766 -0.1941 -0.2004
 -0.2023 -0.1977 -0.1831 -0.1649 -0.1494 -0.1345 -0.1537 -0.1958 -0.2469 -0.3009
 -0.3554
 -0.0596 -0.0680 -0.0724 -0.0752 -0.0794 -0.0881 -0.1030 -0.1256 -0.1525 -0.1738
 -0.1850 -0.1910 -0.1885 -0.1778 -0.1662 -0.1546 -0.1731 -0.2150 -0.2665 -0.3205
 -0.3749 -0.4288
 -0.0251 -0.0442 -0.0565 -0.0639 -0.0690 -0.0745 -0.0825 -0.0942 -0.1097 -0.1285
 -0.1470 -0.1616 -0.1727 -0.1760 -0.1732 -0.1677 -0.1861 -0.2281 -0.2811 -0.3361
 -0.3911 -0.4456 -0.4990 -0.5502
  0.0281 -0.0021 -0.0245 -0.0397 -0.0499 -0.0576 -0.0650 -0.0736 -0.0845 -0.0971
 -0.1109 -0.1251 -0.1401 -0.1521 -0.1603 -0.1723 -0.1924 -0.2342 -0.2895 -0.3473
 -0.4041 -0.4599 -0.5145 -0.5677 -0.6191 -0.6698 -0.7212 -0.7744 -0.8301 -0.8889
  0.0926  0.0553  0.0232 -0.0013 -0.0192 -0.0323 -0.0429 -0.0526 -0.0629 -0.0742
 -0.0862 -0.0984 -0.1113 -0.1246 -0.1365 -0.1636 -0.1916 -0.2337 -0.2908 -0.3524
 -0.4128 -0.4711 -0.5277 -0.5827 -0.6359 -0.6863 -0.7359 -0.7869 -0.8412 -0.8996
 -0.9603
  0.1665  0.1222  0.0831  0.0504  0.0239  0.0032 -0.0129 -0.0264 -0.0391 -0.0514
 -0.0641 -0.0770 -0.0898 -0.1028 -0.1153 -0.1474 -0.1833 -0.2275 -0.2855 -0.3505
 -0.4155 -0.4778 -0.5376 -0.5952 -0.6507 -0.7041 -0.7547 -0.8046 -0.8560 -0.9110
 -0.9707
  0.2391  0.1922  0.1497  0.1112  0.0776  0.0495  0.0263  0.0071 -0.0098 -0.0253
 -0.0403 -0.0550 -0.0696 -0.0841 -0.0979 -0.1320 -0.1713 -0.2183 -0.2762 -0.3431
 -0.4122 -0.4795 -0.5437 -0.6050 -0.6637 -0.7199 -0.7740 -0.8273 -0.8801 -0.9323
 -0.9840
  0.3104  0.2653  0.2183  0.1771  0.1391  0.1048  0.0748  0.0491  0.0265  0.0063
 -0.0124 -0.0301 -0.0472 -0.0641 -0.0804 -0.1182 -0.1591 -0.2073 -0.2647 -0.3309
 -0.4019 -0.4732 -0.5421 -0.6081 -0.6708 -0.7306 -0.7879 -0.8430 -0.9000 -0.9520
 -1.0005
  0.3803  0.3415  0.2889  0.2413  0.2029  0.1653  0.1303  0.0986  0.0702  0.0444
  0.0209 -0.0010 -0.0217 -0.0415 -0.0607 -0.1053 -0.1478 -0.1967 -0.2538 -0.3185
 -0.3889 -0.4617 -0.5342 -0.6046 -0.6720 -0.7361 -0.7973 -0.8559 -0.9121 -0.9666
 -1.0202
  0.4489  0.4208  0.3615  0.3021  0.2634  0.2254  0.1883  0.1527  0.1194  0.0885
  0.0598  0.0330  0.0080 -0.0157 -0.0388 -0.0933 -0.1374 -0.1865 -0.2435
 [Fe/H] = -2.00 [alpha/Fe] = 0.00 BC value = F098M
 -0.0073 -0.0362 -0.0753 -0.1185 -0.1588 -0.1921 -0.2066 -0.2319 -0.2447 -0.2432
 -0.2278 -0.1990 -0.1721 -0.1451 -0.1223 -0.0866 -0.0925 -0.1323 -0.1891
  0.0025 -0.0108 -0.0436 -0.0773 -0.1095 -0.1428 -0.1762 -0.2057 -0.2272 -0.2374
 -0.2346 -0.2193 -0.1961 -0.1729 -0.1533 -0.1262 -0.1325 -0.1676 -0.2169 -0.2703
 -0.0347 -0.0327 -0.0383 -0.0554 -0.0893 -0.1302 -0.1635 -0.1883 -0.2081 -0.2235
 -0.2306 -0.2268 -0.2118 -0.1929 -0.1762 -0.1533 -0.1596 -0.1925 -0.2409 -0.2943
 -0.3487
 -0.0579 -0.0582 -0.0594 -0.0636 -0.0736 -0.0919 -0.1220 -0.1596 -0.1903 -0.2084
 -0.2190 -0.2234 -0.2185 -0.2055 -0.1925 -0.1736 -0.1806 -0.2119 -0.2597 -0.3131
 -0.3675 -0.4215
 -0.0581 -0.0658 -0.0704 -0.0733 -0.0770 -0.0839 -0.0957 -0.1134 -0.1392 -0.1690
 -0.1920 -0.2070 -0.2131 -0.2094 -0.2004 -0.1869 -0.1952 -0.2258 -0.2734 -0.3277
 -0.3829 -0.4376 -0.4914 -0.5441
 -0.0349 -0.0529 -0.0649 -0.0718 -0.0760 -0.0799 -0.0855 -0.0942 -0.1063 -0.1224
 -0.1433 -0.1650 -0.1838 -0.1951 -0.1981 -0.1934 -0.2035 -0.2338 -0.2817 -0.3379
 -0.3951 -0.4513 -0.5063 -0.5601 -0.6125 -0.6638 -0.7151 -0.7681 -0.8258 -0.8852
  0.0103 -0.0193 -0.0412 -0.0556 -0.0645 -0.0701 -0.0749 -0.0807 -0.0885 -0.0982
 -0.1098 -0.1240 -0.1417 -0.1591 -0.1726 -0.1914 -0.2057 -0.2361 -0.2840 -0.3426
 -0.4030 -0.4619 -0.5190 -0.5746 -0.6284 -0.6806 -0.7320 -0.7833 -0.8366 -0.8954
 -0.9563
  0.0725  0.0332  0.0010 -0.0230 -0.0394 -0.0504 -0.0581 -0.0647 -0.0719 -0.0801
 -0.0892 -0.0995 -0.1118 -0.1258 -0.1405 -0.1736 -0.2010 -0.2332 -0.2809 -0.3411
 -0.4054 -0.4681 -0.5284 -0.5866 -0.6427 -0.6967 -0.7493 -0.8008 -0.8522 -0.9066
 -0.9667
  0.1447  0.0992  0.0590  0.0258  0.0003 -0.0183 -0.0318 -0.0422 -0.0514 -0.0607
 -0.0704 -0.0806 -0.0915 -0.1034 -0.1161 -0.1507 -0.1874 -0.2259 -0.2742 -0.3350
 -0.4023 -0.4696 -0.5342 -0.5960 -0.6552 -0.7120 -0.7669 -0.8200 -0.8722 -0.9246
 -0.9798
  0.2214  0.1729  0.1278  0.0879  0.0542  0.0271  0.0061 -0.0104 -0.0241 -0.0364
 -0.0483 -0.0605 -0.0727 -0.0851 -0.0977 -0.1315 -0.1705 -0.2141 -0.2640 -0.3242
 -0.3926 -0.4633 -0.5325 -0.5988 -0.6620 -0.7224 -0.7803 -0.8361 -0.8901 -0.9432
 -0.9960
  0.2995  0.2496  0.2027  0.1587  0.1192  0.0847  0.0558  0.0320  0.0121 -0.0051
 -0.0208 -0.0361 -0.0510 -0.0656 -0.0800 -0.1160 -0.1554 -0.2012 -0.2529 -0.3125
 -0.3802 -0.4522 -0.5246 -0.5953 -0.6630 -0.7276 -0.7895 -0.8487 -0.9057 -0.9609
 -1.0152
  0.3745  0.3260  0.2788  0.2332  0.1906  0.1511  0.1158  0.0849  0.0582  0.0348
  0.0139 -0.0057 -0.0290 -0.0450 -0.0630 -0.1042 -0.1421 -0.1872 -0.2409
 [Fe/H] = -1.50 [alpha/Fe] = 0.00 BC value = F098M
  0.0261 -0.0035 -0.0434 -0.0893 -0.1366 -0.1808 -0.2177 -0.2442 -0.2582 -0.2582
 -0.2445 -0.2206 -0.1926 -0.1673 -0.1462 -0.1131 -0.1082 -0.1314 -0.1794
  0.0408  0.0228 -0.0086 -0.0499 -0.0964 -0.1431 -0.1853 -0.2196 -0.2432 -0.2545
 -0.2518 -0.2366 -0.2142 -0.1921 -0.1736 -0.1452 -0.1419 -0.1653 -0.2092 -0.2616
  0.0346  0.0288  0.0008 -0.0348 -0.0721 -0.1123 -0.1532 -0.1903 -0.2199 -0.2399
 -0.2481 -0.2434 -0.2279 -0.2093 -0.1931 -0.1691 -0.1682 -0.1905 -0.2325 -0.2842
 -0.3383
 -0.0070  0.0002 -0.0026 -0.0178 -0.0480 -0.0912 -0.1330 -0.1678 -0.1970 -0.2199
 -0.2348 -0.2401 -0.2338 -0.2200 -0.2061 -0.1862 -0.1878 -0.2099 -0.2504 -0.3017
 -0.3560 -0.4103
 -0.0376 -0.0324 -0.0312 -0.0349 -0.0446 -0.0629 -0.0916 -0.1284 -0.1677 -0.1977
 -0.2170 -0.2279 -0.2305 -0.2239 -0.2133 -0.1973 -0.2012 -0.2239 -0.2637 -0.3150
 -0.3702 -0.4255 -0.4798 -0.5333
 -0.0478 -0.0491 -0.0509 -0.0532 -0.0571 -0.0646 -0.0765 -0.0932 -0.1160 -0.1466
 -0.1780 -0.2021 -0.2156 -0.2189 -0.2144 -0.2032 -0.2093 -0.2327 -0.2724 -0.3242
 -0.3811 -0.4381 -0.4938 -0.5484 -0.6016 -0.6533 -0.7057 -0.7608 -0.8192 -0.8782
 -0.0353 -0.0465 -0.0550 -0.0609 -0.0650 -0.0688 -0.0742 -0.0824 -0.0936 -0.1078
 -0.1266 -0.1506 -0.1750 -0.1934 -0.2030 -0.2040 -0.2125 -0.2369 -0.2766 -0.3291
 -0.3880 -0.4476 -0.5056 -0.5620 -0.6167 -0.6700 -0.7226 -0.7751 -0.8296 -0.8889
 -0.9498
  0.0000 -0.0225 -0.0407 -0.0538 -0.0620 -0.0672 -0.0713 -0.0758 -0.0820 -0.0903
 -0.1003 -0.1128 -0.1297 -0.1494 -0.1677 -0.1967 -0.2112 -0.2368 -0.2765 -0.3293
 -0.3902 -0.4530 -0.5141 -0.5732 -0.6302 -0.6853 -0.7390 -0.7918 -0.8444 -0.8998
 -0.9604
  0.0557  0.0221 -0.0065 -0.0289 -0.0446 -0.0549 -0.0614 -0.0663 -0.0713 -0.0773
 -0.0845 -0.0931 -0.1034 -0.1165 -0.1318 -0.1716 -0.2038 -0.2329 -0.2732 -0.3258
 -0.3881 -0.4542 -0.5193 -0.5819 -0.6420 -0.6999 -0.7558 -0.8102 -0.8636 -0.9179
 -0.9733
  0.1254  0.0835  0.0461  0.0145 -0.0103 -0.0282 -0.0406 -0.0492 -0.0560 -0.0626
 -0.0697 -0.0777 -0.0865 -0.0966 -0.1082 -0.1444 -0.1849 -0.2238 -0.2659 -0.3180
 -0.3802 -0.4485 -0.5174 -0.5842 -0.6482 -0.7095 -0.7686 -0.8255 -0.8807 -0.9350
 -0.9890
  0.2036  0.1569  0.1130  0.0738  0.0407  0.0142 -0.0060 -0.0210 -0.0325 -0.0421
 -0.0511 -0.0605 -0.0703 -0.0805 -0.0915 -0.1238 -0.1643 -0.2089 -0.2557 -0.3081
 -0.3695 -0.4382 -0.5097 -0.5805 -0.6489 -0.7144 -0.7772 -0.8375 -0.8956 -0.9520
 -1.0074
  0.2878  0.2379  0.1903  0.1455  0.1058  0.0716  0.0432  0.0204  0.0021 -0.0128
 -0.0259 -0.0381 -0.0522 -0.0633 -0.0817 -0.1098 -0.1420 -0.1882 -0.2426
 [Fe/H] = -1.00 [alpha/Fe] = 0.00 BC value = F098M
 -0.0557 -0.0776 -0.1076 -0.1417 -0.1764 -0.2080 -0.2334 -0.2507 -0.2599 -0.2582
 -0.2448 -0.2230 -0.1982 -0.1758 -0.1572 -0.1279 -0.1195 -0.1322 -0.1684
  0.0037 -0.0150 -0.0458 -0.0839 -0.1251 -0.1653 -0.2005 -0.2286 -0.2484 -0.2572
 -0.2532 -0.2380 -0.2174 -0.1974 -0.1807 -0.1553 -0.1498 -0.1638 -0.1984 -0.2470
  0.0332  0.0249  0.0011 -0.0342 -0.0763 -0.1205 -0.1621 -0.1979 -0.2262 -0.2447
 -0.2510 -0.2446 -0.2292 -0.2117 -0.1965 -0.1745 -0.1720 -0.1875 -0.2211 -0.2684
 -0.3218
  0.0409  0.0441  0.0253 -0.0044 -0.0397 -0.0808 -0.1237 -0.1633 -0.1971 -0.2230
 -0.2387 -0.2424 -0.2345 -0.2206 -0.2070 -0.1878 -0.1879 -0.2050 -0.2383 -0.2848
 -0.3382 -0.3930
  0.0067  0.0298  0.0338  0.0209 -0.0073 -0.0478 -0.0923 -0.1335 -0.1689 -0.1977
 -0.2189 -0.2309 -0.2322 -0.2242 -0.2131 -0.1964 -0.1988 -0.2174 -0.2511 -0.2972
 -0.3509 -0.4067 -0.4619 -0.5164
 -0.0237 -0.0069  0.0019  0.0027 -0.0056 -0.0234 -0.0506 -0.0873 -0.1306 -0.1689
 -0.1962 -0.2133 -0.2217 -0.2215 -0.2148 -0.2013 -0.2057 -0.2257 -0.2599 -0.3060
 -0.3603 -0.4176 -0.4744 -0.5301 -0.5847 -0.6388 -0.6929 -0.7495 -0.8092 -0.8684
 -0.0389 -0.0273 -0.0210 -0.0191 -0.0215 -0.0290 -0.0421 -0.0607 -0.0847 -0.1147
 -0.1489 -0.1795 -0.2002 -0.2098 -0.2107 -0.2028 -0.2090 -0.2303 -0.2651 -0.3115
 -0.3665 -0.4254 -0.4845 -0.5421 -0.5983 -0.6533 -0.7076 -0.7622 -0.8187 -0.8790
 -0.9398
 -0.0357 -0.0320 -0.0315 -0.0328 -0.0354 -0.0395 -0.0460 -0.0559 -0.0690 -0.0850
 -0.1038 -0.1267 -0.1524 -0.1753 -0.1912 -0.2007 -0.2092 -0.2318 -0.2669 -0.3135
 -0.3690 -0.4298 -0.4915 -0.5518 -0.6104 -0.6671 -0.7228 -0.7775 -0.8324 -0.8893
 -0.9506
 -0.0120 -0.0184 -0.0260 -0.0335 -0.0400 -0.0454 -0.0501 -0.0557 -0.0630 -0.0724
 -0.0835 -0.0964 -0.1117 -0.1301 -0.1498 -0.1881 -0.2060 -0.2302 -0.2661 -0.3127
 -0.3686 -0.4309 -0.4956 -0.5593 -0.6209 -0.6804 -0.7383 -0.7945 -0.8500 -0.9061
 -0.9631
  0.0336  0.0152 -0.0017 -0.0173 -0.0303 -0.0403 -0.0474 -0.0529 -0.0581 -0.0640
 -0.0713 -0.0801 -0.0902 -0.1019 -0.1157 -0.1575 -0.1952 -0.2250 -0.2616 -0.3079
 -0.3635 -0.4265 -0.4936 -0.5609 -0.6262 -0.6891 -0.7499 -0.8086 -0.8658 -0.9220
 -0.9784
  0.0976  0.0688  0.0420  0.0173 -0.0038 -0.0205 -0.0330 -0.0419 -0.0485 -0.0543
 -0.0604 -0.0675 -0.0757 -0.0851 -0.0956 -0.1295 -0.1721 -0.2139 -0.2540 -0.3005
 -0.3555 -0.4184 -0.4869 -0.5572 -0.6264 -0.6932 -0.7576 -0.8196 -0.8795 -0.9378
 -0.9950
  0.1759  0.1390  0.1033  0.0700  0.0409  0.0164 -0.0032 -0.0182 -0.0294 -0.0382
 -0.0458 -0.0534 -0.0617 -0.0707 -0.0895 -0.1041 -0.1367 -0.1969 -0.2433
 [Fe/H] = -0.75 [alpha/Fe] = 0.00 BC value = F098M
 -0.1398 -0.1547 -0.1757 -0.1985 -0.2194 -0.2360 -0.2463 -0.2504 -0.2524 -0.2485
 -0.2361 -0.2170 -0.1954 -0.1749 -0.1579 -0.1309 -0.1235 -0.1332 -0.1624
 -0.0592 -0.0737 -0.0985 -0.1286 -0.1600 -0.1891 -0.2124 -0.2302 -0.2435 -0.2495
 -0.2453 -0.2318 -0.2134 -0.1951 -0.1795 -0.1562 -0.1514 -0.1637 -0.1929 -0.2382
 -0.0043 -0.0121 -0.0341 -0.0656 -0.1020 -0.1391 -0.1726 -0.2009 -0.2238 -0.2392
 -0.2442 -0.2383 -0.2245 -0.2083 -0.1941 -0.1735 -0.1714 -0.1853 -0.2153 -0.2594
 -0.3116
  0.0240  0.0225  0.0092 -0.0159 -0.0505 -0.0902 -0.1297 -0.1652 -0.1957 -0.2193
 -0.2335 -0.2365 -0.2293 -0.2166 -0.2037 -0.1854 -0.1856 -0.2014 -0.2321 -0.2756
 -0.3275 -0.3822
  0.0179  0.0288  0.0389  0.0193 -0.0134 -0.0508 -0.0906 -0.1292 -0.1638 -0.1929
 -0.2144 -0.2262 -0.2273 -0.2199 -0.2094 -0.1931 -0.1954 -0.2129 -0.2445 -0.2879
 -0.3398 -0.3952 -0.4507 -0.5057
 -0.0082  0.0135  0.0267  0.0278  0.0161 -0.0087 -0.0467 -0.0913 -0.1329 -0.1663
 -0.1915 -0.2089 -0.2177 -0.2175 -0.2111 -0.1976 -0.2016 -0.2207 -0.2530 -0.2967
 -0.3488 -0.4053 -0.4623 -0.5185 -0.5738 -0.6283 -0.6837 -0.7417 -0.8023 -0.8620
 -0.0334 -0.0114  0.0023  0.0083  0.0067 -0.0032 -0.0214 -0.0475 -0.0816 -0.1210
 -0.1577 -0.1850 -0.2011 -0.2083 -0.2080 -0.1992 -0.2048 -0.2252 -0.2583 -0.3023
 -0.3548 -0.4124 -0.4714 -0.5295 -0.5865 -0.6423 -0.6978 -0.7535 -0.8113 -0.8723
 -0.9332
 -0.0416 -0.0249 -0.0150 -0.0102 -0.0098 -0.0138 -0.0229 -0.0372 -0.0562 -0.0791
 -0.1056 -0.1352 -0.1632 -0.1841 -0.1955 -0.1979 -0.2052 -0.2268 -0.2605 -0.3047
 -0.3576 -0.4163 -0.4775 -0.5383 -0.5976 -0.6553 -0.7119 -0.7679 -0.8240 -0.8821
 -0.9439
 -0.0334 -0.0242 -0.0202 -0.0196 -0.0214 -0.0249 -0.0302 -0.0381 -0.0492 -0.0630
 -0.0789 -0.0965 -0.1163 -0.1382 -0.1591 -0.1906 -0.2028 -0.2259 -0.2603 -0.3047
 -0.3579 -0.4177 -0.4811 -0.5450 -0.6073 -0.6678 -0.7266 -0.7840 -0.8406 -0.8975
 -0.9561
 -0.0046 -0.0065 -0.0099 -0.0158 -0.0222 -0.0285 -0.0342 -0.0401 -0.0468 -0.0553
 -0.0654 -0.0771 -0.0898 -0.1038 -0.1199 -0.1637 -0.1959 -0.2216 -0.2567 -0.3011
 -0.3540 -0.4143 -0.4794 -0.5462 -0.6120 -0.6757 -0.7375 -0.7973 -0.8556 -0.9130
 -0.9705
  0.0458  0.0319  0.0180  0.0047 -0.0084 -0.0198 -0.0291 -0.0366 -0.0429 -0.0492
 -0.0563 -0.0646 -0.0741 -0.0846 -0.0961 -0.1325 -0.1751 -0.2133 -0.2503 -0.2948
 -0.3474 -0.4076 -0.4736 -0.5427 -0.6119 -0.6793 -0.7445 -0.8075 -0.8684 -0.9279
 -0.9863
  0.1155  0.0904  0.0661  0.0437  0.0228  0.0046 -0.0105 -0.0223 -0.0315 -0.0390
 -0.0458 -0.0531 -0.0612 -0.0703 -0.0877 -0.0970 -0.1404 -0.2010 -0.2411
 [Fe/H] = -0.50 [alpha/Fe] = 0.00 BC value = F098M
 -0.2561 -0.2643 -0.2752 -0.2842 -0.2865 -0.2808 -0.2669 -0.2484 -0.2381 -0.2308
 -0.2205 -0.2052 -0.1873 -0.1697 -0.1544 -0.1301 -0.1245 -0.1334 -0.1577
 -0.1513 -0.1612 -0.1788 -0.1985 -0.2161 -0.2281 -0.2317 -0.2313 -0.2329 -0.2341
 -0.2301 -0.2197 -0.2046 -0.1888 -0.1747 -0.1536 -0.1503 -0.1613 -0.1873 -0.2285
 -0.0721 -0.0775 -0.0952 -0.1198 -0.1467 -0.1715 -0.1906 -0.2046 -0.2170 -0.2267
 -0.2303 -0.2259 -0.2150 -0.2013 -0.1884 -0.1695 -0.1683 -0.1816 -0.2090 -0.2497
 -0.2999
 -0.0227 -0.0185 -0.0297 -0.0526 -0.0823 -0.1146 -0.1447 -0.1700 -0.1920 -0.2100
 -0.2215 -0.2246 -0.2193 -0.2089 -0.1975 -0.1803 -0.1811 -0.1963 -0.2250 -0.2657
 -0.3155 -0.3697
  0.0089  0.0206  0.0130 -0.0047 -0.0301 -0.0625 -0.0978 -0.1308 -0.1603 -0.1855
 -0.2047 -0.2156 -0.2174 -0.2117 -0.2028 -0.1876 -0.1900 -0.2068 -0.2367 -0.2777
 -0.3274 -0.3820 -0.4377 -0.4931
 -0.0073  0.0229  0.0370  0.0345  0.0157 -0.0163 -0.0547 -0.0931 -0.1273 -0.1571
 -0.1816 -0.1994 -0.2086 -0.2094 -0.2044 -0.1919 -0.1957 -0.2140 -0.2448 -0.2864
 -0.3362 -0.3913 -0.4483 -0.5049 -0.5609 -0.6167 -0.6734 -0.7324 -0.7940 -0.8543
 -0.0305  0.0005  0.0205  0.0299  0.0282  0.0157 -0.0079 -0.0424 -0.0839 -0.1237
 -0.1557 -0.1787 -0.1936 -0.2010 -0.2015 -0.1937 -0.1988 -0.2184 -0.2500 -0.2920
 -0.3422 -0.3979 -0.4564 -0.5149 -0.5726 -0.6294 -0.6858 -0.7429 -0.8022 -0.8642
 -0.9255
 -0.0446 -0.0170  0.0015  0.0124  0.0159  0.0122  0.0009 -0.0176 -0.0429 -0.0737
 -0.1078 -0.1411 -0.1676 -0.1844 -0.1924 -0.1928 -0.1993 -0.2202 -0.2524 -0.2947
 -0.3453 -0.4018 -0.4619 -0.5227 -0.5826 -0.6413 -0.6991 -0.7562 -0.8137 -0.8733
 -0.9360
 -0.0474 -0.0243 -0.0098 -0.0016  0.0016  0.0005 -0.0053 -0.0158 -0.0311 -0.0503
 -0.0719 -0.0954 -0.1204 -0.1450 -0.1655 -0.1881 -0.1974 -0.2195 -0.2527 -0.2953
 -0.3462 -0.4036 -0.4653 -0.5287 -0.5915 -0.6528 -0.7127 -0.7713 -0.8293 -0.8875
 -0.9476
 -0.0347 -0.0199 -0.0102 -0.0062 -0.0060 -0.0084 -0.0130 -0.0196 -0.0290 -0.0411
 -0.0555 -0.0712 -0.0876 -0.1051 -0.1239 -0.1681 -0.1924 -0.2158 -0.2497 -0.2924
 -0.3434 -0.4012 -0.4640 -0.5297 -0.5955 -0.6599 -0.7226 -0.7835 -0.8431 -0.9020
 -0.9609
 -0.0011  0.0027  0.0033  0.0019 -0.0027 -0.0086 -0.0151 -0.0217 -0.0288 -0.0369
 -0.0466 -0.0577 -0.0697 -0.0824 -0.0957 -0.1354 -0.1764 -0.2091 -0.2441 -0.2872
 -0.3379 -0.3958 -0.4593 -0.5267 -0.5952 -0.6629 -0.7289 -0.7929 -0.8550 -0.9158
 -0.9756
  0.0550  0.0462  0.0363  0.0259  0.0154  0.0042 -0.0063 -0.0156 -0.0238 -0.0314
 -0.0391 -0.0475 -0.0569 -0.0673 -0.0809 -0.0900 -0.1494 -0.1994 -0.2359
 [Fe/H] = -0.25 [alpha/Fe] = 0.00 BC value = F098M
 -0.4057 -0.4095 -0.4113 -0.4055 -0.3850 -0.3498 -0.3017 -0.2498 -0.2217 -0.2100
 -0.2019 -0.1914 -0.1780 -0.1638 -0.1505 -0.1290 -0.1251 -0.1347 -0.1560
 -0.2741 -0.2812 -0.2919 -0.3001 -0.3008 -0.2900 -0.2657 -0.2371 -0.2206 -0.2150
 -0.2116 -0.2051 -0.1946 -0.1821 -0.1701 -0.1514 -0.1496 -0.1609 -0.1843 -0.2210
 -0.1680 -0.1721 -0.1856 -0.2023 -0.2170 -0.2250 -0.2230 -0.2142 -0.2094 -0.2104
 -0.2123 -0.2106 -0.2039 -0.1938 -0.1831 -0.1663 -0.1662 -0.1796 -0.2050 -0.2423
 -0.2896
 -0.0920 -0.0876 -0.0971 -0.1156 -0.1377 -0.1586 -0.1739 -0.1819 -0.1889 -0.1974
 -0.2052 -0.2091 -0.2071 -0.2003 -0.1915 -0.1766 -0.1780 -0.1931 -0.2202 -0.2582
 -0.3053 -0.3580
 -0.0432 -0.0321 -0.0332 -0.0462 -0.0681 -0.0946 -0.1209 -0.1423 -0.1602 -0.1767
 -0.1910 -0.2009 -0.2045 -0.2022 -0.1961 -0.1835 -0.1862 -0.2027 -0.2312 -0.2701
 -0.3173 -0.3701 -0.4252 -0.4801
 -0.0177  0.0105  0.0175  0.0067 -0.0139 -0.0397 -0.0696 -0.0993 -0.1257 -0.1495
 -0.1703 -0.1864 -0.1962 -0.1991 -0.1969 -0.1876 -0.1916 -0.2095 -0.2389 -0.2785
 -0.3261 -0.3793 -0.4353 -0.4919 -0.5481 -0.6044 -0.6617 -0.7220 -0.7843 -0.8452
 -0.0341  0.0034  0.0270  0.0365  0.0322  0.0146 -0.0149 -0.0518 -0.0881 -0.1192
 -0.1452 -0.1664 -0.1819 -0.1909 -0.1934 -0.1892 -0.1945 -0.2136 -0.2440 -0.2841
 -0.3322 -0.3859 -0.4430 -0.5012 -0.5589 -0.6161 -0.6731 -0.7313 -0.7919 -0.8547
 -0.9164
 -0.0495 -0.0129  0.0126  0.0284  0.0344  0.0308  0.0178 -0.0045 -0.0358 -0.0724
 -0.1089 -0.1397 -0.1622 -0.1768 -0.1849 -0.1882 -0.1950 -0.2153 -0.2465 -0.2871
 -0.3356 -0.3900 -0.4482 -0.5083 -0.5681 -0.6271 -0.6855 -0.7435 -0.8022 -0.8630
 -0.9266
 -0.0571 -0.0235 -0.0002  0.0149  0.0230  0.0244  0.0189  0.0066 -0.0122 -0.0364
 -0.0640 -0.0936 -0.1230 -0.1482 -0.1666 -0.1838 -0.1930 -0.2145 -0.2468 -0.2880
 -0.3371 -0.3923 -0.4518 -0.5138 -0.5762 -0.6377 -0.6981 -0.7576 -0.8166 -0.8761
 -0.9375
 -0.0564 -0.0268 -0.0063  0.0063  0.0128  0.0144  0.0117  0.0046 -0.0072 -0.0231
 -0.0420 -0.0626 -0.0838 -0.1057 -0.1275 -0.1701 -0.1884 -0.2109 -0.2441 -0.2857
 -0.3349 -0.3908 -0.4513 -0.5149 -0.5797 -0.6440 -0.7071 -0.7688 -0.8294 -0.8894
 -0.9496
 -0.0396 -0.0182 -0.0033  0.0059  0.0095  0.0090  0.0056  0.0000 -0.0082 -0.0189
 -0.0320 -0.0468 -0.0624 -0.0783 -0.0945 -0.1385 -0.1769 -0.2047 -0.2388 -0.2809
 -0.3303 -0.3863 -0.4476 -0.5125 -0.5794 -0.6465 -0.7126 -0.7772 -0.8402 -0.9021
 -0.9632
 -0.0006  0.0090  0.0150  0.0173  0.0169  0.0129  0.0070 -0.0001 -0.0078 -0.0164
 -0.0260 -0.0369 -0.0489 -0.0616 -0.0676 -0.0890 -0.1585 -0.1959 -0.2309
 [Fe/H] =  0.00 [alpha/Fe] = 0.00 BC value = F098M
 -0.5774 -0.5810 -0.5760 -0.5548 -0.5100 -0.4327 -0.3358 -0.2438 -0.1948 -0.1761
 -0.1691 -0.1628 -0.1541 -0.1433 -0.1329 -0.1152 -0.1142 -0.1263 -0.1474
 -0.4210 -0.4283 -0.4337 -0.4297 -0.4099 -0.3695 -0.3067 -0.2398 -0.1991 -0.1837
 -0.1796 -0.1765 -0.1705 -0.1619 -0.1525 -0.1370 -0.1374 -0.1505 -0.1736 -0.2072
 -0.2874 -0.2928 -0.3032 -0.3114 -0.3111 -0.2972 -0.2660 -0.2246 -0.1948 -0.1831
 -0.1817 -0.1821 -0.1795 -0.1735 -0.1656 -0.1517 -0.1531 -0.1676 -0.1926 -0.2277
 -0.2726
 -0.1836 -0.1811 -0.1898 -0.2033 -0.2156 -0.2212 -0.2153 -0.1978 -0.1815 -0.1754
 -0.1773 -0.1812 -0.1824 -0.1797 -0.1741 -0.1622 -0.1644 -0.1799 -0.2064 -0.2428
 -0.2878 -0.3393
 -0.1037 -0.0994 -0.1002 -0.1114 -0.1281 -0.1451 -0.1572 -0.1603 -0.1589 -0.1607
 -0.1670 -0.1747 -0.1800 -0.1812 -0.1786 -0.1696 -0.1726 -0.1890 -0.2166 -0.2539
 -0.2994 -0.3509 -0.4059 -0.4621
 -0.0560 -0.0401 -0.0379 -0.0434 -0.0562 -0.0753 -0.0969 -0.1149 -0.1274 -0.1386
 -0.1507 -0.1629 -0.1725 -0.1780 -0.1790 -0.1742 -0.1784 -0.1956 -0.2239 -0.2619
 -0.3079 -0.3597 -0.4153 -0.4724 -0.5295 -0.5868 -0.6461 -0.7085 -0.7721 -0.8345
 -0.0473 -0.0085  0.0125  0.0162  0.0053 -0.0149 -0.0395 -0.0662 -0.0898 -0.1099
 -0.1286 -0.1458 -0.1602 -0.1701 -0.1752 -0.1762 -0.1818 -0.2000 -0.2289 -0.2673
 -0.3138 -0.3661 -0.4225 -0.4807 -0.5392 -0.5972 -0.6557 -0.7160 -0.7787 -0.8429
 -0.9059
 -0.0592 -0.0164  0.0138  0.0317  0.0377  0.0326  0.0171 -0.0083 -0.0405 -0.0725
 -0.1005 -0.1239 -0.1429 -0.1575 -0.1672 -0.1753 -0.1828 -0.2020 -0.2318 -0.2705
 -0.3174 -0.3703 -0.4274 -0.4870 -0.5472 -0.6071 -0.6667 -0.7264 -0.7870 -0.8502
 -0.9152
 -0.0678 -0.0262  0.0041  0.0247  0.0366  0.0398  0.0348  0.0221  0.0016 -0.0257
 -0.0565 -0.0877 -0.1158 -0.1380 -0.1536 -0.1712 -0.1813 -0.2018 -0.2327 -0.2721
 -0.3194 -0.3730 -0.4311 -0.4921 -0.5543 -0.6164 -0.6779 -0.7389 -0.7997 -0.8613
 -0.9249
 -0.0725 -0.0320 -0.0034  0.0162  0.0283  0.0339  0.0333  0.0267  0.0141 -0.0040
 -0.0261 -0.0506 -0.0758 -0.1009 -0.1238 -0.1617 -0.1775 -0.1988 -0.2307 -0.2707
 -0.3181 -0.3722 -0.4311 -0.4933 -0.5573 -0.6217 -0.6856 -0.7486 -0.8109 -0.8731
 -0.9352
 -0.0678 -0.0320 -0.0053  0.0121  0.0225  0.0272  0.0273  0.0232  0.0149  0.0025
 -0.0134 -0.0317 -0.0508 -0.0701 -0.0893 -0.1359 -0.1694 -0.1935 -0.2261 -0.2668
 -0.3145 -0.3687 -0.4282 -0.4914 -0.5569 -0.6236 -0.6902 -0.7558 -0.8204 -0.8840
 -0.9471
 -0.0464 -0.0190  0.0014  0.0154  0.0234  0.0260  0.0246  0.0202  0.0133  0.0039
 -0.0077 -0.0214 -0.0364 -0.0518 -0.0501 -0.0938 -0.1570 -0.1859 -0.2189
 [Fe/H] =  0.25 [alpha/Fe] = 0.00 BC value = F098M
 -0.7583 -0.7698 -0.7655 -0.7015 -0.5924 -0.4646 -0.3403 -0.2374 -0.1703 -0.1427
 -0.1350 -0.1321 -0.1278 -0.1215 -0.1137 -0.1004 -0.1020 -0.1173 -0.1392
 -0.5835 -0.5973 -0.6022 -0.5889 -0.5483 -0.4696 -0.3614 -0.2480 -0.1805 -0.1527
 -0.1461 -0.1457 -0.1442 -0.1399 -0.1338 -0.1224 -0.1250 -0.1401 -0.1638 -0.1957
 -0.4254 -0.4371 -0.4479 -0.4496 -0.4341 -0.3947 -0.3274 -0.2444 -0.1836 -0.1559
 -0.1496 -0.1512 -0.1527 -0.1512 -0.1471 -0.1373 -0.1404 -0.1562 -0.1814 -0.2148
 -0.2566
 -0.2942 -0.2981 -0.3088 -0.3190 -0.3211 -0.3088 -0.2769 -0.2261 -0.1790 -0.1536
 -0.1475 -0.1507 -0.1551 -0.1569 -0.1554 -0.1483 -0.1517 -0.1680 -0.1943 -0.2291
 -0.2720 -0.3216
 -0.1967 -0.1881 -0.1920 -0.2029 -0.2142 -0.2197 -0.2138 -0.1927 -0.1644 -0.1456
 -0.1410 -0.1455 -0.1524 -0.1575 -0.1592 -0.1562 -0.1603 -0.1768 -0.2038 -0.2397
 -0.2833 -0.3332 -0.3874 -0.4438
 -0.1298 -0.1122 -0.1055 -0.1093 -0.1204 -0.1339 -0.1443 -0.1460 -0.1383 -0.1302
 -0.1296 -0.1363 -0.1455 -0.1538 -0.1589 -0.1611 -0.1666 -0.1835 -0.2110 -0.2474
 -0.2917 -0.3422 -0.3967 -0.4536 -0.5112 -0.5695 -0.6297 -0.6939 -0.7585 -0.8222
 -0.0736 -0.0449 -0.0347 -0.0390 -0.0482 -0.0604 -0.0760 -0.0916 -0.1014 -0.1065
 -0.1127 -0.1228 -0.1348 -0.1460 -0.1544 -0.1631 -0.1704 -0.1882 -0.2162 -0.2529
 -0.2977 -0.3487 -0.4040 -0.4616 -0.5202 -0.5789 -0.6384 -0.6996 -0.7642 -0.8295
 -0.8938
 -0.0732 -0.0283  0.0015  0.0163  0.0176  0.0074 -0.0106 -0.0325 -0.0553 -0.0737
 -0.0891 -0.1044 -0.1200 -0.1343 -0.1460 -0.1617 -0.1718 -0.1907 -0.2194 -0.2565
 -0.3016 -0.3531 -0.4091 -0.4677 -0.5276 -0.5876 -0.6477 -0.7084 -0.7706 -0.8358
 -0.9020
 -0.0798 -0.0331  0.0015  0.0251  0.0380  0.0412  0.0358  0.0221  0.0009 -0.0256
 -0.0525 -0.0776 -0.0996 -0.1184 -0.1338 -0.1571 -0.1705 -0.1907 -0.2207 -0.2585
 -0.3040 -0.3561 -0.4129 -0.4727 -0.5340 -0.5958 -0.6577 -0.7194 -0.7816 -0.8449
 -0.9106
 -0.0851 -0.0386 -0.0039  0.0208  0.0371  0.0456  0.0467  0.0411  0.0291  0.0108
 -0.0123 -0.0383 -0.0650 -0.0903 -0.1124 -0.1484 -0.1667 -0.1881 -0.2190 -0.2577
 -0.3034 -0.3558 -0.4132 -0.4740 -0.5367 -0.6004 -0.6643 -0.7279 -0.7912 -0.8547
 -0.9189
 -0.0869 -0.0414 -0.0072  0.0168  0.0327  0.0419  0.0451  0.0430  0.0356  0.0231
  0.0063 -0.0138 -0.0357 -0.0581 -0.0802 -0.1288 -0.1595 -0.1831 -0.2148 -0.2543
 -0.3005 -0.3530 -0.4108 -0.4724 -0.5364 -0.6018 -0.6680 -0.7339 -0.7994 -0.8644
 -0.9291
 -0.0787 -0.0376 -0.0063  0.0168  0.0312  0.0392  0.0420  0.0406  0.0351  0.0260
  0.0133 -0.0023 -0.0197 -0.0379 -0.0372 -0.0983 -0.1489 -0.1757 -0.2081
 [Fe/H] =  0.50 [alpha/Fe] = 0.00 BC value = F098M
 -0.9271 -0.8914 -0.8294 -0.7438 -0.6370 -0.5113 -0.3686 -0.2276 -0.1465 -0.1080
 -0.0970 -0.0957 -0.0953 -0.0929 -0.0890 -0.0808 -0.0861 -0.1042 -0.1280
 -0.7436 -0.7731 -0.7834 -0.7669 -0.6924 -0.5682 -0.4117 -0.2543 -0.1629 -0.1208
 -0.1092 -0.1096 -0.1116 -0.1116 -0.1092 -0.1030 -0.1085 -0.1259 -0.1505 -0.1822
 -0.5680 -0.5949 -0.6092 -0.6088 -0.5799 -0.5125 -0.4011 -0.2687 -0.1745 -0.1282
 -0.1145 -0.1155 -0.1199 -0.1228 -0.1227 -0.1186 -0.1237 -0.1413 -0.1675 -0.2002
 -0.2404
 -0.4137 -0.4295 -0.4468 -0.4566 -0.4500 -0.4186 -0.3556 -0.2638 -0.1800 -0.1319
 -0.1152 -0.1158 -0.1222 -0.1280 -0.1308 -0.1303 -0.1355 -0.1528 -0.1797 -0.2136
 -0.2547 -0.3026
 -0.2902 -0.2926 -0.3038 -0.3166 -0.3233 -0.3166 -0.2896 -0.2382 -0.1759 -0.1313
 -0.1128 -0.1123 -0.1197 -0.1281 -0.1342 -0.1388 -0.1448 -0.1618 -0.1889 -0.2237
 -0.2657 -0.3142 -0.3674 -0.4237
 -0.2029 -0.1896 -0.1889 -0.1967 -0.2074 -0.2144 -0.2113 -0.1923 -0.1579 -0.1244
 -0.1071 -0.1059 -0.1137 -0.1240 -0.1330 -0.1441 -0.1519 -0.1690 -0.1961 -0.2314
 -0.2741 -0.3232 -0.3768 -0.4333 -0.4913 -0.5504 -0.6120 -0.6771 -0.7431 -0.8084
 -0.1317 -0.1040 -0.1077 -0.1071 -0.1120 -0.1210 -0.1301 -0.1328 -0.1241 -0.1079
 -0.0967 -0.0965 -0.1047 -0.1164 -0.1279 -0.1458 -0.1565 -0.1743 -0.2016 -0.2371
 -0.2803 -0.3299 -0.3841 -0.4413 -0.4998 -0.5589 -0.6192 -0.6817 -0.7481 -0.8144
 -0.8801
 -0.0914 -0.0517 -0.0306 -0.0268 -0.0340 -0.0454 -0.0564 -0.0677 -0.0772 -0.0796
 -0.0792 -0.0831 -0.0927 -0.1058 -0.1193 -0.1438 -0.1583 -0.1774 -0.2053 -0.2410
 -0.2844 -0.3346 -0.3895 -0.4473 -0.5067 -0.5667 -0.6273 -0.6889 -0.7526 -0.8197
 -0.8869
 -0.0925 -0.0444 -0.0092  0.0129  0.0228  0.0224  0.0136 -0.0011 -0.0189 -0.0365
 -0.0504 -0.0629 -0.0768 -0.0923 -0.1077 -0.1382 -0.1572 -0.1780 -0.2070 -0.2435
 -0.2872 -0.3378 -0.3935 -0.4524 -0.5129 -0.5743 -0.6362 -0.6985 -0.7617 -0.8267
 -0.8945
 -0.0964 -0.0468 -0.0089  0.0188  0.0368  0.0458  0.0471  0.0421  0.0311  0.0141
 -0.0067 -0.0284 -0.0502 -0.0713 -0.0910 -0.1290 -0.1529 -0.1756 -0.2058 -0.2432
 -0.2872 -0.3378 -0.3940 -0.4537 -0.5154 -0.5782 -0.6418 -0.7056 -0.7698 -0.8346
 -0.9006
 -0.0996 -0.0488 -0.0106  0.0177  0.0375  0.0497  0.0552  0.0548  0.0490  0.0383
  0.0229  0.0033 -0.0187 -0.0416 -0.0642 -0.1136 -0.1455 -0.1708 -0.2020 -0.2404
 -0.2849 -0.3356 -0.3920 -0.4523 -0.5151 -0.5795 -0.6449 -0.7107 -0.7766 -0.8426
 -0.9088
 -0.0983 -0.0492 -0.0108  0.0172  0.0367  0.0490  0.0554  0.0567  0.0532  0.0454
  0.0337  0.0183  0.0002 -0.0195 -0.0273 -0.0920 -0.1350 -0.1636 -0.1956
 [Fe/H] =  0.75 [alpha/Fe] = 0.00 BC value = F098M
 -1.0698 -0.9241 -0.7872 -0.6585 -0.5372 -0.4227 -0.3146 -0.2124 -0.1233 -0.0737
 -0.0566 -0.0548 -0.0568 -0.0583 -0.0580 -0.0561 -0.0664 -0.0872 -0.1136
 -0.8859 -0.9331 -0.9601 -0.9487 -0.8337 -0.6463 -0.4367 -0.2540 -0.1469 -0.0901
 -0.0706 -0.0693 -0.0734 -0.0768 -0.0782 -0.0786 -0.0874 -0.1078 -0.1352 -0.1669
 -0.7011 -0.7736 -0.7729 -0.7770 -0.7396 -0.6438 -0.4786 -0.2901 -0.1675 -0.1024
 -0.0783 -0.0763 -0.0820 -0.0881 -0.0919 -0.0948 -0.1029 -0.1226 -0.1505 -0.1835
 -0.2223
 -0.5290 -0.5623 -0.5919 -0.6068 -0.5954 -0.5457 -0.4482 -0.3081 -0.1845 -0.1126
 -0.0826 -0.0782 -0.0846 -0.0933 -0.1001 -0.1073 -0.1152 -0.1340 -0.1620 -0.1960
 -0.2361 -0.2823
 -0.3839 -0.4028 -0.4262 -0.4453 -0.4505 -0.4324 -0.3824 -0.2954 -0.1933 -0.1200
 -0.0849 -0.0770 -0.0829 -0.0934 -0.1031 -0.1165 -0.1255 -0.1434 -0.1711 -0.2057
 -0.2465 -0.2936 -0.3459 -0.4019
 -0.2732 -0.2740 -0.2852 -0.3007 -0.3130 -0.3142 -0.2966 -0.2533 -0.1866 -0.1226
 -0.0852 -0.0738 -0.0782 -0.0894 -0.1016 -0.1220 -0.1336 -0.1514 -0.1785 -0.2133
 -0.2547 -0.3024 -0.3552 -0.4115 -0.4699 -0.5299 -0.5932 -0.6600 -0.7262 -0.7932
 -0.1940 -0.1821 -0.1790 -0.1834 -0.1925 -0.2011 -0.2026 -0.1898 -0.1584 -0.1154
 -0.0821 -0.0688 -0.0713 -0.0823 -0.0960 -0.1234 -0.1391 -0.1576 -0.1846 -0.2193
 -0.2609 -0.3092 -0.3625 -0.4193 -0.4779 -0.5377 -0.5989 -0.6630 -0.7306 -0.7977
 -0.8650
 -0.1161 -0.0964 -0.0902 -0.0947 -0.1020 -0.1068 -0.1121 -0.1158 -0.1107 -0.0934
 -0.0722 -0.0609 -0.0626 -0.0730 -0.0873 -0.1206 -0.1414 -0.1616 -0.1890 -0.2238
 -0.2655 -0.3141 -0.3680 -0.4253 -0.4845 -0.5448 -0.6059 -0.6684 -0.7335 -0.8021
 -0.8703
 -0.1035 -0.0589 -0.0297 -0.0153 -0.0144 -0.0230 -0.0346 -0.0438 -0.0504 -0.0537
 -0.0506 -0.0474 -0.0511 -0.0617 -0.0765 -0.1140 -0.1401 -0.1628 -0.1914 -0.2269
 -0.2689 -0.3177 -0.3722 -0.4304 -0.4905 -0.5518 -0.6138 -0.6766 -0.7407 -0.8072
 -0.8768
 -0.1049 -0.0555 -0.0172  0.0098  0.0257  0.0319  0.0307  0.0239  0.0130  0.0004
 -0.0116 -0.0217 -0.0324 -0.0462 -0.0625 -0.1039 -0.1352 -0.1609 -0.1909 -0.2273
 -0.2696 -0.3184 -0.3730 -0.4319 -0.4930 -0.5554 -0.6186 -0.6825 -0.7471 -0.8131
 -0.8806
 -0.1063 -0.0555 -0.0154  0.0149  0.0364  0.0495  0.0553  0.0554  0.0510  0.0426
  0.0301  0.0144 -0.0028 -0.0214 -0.0413 -0.0901 -0.1270 -0.1559 -0.1874 -0.2249
 -0.2681 -0.3169 -0.3716 -0.4308 -0.4928 -0.5564 -0.6212 -0.6866 -0.7527 -0.8194
 -0.8870
 -0.1072 -0.0556 -0.0145  0.0165  0.0390  0.0540  0.0627  0.0657  0.0640  0.0584
  0.0494  0.0365  0.0204  0.0017 -0.0129 -0.0726 -0.1155 -0.1478 -0.1809
 [Fe/H] =  1.00 [alpha/Fe] = 0.00 BC value = F098M
 -1.1837 -1.0166 -0.8599 -0.7127 -0.5742 -0.4438 -0.3207 -0.2046 -0.1026 -0.0414
 -0.0154 -0.0109 -0.0139 -0.0181 -0.0214 -0.0277 -0.0426 -0.0663 -0.0962
 -1.0025 -1.2641 -1.3592 -1.3048 -1.1161 -0.8061 -0.4494 -0.2549 -0.1342 -0.0622
 -0.0318 -0.0264 -0.0305 -0.0365 -0.0412 -0.0493 -0.0622 -0.0857 -0.1159 -0.1491
 -0.8127 -1.0347 -0.9234 -0.9389 -0.9002 -0.7796 -0.5357 -0.3036 -0.1638 -0.0802
 -0.0431 -0.0351 -0.0398 -0.0479 -0.0549 -0.0655 -0.0777 -0.1001 -0.1301 -0.1642
 -0.2029
 -0.6291 -0.6837 -0.7304 -0.7563 -0.7460 -0.6818 -0.5478 -0.3512 -0.1926 -0.0974
 -0.0520 -0.0395 -0.0435 -0.0534 -0.0632 -0.0785 -0.0905 -0.1113 -0.1411 -0.1758
 -0.2156 -0.2611
 -0.4669 -0.5068 -0.5471 -0.5776 -0.5862 -0.5599 -0.4868 -0.3609 -0.2157 -0.1133
 -0.0596 -0.0415 -0.0435 -0.0540 -0.0663 -0.0882 -0.1016 -0.1212 -0.1501 -0.1853
 -0.2256 -0.2717 -0.3232 -0.3793
 -0.3359 -0.3562 -0.3841 -0.4116 -0.4294 -0.4275 -0.3961 -0.3266 -0.2232 -0.1260
 -0.0665 -0.0423 -0.0408 -0.0508 -0.0647 -0.0938 -0.1108 -0.1300 -0.1579 -0.1929
 -0.2336 -0.2802 -0.3323 -0.3883 -0.4469 -0.5086 -0.5739 -0.6411 -0.7083 -0.7769
 -0.2423 -0.2427 -0.2522 -0.2688 -0.2859 -0.2957 -0.2901 -0.2611 -0.2036 -0.1294
 -0.0711 -0.0423 -0.0367 -0.0450 -0.0593 -0.0948 -0.1170 -0.1373 -0.1646 -0.1992
 -0.2400 -0.2869 -0.3393 -0.3958 -0.4543 -0.5148 -0.5778 -0.6437 -0.7120 -0.7798
 -0.8488
 -0.1527 -0.1549 -0.1583 -0.1630 -0.1696 -0.1776 -0.1826 -0.1782 -0.1564 -0.1156
 -0.0697 -0.0402 -0.0315 -0.0374 -0.0511 -0.0912 -0.1196 -0.1424 -0.1699 -0.2043
 -0.2449 -0.2920 -0.3447 -0.4016 -0.4609 -0.5217 -0.5835 -0.6472 -0.7139 -0.7834
 -0.8523
 -0.1106 -0.0769 -0.0623 -0.0636 -0.0757 -0.0872 -0.0922 -0.0928 -0.0905 -0.0785
 -0.0553 -0.0335 -0.0245 -0.0287 -0.0413 -0.0839 -0.1181 -0.1443 -0.1732 -0.2081
 -0.2489 -0.2960 -0.3491 -0.4066 -0.4667 -0.5282 -0.5907 -0.6539 -0.7190 -0.7870
 -0.8578
 -0.1078 -0.0621 -0.0280 -0.0067  0.0021  0.0011 -0.0067 -0.0166 -0.0234 -0.0250
 -0.0231 -0.0166 -0.0129 -0.0175 -0.0296 -0.0732 -0.1124 -0.1427 -0.1734 -0.2092
 -0.2504 -0.2974 -0.3504 -0.4082 -0.4690 -0.5314 -0.5948 -0.6589 -0.7240 -0.7909
 -0.8597
 -0.1077 -0.0594 -0.0204  0.0093  0.0294  0.0403  0.0438  0.0425  0.0377  0.0309
  0.0236  0.0165  0.0097  0.0003 -0.0136 -0.0599 -0.1032 -0.1375 -0.1705 -0.2076
 -0.2497 -0.2968 -0.3497 -0.4076 -0.4690 -0.5323 -0.5969 -0.6622 -0.7283 -0.7954
 -0.8639
 -0.1075 -0.0572 -0.0169  0.0146  0.0381  0.0541  0.0631  0.0664  0.0656  0.0621
  0.0564  0.0479  0.0367  0.0232  0.0067 -0.0440 -0.0905 -0.1287 -0.1645
