 [Fe/H] = -2.00 [alpha/Fe] =-0.40 BC value = F480M
  3.7081  3.5754  3.4534  3.3989  3.3341  3.2675  3.2064  3.1463  3.0795  2.9991
  2.9209  2.8450  2.7701  2.6984  2.6279  2.4623  2.3108  2.1660  2.0193
  3.6414  3.5765  3.5041  3.4213  3.3301  3.2497  3.1802  3.1130  3.0458  2.9690
  2.8915  2.8150  2.7400  2.6667  2.5951  2.4251  2.2708  2.1280  1.9764  1.8177
  3.6215  3.5627  3.4972  3.4249  3.3461  3.2597  3.1729  3.0962  3.0245  2.9519
  2.8760  2.8004  2.7255  2.6519  2.5796  2.4076  2.2516  2.1087  1.9569  1.7994
  1.6478
  3.5929  3.5401  3.4801  3.4135  3.3410  3.2642  3.1844  3.1009  3.0193  2.9413
  2.8661  2.7921  2.7187  2.6457  2.5734  2.3993  2.2398  2.0919  1.9427  1.7862
  1.6349  1.4904
  3.5525  3.5083  3.4552  3.3945  3.3272  3.2553  3.1811  3.1050  3.0254  2.9443
  2.8645  2.7881  2.7146  2.6428  2.5715  2.3969  2.2339  2.0828  1.9324  1.7767
  1.6255  1.4811  1.3431  1.2109
  3.5016  3.4644  3.4205  3.3676  3.3071  3.2406  3.1704  3.0983  3.0239  2.9478
  2.8702  2.7927  2.7168  2.6432  2.5715  2.3977  2.2325  2.0780  1.9257  1.7702
  1.6188  1.4742  1.3363  1.2042  1.0774  0.9552  0.8370  0.7222  0.6103  0.5010
  3.4432  3.4105  3.3745  3.3298  3.2780  3.2186  3.1540  3.0862  3.0151  2.9427
  2.8696  2.7960  2.7221  2.6486  2.5760  2.4004  2.2341  2.0768  1.9228  1.7666
  1.6144  1.4693  1.3311  1.1990  1.0725  0.9508  0.8334  0.7198  0.6095  0.5020
  0.3963
  3.3799  3.3497  3.3178  3.2801  3.2365  3.1864  3.1295  3.0677  3.0010  2.9319
  2.8620  2.7919  2.7218  2.6513  2.5806  2.4058  2.2379  2.0787  1.9237  1.7667
  1.6126  1.4663  1.3274  1.1950  1.0684  0.9469  0.8301  0.7174  0.6082  0.5019
  0.3981
  3.3147  3.2857  3.2547  3.2179  3.1822  3.1399  3.0921  3.0385  2.9783  2.9138
  2.8475  2.7803  2.7132  2.6460  2.5786  2.4089  2.2416  2.0818  1.9253  1.7680
  1.6117  1.4630  1.3228  1.1895  1.0623  0.9406  0.8236  0.7110  0.6022  0.4968
  0.3947
  3.2502  3.2216  3.1902  3.1563  3.1202  3.0821  3.0417  2.9968  2.9461  2.8885
  2.8275  2.7644  2.7004  2.6362  2.5718  2.4098  2.2468  2.0866  1.9310  1.7750
  1.6181  1.4666  1.3239  1.1891  1.0610  0.9387  0.8214  0.7088  0.6003  0.4955
  0.3921
  3.1890  3.1568  3.1233  3.0886  3.0529  3.0164  2.9791  2.9408  2.8992  2.8510
  2.7973  2.7401  2.6808  2.6202  2.5590  2.4047  2.2483  2.0913  1.9366  1.7822
  1.6267  1.4740  1.3284  1.1911  1.0614  0.9379  0.8199  0.7067  0.5980  0.4932
  0.3919
  3.1321  3.0773  3.0333  2.9970  2.9650  2.9350  2.9048  2.8727  2.8375  2.7982
  2.7540  2.7048  2.6520  2.5968  2.5399  2.3938  2.2448  2.0933  1.9405
 [Fe/H] = -1.50 [alpha/Fe] =-0.40 BC value = F480M
  3.6346  3.5413  3.4650  3.4032  3.3372  3.2690  3.2001  3.1306  3.0655  2.9869
  2.9064  2.8277  2.7513  2.6775  2.6059  2.4370  2.2827  2.1399  2.0004
  3.6469  3.5776  3.4919  3.4002  3.3271  3.2556  3.1820  3.1093  3.0392  2.9592
  2.8778  2.7980  2.7206  2.6455  2.5728  2.4012  2.2457  2.1057  1.9705  1.8205
  3.6400  3.5783  3.5092  3.4301  3.3380  3.2509  3.1748  3.0995  3.0262  2.9484
  2.8673  2.7871  2.7088  2.6328  2.5590  2.3847  2.2268  2.0858  1.9497  1.8013
  1.6513
  3.6244  3.5672  3.5040  3.4342  3.3568  3.2712  3.1803  3.0965  3.0197  2.9446
  2.8650  2.7853  2.7069  2.6303  2.5558  2.3788  2.2173  2.0725  1.9344  1.7877
  1.6386  1.4943
  3.6008  3.5488  3.4901  3.4254  3.3544  3.2776  3.1962  3.1108  3.0242  2.9438
  2.8653  2.7870  2.7093  2.6328  2.5580  2.3791  2.2140  2.0643  1.9234  1.7778
  1.6295  1.4854  1.3474  1.2146
  3.5669  3.5223  3.4694  3.4098  3.3438  3.2723  3.1964  3.1179  3.0371  2.9547
  2.8718  2.7910  2.7129  2.6370  2.5626  2.3829  2.2148  2.0605  1.9161  1.7708
  1.6231  1.4790  1.3410  1.2087  1.0815  0.9587  0.8399  0.7247  0.6127  0.5036
  3.5244  3.4859  3.4403  3.3872  3.3269  3.2605  3.1893  3.1148  3.0384  2.9612
  2.8825  2.8020  2.7220  2.6441  2.5685  2.3884  2.2185  2.0604  1.9123  1.7665
  1.6189  1.4744  1.3361  1.2039  1.0770  0.9550  0.8372  0.7231  0.6123  0.5043
  0.3989
  3.4748  3.4386  3.4006  3.3552  3.3023  3.2421  3.1762  3.1062  3.0333  2.9594
  2.8847  2.8088  2.7320  2.6551  2.5790  2.3956  2.2240  2.0632  1.9121  1.7650
  1.6169  1.4717  1.3328  1.2002  1.0733  0.9516  0.8344  0.7212  0.6114  0.5047
  0.4007
  3.4204  3.3842  3.3501  3.3118  3.2665  3.2141  3.1548  3.0903  3.0217  2.9510
  2.8792  2.8067  2.7336  2.6602  2.5865  2.4041  2.2295  2.0663  1.9128  1.7642
  1.6152  1.4686  1.3285  1.1950  1.0676  0.9455  0.8282  0.7151  0.6058  0.5000
  0.3976
  3.3643  3.3271  3.2934  3.2584  3.2201  3.1754  3.1245  3.0673  3.0047  2.9382
  2.8699  2.8005  2.7305  2.6602  2.5899  2.4133  2.2396  2.0741  1.9185  1.7690
  1.6198  1.4716  1.3297  1.1949  1.0667  0.9441  0.8264  0.7133  0.6043  0.4991
  0.3953
  3.3109  3.2682  3.2316  3.1975  3.1638  3.1254  3.0816  3.0327  2.9780  2.9176
  2.8538  2.7881  2.7214  2.6541  2.5867  2.4174  2.2481  2.0830  1.9257  1.7755
  1.6268  1.4780  1.3339  1.1970  1.0672  0.9436  0.8252  0.7117  0.6025  0.4972
  0.3955
  3.2606  3.2074  3.1648  3.1296  3.0978  3.0650  3.0275  2.9853  2.9387  2.8864
  2.8289  2.7682  2.7055  2.6418  2.5774  2.4155  2.2525  2.0906  1.9333
 [Fe/H] = -1.00 [alpha/Fe] =-0.40 BC value = F480M
  3.5774  3.5155  3.4607  3.3982  3.3341  3.2669  3.1939  3.1216  3.0562  2.9794
  2.8970  2.8163  2.7382  2.6626  2.5896  2.4177  2.2606  2.1176  1.9827
  3.6349  3.5448  3.4646  3.3996  3.3274  3.2530  3.1772  3.1013  3.0312  2.9508
  2.8676  2.7859  2.7064  2.6294  2.5550  2.3802  2.2218  2.0807  1.9509  1.8181
  3.6441  3.5806  3.4991  3.4061  3.3307  3.2534  3.1736  3.0945  3.0194  2.9415
  2.8584  2.7762  2.6959  2.6179  2.5424  2.3647  2.2037  2.0609  1.9302  1.7970
  1.6550
  3.6381  3.5806  3.5156  3.4385  3.3468  3.2575  3.1773  3.0961  3.0167  2.9408
  2.8590  2.7769  2.6963  2.6176  2.5412  2.3610  2.1968  2.0500  1.9159  1.7822
  1.6419  1.4997
  3.6256  3.5702  3.5103  3.4430  3.3662  3.2805  3.1881  3.1010  3.0199  2.9419
  2.8636  2.7824  2.7019  2.6229  2.5460  2.3636  2.1962  2.0448  1.9064  1.7716
  1.6324  1.4911  1.3534  1.2206
  3.6065  3.5546  3.4974  3.4349  3.3649  3.2882  3.2060  3.1194  3.0305  2.9461
  2.8683  2.7892  2.7095  2.6307  2.5535  2.3696  2.1994  2.0436  1.9007  1.7641
  1.6256  1.4850  1.3475  1.2151  1.0874  0.9641  0.8446  0.7289  0.6166  0.5076
  3.5794  3.5330  3.4799  3.4209  3.3561  3.2849  3.2084  3.1285  3.0463  2.9622
  2.8785  2.7970  2.7171  2.6388  2.5620  2.3772  2.2048  2.0454  1.8983  1.7593
  1.6209  1.4807  1.3432  1.2108  1.0837  0.9610  0.8424  0.7276  0.6165  0.5086
  0.4030
  3.5448  3.5033  3.4562  3.4021  3.3414  3.2749  3.2032  3.1279  3.0502  2.9712
  2.8916  2.8112  2.7299  2.6495  2.5712  2.3855  2.2116  2.0493  1.8986  1.7570
  1.6181  1.4782  1.3405  1.2078  1.0806  0.9583  0.8404  0.7264  0.6161  0.5090
  0.4049
  3.5046  3.4653  3.4234  3.3755  3.3204  3.2586  3.1915  3.1205  3.0465  2.9709
  2.8946  2.8179  2.7402  2.6618  2.5835  2.3937  2.2172  2.0528  1.8993  1.7550
  1.6150  1.4748  1.3365  1.2032  1.0755  0.9530  0.8351  0.7213  0.6114  0.5050
  0.4019
  3.4612  3.4226  3.3827  3.3406  3.2920  3.2365  3.1750  3.1089  3.0391  2.9670
  2.8938  2.8199  2.7455  2.6705  2.5952  2.4080  2.2279  2.0604  1.9047  1.7582
  1.6172  1.4767  1.3378  1.2035  1.0751  0.9521  0.8338  0.7202  0.6105  0.5045
  0.4020
  3.4174  3.3735  3.3352  3.2967  3.2541  3.2053  3.1504  3.0903  3.0257  2.9577
  2.8877  2.8167  2.7450  2.6729  2.6005  2.4197  2.2412  2.0706  1.9119  1.7636
  1.6216  1.4810  1.3412  1.2056  1.0760  0.9520  0.8332  0.7191  0.6093  0.5033
  0.4009
  3.3750  3.3256  3.2842  3.2465  3.2072  3.1642  3.1162  3.0627  3.0043  2.9416
  2.8757  2.8080  2.7393  2.6700  2.6003  2.4259  2.2526  2.0828  1.9213
 [Fe/H] = -0.75 [alpha/Fe] =-0.40 BC value = F480M
  3.5549  3.5057  3.4526  3.3922  3.3303  3.2645  3.1924  3.1196  3.0533  2.9774
  2.8942  2.8128  2.7338  2.6574  2.5836  2.4103  2.2518  2.1078  1.9743
  3.6122  3.5224  3.4622  3.3964  3.3237  3.2507  3.1747  3.0985  3.0284  2.9480
  2.8641  2.7817  2.7014  2.6235  2.5482  2.3714  2.2111  2.0684  1.9393  1.8118
  3.6418  3.5723  3.4789  3.4040  3.3307  3.2509  3.1710  3.0917  3.0160  2.9386
  2.8550  2.7722  2.6912  2.6123  2.5359  2.3562  2.1933  2.0487  1.9186  1.7904
  1.6551
  3.6401  3.5837  3.5153  3.4281  3.3376  3.2588  3.1764  3.0937  3.0139  2.9383
  2.8560  2.7734  2.6921  2.6128  2.5356  2.3534  2.1875  2.0392  1.9053  1.7754
  1.6413  1.5025
  3.6309  3.5763  3.5168  3.4467  3.3646  3.2719  3.1836  3.1011  3.0183  2.9399
  2.8615  2.7797  2.6986  2.6189  2.5412  2.3570  2.1882  2.0355  1.8970  1.7650
  1.6313  1.4938  1.3570  1.2243
  3.6169  3.5635  3.5062  3.4433  3.3712  3.2908  3.2038  3.1128  3.0261  2.9445
  2.8673  2.7877  2.7072  2.6277  2.5498  2.3641  2.1925  2.0358  1.8925  1.7579
  1.6242  1.4876  1.3513  1.2191  1.0916  0.9681  0.8481  0.7318  0.6192  0.5101
  3.5969  3.5468  3.4915  3.4315  3.3653  3.2918  3.2128  3.1300  3.0440  2.9569
  2.8730  2.7950  2.7161  2.6372  2.5594  2.3727  2.1990  2.0387  1.8912  1.7535
  1.6192  1.4833  1.3474  1.2152  1.0880  0.9653  0.8464  0.7311  0.6194  0.5112
  0.4080
  3.5703  3.5245  3.4731  3.4160  3.3534  3.2849  3.2113  3.1338  3.0537  2.9721
  2.8894  2.8074  2.7263  2.6466  2.5688  2.3818  2.2065  2.0434  1.8923  1.7517
  1.6162  1.4806  1.3448  1.2126  1.0853  0.9628  0.8445  0.7300  0.6192  0.5118
  0.4077
  3.5383  3.4953  3.4482  3.3956  3.3366  3.2720  3.2026  3.1295  3.0534  2.9757
  2.8973  2.8187  2.7394  2.6593  2.5799  2.3894  2.2127  2.0474  1.8934  1.7499
  1.6128  1.4769  1.3411  1.2083  1.0806  0.9579  0.8396  0.7255  0.6151  0.5083
  0.4048
  3.5026  3.4598  3.4166  3.3690  3.3152  3.2553  3.1903  3.1214  3.0494  2.9752
  2.9000  2.8242  2.7483  2.6717  2.5946  2.4036  2.2225  2.0551  1.8990  1.7530
  1.6143  1.4781  1.3421  1.2088  1.0804  0.9572  0.8388  0.7247  0.6146  0.5081
  0.4052
  3.4646  3.4200  3.3785  3.3348  3.2862  3.2318  3.1721  3.1080  3.0402  2.9697
  2.8976  2.8246  2.7512  2.6775  2.6034  2.4182  2.2365  2.0646  1.9060  1.7580
  1.6178  1.4811  1.3449  1.2109  1.0815  0.9575  0.8384  0.7240  0.6138  0.5074
  0.4047
  3.4269  3.3781  3.3354  3.2941  3.2496  3.2004  3.1464  3.0877  3.0249  2.9587
  2.8902  2.8201  2.7494  2.6781  2.6066  2.4277  2.2504  2.0777  1.9151
 [Fe/H] = -0.50 [alpha/Fe] =-0.40 BC value = F480M
  3.5345  3.4913  3.4422  3.3855  3.3242  3.2598  3.1890  3.1176  3.0525  2.9763
  2.8925  2.8105  2.7309  2.6537  2.5792  2.4044  2.2445  2.0989  1.9662
  3.5758  3.5125  3.4555  3.3902  3.3187  3.2462  3.1709  3.0954  3.0276  2.9459
  2.8615  2.7786  2.6976  2.6190  2.5428  2.3641  2.2019  2.0569  1.9272  1.8029
  3.6349  3.5487  3.4690  3.4026  3.3271  3.2473  3.1675  3.0885  3.0134  2.9365
  2.8523  2.7691  2.6875  2.6080  2.5308  2.3490  2.1841  2.0372  1.9066  1.7813
  1.6524
  3.6407  3.5838  3.5055  3.4135  3.3381  3.2577  3.1736  3.0908  3.0111  2.9363
  2.8535  2.7705  2.6888  2.6089  2.5310  2.3469  2.1791  2.0288  1.8945  1.7668
  1.6380  1.5044
  3.6336  3.5812  3.5207  3.4454  3.3547  3.2665  3.1845  3.0995  3.0161  2.9377
  2.8595  2.7772  2.6957  2.6157  2.5374  2.3514  2.1809  2.0266  1.8875  1.7569
  1.6278  1.4954  1.3608  1.2288
  3.6227  3.5696  3.5136  3.4491  3.3736  3.2884  3.1966  3.1092  3.0255  2.9430
  2.8658  2.7860  2.7051  2.6251  2.5467  2.3593  2.1863  2.0283  1.8844  1.7506
  1.6206  1.4889  1.3553  1.2237  1.0960  0.9722  0.8520  0.7353  0.6221  0.5130
  3.6081  3.5557  3.5001  3.4397  3.3722  3.2963  3.2142  3.1275  3.0383  2.9523
  2.8710  2.7942  2.7149  2.6354  2.5571  2.3689  2.1937  2.0324  1.8843  1.7471
  1.6157  1.4843  1.3514  1.2202  1.0930  0.9701  0.8508  0.7350  0.6228  0.5142
  0.4089
  3.5890  3.5389  3.4846  3.4261  3.3622  3.2925  3.2169  3.1370  3.0544  2.9698
  2.8845  2.8020  2.7237  2.6453  2.5675  2.3789  2.2022  2.0382  1.8866  1.7460
  1.6129  1.4814  1.3490  1.2178  1.0907  0.9681  0.8494  0.7345  0.6231  0.5152
  0.4108
  3.5652  3.5176  3.4656  3.4094  3.3479  3.2817  3.2107  3.1358  3.0579  2.9782
  2.8975  2.8162  2.7360  2.6557  2.5765  2.3870  2.2091  2.0430  1.8884  1.7449
  1.6096  1.4774  1.3452  1.2139  1.0864  0.9636  0.8450  0.7304  0.6196  0.5122
  0.4083
  3.5371  3.4907  3.4421  3.3894  3.3314  3.2684  3.2012  3.1303  3.0565  2.9807
  2.9036  2.8261  2.7487  2.6709  2.5925  2.3995  2.2189  2.0512  1.8944  1.7483
  1.6109  1.4780  1.3459  1.2144  1.0865  0.9633  0.8446  0.7302  0.6196  0.5126
  0.4092
  3.5065  3.4594  3.4131  3.3638  3.3097  3.2507  3.1874  3.1204  3.0503  2.9780
  2.9042  2.8296  2.7547  2.6798  2.6044  2.4157  2.2318  2.0601  1.9015  1.7533
  1.6140  1.4801  1.3479  1.2162  1.0877  0.9638  0.8446  0.7299  0.6193  0.5124
  0.4094
  3.4746  3.4248  3.3792  3.3324  3.2820  3.2272  3.1682  3.1055  3.0394  2.9707
  2.9001  2.8284  2.7560  2.6833  2.6104  2.4281  2.2475  2.0727  1.9099
 [Fe/H] = -0.25 [alpha/Fe] =-0.40 BC value = F480M
  3.5129  3.4770  3.4351  3.3834  3.3247  3.2603  3.1894  3.1192  3.0596  2.9760
  2.8916  2.8092  2.7290  2.6513  2.5761  2.3999  2.2386  2.0914  1.9575
  3.5729  3.5028  3.4487  3.3866  3.3180  3.2455  3.1695  3.0944  3.0283  2.9446
  2.8597  2.7764  2.6949  2.6157  2.5388  2.3581  2.1940  2.0467  1.9155  1.7933
  3.6173  3.5277  3.4674  3.3997  3.3241  3.2455  3.1653  3.0863  3.0115  2.9350
  2.8503  2.7667  2.6848  2.6047  2.5268  2.3431  2.1761  2.0268  1.8948  1.7715
  1.6469
  3.6418  3.5787  3.4866  3.4128  3.3372  3.2548  3.1709  3.0882  3.0086  2.9351
  2.8517  2.7683  2.6863  2.6059  2.5274  2.3415  2.1717  2.0193  1.8838  1.7574
  1.6322  1.5042
  3.6364  3.5860  3.5211  3.4350  3.3466  3.2676  3.1829  3.0970  3.0137  2.9358
  2.8579  2.7752  2.6935  2.6131  2.5344  2.3468  2.1744  2.0184  1.8783  1.7485
  1.6221  1.4947  1.3642  1.2339
  3.6266  3.5756  3.5198  3.4521  3.3713  3.2802  3.1935  3.1095  3.0240  2.9412
  2.8644  2.7844  2.7032  2.6230  2.5443  2.3555  2.1809  2.0214  1.8767  1.7431
  1.6152  1.4879  1.3585  1.2285  1.1013  0.9776  0.8570  0.7396  0.6259  0.5163
  3.6153  3.5622  3.5074  3.4468  3.3767  3.2979  3.2119  3.1219  3.0351  2.9514
  2.8700  2.7932  2.7136  2.6339  2.5553  2.3659  2.1893  2.0268  1.8779  1.7406
  1.6108  1.4833  1.3545  1.2252  1.0985  0.9755  0.8560  0.7399  0.6270  0.5178
  0.4124
  3.6015  3.5486  3.4930  3.4338  3.3691  3.2980  3.2203  3.1380  3.0523  2.9651
  2.8801  2.7995  2.7230  2.6445  2.5664  2.3768  2.1988  2.0336  1.8813  1.7405
  1.6085  1.4802  1.3519  1.2231  1.0966  0.9740  0.8551  0.7397  0.6277  0.5193
  0.4144
  3.5851  3.5327  3.4774  3.4189  3.3563  3.2890  3.2168  3.1402  3.0604  2.9786
  2.8955  2.8119  2.7311  2.6527  2.5749  2.3856  2.2065  2.0393  1.8841  1.7402
  1.6057  1.4763  1.3479  1.2192  1.0926  0.9699  0.8512  0.7362  0.6249  0.5170
  0.4125
  3.5651  3.5140  3.4602  3.4033  3.3424  3.2777  3.2091  3.1369  3.0616  2.9842
  2.9055  2.8261  2.7466  2.6681  2.5892  2.3970  2.2168  2.0482  1.8908  1.7443
  1.6073  1.4766  1.3480  1.2196  1.0929  0.9700  0.8512  0.7366  0.6256  0.5162
  0.4138
  3.5415  3.4909  3.4392  3.3845  3.3259  3.2637  3.1981  3.1292  3.0575  2.9838
  2.9086  2.8324  2.7561  2.6801  2.6038  2.4126  2.2282  2.0574  1.8983  1.7496
  1.6104  1.4782  1.3493  1.2210  1.0941  0.9707  0.8516  0.7368  0.6259  0.5185
  0.4150
  3.5158  3.4644  3.4140  3.3615  3.3056  3.2462  3.1836  3.1180  3.0496  2.9790
  2.9070  2.8338  2.7601  2.6863  2.6125  2.4275  2.2443  2.0685  1.9065
 [Fe/H] =  0.00 [alpha/Fe] =-0.40 BC value = F480M
  3.4841  3.4559  3.4201  3.3723  3.3182  3.2556  3.1851  3.1155  3.0617  2.9765
  2.8915  2.8087  2.7281  2.6500  2.5743  2.3968  2.2348  2.0863  1.9498
  3.5329  3.4829  3.4324  3.3743  3.3092  3.2401  3.1646  3.0916  3.0294  2.9441
  2.8587  2.7749  2.6931  2.6134  2.5359  2.3536  2.1877  2.0380  1.9047  1.7833
  3.5784  3.5134  3.4549  3.3886  3.3157  3.2398  3.1615  3.0837  3.0111  2.9344
  2.8491  2.7651  2.6828  2.6024  2.5240  2.3384  2.1695  2.0177  1.8836  1.7612
  1.6395
  3.6177  3.5537  3.4748  3.4076  3.3309  3.2493  3.1672  3.0857  3.0070  2.9346
  2.8505  2.7667  2.6844  2.6037  2.5249  2.3373  2.1655  2.0108  1.8735  1.7479
  1.6249  1.5014
  3.6366  3.5858  3.5108  3.4207  3.3464  3.2650  3.1795  3.0943  3.0118  2.9346
  2.8569  2.7738  2.6918  2.6112  2.5321  2.3432  2.1691  2.0111  1.8695  1.7399
  1.6153  1.4917  1.3660  1.2384
  3.6278  3.5799  3.5232  3.4504  3.3615  3.2764  3.1942  3.1079  3.0219  2.9397
  2.8636  2.7833  2.7018  2.6214  2.5424  2.3527  2.1765  2.0153  1.8693  1.7357
  1.6091  1.4850  1.3600  1.2330  1.1067  0.9831  0.8624  0.7446  0.6305  0.5204
  3.6172  3.5667  3.5138  3.4519  3.3788  3.2955  3.2058  3.1201  3.0354  2.9502
  2.8689  2.7924  2.7126  2.6327  2.5539  2.3638  2.1858  2.0218  1.8719  1.7344
  1.6054  1.4804  1.3557  1.2297  1.1042  0.9815  0.8619  0.7454  0.6321  0.5222
  0.4164
  3.6080  3.5539  3.4994  3.4410  3.3754  3.3018  3.2216  3.1362  3.0481  2.9623
  2.8791  2.7989  2.7225  2.6438  2.5655  2.3754  2.1962  2.0298  1.8765  1.7354
  1.6038  1.4776  1.3528  1.2275  1.1026  0.9803  0.8614  0.7458  0.6335  0.5244
  0.4187
  3.5961  3.5417  3.4850  3.4263  3.3635  3.2953  3.2215  3.1431  3.0612  2.9769
  2.8917  2.8079  2.7282  2.6519  2.5745  2.3848  2.2047  2.0365  1.8804  1.7360
  1.6016  1.4738  1.3486  1.2234  1.0988  0.9767  0.8580  0.7430  0.6312  0.5227
  0.4174
  3.5840  3.5290  3.4718  3.4127  3.3507  3.2851  3.2154  3.1421  3.0654  2.9864
  2.9059  2.8245  2.7429  2.6639  2.5862  2.3963  2.2158  2.0462  1.8880  1.7408
  1.6037  1.4741  1.3484  1.2235  1.0991  0.9770  0.8585  0.7438  0.6325  0.5245
  0.4197
  3.5689  3.5141  3.4572  3.3985  3.3372  3.2732  3.2061  3.1358  3.0630  2.9881
  2.9116  2.8341  2.7561  2.6785  2.6017  2.4098  2.2267  2.0559  1.8960  1.7468
  1.6072  1.4757  1.3492  1.2243  1.1001  0.9780  0.8593  0.7445  0.6333  0.5256
  0.4215
  3.5508  3.4970  3.4409  3.3822  3.3221  3.2595  3.1946  3.1270  3.0569  2.9851
  2.9119  2.8375  2.7626  2.6876  2.6210  2.4253  2.2374  2.0656  1.9044
 [Fe/H] =  0.25 [alpha/Fe] =-0.40 BC value = F480M
  3.4465  3.4380  3.4105  3.3660  3.3168  3.2554  3.1869  3.1169  3.0641  2.9773
  2.8919  2.8088  2.7279  2.6494  2.5733  2.3946  2.2313  2.0815  1.9437
  3.5012  3.4633  3.4192  3.3665  3.3045  3.2373  3.1647  3.0915  3.0310  2.9441
  2.8582  2.7741  2.6920  2.6119  2.5340  2.3502  2.1827  2.0309  1.8951  1.7731
  3.5732  3.4981  3.4427  3.3791  3.3090  3.2356  3.1593  3.0825  3.0132  2.9343
  2.8484  2.7641  2.6815  2.6008  2.5220  2.3350  2.1641  2.0100  1.8733  1.7508
  1.6314
  3.6189  3.5295  3.4681  3.3997  3.3241  3.2442  3.1639  3.0836  3.0059  2.9348
  2.8500  2.7658  2.6832  2.6023  2.5231  2.3342  2.1606  2.0036  1.8640  1.7383
  1.6173  1.4965
  3.6372  3.5804  3.4908  3.4183  3.3428  3.2603  3.1758  3.0919  3.0101  2.9341
  2.8566  2.7731  2.6908  2.6099  2.5307  2.3406  2.1648  2.0048  1.8613  1.7316
  1.6083  1.4870  1.3655  1.2416
  3.6298  3.5841  3.5235  3.4399  3.3547  3.2766  3.1919  3.1052  3.0200  2.9385
  2.8636  2.7828  2.7010  2.6204  2.5412  2.3507  2.1730  2.0102  1.8626  1.7286
  1.6028  1.4806  1.3592  1.2364  1.1124  0.9892  0.8684  0.7505  0.6359  0.5254
  3.6191  3.5718  3.5194  3.4547  3.3766  3.2882  3.2045  3.1207  3.0340  2.9489
  2.8682  2.7923  2.7121  2.6320  2.5531  2.3623  2.1833  2.0178  1.8666  1.7285
  1.5999  1.4764  1.3548  1.2326  1.1097  0.9880  0.8685  0.7517  0.6379  0.5276
  0.4212
  3.6104  3.5584  3.5055  3.4471  3.3797  3.3035  3.2198  3.1322  3.0471  2.9626
  2.8784  2.7986  2.7224  2.6436  2.5651  2.3746  2.1944  2.0268  1.8724  1.7306
  1.5990  1.4739  1.3519  1.2300  1.1079  0.9868  0.8682  0.7524  0.6398  0.5303
  0.4240
  3.6018  3.5473  3.4908  3.4326  3.3697  3.3004  3.2249  3.1445  3.0601  2.9741
  2.8894  2.8068  2.7279  2.6520  2.5745  2.3846  2.2038  2.0344  1.8773  1.7322
  1.5976  1.4705  1.3476  1.2258  1.1041  0.9834  0.8653  0.7503  0.6383  0.5294
  0.4235
  3.5944  3.5376  3.4792  3.4194  3.3573  3.2913  3.2208  3.1463  3.0682  2.9875
  2.9051  2.8219  2.7395  2.6609  2.5853  2.3965  2.2156  2.0450  1.8858  1.7380
  1.6004  1.4712  1.3473  1.2256  1.1043  0.9840  0.8662  0.7516  0.6403  0.5320
  0.4265
  3.5873  3.5289  3.4689  3.4076  3.3450  3.2803  3.2123  3.1413  3.0676  2.9916
  2.9138  2.8348  2.7552  2.6755  2.5983  2.4084  2.2269  2.0554  1.8947  1.7446
  1.6046  1.4731  1.3480  1.2260  1.1050  0.9850  0.8672  0.7528  0.6417  0.5337
  0.4289
  3.5806  3.5211  3.4602  3.3961  3.3332  3.2689  3.2025  3.1337  3.0626  2.9898
  2.9157  2.8403  2.7642  2.6879  2.6135  2.4203  2.2377  2.0656  1.9040
 [Fe/H] =  0.50 [alpha/Fe] =-0.40 BC value = F480M
  3.4275  3.4252  3.4032  3.3636  3.3194  3.2573  3.1888  3.1228  3.0547  2.9783
  2.8925  2.8091  2.7280  2.6493  2.5732  2.3931  2.2132  2.0620  1.9232
  3.4643  3.4418  3.4061  3.3586  3.3015  3.2365  3.1647  3.0920  3.0323  2.9446
  2.8581  2.7737  2.6913  2.6110  2.5328  2.3477  2.1787  2.0252  1.8869  1.7629
  3.5256  3.4778  3.4269  3.3691  3.3020  3.2323  3.1576  3.0819  3.0196  2.9347
  2.8484  2.7637  2.6808  2.5998  2.5207  2.3325  2.1599  2.0038  1.8644  1.7406
  1.6233
  3.6012  3.5158  3.4558  3.3894  3.3166  3.2393  3.1611  3.0821  3.0056  2.9356
  2.8501  2.7655  2.6827  2.6015  2.5220  2.3321  2.1568  1.9978  1.8557  1.7290
  1.6095  1.4908
  3.6342  3.5595  3.4802  3.4125  3.3361  3.2548  3.1718  3.0896  3.0090  2.9350
  2.8571  2.7731  2.6904  2.6093  2.5299  2.3391  2.1617  1.9999  1.8549  1.7235
  1.6012  1.4816  1.3631  1.2431
  3.6316  3.5856  3.5155  3.4272  3.3540  3.2732  3.1881  3.1025  3.0184  2.9377
  2.8646  2.7831  2.7009  2.6200  2.5407  2.3496  2.1707  2.0062  1.8568  1.7218
  1.5966  1.4757  1.3568  1.2376  1.1169  0.9955  0.8751  0.7570  0.6423  0.5314
  3.6212  3.5767  3.5232  3.4538  3.3677  3.2858  3.2048  3.1189  3.0322  2.9480
  2.8678  2.7929  2.7123  2.6319  2.5528  2.3617  2.1817  2.0149  1.8621  1.7230
  1.5945  1.4720  1.3524  1.2335  1.1139  0.9939  0.8751  0.7586  0.6447  0.5340
  0.4270
  3.6110  3.5625  3.5114  3.4520  3.3821  3.3017  3.2152  3.1322  3.0478  2.9618
  2.8780  2.7987  2.7229  2.6438  2.5652  2.3744  2.1936  2.0248  1.8691  1.7263
  1.5945  1.4699  1.3495  1.2306  1.1118  0.9929  0.8752  0.7600  0.6473  0.5372
  0.4304
  3.6034  3.5510  3.4960  3.4387  3.3753  3.3043  3.2268  3.1437  3.0580  2.9737
  2.8899  2.8069  2.7283  2.6526  2.5749  2.3848  2.2036  2.0332  1.8750  1.7290
  1.5939  1.4670  1.3454  1.2263  1.1078  0.9895  0.8725  0.7580  0.6463  0.5370
  0.4305
  3.6032  3.5437  3.4843  3.4251  3.3633  3.2969  3.2255  3.1497  3.0700  2.9874
  2.9035  2.8202  2.7387  2.6609  2.5859  2.3973  2.2161  2.0447  1.8844  1.7357
  1.5976  1.4683  1.3454  1.2259  1.1078  0.9901  0.8736  0.7597  0.6486  0.5382
  0.4323
  3.6079  3.5406  3.4760  3.4139  3.3512  3.2863  3.2178  3.1462  3.0717  2.9945
  2.9153  2.8347  2.7536  2.6730  2.5958  2.4088  2.2278  2.0558  1.8941  1.7432
  1.6025  1.4708  1.3463  1.2263  1.1082  0.9910  0.8749  0.7612  0.6504  0.5425
  0.4373
  3.6173  3.5417  3.4719  3.4052  3.3408  3.2759  3.2088  3.1392  3.0674  2.9941
  2.9191  2.8427  2.7653  2.6876  2.6046  2.4193  2.2387  2.0665  1.9041
 [Fe/H] =  0.75 [alpha/Fe] =-0.40 BC value = F480M
  3.4125  3.4195  3.4025  3.3640  3.3224  3.2583  3.1923  3.1269  3.0571  2.9791
  2.8930  2.8092  2.7279  2.6490  2.5727  2.3917  2.2103  2.0573  1.9178
  3.4344  3.4234  3.3955  3.3525  3.2998  3.2359  3.1644  3.0940  3.0336  2.9508
  2.8583  2.7736  2.6910  2.6105  2.5320  2.3459  2.1756  2.0202  1.8801  1.7539
  3.4951  3.4553  3.4116  3.3597  3.2964  3.2297  3.1564  3.0816  3.0224  2.9356
  2.8487  2.7636  2.6806  2.5993  2.5200  2.3309  2.1569  1.9989  1.8571  1.7311
  1.6149
  3.5530  3.4974  3.4404  3.3782  3.3089  3.2343  3.1587  3.0811  3.0059  2.9370
  2.8508  2.7658  2.6826  2.6012  2.5216  2.3309  2.1542  1.9933  1.8488  1.7204
  1.6018  1.4849
  3.6221  3.5347  3.4714  3.4029  3.3281  3.2488  3.1682  3.0876  3.0085  2.9373
  2.8582  2.7737  2.6907  2.6094  2.5297  2.3383  2.1597  1.9962  1.8483  1.7160
  1.5943  1.4762  1.3594  1.2430
  3.6325  3.5823  3.4968  3.4239  3.3492  3.2679  3.1837  3.0997  3.0171  2.9375
  2.8660  2.7840  2.7015  2.6204  2.5408  2.3492  2.1694  2.0034  1.8522  1.7157
  1.5905  1.4707  1.3534  1.2371  1.1201  1.0014  0.8820  0.7642  0.6495  0.5383
  3.6231  3.5806  3.5242  3.4450  3.3619  3.2854  3.2020  3.1160  3.0304  2.9473
  2.8681  2.7942  2.7132  2.6325  2.5532  2.3618  2.1810  2.0130  1.8586  1.7182
  1.5894  1.4675  1.3493  1.2328  1.1166  0.9995  0.8822  0.7660  0.6520  0.5412
  0.4339
  3.6118  3.5668  3.5166  3.4552  3.3809  3.2957  3.2151  3.1327  3.0467  2.9609
  2.8779  2.7993  2.7242  2.6447  2.5658  2.3748  2.1936  2.0238  1.8667  1.7227
  1.5903  1.4660  1.3467  1.2299  1.1141  0.9981  0.8824  0.7679  0.6551  0.5448
  0.4377
  3.6017  3.5537  3.5011  3.4444  3.3798  3.3067  3.2258  3.1415  3.0588  2.9748
  2.8899  2.8073  2.7293  2.6538  2.5760  2.3856  2.2041  2.0330  1.8736  1.7265
  1.5907  1.4638  1.3429  1.2256  1.1098  0.9944  0.8793  0.7658  0.6544  0.5453
  0.4385
  3.6040  3.5463  3.4884  3.4304  3.3691  3.3020  3.2294  3.1520  3.0703  2.9868
  2.9038  2.8210  2.7394  2.6620  2.5873  2.3984  2.2171  2.0452  1.8839  1.7342
  1.5954  1.4658  1.3433  1.2253  1.1097  0.9948  0.8804  0.7676  0.6571  0.5489
  0.4430
  3.6114  3.5446  3.4804  3.4186  3.3567  3.2918  3.2229  3.1507  3.0752  2.9968
  2.9162  2.8345  2.7530  2.6726  2.5958  2.4102  2.2294  2.0570  1.8944  1.7425
  1.6012  1.4690  1.3446  1.2258  1.1100  0.9955  0.8816  0.7693  0.6593  0.5517
  0.4465
  3.6238  3.5486  3.4761  3.4111  3.3465  3.2816  3.2142  3.1441  3.0720  2.9981
  2.9223  2.8447  2.7662  2.6872  2.6015  2.4210  2.2410  2.0684  1.9051
 [Fe/H] =  1.00 [alpha/Fe] =-0.40 BC value = F480M
  3.4158  3.4193  3.4031  3.3693  3.3256  3.2703  3.2051  3.1324  3.0547  2.9739
  2.8915  2.8089  2.7274  2.6478  2.5709  2.3895  2.2072  2.0301  1.8906
  3.3993  3.4081  3.3902  3.3484  3.2996  3.2364  3.1659  3.0949  3.0347  2.9458
  2.8584  2.7733  2.6904  2.6096  2.5309  2.3443  2.1728  2.0084  1.8668  1.7400
  3.4508  3.4318  3.3980  3.3510  3.2921  3.2284  3.1561  3.0831  3.0244  2.9367
  2.8494  2.7640  2.6806  2.5991  2.5196  2.3298  2.1546  1.9951  1.8511  1.7229
  1.6065
  3.5257  3.4748  3.4239  3.3674  3.3009  3.2304  3.1571  3.0811  3.0073  2.9387
  2.8521  2.7667  2.6832  2.6016  2.5217  2.3304  2.1526  1.9902  1.8435  1.7128
  1.5941  1.4790
  3.5906  3.5193  3.4576  3.3916  3.3198  3.2422  3.1649  3.0865  3.0087  2.9422
  2.8599  2.7750  2.6917  2.6101  2.5303  2.3383  2.1588  1.9937  1.8440  1.7097
  1.5876  1.4708  1.3555  1.2411
  3.6309  3.5665  3.4854  3.4173  3.3417  3.2618  3.1788  3.0975  3.0164  2.9381
  2.8686  2.7857  2.7028  2.6215  2.5417  2.3497  2.1691  2.0018  1.8489  1.7107
  1.5849  1.4659  1.3499  1.2354  1.1214  1.0061  0.8888  0.7718  0.6574  0.5460
  3.6251  3.5827  3.5194  3.4332  3.3607  3.2816  3.1979  3.1127  3.0290  2.9472
  2.8690  2.7963  2.7149  2.6339  2.5544  2.3626  2.1814  2.0122  1.8564  1.7144
  1.5848  1.4634  1.3462  1.2313  1.1176  1.0036  0.8885  0.7734  0.6599  0.5492
  0.4415
  3.6132  3.5712  3.5205  3.4558  3.3737  3.2940  3.2151  3.1309  3.0449  2.9603
  2.8784  2.8007  2.7263  2.6465  2.5673  2.3760  2.1944  2.0238  1.8655  1.7201
  1.5868  1.4626  1.3440  1.2286  1.1150  1.0018  0.8882  0.7750  0.6630  0.5529
  0.4458
  3.6004  3.5569  3.5063  3.4494  3.3828  3.3060  3.2229  3.1427  3.0599  2.9747
  2.8902  2.8082  2.7309  2.6559  2.5778  2.3870  2.2054  2.0337  1.8733  1.7249
  1.5882  1.4610  1.3406  1.2245  1.1107  0.9980  0.8853  0.7732  0.6626  0.5538
  0.4470
  3.6031  3.5481  3.4922  3.4356  3.3743  3.3062  3.2321  3.1523  3.0701  2.9884
  2.9055  2.8219  2.7408  2.6639  2.5894  2.4002  2.2188  2.0465  1.8845  1.7337
  1.5939  1.4639  1.3414  1.2243  1.1105  0.9982  0.8862  0.7751  0.6655  0.5578
  0.4521
  3.6072  3.5448  3.4834  3.4230  3.3619  3.2969  3.2276  3.1547  3.0780  2.9983
  2.9171  2.8357  2.7543  2.6739  2.5976  2.4124  2.2315  2.0590  1.8957  1.7429
  1.6006  1.4679  1.3433  1.2250  1.1109  0.9987  0.8873  0.7768  0.6679  0.5609
  0.4561
  3.6127  3.5470  3.4799  3.4150  3.3513  3.2866  3.2190  3.1488  3.0764  3.0019
  2.9252  2.8466  2.7672  2.6877  2.6024  2.4236  2.2435  2.0712  1.9069
