 [Fe/H] = -2.50 [alpha/Fe] = 0.40 BC value =F150W2
  1.8358  1.8716  1.9324  1.9591  1.9386  1.9164  1.9268  1.9505  1.9576  1.9409
  1.9103  1.8696  1.8265  1.7815  1.7336  1.6075  1.4749  1.3416  1.2106
  1.8305  1.8304  1.8442  1.8578  1.8709  1.8846  1.8968  1.9042  1.9041  1.8949
  1.8754  1.8444  1.8040  1.7580  1.7098  1.5850  1.4562  1.3253  1.1957  1.0681
  1.8253  1.8075  1.7950  1.7947  1.8121  1.8343  1.8484  1.8550  1.8562  1.8518
  1.8387  1.8151  1.7797  1.7354  1.6877  1.5642  1.4384  1.3104  1.1826  1.0572
  0.9350
  1.8202  1.8029  1.7848  1.7698  1.7622  1.7655  1.7816  1.8029  1.8139  1.8116
  1.8002  1.7817  1.7536  1.7137  1.6673  1.5451  1.4215  1.2969  1.1714  1.0480
  0.9277  0.8105
  1.8044  1.7926  1.7772  1.7607  1.7459  1.7359  1.7329  1.7371  1.7474  1.7574
  1.7566  1.7433  1.7220  1.6900  1.6475  1.5275  1.4056  1.2839  1.1614  1.0397
  0.9208  0.8052  0.6928  0.5831
  1.7735  1.7697  1.7609  1.7486  1.7344  1.7204  1.7092  1.7024  1.6993  1.6982
  1.6973  1.6918  1.6776  1.6553  1.6223  1.5108  1.3906  1.2713  1.1519  1.0324
  0.9145  0.7999  0.6887  0.5805  0.4750  0.3719  0.2707  0.1703  0.0706 -0.0259
  1.7271  1.7315  1.7309  1.7258  1.7167  1.7047  1.6915  1.6795  1.6696  1.6614
  1.6526  1.6420  1.6281  1.6104  1.5854  1.4914  1.3764  1.2593  1.1427  1.0258
  0.9093  0.7952  0.6845  0.5771  0.4729  0.3713  0.2718  0.1743  0.0774 -0.0194
 -0.1136
  1.6680  1.6790  1.6861  1.6891  1.6872  1.6807  1.6705  1.6583  1.6456  1.6334
  1.6213  1.6074  1.5903  1.5701  1.5471  1.4657  1.3610  1.2477  1.1337  1.0196
  0.9051  0.7916  0.6809  0.5738  0.4701  0.3694  0.2712  0.1752  0.0809 -0.0128
 -0.1070
  1.6002  1.6157  1.6284  1.6383  1.6440  1.6448  1.6404  1.6317  1.6199  1.6066
  1.5928  1.5779  1.5606  1.5397  1.5158  1.4388  1.3423  1.2345  1.1234  1.0118
  0.8996  0.7873  0.6767  0.5691  0.4651  0.3645  0.2668  0.1718  0.0789 -0.0126
 -0.1037
  1.5250  1.5434  1.5603  1.5754  1.5877  1.5956  1.5984  1.5956  1.5880  1.5767
  1.5633  1.5485  1.5321  1.5129  1.4902  1.4162  1.3252  1.2229  1.1151  1.0058
  0.8961  0.7861  0.6764  0.5687  0.4641  0.3630  0.2653  0.1705  0.0784 -0.0117
 -0.1016
  1.4424  1.4642  1.4843  1.5029  1.5197  1.5336  1.5431  1.5474  1.5460  1.5396
  1.5292  1.5159  1.5007  1.4835  1.4637  1.3966  1.3090  1.2117  1.1073  1.0003
  0.8925  0.7846  0.6767  0.5697  0.4648  0.3630  0.2645  0.1694  0.0772 -0.0124
 -0.1000
  1.3525  1.3781  1.4016  1.4224  1.4425  1.4605  1.4753  1.4861  1.4917  1.4918
  1.4869  1.4776  1.4650  1.4501  1.4363  1.3800  1.2937  1.2009  1.1000
 [Fe/H] = -2.00 [alpha/Fe] = 0.40 BC value =F150W2
  1.9081  1.9229  1.9392  1.9553  1.9686  1.9770  1.9789  1.9732  1.9597  1.9381
  1.9080  1.8699  1.8262  1.7795  1.7300  1.6048  1.4759  1.3437  1.2115
  1.8714  1.8786  1.8897  1.9026  1.9149  1.9243  1.9290  1.9277  1.9197  1.9043
  1.8802  1.8465  1.8047  1.7581  1.7095  1.5844  1.4569  1.3276  1.1981  1.0706
  1.8501  1.8379  1.8393  1.8559  1.8652  1.8735  1.8792  1.8807  1.8770  1.8673
  1.8499  1.8229  1.7855  1.7403  1.6918  1.5668  1.4404  1.3134  1.1862  1.0609
  0.9385
  1.8432  1.8176  1.8064  1.8073  1.8153  1.8259  1.8350  1.8394  1.8370  1.8294
  1.8163  1.7959  1.7657  1.7244  1.6769  1.5520  1.4264  1.3011  1.1758  1.0523
  0.9319  0.8145
  1.8455  1.8245  1.8022  1.7880  1.7817  1.7810  1.7838  1.7883  1.7932  1.7948
  1.7847  1.7669  1.7421  1.7078  1.6634  1.5397  1.4145  1.2904  1.1669  1.0448
  0.9256  0.8097  0.6970  0.5870
  1.8402  1.8230  1.8021  1.7796  1.7581  1.7406  1.7289  1.7237  1.7249  1.7326
  1.7383  1.7317  1.7142  1.6868  1.6489  1.5290  1.4042  1.2811  1.1592  1.0384
  0.9200  0.8049  0.6933  0.5848  0.4789  0.3754  0.2737  0.1730  0.0732 -0.0232
  1.8217  1.8115  1.7956  1.7762  1.7551  1.7342  1.7155  1.7009  1.6904  1.6828
  1.6780  1.6752  1.6678  1.6517  1.6251  1.5185  1.3952  1.2728  1.1523  1.0330
  0.9155  0.8007  0.6896  0.5819  0.4772  0.3752  0.2752  0.1772  0.0801 -0.0167
 -0.1108
  1.7890  1.7859  1.7771  1.7638  1.7471  1.7282  1.7084  1.6895  1.6726  1.6578
  1.6444  1.6309  1.6177  1.6035  1.5850  1.5020  1.3864  1.2653  1.1460  1.0284
  0.9120  0.7977  0.6865  0.5790  0.4748  0.3737  0.2750  0.1786  0.0838 -0.0102
 -0.1043
  1.7422  1.7470  1.7450  1.7386  1.7281  1.7142  1.6976  1.6792  1.6602  1.6415
  1.6236  1.6053  1.5859  1.5654  1.5445  1.4739  1.3725  1.2563  1.1384  1.0223
  0.9075  0.7940  0.6827  0.5746  0.4702  0.3692  0.2711  0.1755  0.0821 -0.0098
 -0.1011
  1.6849  1.6953  1.6998  1.7000  1.6963  1.6888  1.6776  1.6631  1.6458  1.6268
  1.6070  1.5866  1.5651  1.5418  1.5169  1.4458  1.3548  1.2470  1.1327  1.0184
  0.9054  0.7934  0.6828  0.5745  0.4695  0.3681  0.2698  0.1746  0.0820 -0.0086
 -0.0990
  1.6210  1.6345  1.6440  1.6496  1.6519  1.6507  1.6457  1.6368  1.6238  1.6075
  1.5887  1.5681  1.5462  1.5227  1.4971  1.4235  1.3362  1.2356  1.1262  1.0144
  0.9031  0.7928  0.6837  0.5759  0.4705  0.3682  0.2693  0.1737  0.0811 -0.0090
 -0.0970
  1.5512  1.5671  1.5800  1.5900  1.5971  1.6011  1.6018  1.5988  1.5914  1.5797
  1.5643  1.5458  1.5251  1.5025  1.4851  1.4070  1.3167  1.2221  1.1189
 [Fe/H] = -1.50 [alpha/Fe] = 0.40 BC value =F150W2
  1.9757  1.9916  2.0075  2.0220  2.0320  2.0346  2.0275  2.0096  1.9832  1.9499
  1.9107  1.8669  1.8207  1.7734  1.7252  1.6017  1.4752  1.3462  1.2156
  1.9368  1.9491  1.9630  1.9765  1.9869  1.9912  1.9871  1.9732  1.9519  1.9239
  1.8894  1.8485  1.8031  1.7554  1.7066  1.5824  1.4567  1.3299  1.2024  1.0755
  1.9028  1.9097  1.9199  1.9308  1.9402  1.9457  1.9445  1.9350  1.9186  1.8961
  1.8672  1.8314  1.7888  1.7418  1.6928  1.5676  1.4419  1.3164  1.1911  1.0665
  0.9442
  1.8799  1.8734  1.8763  1.8867  1.8953  1.9006  1.9010  1.8952  1.8830  1.8653
  1.8421  1.8124  1.7751  1.7307  1.6823  1.5566  1.4305  1.3056  1.1816  1.0587
  0.9382  0.8206
  1.8713  1.8525  1.8414  1.8371  1.8390  1.8465  1.8560  1.8563  1.8482  1.8338
  1.8144  1.7897  1.7587  1.7196  1.6735  1.5483  1.4218  1.2971  1.1739  1.0522
  0.9328  0.8165  0.7034  0.5928
  1.8750  1.8538  1.8319  1.8118  1.7964  1.7864  1.7840  1.7896  1.7964  1.7969
  1.7862  1.7659  1.7389  1.7057  1.6645  1.5418  1.4153  1.2906  1.1678  1.0469
  0.9282  0.8126  0.7005  0.5914  0.4849  0.3807  0.2784  0.1772  0.0773 -0.0189
  1.8759  1.8563  1.8337  1.8096  1.7861  1.7655  1.7491  1.7372  1.7293  1.7267
  1.7286  1.7260  1.7120  1.6867  1.6522  1.5363  1.4101  1.2854  1.1630  1.0428
  0.9246  0.8093  0.6976  0.5892  0.4839  0.3812  0.2806  0.1818  0.0843 -0.0124
 -0.1062
  1.8687  1.8537  1.8338  1.8106  1.7854  1.7602  1.7366  1.7162  1.6990  1.6845
  1.6724  1.6637  1.6573  1.6464  1.6257  1.5300  1.4059  1.2814  1.1593  1.0397
  0.9235  0.8070  0.6953  0.5870  0.4823  0.3804  0.2810  0.1839  0.0886 -0.0059
 -0.0999
  1.8475  1.8400  1.8262  1.8067  1.7838  1.7588  1.7334  1.7086  1.6856  1.6647
  1.6454  1.6269  1.6096  1.5942  1.5788  1.5111  1.3998  1.2764  1.1547  1.0356
  0.9189  0.8041  0.6920  0.5833  0.4783  0.3766  0.2777  0.1814  0.0873 -0.0052
 -0.0967
  1.8129  1.8125  1.8064  1.7928  1.7747  1.7533  1.7297  1.7051  1.6801  1.6556
  1.6319  1.6087  1.5855  1.5623  1.5397  1.4792  1.3882  1.2727  1.1523  1.0341
  0.9184  0.8045  0.6928  0.5838  0.4781  0.3760  0.2771  0.1812  0.0878 -0.0034
 -0.0943
  1.7674  1.7729  1.7724  1.7662  1.7542  1.7381  1.7189  1.6973  1.6739  1.6493
  1.6239  1.5981  1.5719  1.5451  1.5177  1.4483  1.3673  1.2648  1.1495  1.0327
  0.9180  0.8053  0.6945  0.5856  0.4795  0.3767  0.2771  0.1809  0.0875 -0.0033
 -0.0920
  1.7132  1.7236  1.7282  1.7275  1.7216  1.7114  1.6976  1.6807  1.6611  1.6391
  1.6151  1.5893  1.5622  1.5339  1.5128  1.4184  1.3371  1.2527  1.1463
 [Fe/H] = -1.00 [alpha/Fe] = 0.40 BC value =F150W2
  2.0551  2.0717  2.0866  2.0981  2.1041  2.1009  2.0851  2.0549  2.0135  1.9656
  1.9149  1.8641  1.8143  1.7654  1.7171  1.5958  1.4732  1.3478  1.2203
  2.0153  2.0310  2.0460  2.0588  2.0664  2.0665  2.0554  2.0300  1.9938  1.9501
  1.9019  1.8517  1.8014  1.7516  1.7023  1.5792  1.4558  1.3319  1.2072  1.0821
  1.9766  1.9892  2.0027  2.0155  2.0252  2.0287  2.0224  2.0028  1.9725  1.9341
  1.8899  1.8420  1.7923  1.7423  1.6923  1.5674  1.4431  1.3196  1.1966  1.0738
  0.9521
  1.9419  1.9498  1.9602  1.9713  1.9811  1.9868  1.9852  1.9719  1.9477  1.9151
  1.8762  1.8323  1.7849  1.7355  1.6854  1.5594  1.4341  1.3104  1.1881  1.0669
  0.9470  0.8292
  1.9083  1.9085  1.9165  1.9269  1.9365  1.9430  1.9442  1.9367  1.9186  1.8921
  1.8589  1.8201  1.7767  1.7297  1.6804  1.5541  1.4279  1.3037  1.1816  1.0612
  0.9426  0.8262  0.7126  0.6014
  1.9001  1.8842  1.8739  1.8717  1.8775  1.8882  1.8965  1.8962  1.8854  1.8650
  1.8374  1.8040  1.7656  1.7227  1.6758  1.5506  1.4239  1.2992  1.1769  1.0569
  0.9391  0.8235  0.7109  0.6011  0.4938  0.3888  0.2856  0.1837  0.0834 -0.0125
  1.9019  1.8819  1.8623  1.8457  1.8341  1.8278  1.8256  1.8261  1.8265  1.8217
  1.8074  1.7828  1.7504  1.7124  1.6697  1.5481  1.4214  1.2962  1.1738  1.0539
  0.9365  0.8214  0.7092  0.6001  0.4939  0.3903  0.2888  0.1891  0.0908 -0.0061
 -0.0994
  1.9047  1.8846  1.8626  1.8400  1.8189  1.8004  1.7853  1.7725  1.7604  1.7491
  1.7403  1.7321  1.7179  1.6933  1.6588  1.5458  1.4199  1.2945  1.1719  1.0521
  0.9349  0.8201  0.7080  0.5991  0.4934  0.3906  0.2902  0.1921  0.0957  0.0007
 -0.0946
  1.9044  1.8869  1.8656  1.8419  1.8168  1.7918  1.7681  1.7464  1.7263  1.7067
  1.6875  1.6697  1.6553  1.6422  1.6243  1.5396  1.4176  1.2922  1.1694  1.0496
  0.9325  0.8178  0.7056  0.5964  0.4905  0.3878  0.2879  0.1906  0.0955  0.0021
 -0.0901
  1.8957  1.8828  1.8657  1.8439  1.8189  1.7919  1.7642  1.7369  1.7108  1.6858
  1.6616  1.6376  1.6142  1.5925  1.5733  1.5157  1.4156  1.2923  1.1697  1.0500
  0.9333  0.8190  0.7070  0.5975  0.4911  0.3881  0.2883  0.1913  0.0970  0.0046
 -0.0859
  1.8744  1.8680  1.8562  1.8394  1.8178  1.7923  1.7643  1.7353  1.7060  1.6772
  1.6491  1.6214  1.5940  1.5666  1.5399  1.4779  1.4000  1.2914  1.1703  1.0510
  0.9347  0.8209  0.7093  0.5999  0.4931  0.3895  0.2891  0.1919  0.0976  0.0057
 -0.0840
  1.8408  1.8404  1.8349  1.8238  1.8078  1.7865  1.7613  1.7337  1.7045  1.6746
  1.6445  1.6143  1.5840  1.5537  1.5241  1.4262  1.3708  1.2895  1.1712
 [Fe/H] = -0.75 [alpha/Fe] = 0.40 BC value =F150W2
  2.0939  2.1110  2.1255  2.1353  2.1380  2.1306  2.1106  2.0759  2.0273  1.9731
  1.9178  1.8636  1.8117  1.7615  1.7127  1.5920  1.4707  1.3477  1.2223
  2.0552  2.0724  2.0878  2.0997  2.1054  2.1027  2.0878  2.0569  2.0136  1.9627
  1.9086  1.8543  1.8014  1.7501  1.7001  1.5771  1.4549  1.3327  1.2096  1.0858
  2.0148  2.0301  2.0452  2.0583  2.0670  2.0687  2.0597  2.0355  1.9986  1.9527
  1.9015  1.8482  1.7950  1.7430  1.6921  1.5671  1.4436  1.3212  1.1994  1.0778
  0.9567
  1.9771  1.9885  2.0014  2.0139  2.0242  2.0296  2.0264  2.0098  1.9800  1.9402
  1.8935  1.8428  1.7906  1.7384  1.6870  1.5606  1.4358  1.3129  1.1915  1.0712
  0.9521  0.8345
  1.9423  1.9490  1.9586  1.9695  1.9795  1.9865  1.9877  1.9786  1.9562  1.9232
  1.8823  1.8359  1.7863  1.7351  1.6838  1.5565  1.4307  1.3071  1.1856  1.0661
  0.9482  0.8321  0.7184  0.6071
  1.9154  1.9081  1.9097  1.9189  1.9307  1.9402  1.9445  1.9413  1.9267  1.9009
  1.8664  1.8255  1.7800  1.7314  1.6812  1.5541  1.4276  1.3033  1.1816  1.0623
  0.9452  0.8301  0.7174  0.6073  0.4996  0.3941  0.2904  0.1880  0.0877 -0.0080
  1.9123  1.8949  1.8805  1.8721  1.8707  1.8749  1.8825  1.8877  1.8848  1.8700
  1.8442  1.8100  1.7699  1.7255  1.6779  1.5527  1.4259  1.3011  1.1790  1.0597
  0.9430  0.8285  0.7164  0.6071  0.5005  0.3963  0.2942  0.1940  0.0953 -0.0016
 -0.0946
  1.9144  1.8946  1.8744  1.8556  1.8403  1.8298  1.8228  1.8175  1.8117  1.8042
  1.7939  1.7768  1.7501  1.7142  1.6719  1.5516  1.4253  1.3001  1.1777  1.0584
  0.9417  0.8275  0.7158  0.6068  0.5007  0.3973  0.2964  0.1976  0.1006  0.0052
 -0.0886
  1.9175  1.8978  1.8762  1.8535  1.8310  1.8103  1.7922  1.7764  1.7608  1.7437
  1.7257  1.7087  1.6933  1.6753  1.6497  1.5485  1.4241  1.2986  1.1759  1.0563
  0.9396  0.8254  0.7137  0.6046  0.4984  0.3952  0.2947  0.1967  0.1010  0.0071
 -0.0854
  1.9167  1.8999  1.8798  1.8568  1.8319  1.8061  1.7808  1.7568  1.7339  1.7112
  1.6878  1.6634  1.6396  1.6182  1.5988  1.5335  1.4243  1.2998  1.1770  1.0574
  0.9408  0.8268  0.7152  0.6060  0.4995  0.3961  0.2957  0.1982  0.1032  0.0102
 -0.0809
  1.9077  1.8956  1.8791  1.8591  1.8349  1.8081  1.7798  1.7511  1.7227  1.6949
  1.6674  1.6397  1.6116  1.5837  1.5569  1.4963  1.4149  1.3009  1.1787  1.0591
  0.9427  0.8289  0.7176  0.6085  0.5018  0.3979  0.2971  0.1994  0.1044  0.0120
 -0.0751
  1.8905  1.8807  1.8697  1.8538  1.8337  1.8091  1.7811  1.7513  1.7204  1.6894
  1.6586  1.6278  1.5971  1.5662  1.5240  1.4369  1.3959  1.3019  1.1810
 [Fe/H] = -0.50 [alpha/Fe] = 0.40 BC value =F150W2
  2.1291  2.1472  2.1606  2.1690  2.1694  2.1587  2.1341  2.0938  2.0390  1.9801
  1.9211  1.8640  1.8097  1.7579  1.7081  1.5874  1.4678  1.3471  1.2237
  2.0927  2.1112  2.1268  2.1377  2.1417  2.1363  2.1173  2.0805  2.0306  1.9740
  1.9154  1.8576  1.8021  1.7491  1.6981  1.5747  1.4536  1.3330  1.2117  1.0894
  2.0520  2.0698  2.0862  2.0993  2.1069  2.1064  2.0940  2.0651  2.0218  1.9692
  1.9124  1.8547  1.7984  1.7443  1.6921  1.5666  1.4438  1.3226  1.2021  1.0818
  0.9617
  2.0118  2.0268  2.0421  2.0559  2.0662  2.0704  2.0650  2.0448  2.0094  1.9628
  1.9094  1.8532  1.7969  1.7420  1.6890  1.5615  1.4373  1.3153  1.1949  1.0757
  0.9575  0.8404
  1.9749  1.9853  1.9977  2.0104  2.0215  2.0288  2.0292  2.0180  1.9913  1.9521
  1.9041  1.8510  1.7961  1.7412  1.6876  1.5587  1.4332  1.3103  1.1897  1.0710
  0.9540  0.8385  0.7249  0.6135
  1.9381  1.9433  1.9530  1.9641  1.9751  1.9836  1.9876  1.9836  1.9664  1.9355
  1.8943  1.8461  1.7941  1.7405  1.6870  1.5572  1.4309  1.3072  1.1862  1.0677
  0.9514  0.8370  0.7246  0.6144  0.5064  0.4004  0.2961  0.1931  0.0923 -0.0037
  1.9228  1.9108  1.9055  1.9084  1.9177  1.9293  1.9381  1.9404  1.9326  1.9113
  1.8783  1.8366  1.7892  1.7385  1.6864  1.5567  1.4299  1.3056  1.1842  1.0656
  0.9496  0.8358  0.7243  0.6149  0.5080  0.4033  0.3007  0.1999  0.1004  0.0030
 -0.0902
  1.9220  1.9041  1.8874  1.8747  1.8681  1.8670  1.8693  1.8728  1.8730  1.8655
  1.8472  1.8175  1.7785  1.7332  1.6843  1.5569  1.4299  1.3051  1.1833  1.0645
  0.9486  0.8352  0.7241  0.6153  0.5089  0.4051  0.3036  0.2042  0.1066  0.0104
 -0.0841
  1.9249  1.9054  1.8849  1.8648  1.8469  1.8328  1.8225  1.8143  1.8053  1.7934
  1.7785  1.7611  1.7396  1.7108  1.6735  1.5558  1.4294  1.3042  1.1818  1.0627
  0.9466  0.8332  0.7223  0.6136  0.5074  0.4038  0.3028  0.2040  0.1073  0.0126
 -0.0802
  1.9277  1.9094  1.8883  1.8656  1.8425  1.8202  1.7999  1.7817  1.7645  1.7459
  1.7245  1.7007  1.6770  1.6545  1.6315  1.5496  1.4310  1.3061  1.1835  1.0641
  0.9480  0.8346  0.7238  0.6151  0.5089  0.4054  0.3046  0.2064  0.1107  0.0170
 -0.0749
  1.9272  1.9112  1.8922  1.8700  1.8455  1.8196  1.7934  1.7678  1.7430  1.7186
  1.6934  1.6662  1.6375  1.6088  1.5817  1.5173  1.4277  1.3084  1.1859  1.0664
  0.9503  0.8369  0.7262  0.6177  0.5114  0.4076  0.3065  0.2083  0.1127  0.0195
 -0.0682
  1.9185  1.9069  1.8914  1.8719  1.8492  1.8232  1.7949  1.7655  1.7357  1.7061
  1.6767  1.6467  1.6159  1.5843  1.5241  1.4589  1.4195  1.3111  1.1890
 [Fe/H] = -0.25 [alpha/Fe] = 0.40 BC value =F150W2
  2.1595  2.1771  2.1933  2.2036  2.2034  2.1889  2.1575  2.1085  2.0488  1.9866
  1.9248  1.8652  1.8085  1.7548  1.7037  1.5821  1.4640  1.3456  1.2245
  2.1261  2.1460  2.1610  2.1711  2.1738  2.1657  2.1427  2.1003  2.0448  1.9840
  1.9221  1.8616  1.8036  1.7486  1.6962  1.5718  1.4516  1.3327  1.2134  1.0928
  2.0865  2.1063  2.1235  2.1365  2.1429  2.1403  2.1246  2.0906  2.0412  1.9834
  1.9225  1.8616  1.8026  1.7463  1.6925  1.5656  1.4435  1.3236  1.2046  1.0857
  0.9669
  2.0450  2.0632  2.0806  2.0954  2.1054  2.1080  2.1000  2.0760  2.0348  1.9821
  1.9236  1.8634  1.8038  1.7464  1.6914  1.5622  1.4383  1.3173  1.1981  1.0801
  0.9630  0.8467
  2.0052  2.0198  2.0353  2.0500  2.0620  2.0690  2.0678  2.0539  2.0227  1.9774
  1.9233  1.8650  1.8060  1.7480  1.6920  1.5606  1.4354  1.3133  1.1937  1.0760
  0.9599  0.8452  0.7320  0.6208
  1.9643  1.9780  1.9901  2.0032  2.0153  2.0245  2.0282  2.0229  2.0028  1.9668
  1.9192  1.8649  1.8076  1.7500  1.6936  1.5603  1.4340  1.3109  1.1908  1.0732
  0.9577  0.8440  0.7322  0.6221  0.5138  0.4073  0.3024  0.1992  0.0983  0.0022
  1.9353  1.9335  1.9407  1.9528  1.9653  1.9759  1.9827  1.9833  1.9734  1.9482
  1.9093  1.8609  1.8072  1.7513  1.6953  1.5608  1.4335  1.3098  1.1892  1.0715
  0.9563  0.8433  0.7323  0.6233  0.5163  0.4114  0.3084  0.2069  0.1067  0.0091
 -0.0841
  1.9284  1.9140  1.9035  1.9002  1.9041  1.9128  1.9227  1.9296  1.9292  1.9169
  1.8899  1.8505  1.8029  1.7506  1.6964  1.5622  1.4340  1.3097  1.1886  1.0706
  0.9555  0.8429  0.7326  0.6243  0.5181  0.4140  0.3120  0.2121  0.1138  0.0169
 -0.0778
  1.9293  1.9112  1.8933  1.8776  1.8666  1.8610  1.8595  1.8598  1.8587  1.8531
  1.8395  1.8165  1.7836  1.7417  1.6933  1.5627  1.4341  1.3091  1.1873  1.0689
  0.9536  0.8410  0.7309  0.6229  0.5172  0.4136  0.3121  0.2129  0.1158  0.0204
 -0.0735
  1.9331  1.9140  1.8938  1.8730  1.8532  1.8362  1.8227  1.8121  1.8019  1.7895
  1.7726  1.7513  1.7272  1.7001  1.6687  1.5627  1.4366  1.3114  1.1891  1.0704
  0.9550  0.8424  0.7323  0.6246  0.5191  0.4158  0.3147  0.2160  0.1196  0.0238
 -0.0669
  1.9362  1.9185  1.8984  1.8761  1.8528  1.8294  1.8071  1.7868  1.7679  1.7490
  1.7276  1.7024  1.6741  1.6449  1.6164  1.5410  1.4376  1.3144  1.1920  1.0729
  0.9573  0.8446  0.7347  0.6271  0.5217  0.4184  0.3173  0.2187  0.1225  0.0286
 -0.0579
  1.9348  1.9206  1.9022  1.8814  1.8575  1.8318  1.8050  1.7783  1.7521  1.7264
  1.7004  1.6727  1.6425  1.6103  1.5364  1.4976  1.4371  1.3181  1.1960
 [Fe/H] =  0.00 [alpha/Fe] = 0.40 BC value =F150W2
  2.1856  2.2024  2.2188  2.2285  2.2265  2.2092  2.1760  2.1208  2.0573  1.9927
  1.9288  1.8669  1.8080  1.7523  1.6995  1.5762  1.4590  1.3428  1.2246
  2.1551  2.1747  2.1898  2.1988  2.1998  2.1900  2.1636  2.1164  2.0566  1.9929
  1.9289  1.8661  1.8059  1.7487  1.6946  1.5684  1.4487  1.3315  1.2143  1.0958
  2.1171  2.1383  2.1559  2.1684  2.1737  2.1692  2.1504  2.1116  2.0572  1.9957
  1.9320  1.8687  1.8074  1.7489  1.6933  1.5643  1.4424  1.3238  1.2064  1.0892
  0.9718
  2.0753  2.0963  2.1153  2.1305  2.1400  2.1412  2.1307  2.1026  2.0559  1.9984
  1.9363  1.8732  1.8112  1.7514  1.6944  1.5626  1.4387  1.3187  1.2009  1.0842
  0.9683  0.8530
  2.0335  2.0520  2.0703  2.0867  2.0993  2.1056  2.1026  2.0856  2.0496  1.9987
  1.9399  1.8780  1.8159  1.7553  1.6972  1.5625  1.4370  1.3157  1.1972  1.0807
  0.9657  0.8519  0.7393  0.6281
  1.9942  2.0082  2.0239  2.0395  2.0532  2.0629  2.0660  2.0587  2.0351  1.9938
  1.9407  1.8816  1.8205  1.7598  1.7008  1.5635  1.4365  1.3141  1.1950  1.0784
  0.9639  0.8510  0.7399  0.6302  0.5223  0.4159  0.3107  0.2064  0.1053  0.0088
  1.9549  1.9649  1.9774  1.9908  2.0041  2.0152  2.0220  2.0219  2.0099  1.9809
  1.9364  1.8824  1.8238  1.7640  1.7049  1.5653  1.4368  1.3136  1.1938  1.0771
  0.9628  0.8506  0.7403  0.6319  0.5253  0.4204  0.3170  0.2149  0.1141  0.0161
 -0.0773
  1.9344  1.9261  1.9259  1.9345  1.9478  1.9610  1.9709  1.9757  1.9727  1.9566
  1.9240  1.8780  1.8243  1.7669  1.7086  1.5679  1.4378  1.3138  1.1935  1.0765
  0.9623  0.8504  0.7408  0.6333  0.5276  0.4237  0.3215  0.2211  0.1222  0.0245
 -0.0706
  1.9306  1.9162  1.9025  1.8937  1.8919  1.8961  1.9035  1.9114  1.9152  1.9104
  1.8931  1.8610  1.8168  1.7651  1.7097  1.5700  1.4384  1.3134  1.1923  1.0748
  0.9604  0.8486  0.7393  0.6322  0.5272  0.4240  0.3225  0.2229  0.1252  0.0291
 -0.0657
  1.9344  1.9162  1.8980  1.8803  1.8656  1.8557  1.8505  1.8485  1.8465  1.8411
  1.8297  1.8102  1.7820  1.7459  1.7024  1.5735  1.4417  1.3159  1.1942  1.0762
  0.9616  0.8499  0.7407  0.6340  0.5294  0.4268  0.3259  0.2270  0.1300  0.0348
 -0.0586
  1.9384  1.9208  1.9008  1.8798  1.8588  1.8393  1.8226  1.8092  1.7975  1.7851
  1.7693  1.7486  1.7225  1.6925  1.6602  1.5652  1.4451  1.3194  1.1972  1.0787
  0.9638  0.8519  0.7429  0.6363  0.5320  0.4296  0.3290  0.2303  0.1338  0.0392
 -0.0493
  1.9422  1.9254  1.9065  1.8848  1.8615  1.8375  1.8137  1.7913  1.7705  1.7505
  1.7297  1.7058  1.6778  1.6461  1.5831  1.5451  1.4486  1.3239  1.2013
 [Fe/H] =  0.25 [alpha/Fe] = 0.40 BC value =F150W2
  2.2075  2.2236  2.2359  2.2409  2.2354  2.2165  2.1821  2.1307  2.0649  1.9984
  1.9328  1.8690  1.8080  1.7501  1.6956  1.5698  1.4528  1.3386  1.2230
  2.1799  2.1993  2.2171  2.2286  2.2288  2.2140  2.1812  2.1297  2.0667  2.0011
  1.9354  1.8708  1.8085  1.7493  1.6933  1.5645  1.4448  1.3291  1.2141  1.0979
  2.1437  2.1656  2.1831  2.1947  2.1987  2.1923  2.1709  2.1286  2.0704  2.0064
  1.9409  1.8759  1.8126  1.7520  1.6945  1.5625  1.4404  1.3229  1.2074  1.0921
  0.9763
  2.1022  2.1252  2.1452  2.1604  2.1692  2.1689  2.1560  2.1243  2.0731  2.0122
  1.9478  1.8827  1.8187  1.7570  1.6980  1.5627  1.4383  1.3192  1.2029  1.0878
  0.9734  0.8593
  2.0589  2.0812  2.1014  2.1191  2.1318  2.1373  2.1325  2.1125  2.0720  2.0165
  1.9544  1.8901  1.8259  1.7632  1.7029  1.5643  1.4379  1.3173  1.2000  1.0850
  0.9712  0.8584  0.7467  0.6361
  2.0185  2.0354  2.0545  2.0725  2.0875  2.0975  2.0996  2.0901  2.0630  2.0167
  1.9591  1.8967  1.8330  1.7700  1.7088  1.5669  1.4384  1.3166  1.1985  1.0831
  0.9698  0.8579  0.7475  0.6385  0.5310  0.4247  0.3193  0.2146  0.1135  0.0166
  1.9780  1.9915  2.0068  2.0232  2.0386  2.0509  2.0579  2.0568  2.0424  2.0093
  1.9597  1.9012  1.8392  1.7766  1.7150  1.5704  1.4397  1.3167  1.1978  1.0822
  0.9690  0.8577  0.7482  0.6405  0.5344  0.4299  0.3266  0.2241  0.1226  0.0245
 -0.0694
  1.9413  1.9441  1.9563  1.9720  1.9869  1.9998  2.0093  2.0135  2.0090  1.9902
  1.9530  1.9017  1.8433  1.7823  1.7210  1.5746  1.4416  1.3174  1.1978  1.0819
  0.9687  0.8578  0.7490  0.6422  0.5372  0.4338  0.3318  0.2312  0.1317  0.0333
 -0.0622
  1.9328  1.9210  1.9139  1.9150  1.9242  1.9377  1.9509  1.9596  1.9621  1.9545
  1.9323  1.8930  1.8418  1.7844  1.7249  1.5782  1.4429  1.3173  1.1968  1.0803
  0.9669  0.8561  0.7476  0.6413  0.5371  0.4346  0.3336  0.2340  0.1358  0.0390
 -0.0566
  1.9332  1.9171  1.9014  1.8885  1.8809  1.8800  1.8838  1.8895  1.8944  1.8946
  1.8861  1.8638  1.8273  1.7802  1.7265  1.5838  1.4470  1.3199  1.1986  1.0815
  0.9679  0.8572  0.7490  0.6432  0.5396  0.4378  0.3376  0.2388  0.1416  0.0446
 -0.0501
  1.9369  1.9197  1.9011  1.8822  1.8648  1.8508  1.8413  1.8358  1.8316  1.8264
  1.8179  1.8026  1.7780  1.7450  1.7054  1.5852  1.4520  1.3237  1.2015  1.0838
  0.9698  0.8590  0.7509  0.6453  0.5420  0.4407  0.3410  0.2428  0.1463  0.0513
 -0.0420
  1.9415  1.9248  1.9058  1.8850  1.8634  1.8421  1.8226  1.8059  1.7917  1.7785
  1.7639  1.7455  1.7215  1.6918  1.6616  1.5824  1.4579  1.3287  1.2055
 [Fe/H] =  0.50 [alpha/Fe] = 0.40 BC value =F150W2
  2.2252  2.2407  2.2445  2.2410  2.2301  2.2106  2.1758  2.1390  2.0712  2.0033
  1.9364  1.8710  1.8080  1.7483  1.6919  1.5630  1.4455  1.3330  1.2204
  2.2005  2.2198  2.2324  2.2576  2.2587  2.2379  2.1975  2.1406  2.0754  2.0084
  1.9414  1.8753  1.8113  1.7502  1.6923  1.5602  1.4400  1.3254  1.2124  1.0988
  2.1663  2.1882  2.2054  2.2159  2.2184  2.2099  2.1865  2.1425  2.0815  2.0160
  1.9492  1.8828  1.8179  1.7555  1.6960  1.5604  1.4375  1.3209  1.2072  1.0939
  0.9801
  2.1254  2.1499  2.1702  2.1851  2.1927  2.1908  2.1758  2.1415  2.0873  2.0243
  1.9584  1.8918  1.8264  1.7628  1.7019  1.5626  1.4371  1.3186  1.2037  1.0905
  0.9778  0.8651
  2.0808  2.1056  2.1281  2.1464  2.1589  2.1634  2.1568  2.1342  2.0903  2.0315
  1.9674  1.9014  1.8357  1.7713  1.7092  1.5661  1.4380  1.3178  1.2018  1.0883
  0.9761  0.8647  0.7539  0.6441
  2.0363  2.0589  2.0811  2.1012  2.1172  2.1271  2.1281  2.1165  2.0862  2.0359
  1.9751  1.9106  1.8451  1.7804  1.7173  1.5708  1.4399  1.3181  1.2010  1.0871
  0.9752  0.8645  0.7550  0.6467  0.5398  0.4339  0.3286  0.2239  0.1230  0.0258
  1.9945  2.0129  2.0322  2.0517  2.0692  2.0826  2.0896  2.0872  2.0704  2.0336
  1.9797  1.9180  1.8537  1.7892  1.7257  1.5762  1.4424  1.3190  1.2009  1.0865
  0.9747  0.8645  0.7559  0.6489  0.5435  0.4394  0.3364  0.2340  0.1323  0.0342
 -0.0602
  1.9530  1.9676  1.9836  2.0006  2.0172  2.0319  2.0425  2.0468  2.0409  2.0193
  1.9779  1.9222  1.8606  1.7971  1.7337  1.5823  1.4455  1.3203  1.2014  1.0865
  0.9746  0.8648  0.7569  0.6508  0.5466  0.4439  0.3424  0.2419  0.1423  0.0434
 -0.0523
  1.9320  1.9262  1.9294  1.9425  1.9605  1.9772  1.9895  1.9969  1.9983  1.9888
  1.9631  1.9189  1.8630  1.8021  1.7397  1.5875  1.4480  1.3208  1.2007  1.0851
  0.9729  0.8632  0.7556  0.6501  0.5467  0.4451  0.3447  0.2455  0.1474  0.0502
 -0.0461
  1.9295  1.9160  1.9045  1.8987  1.9003  1.9093  1.9220  1.9343  1.9417  1.9414
  1.9301  1.9024  1.8584  1.8041  1.7452  1.5946  1.4531  1.3237  1.2024  1.0862
  0.9737  0.8642  0.7570  0.6520  0.5493  0.4485  0.3492  0.2511  0.1541  0.0582
 -0.0366
  1.9318  1.9160  1.8995  1.8838  1.8715  1.8646  1.8637  1.8665  1.8700  1.8717
  1.8689  1.8565  1.8298  1.7896  1.7404  1.6005  1.4593  1.3279  1.2052  1.0881
  0.9751  0.8655  0.7585  0.6539  0.5516  0.4514  0.3528  0.2555  0.1595  0.0645
 -0.0292
  1.9360  1.9201  1.9021  1.8829  1.8639  1.8465  1.8326  1.8229  1.8162  1.8100
  1.8021  1.7904  1.7717  1.7437  1.7253  1.6052  1.4666  1.3334  1.2091
