 [Fe/H] = -2.00 [alpha/Fe] =-0.40 BC value = F444W
  0.5534  0.4057  0.3153  0.2782  0.2200  0.1505  0.0785  0.0105 -0.0651 -0.1468
 -0.2269 -0.3055 -0.3836 -0.4591 -0.5345 -0.7136 -0.8867 -1.0392 -1.2044
  0.4713  0.4055  0.3343  0.2559  0.1728  0.1027  0.0384 -0.0298 -0.1019 -0.1797
 -0.2585 -0.3368 -0.4142 -0.4905 -0.5655 -0.7465 -0.9167 -1.0771 -1.2352 -1.3936
  0.4367  0.3760  0.3094  0.2380  0.1629  0.0828  0.0048 -0.0638 -0.1324 -0.2046
 -0.2803 -0.3570 -0.4335 -0.5093 -0.5841 -0.7649 -0.9347 -1.0946 -1.2530 -1.4107
 -1.5620
  0.3971  0.3420  0.2805  0.2133  0.1420  0.0681 -0.0072 -0.0844 -0.1584 -0.2293
 -0.3004 -0.3732 -0.4471 -0.5215 -0.5956 -0.7762 -0.9468 -1.1082 -1.2660 -1.4231
 -1.5741 -1.7185
  0.3482  0.3018  0.2467  0.1850  0.1179  0.0473 -0.0247 -0.0974 -0.1721 -0.2469
 -0.3196 -0.3902 -0.4606 -0.5317 -0.6037 -0.7827 -0.9539 -1.1167 -1.2753 -1.4320
 -1.5830 -1.7272 -1.8651 -1.9975
  0.2907  0.2515  0.2054  0.1507  0.0897  0.0238 -0.0451 -0.1152 -0.1864 -0.2585
 -0.3310 -0.4028 -0.4732 -0.5427 -0.6121 -0.7867 -0.9575 -1.1214 -1.2810 -1.4381
 -1.5894 -1.7336 -1.8714 -2.0035 -2.1306 -2.2532 -2.3719 -2.4873 -2.5996 -2.7092
  0.2269  0.1924  0.1545  0.1077  0.0543 -0.0052 -0.0690 -0.1354 -0.2042 -0.2736
 -0.3432 -0.4126 -0.4821 -0.5512 -0.6198 -0.7904 -0.9589 -1.1224 -1.2829 -1.4411
 -1.5934 -1.7383 -1.8762 -2.0082 -2.1348 -2.2567 -2.3745 -2.4887 -2.5996 -2.7077
 -2.8138
  0.1592  0.1274  0.0938  0.0541  0.0088 -0.0426 -0.0996 -0.1607 -0.2254 -0.2919
 -0.3590 -0.4260 -0.4926 -0.5594 -0.6264 -0.7939 -0.9597 -1.1220 -1.2816 -1.4404
 -1.5947 -1.7410 -1.8796 -2.0118 -2.1384 -2.2600 -2.3771 -2.4904 -2.6002 -2.7071
 -2.8114
  0.0899  0.0594  0.0270 -0.0114 -0.0488 -0.0924 -0.1414 -0.1952 -0.2540 -0.3162
 -0.3800 -0.4445 -0.5088 -0.5729 -0.6371 -0.7994 -0.9623 -1.1224 -1.2808 -1.4390
 -1.5951 -1.7438 -1.8840 -2.0171 -2.1441 -2.2659 -2.3830 -2.4959 -2.6052 -2.7112
 -2.8140
  0.0213 -0.0087 -0.0414 -0.0765 -0.1138 -0.1529 -0.1943 -0.2401 -0.2907 -0.3466
 -0.4054 -0.4661 -0.5276 -0.5891 -0.6507 -0.8059 -0.9635 -1.1213 -1.2772 -1.4329
 -1.5887 -1.7397 -1.8825 -2.0172 -2.1452 -2.2674 -2.3847 -2.4974 -2.6062 -2.7115
 -2.8156
 -0.0444 -0.0777 -0.1122 -0.1478 -0.1842 -0.2213 -0.2591 -0.2980 -0.3404 -0.3879
 -0.4399 -0.4950 -0.5521 -0.6104 -0.6692 -0.8173 -0.9679 -1.1212 -1.2742 -1.4273
 -1.5809 -1.7321 -1.8773 -2.0147 -2.1445 -2.2679 -2.3859 -2.4990 -2.6079 -2.7129
 -2.8146
 -0.1057 -0.1596 -0.2034 -0.2403 -0.2730 -0.3039 -0.3351 -0.3681 -0.4038 -0.4431
 -0.4865 -0.5342 -0.5850 -0.6381 -0.6928 -0.8333 -0.9768 -1.1236 -1.2732
 [Fe/H] = -1.50 [alpha/Fe] =-0.40 BC value = F444W
  0.5218  0.4370  0.3722  0.3132  0.2440  0.1688  0.0906  0.0114 -0.0654 -0.1473
 -0.2295 -0.3102 -0.3892 -0.4664 -0.5421 -0.7237 -0.8966 -1.0554 -1.2123
  0.5068  0.4392  0.3598  0.2787  0.2137  0.1423  0.0646 -0.0149 -0.0936 -0.1762
 -0.2590 -0.3404 -0.4200 -0.4977 -0.5737 -0.7558 -0.9263 -1.0855 -1.2374 -1.3909
  0.4814  0.4179  0.3490  0.2744  0.1904  0.1140  0.0430 -0.0334 -0.1120 -0.1930
 -0.2754 -0.3570 -0.4369 -0.5152 -0.5916 -0.7744 -0.9449 -1.1037 -1.2556 -1.4083
 -1.5585
  0.4516  0.3921  0.3268  0.2573  0.1830  0.1034  0.0210 -0.0542 -0.1280 -0.2050
 -0.2854 -0.3662 -0.4460 -0.5243 -0.6009 -0.7847 -0.9564 -1.1162 -1.2688 -1.4208
 -1.5704 -1.7146
  0.4166  0.3622  0.3013  0.2350  0.1644  0.0902  0.0132 -0.0660 -0.1452 -0.2199
 -0.2954 -0.3730 -0.4512 -0.5288 -0.6053 -0.7896 -0.9627 -1.1243 -1.2781 -1.4298
 -1.5789 -1.7229 -1.8609 -1.9939
  0.3739  0.3264  0.2713  0.2098  0.1433  0.0726 -0.0009 -0.0761 -0.1525 -0.2301
 -0.3072 -0.3825 -0.4572 -0.5322 -0.6073 -0.7911 -0.9652 -1.1287 -1.2841 -1.4359
 -1.5849 -1.7289 -1.8668 -1.9991 -2.1265 -2.2496 -2.3688 -2.4846 -2.5972 -2.7067
  0.3237  0.2824  0.2344  0.1794  0.1181  0.0519 -0.0180 -0.0903 -0.1639 -0.2381
 -0.3132 -0.3891 -0.4639 -0.5375 -0.6102 -0.7907 -0.9650 -1.1298 -1.2868 -1.4393
 -1.5887 -1.7331 -1.8712 -2.0034 -2.1303 -2.2526 -2.3708 -2.4854 -2.5968 -2.7053
 -2.8112
  0.2668  0.2287  0.1885  0.1410  0.0865  0.0262 -0.0390 -0.1074 -0.1781 -0.2496
 -0.3218 -0.3947 -0.4679 -0.5408 -0.6130 -0.7902 -0.9632 -1.1286 -1.2865 -1.4399
 -1.5902 -1.7355 -1.8742 -2.0067 -2.1335 -2.2554 -2.3730 -2.4867 -2.5970 -2.7043
 -2.8088
  0.2057  0.1687  0.1327  0.0925  0.0454 -0.0080 -0.0671 -0.1304 -0.1972 -0.2658
 -0.3353 -0.4054 -0.4759 -0.5463 -0.6167 -0.7915 -0.9627 -1.1280 -1.2863 -1.4399
 -1.5912 -1.7383 -1.8783 -2.0116 -2.1388 -2.2609 -2.3784 -2.4919 -2.6017 -2.7081
 -2.8112
  0.1439  0.1065  0.0713  0.0348 -0.0051 -0.0510 -0.1026 -0.1594 -0.2207 -0.2851
 -0.3513 -0.4185 -0.4862 -0.5540 -0.6217 -0.7914 -0.9598 -1.1239 -1.2820 -1.4351
 -1.5862 -1.7347 -1.8767 -2.0114 -2.1395 -2.2620 -2.3797 -2.4929 -2.6022 -2.7079
 -2.8126
  0.0855  0.0429  0.0054 -0.0299 -0.0650 -0.1046 -0.1491 -0.1984 -0.2526 -0.3114
 -0.3731 -0.4367 -0.5013 -0.5663 -0.6314 -0.7946 -0.9583 -1.1202 -1.2774 -1.4295
 -1.5794 -1.7280 -1.8719 -2.0089 -2.1387 -2.2623 -2.3806 -2.4941 -2.6034 -2.7089
 -2.8110
  0.0301 -0.0222 -0.0650 -0.1011 -0.1342 -0.1680 -0.2062 -0.2489 -0.2957 -0.3471
 -0.4030 -0.4617 -0.5223 -0.5840 -0.6462 -0.8025 -0.9601 -1.1179 -1.2733
 [Fe/H] = -1.00 [alpha/Fe] =-0.40 BC value = F444W
  0.5061  0.4566  0.4014  0.3339  0.2616  0.1843  0.1011  0.0183 -0.0605 -0.1427
 -0.2265 -0.3088 -0.3891 -0.4676 -0.5441 -0.7278 -0.9013 -1.0640 -1.2174
  0.5267  0.4462  0.3794  0.3169  0.2416  0.1613  0.0780 -0.0060 -0.0868 -0.1709
 -0.2554 -0.3386 -0.4200 -0.4994 -0.5767 -0.7611 -0.9335 -1.0937 -1.2439 -1.3905
  0.5119  0.4483  0.3735  0.2923  0.2253  0.1480  0.0647 -0.0199 -0.1026 -0.1857
 -0.2703 -0.3538 -0.4358 -0.5158 -0.5938 -0.7796 -0.9524 -1.1122 -1.2621 -1.4085
 -1.5545
  0.4900  0.4287  0.3622  0.2895  0.2074  0.1294  0.0541 -0.0280 -0.1117 -0.1937
 -0.2775 -0.3609 -0.4431 -0.5235 -0.6019 -0.7890 -0.9631 -1.1240 -1.2748 -1.4212
 -1.5664 -1.7093
  0.4646  0.4056  0.3417  0.2730  0.1996  0.1209  0.0376 -0.0406 -0.1187 -0.1995
 -0.2811 -0.3638 -0.4457 -0.5261 -0.6048 -0.7929 -0.9683 -1.1310 -1.2834 -1.4302
 -1.5748 -1.7171 -1.8550 -1.9880
  0.4343  0.3796  0.3186  0.2530  0.1828  0.1086  0.0311 -0.0491 -0.1305 -0.2086
 -0.2857 -0.3655 -0.4461 -0.5261 -0.6047 -0.7933 -0.9699 -1.1345 -1.2888 -1.4363
 -1.5808 -1.7227 -1.8603 -1.9928 -2.1207 -2.2444 -2.3642 -2.4804 -2.5932 -2.7027
  0.3973  0.3483  0.2923  0.2304  0.1638  0.0930  0.0187 -0.0578 -0.1357 -0.2148
 -0.2934 -0.3710 -0.4483 -0.5258 -0.6033 -0.7916 -0.9691 -1.1353 -1.2914 -1.4400
 -1.5846 -1.7265 -1.8641 -1.9965 -2.1238 -2.2467 -2.3657 -2.4809 -2.5926 -2.7011
 -2.8070
  0.3533  0.3100  0.2603  0.2037  0.1414  0.0745  0.0038 -0.0696 -0.1448 -0.2208
 -0.2972 -0.3743 -0.4516 -0.5280 -0.6034 -0.7889 -0.9666 -1.1340 -1.2916 -1.4415
 -1.5866 -1.7286 -1.8666 -1.9991 -2.1263 -2.2487 -2.3669 -2.4814 -2.5923 -2.7000
 -2.8046
  0.3041  0.2639  0.2201  0.1700  0.1133  0.0511 -0.0155 -0.0853 -0.1575 -0.2310
 -0.3051 -0.3796 -0.4547 -0.5300 -0.6049 -0.7881 -0.9651 -1.1333 -1.2921 -1.4430
 -1.5888 -1.7315 -1.8702 -2.0034 -2.1310 -2.2535 -2.3716 -2.4857 -2.5961 -2.7031
 -2.8068
  0.2526  0.2137  0.1727  0.1289  0.0788  0.0227 -0.0386 -0.1038 -0.1722 -0.2425
 -0.3139 -0.3860 -0.4586 -0.5315 -0.6042 -0.7844 -0.9600 -1.1285 -1.2880 -1.4396
 -1.5857 -1.7289 -1.8686 -2.0028 -2.1312 -2.2541 -2.3723 -2.4861 -2.5961 -2.7025
 -2.8056
  0.2022  0.1581  0.1191  0.0794  0.0356 -0.0139 -0.0688 -0.1284 -0.1919 -0.2583
 -0.3265 -0.3959 -0.4658 -0.5362 -0.6067 -0.7819 -0.9547 -1.1225 -1.2827 -1.4347
 -1.5808 -1.7239 -1.8645 -2.0003 -2.1300 -2.2538 -2.3726 -2.4867 -2.5966 -2.7029
 -2.8056
  0.1540  0.1046  0.0626  0.0241 -0.0160 -0.0596 -0.1078 -0.1610 -0.2187 -0.2801
 -0.3443 -0.4102 -0.4772 -0.5449 -0.6129 -0.7826 -0.9508 -1.1164 -1.2765
 [Fe/H] = -0.75 [alpha/Fe] =-0.40 BC value = F444W
  0.5042  0.4620  0.4056  0.3389  0.2680  0.1910  0.1078  0.0240 -0.0561 -0.1385
 -0.2229 -0.3058 -0.3869 -0.4659 -0.5430 -0.7276 -0.9017 -1.0655 -1.2189
  0.5223  0.4482  0.3949  0.3263  0.2487  0.1686  0.0845 -0.0004 -0.0821 -0.1667
 -0.2518 -0.3356 -0.4177 -0.4978 -0.5758 -0.7618 -0.9354 -1.0968 -1.2471 -1.3919
  0.5223  0.4567  0.3753  0.3117  0.2390  0.1565  0.0717 -0.0139 -0.0978 -0.1812
 -0.2664 -0.3505 -0.4331 -0.5139 -0.5927 -0.7802 -0.9545 -1.1156 -1.2654 -1.4100
 -1.5532
  0.5032  0.4427  0.3757  0.2978  0.2201  0.1476  0.0650 -0.0209 -0.1061 -0.1887
 -0.2732 -0.3572 -0.4400 -0.5211 -0.6003 -0.7892 -0.9647 -1.1269 -1.2778 -1.4226
 -1.5653 -1.7063
  0.4812  0.4216  0.3575  0.2881  0.2129  0.1307  0.0528 -0.0260 -0.1101 -0.1934
 -0.2761 -0.3596 -0.4421 -0.5233 -0.6027 -0.7926 -0.9695 -1.1333 -1.2859 -1.4315
 -1.5738 -1.7141 -1.8514 -1.9844
  0.4559  0.3986  0.3362  0.2697  0.1984  0.1229  0.0434 -0.0387 -0.1179 -0.1973
 -0.2779 -0.3599 -0.4418 -0.5227 -0.6021 -0.7927 -0.9707 -1.1363 -1.2909 -1.4374
 -1.5797 -1.7196 -1.8565 -1.9888 -2.1166 -2.2404 -2.3608 -2.4776 -2.5906 -2.7001
  0.4253  0.3724  0.3131  0.2491  0.1809  0.1085  0.0328 -0.0451 -0.1249 -0.2055
 -0.2840 -0.3617 -0.4411 -0.5210 -0.6001 -0.7907 -0.9696 -1.1368 -1.2932 -1.4410
 -1.5836 -1.7233 -1.8599 -1.9921 -2.1195 -2.2426 -2.3619 -2.4776 -2.5898 -2.6985
 -2.8021
  0.3884  0.3408  0.2865  0.2261  0.1611  0.0921  0.0196 -0.0554 -0.1323 -0.2098
 -0.2880 -0.3661 -0.4439 -0.5211 -0.5981 -0.7876 -0.9670 -1.1353 -1.2933 -1.4425
 -1.5856 -1.7254 -1.8620 -1.9943 -2.1216 -2.2443 -2.3630 -2.4780 -2.5893 -2.6972
 -2.8018
  0.3464  0.3026  0.2535  0.1983  0.1374  0.0719  0.0028 -0.0691 -0.1431 -0.2184
 -0.2942 -0.3700 -0.4465 -0.5233 -0.5995 -0.7859 -0.9654 -1.1346 -1.2939 -1.4443
 -1.5883 -1.7284 -1.8655 -1.9983 -2.1259 -2.2486 -2.3671 -2.4816 -2.5924 -2.6998
 -2.8039
  0.3013  0.2586  0.2142  0.1648  0.1095  0.0488 -0.0161 -0.0843 -0.1550 -0.2274
 -0.3008 -0.3746 -0.4487 -0.5231 -0.5976 -0.7818 -0.9601 -1.1299 -1.2900 -1.4414
 -1.5860 -1.7265 -1.8640 -1.9975 -2.1258 -2.2489 -2.3674 -2.4816 -2.5920 -2.6989
 -2.8024
  0.2555  0.2110  0.1689  0.1241  0.0745  0.0196 -0.0402 -0.1039 -0.1707 -0.2398
 -0.3102 -0.3817 -0.4535 -0.5257 -0.5980 -0.7776 -0.9538 -1.1240 -1.2849 -1.4369
 -1.5819 -1.7225 -1.8605 -1.9951 -2.1244 -2.2484 -2.3674 -2.4818 -2.5921 -2.6987
 -2.8018
  0.2114  0.1625  0.1194  0.0774  0.0323 -0.0172 -0.0712 -0.1296 -0.1916 -0.2566
 -0.3237 -0.3922 -0.4615 -0.5312 -0.6013 -0.7759 -0.9481 -1.1166 -1.2785
 [Fe/H] = -0.50 [alpha/Fe] =-0.40 BC value = F444W
  0.5012  0.4604  0.4065  0.3427  0.2723  0.1965  0.1140  0.0304 -0.0500 -0.1331
 -0.2181 -0.3015 -0.3831 -0.4628 -0.5404 -0.7259 -0.9008 -1.0651 -1.2197
  0.5071  0.4591  0.4018  0.3316  0.2544  0.1744  0.0905  0.0056 -0.0757 -0.1613
 -0.2470 -0.3313 -0.4139 -0.4947 -0.5734 -0.7609 -0.9359 -1.0988 -1.2500 -1.3938
  0.5291  0.4536  0.3893  0.3252  0.2470  0.1632  0.0779 -0.0080 -0.0920 -0.1757
 -0.2615 -0.3460 -0.4291 -0.5105 -0.5900 -0.7792 -0.9551 -1.1179 -1.2685 -1.4119
 -1.5529
  0.5140  0.4546  0.3835  0.3058  0.2388  0.1586  0.0723 -0.0146 -0.1003 -0.1831
 -0.2682 -0.3526 -0.4358 -0.5174 -0.5973 -0.7880 -0.9651 -1.1289 -1.2804 -1.4245
 -1.5650 -1.7038
  0.4939  0.4353  0.3713  0.3009  0.2217  0.1460  0.0684 -0.0169 -0.1035 -0.1877
 -0.2708 -0.3548 -0.4377 -0.5194 -0.5994 -0.7910 -0.9695 -1.1348 -1.2881 -1.4331
 -1.5735 -1.7116 -1.8476 -1.9800
  0.4722  0.4139  0.3513  0.2842  0.2122  0.1354  0.0542 -0.0242 -0.1051 -0.1895
 -0.2720 -0.3547 -0.4372 -0.5186 -0.5986 -0.7907 -0.9703 -1.1372 -1.2924 -1.4387
 -1.5793 -1.7171 -1.8524 -1.9844 -2.1124 -2.2366 -2.3571 -2.4742 -2.5878 -2.6972
  0.4472  0.3912  0.3298  0.2646  0.1955  0.1222  0.0458 -0.0335 -0.1146 -0.1941
 -0.2739 -0.3542 -0.4356 -0.5165 -0.5962 -0.7885 -0.9689 -1.1372 -1.2943 -1.4419
 -1.5831 -1.7207 -1.8556 -1.9873 -2.1147 -2.2379 -2.3576 -2.4737 -2.5864 -2.6955
 -2.8011
  0.4173  0.3654  0.3070  0.2440  0.1771  0.1068  0.0331 -0.0430 -0.1207 -0.1997
 -0.2792 -0.3576 -0.4355 -0.5143 -0.5932 -0.7851 -0.9661 -1.1355 -1.2941 -1.4432
 -1.5851 -1.7227 -1.8575 -1.9891 -2.1164 -2.2392 -2.3582 -2.4736 -2.5854 -2.6938
 -2.7987
  0.3825  0.3343  0.2801  0.2205  0.1562  0.0885  0.0177 -0.0556 -0.1310 -0.2074
 -0.2844 -0.3616 -0.4389 -0.5164 -0.5935 -0.7831 -0.9643 -1.1347 -1.2946 -1.4450
 -1.5879 -1.7259 -1.8609 -1.9927 -2.1202 -2.2431 -2.3618 -2.4767 -2.5880 -2.6960
 -2.8004
  0.3441  0.2982  0.2484  0.1936  0.1335  0.0691  0.0014 -0.0689 -0.1413 -0.2152
 -0.2899 -0.3650 -0.4400 -0.5155 -0.5913 -0.7785 -0.9592 -1.1301 -1.2909 -1.4423
 -1.5861 -1.7245 -1.8596 -1.9918 -2.1198 -2.2429 -2.3616 -2.4762 -2.5871 -2.6945
 -2.7985
  0.3044  0.2580  0.2113  0.1609  0.1057  0.0457 -0.0181 -0.0850 -0.1543 -0.2252
 -0.2974 -0.3704 -0.4435 -0.5168 -0.5904 -0.7735 -0.9527 -1.1245 -1.2860 -1.4383
 -1.5827 -1.7216 -1.8569 -1.9896 -2.1183 -2.2421 -2.3612 -2.4759 -2.5866 -2.6937
 -2.7972
  0.2650  0.2155  0.1699  0.1227  0.0718  0.0167 -0.0425 -0.1052 -0.1708 -0.2386
 -0.3079 -0.3782 -0.4492 -0.5205 -0.5920 -0.7701 -0.9457 -1.1168 -1.2800
 [Fe/H] = -0.25 [alpha/Fe] =-0.40 BC value = F444W
  0.4920  0.4565  0.4085  0.3484  0.2799  0.2044  0.1220  0.0388 -0.0399 -0.1266
 -0.2123 -0.2961 -0.3781 -0.4583 -0.5364 -0.7229 -0.8985 -1.0644 -1.2199
  0.5163  0.4632  0.4052  0.3369  0.2618  0.1820  0.0979  0.0130 -0.0681 -0.1550
 -0.2412 -0.3259 -0.4089 -0.4902 -0.5695 -0.7585 -0.9349 -1.0993 -1.2520 -1.3953
  0.5275  0.4559  0.4032  0.3330  0.2536  0.1706  0.0850 -0.0010 -0.0854 -0.1693
 -0.2556 -0.3405 -0.4240 -0.5058 -0.5859 -0.7768 -0.9543 -1.1189 -1.2708 -1.4138
 -1.5532
  0.5241  0.4635  0.3859  0.3248  0.2502  0.1661  0.0792 -0.0079 -0.0939 -0.1766
 -0.2622 -0.3471 -0.4305 -0.5126 -0.5930 -0.7853 -0.9641 -1.1296 -1.2824 -1.4261
 -1.5654 -1.7020
  0.5050  0.4480  0.3837  0.3089  0.2355  0.1623  0.0778 -0.0099 -0.0971 -0.1815
 -0.2648 -0.3492 -0.4325 -0.5144 -0.5949 -0.7880 -0.9681 -1.1350 -1.2895 -1.4344
 -1.5737 -1.7099 -1.8438 -1.9753
  0.4849  0.4272  0.3647  0.2972  0.2245  0.1458  0.0700 -0.0106 -0.0969 -0.1830
 -0.2658 -0.3490 -0.4319 -0.5136 -0.5940 -0.7875 -0.9687 -1.1370 -1.2932 -1.4396
 -1.5793 -1.7152 -1.8486 -1.9796 -2.1072 -2.2313 -2.3523 -2.4701 -2.5841 -2.6939
  0.4637  0.4062  0.3441  0.2784  0.2086  0.1351  0.0580 -0.0219 -0.1009 -0.1826
 -0.2664 -0.3481 -0.4300 -0.5113 -0.5914 -0.7850 -0.9670 -1.1366 -1.2946 -1.4425
 -1.5829 -1.7187 -1.8517 -1.9822 -2.1093 -2.2326 -2.3525 -2.4691 -2.5823 -2.6919
 -2.7976
  0.4395  0.3844  0.3234  0.2585  0.1907  0.1197  0.0456 -0.0309 -0.1094 -0.1892
 -0.2687 -0.3484 -0.4281 -0.5085 -0.5882 -0.7814 -0.9639 -1.1346 -1.2940 -1.4434
 -1.5847 -1.7208 -1.8536 -1.9837 -2.1106 -2.2335 -2.3527 -2.4685 -2.5808 -2.6897
 -2.7951
  0.4116  0.3591  0.3008  0.2377  0.1713  0.1022  0.0305 -0.0436 -0.1197 -0.1968
 -0.2747 -0.3531 -0.4310 -0.5089 -0.5870 -0.7793 -0.9620 -1.1336 -1.2944 -1.4451
 -1.5875 -1.7241 -1.8570 -1.9872 -2.1140 -2.2368 -2.3558 -2.4712 -2.5830 -2.6913
 -2.7963
  0.3807  0.3305  0.2756  0.2159  0.1520  0.0849  0.0154 -0.0561 -0.1295 -0.2043
 -0.2800 -0.3559 -0.4319 -0.5081 -0.5848 -0.7743 -0.9568 -1.1289 -1.2905 -1.4424
 -1.5859 -1.7231 -1.8562 -1.9864 -2.1134 -2.2363 -2.3551 -2.4699 -2.5812 -2.6912
 -2.7940
  0.3473  0.2978  0.2461  0.1901  0.1298  0.0658 -0.0011 -0.0702 -0.1411 -0.2134
 -0.2867 -0.3607 -0.4348 -0.5087 -0.5830 -0.7690 -0.9507 -1.1235 -1.2858 -1.4386
 -1.5830 -1.7208 -1.8541 -1.9845 -2.1119 -2.2352 -2.3543 -2.4691 -2.5802 -2.6878
 -2.7918
  0.3131  0.2625  0.2125  0.1598  0.1033  0.0430 -0.0205 -0.0866 -0.1549 -0.2246
 -0.2954 -0.3670 -0.4392 -0.5114 -0.5837 -0.7646 -0.9431 -1.1164 -1.2802
 [Fe/H] =  0.00 [alpha/Fe] =-0.40 BC value = F444W
  0.4742  0.4473  0.4059  0.3499  0.2853  0.2110  0.1287  0.0455 -0.0313 -0.1191
 -0.2054 -0.2897 -0.3720 -0.4526 -0.5312 -0.7187 -0.8949 -1.0613 -1.2187
  0.4955  0.4577  0.4031  0.3383  0.2658  0.1882  0.1042  0.0202 -0.0597 -0.1476
 -0.2343 -0.3194 -0.4028 -0.4844 -0.5643 -0.7547 -0.9324 -1.0984 -1.2527 -1.3965
  0.5107  0.4644  0.4066  0.3357  0.2577  0.1763  0.0918  0.0062 -0.0776 -0.1620
 -0.2487 -0.3340 -0.4178 -0.5000 -0.5804 -0.7729 -0.9520 -1.1184 -1.2720 -1.4152
 -1.5537
  0.5186  0.4603  0.3996  0.3351  0.2562  0.1718  0.0858 -0.0009 -0.0866 -0.1692
 -0.2554 -0.3406 -0.4244 -0.5067 -0.5874 -0.7811 -0.9616 -1.1290 -1.2834 -1.4274
 -1.5658 -1.7009
  0.5137  0.4585  0.3912  0.3181  0.2524  0.1715  0.0847 -0.0031 -0.0901 -0.1744
 -0.2580 -0.3428 -0.4263 -0.5086 -0.5893 -0.7837 -0.9654 -1.1340 -1.2899 -1.4352
 -1.5739 -1.7087 -1.8407 -1.9709
  0.4944  0.4387  0.3769  0.3091  0.2339  0.1622  0.0841 -0.0021 -0.0900 -0.1762
 -0.2590 -0.3426 -0.4258 -0.5077 -0.5884 -0.7830 -0.9656 -1.1355 -1.2930 -1.4399
 -1.5793 -1.7139 -1.8455 -1.9749 -2.1020 -2.2261 -2.3471 -2.4652 -2.5797 -2.6899
  0.4746  0.4183  0.3568  0.2909  0.2212  0.1475  0.0702 -0.0064 -0.0886 -0.1748
 -0.2597 -0.3416 -0.4239 -0.5055 -0.5858 -0.7803 -0.9637 -1.1348 -1.2939 -1.4423
 -1.5826 -1.7173 -1.8486 -1.9774 -2.1037 -2.2269 -2.3470 -2.4639 -2.5775 -2.6876
 -2.7936
  0.4548  0.3986  0.3369  0.2716  0.2033  0.1320  0.0581 -0.0185 -0.0972 -0.1764
 -0.2580 -0.3409 -0.4217 -0.5026 -0.5825 -0.7766 -0.9604 -1.1325 -1.2930 -1.4429
 -1.5842 -1.7194 -1.8505 -1.9788 -2.1047 -2.2273 -2.3466 -2.4625 -2.5753 -2.6849
 -2.7908
  0.4338  0.3775  0.3167  0.2519  0.1843  0.1145  0.0423 -0.0319 -0.1081 -0.1856
 -0.2642 -0.3432 -0.4226 -0.5017 -0.5810 -0.7744 -0.9584 -1.1313 -1.2931 -1.4445
 -1.5870 -1.7228 -1.8540 -1.9823 -2.1079 -2.2303 -2.3491 -2.4646 -2.5768 -2.6857
 -2.7914
  0.4084  0.3549  0.2963  0.2332  0.1667  0.0981  0.0275 -0.0446 -0.1185 -0.1937
 -0.2698 -0.3464 -0.4234 -0.5004 -0.5777 -0.7693 -0.9531 -1.1264 -1.2891 -1.4417
 -1.5854 -1.7220 -1.8535 -1.9817 -2.1071 -2.2294 -2.3480 -2.4629 -2.5745 -2.6829
 -2.7882
  0.3817  0.3297  0.2732  0.2127  0.1484  0.0815  0.0124 -0.0581 -0.1299 -0.2029
 -0.2768 -0.3514 -0.4261 -0.5007 -0.5756 -0.7639 -0.9473 -1.1210 -1.2844 -1.4379
 -1.5827 -1.7201 -1.8521 -1.9803 -2.1057 -2.2281 -2.3468 -2.4616 -2.5729 -2.6808
 -2.7855
  0.3536  0.3019  0.2475  0.1891  0.1278  0.0633 -0.0035 -0.0722 -0.1423 -0.2132
 -0.2849 -0.3574 -0.4303 -0.5031 -0.5747 -0.7582 -0.9410 -1.1151 -1.2790
 [Fe/H] =  0.25 [alpha/Fe] =-0.40 BC value = F444W
  0.4515  0.4397  0.4063  0.3536  0.2930  0.2196  0.1385  0.0547 -0.0221 -0.1110
 -0.1978 -0.2825 -0.3652 -0.4460 -0.5250 -0.7135 -0.8906 -1.0578 -1.2161
  0.4854  0.4500  0.4015  0.3416  0.2717  0.1955  0.1133  0.0289 -0.0506 -0.1395
 -0.2267 -0.3121 -0.3958 -0.4778 -0.5580 -0.7497 -0.9287 -1.0960 -1.2521 -1.3971
  0.5182  0.4650  0.4064  0.3383  0.2625  0.1828  0.0995  0.0143 -0.0683 -0.1538
 -0.2410 -0.3267 -0.4107 -0.4931 -0.5740 -0.7677 -0.9484 -1.1164 -1.2720 -1.4161
 -1.5539
  0.5301  0.4621  0.4106  0.3404  0.2611  0.1776  0.0927  0.0067 -0.0787 -0.1610
 -0.2477 -0.3333 -0.4173 -0.4998 -0.5808 -0.7757 -0.9577 -1.1268 -1.2831 -1.4280
 -1.5659 -1.7001
  0.5225  0.4672  0.3943  0.3362  0.2618  0.1780  0.0912  0.0040 -0.0827 -0.1667
 -0.2503 -0.3355 -0.4193 -0.5018 -0.5827 -0.7780 -0.9612 -1.1315 -1.2891 -1.4353
 -1.5738 -1.7078 -1.8383 -1.9668
  0.5033  0.4498  0.3885  0.3176  0.2493  0.1768  0.0926  0.0048 -0.0828 -0.1689
 -0.2514 -0.3354 -0.4189 -0.5010 -0.5819 -0.7772 -0.9612 -1.1326 -1.2917 -1.4395
 -1.5789 -1.7128 -1.8431 -1.9708 -2.0966 -2.2203 -2.3415 -2.4597 -2.5745 -2.6850
  0.4837  0.4296  0.3686  0.3029  0.2334  0.1594  0.0870  0.0062 -0.0805 -0.1676
 -0.2524 -0.3344 -0.4170 -0.4988 -0.5794 -0.7746 -0.9591 -1.1316 -1.2921 -1.4414
 -1.5819 -1.7161 -1.8462 -1.9733 -2.0983 -2.2208 -2.3406 -2.4577 -2.5719 -2.6824
 -2.7889
  0.4650  0.4103  0.3489  0.2835  0.2152  0.1445  0.0709 -0.0050 -0.0824 -0.1649
 -0.2503 -0.3339 -0.4148 -0.4960 -0.5761 -0.7708 -0.9557 -1.1291 -1.2908 -1.4416
 -1.5833 -1.7181 -1.8481 -1.9749 -2.0992 -2.2210 -2.3401 -2.4562 -2.5693 -2.6791
 -2.7857
  0.4486  0.3913  0.3296  0.2640  0.1961  0.1260  0.0541 -0.0196 -0.0955 -0.1730
 -0.2520 -0.3332 -0.4152 -0.4950 -0.5747 -0.7686 -0.9536 -1.1278 -1.2907 -1.4430
 -1.5859 -1.7215 -1.8518 -1.9784 -2.1023 -2.2237 -2.3422 -2.4575 -2.5698 -2.6792
 -2.7856
  0.4275  0.3724  0.3120  0.2468  0.1791  0.1096  0.0387 -0.0335 -0.1073 -0.1823
 -0.2585 -0.3358 -0.4138 -0.4924 -0.5706 -0.7635 -0.9482 -1.1228 -1.2867 -1.4401
 -1.5843 -1.7208 -1.8515 -1.9780 -2.1016 -2.2225 -2.3406 -2.4553 -2.5670 -2.6757
 -2.7816
  0.4093  0.3536  0.2936  0.2298  0.1629  0.0941  0.0239 -0.0473 -0.1194 -0.1925
 -0.2666 -0.3414 -0.4166 -0.4922 -0.5679 -0.7581 -0.9426 -1.1173 -1.2819 -1.4363
 -1.5816 -1.7191 -1.8503 -1.9770 -2.1004 -2.2212 -2.3391 -2.4536 -2.5648 -2.6730
 -2.7782
  0.3941  0.3348  0.2751  0.2116  0.1464  0.0789  0.0098 -0.0605 -0.1316 -0.2031
 -0.2752 -0.3481 -0.4213 -0.4946 -0.5666 -0.7524 -0.9368 -1.1113 -1.2763
 [Fe/H] =  0.50 [alpha/Fe] =-0.40 BC value = F444W
  0.4419  0.4365  0.4084  0.3600  0.3034  0.2295  0.1483  0.0662 -0.0170 -0.1025
 -0.1898 -0.2749 -0.3579 -0.4389 -0.5180 -0.7078 -0.8941 -1.0618 -1.2209
  0.4643  0.4403  0.3998  0.3446  0.2787  0.2042  0.1224  0.0381 -0.0414 -0.1308
 -0.2185 -0.3043 -0.3882 -0.4705 -0.5510 -0.7438 -0.9240 -1.0926 -1.2503 -1.3971
  0.5002  0.4585  0.4046  0.3404  0.2669  0.1899  0.1077  0.0231 -0.0570 -0.1450
 -0.2326 -0.3186 -0.4029 -0.4856 -0.5667 -0.7614 -0.9435 -1.1131 -1.2705 -1.4162
 -1.5538
  0.5276  0.4711  0.4135  0.3431  0.2655  0.1836  0.1002  0.0148 -0.0701 -0.1521
 -0.2392 -0.3251 -0.4094 -0.4921 -0.5734 -0.7691 -0.9526 -1.1233 -1.2815 -1.4277
 -1.5656 -1.6992
  0.5299  0.4671  0.4094  0.3459  0.2676  0.1836  0.0976  0.0115 -0.0746 -0.1580
 -0.2419 -0.3274 -0.4115 -0.4941 -0.5753 -0.7713 -0.9558 -1.1276 -1.2867 -1.4345
 -1.5732 -1.7066 -1.8363 -1.9633
  0.5118  0.4603  0.3974  0.3291  0.2655  0.1854  0.0992  0.0118 -0.0753 -0.1610
 -0.2430 -0.3273 -0.4111 -0.4935 -0.5745 -0.7704 -0.9555 -1.1284 -1.2891 -1.4381
 -1.5779 -1.7116 -1.8410 -1.9674 -2.0916 -2.2143 -2.3352 -2.4536 -2.5684 -2.6793
  0.4920  0.4402  0.3800  0.3150  0.2443  0.1771  0.0999  0.0144 -0.0733 -0.1600
 -0.2446 -0.3264 -0.4094 -0.4914 -0.5722 -0.7678 -0.9533 -1.1271 -1.2890 -1.4396
 -1.5806 -1.7148 -1.8441 -1.9701 -2.0934 -2.2149 -2.3343 -2.4512 -2.5655 -2.6763
 -2.7833
  0.4726  0.4205  0.3601  0.2950  0.2273  0.1574  0.0850  0.0113 -0.0707 -0.1569
 -0.2427 -0.3262 -0.4072 -0.4886 -0.5690 -0.7641 -0.9498 -1.1244 -1.2875 -1.4394
 -1.5817 -1.7166 -1.8461 -1.9718 -2.0945 -2.2150 -2.3333 -2.4490 -2.5621 -2.6725
 -2.7795
  0.4586  0.4021  0.3408  0.2753  0.2074  0.1377  0.0668 -0.0061 -0.0812 -0.1588
 -0.2411 -0.3256 -0.4078 -0.4878 -0.5676 -0.7621 -0.9477 -1.1230 -1.2872 -1.4405
 -1.5841 -1.7200 -1.8498 -1.9754 -2.0977 -2.2176 -2.3352 -2.4501 -2.5623 -2.6719
 -2.7788
  0.4423  0.3858  0.3243  0.2584  0.1902  0.1205  0.0497 -0.0219 -0.0949 -0.1695
 -0.2458 -0.3238 -0.4042 -0.4850 -0.5637 -0.7570 -0.9423 -1.1180 -1.2830 -1.4375
 -1.5824 -1.7192 -1.8496 -1.9751 -2.0971 -2.2164 -2.3334 -2.4476 -2.5590 -2.6698
 -2.7762
  0.4311  0.3716  0.3088  0.2431  0.1749  0.1052  0.0344 -0.0368 -0.1087 -0.1815
 -0.2553 -0.3301 -0.4058 -0.4824 -0.5599 -0.7519 -0.9367 -1.1124 -1.2782 -1.4337
 -1.5797 -1.7176 -1.8486 -1.9743 -2.0961 -2.2151 -2.3317 -2.4455 -2.5564 -2.6646
 -2.7701
  0.4249  0.3595  0.2952  0.2284  0.1608  0.0914  0.0209 -0.0502 -0.1217 -0.1932
 -0.2653 -0.3381 -0.4115 -0.4852 -0.5562 -0.7468 -0.9309 -1.1062 -1.2728
 [Fe/H] =  0.75 [alpha/Fe] =-0.40 BC value = F444W
  0.4361  0.4393  0.4158  0.3684  0.3138  0.2385  0.1577  0.0757 -0.0080 -0.0941
 -0.1818 -0.2674 -0.3507 -0.4320 -0.5113 -0.7019 -0.8894 -1.0584 -1.2173
  0.4453  0.4326  0.3997  0.3487  0.2865  0.2129  0.1313  0.0480 -0.0320 -0.1198
 -0.2101 -0.2961 -0.3804 -0.4628 -0.5436 -0.7373 -0.9187 -1.0886 -1.2475 -1.3960
  0.4834  0.4486  0.4016  0.3427  0.2723  0.1977  0.1162  0.0320 -0.0469 -0.1357
 -0.2238 -0.3102 -0.3946 -0.4775 -0.5588 -0.7544 -0.9377 -1.1087 -1.2679 -1.4153
 -1.5533
  0.5116  0.4697  0.4123  0.3448  0.2698  0.1898  0.1079  0.0234 -0.0611 -0.1427
 -0.2302 -0.3164 -0.4010 -0.4839 -0.5654 -0.7617 -0.9464 -1.1186 -1.2785 -1.4264
 -1.5648 -1.6979
  0.5327  0.4693  0.4197  0.3504  0.2720  0.1891  0.1046  0.0193 -0.0660 -0.1484
 -0.2328 -0.3187 -0.4030 -0.4858 -0.5672 -0.7636 -0.9492 -1.1225 -1.2836 -1.4327
 -1.5719 -1.7052 -1.8344 -1.9604
  0.5199  0.4698  0.4027  0.3474  0.2745  0.1917  0.1055  0.0189 -0.0674 -0.1525
 -0.2340 -0.3186 -0.4027 -0.4853 -0.5664 -0.7627 -0.9487 -1.1230 -1.2853 -1.4358
 -1.5763 -1.7099 -1.8389 -1.9645 -2.0873 -2.2085 -2.3287 -2.4469 -2.5616 -2.6727
  0.4999  0.4502  0.3914  0.3251  0.2615  0.1911  0.1082  0.0214 -0.0659 -0.1520
 -0.2363 -0.3177 -0.4010 -0.4833 -0.5642 -0.7601 -0.9463 -1.1214 -1.2848 -1.4368
 -1.5786 -1.7129 -1.8420 -1.9672 -2.0893 -2.2093 -2.3277 -2.4443 -2.5585 -2.6694
 -2.7767
  0.4795  0.4303  0.3708  0.3065  0.2401  0.1712  0.1027  0.0232 -0.0625 -0.1493
 -0.2348 -0.3180 -0.3989 -0.4805 -0.5612 -0.7566 -0.9428 -1.1185 -1.2829 -1.4362
 -1.5794 -1.7146 -1.8439 -1.9689 -2.0905 -2.2095 -2.3266 -2.4418 -2.5548 -2.6653
 -2.7725
  0.4654  0.4111  0.3511  0.2861  0.2186  0.1502  0.0805  0.0093 -0.0656 -0.1478
 -0.2330 -0.3177 -0.3998 -0.4798 -0.5599 -0.7547 -0.9408 -1.1170 -1.2824 -1.4370
 -1.5816 -1.7178 -1.8476 -1.9726 -2.0939 -2.2123 -2.3286 -2.4427 -2.5546 -2.6641
 -2.7711
  0.4497  0.3951  0.3346  0.2689  0.2008  0.1313  0.0613 -0.0090 -0.0810 -0.1549
 -0.2319 -0.3133 -0.3964 -0.4773 -0.5560 -0.7498 -0.9355 -1.1120 -1.2782 -1.4338
 -1.5796 -1.7169 -1.8474 -1.9724 -2.0934 -2.2112 -2.3268 -2.4401 -2.5510 -2.6595
 -2.7657
  0.4399  0.3823  0.3202  0.2541  0.1855  0.1154  0.0447 -0.0261 -0.0972 -0.1691
 -0.2423 -0.3172 -0.3938 -0.4729 -0.5526 -0.7449 -0.9300 -1.1065 -1.2734 -1.4299
 -1.5768 -1.7152 -1.8464 -1.9718 -2.0926 -2.2101 -2.3252 -2.4379 -2.5480 -2.6558
 -2.7612
  0.4358  0.3727  0.3079  0.2412  0.1724  0.1020  0.0309 -0.0405 -0.1117 -0.1829
 -0.2544 -0.3269 -0.4002 -0.4743 -0.5497 -0.7400 -0.9243 -1.1005 -1.2680
 [Fe/H] =  1.00 [alpha/Fe] =-0.40 BC value = F444W
  0.4485  0.4477  0.4242  0.3804  0.3238  0.2560  0.1794  0.0966  0.0099 -0.0789
 -0.1681 -0.2564 -0.3426 -0.4259 -0.5058 -0.6969 -0.8846 -1.0675 -1.2275
  0.4224  0.4277  0.4039  0.3540  0.2950  0.2217  0.1407  0.0571 -0.0229 -0.1131
 -0.2017 -0.2883 -0.3729 -0.4556 -0.5366 -0.7309 -0.9133 -1.0886 -1.2488 -1.3980
  0.4570  0.4375  0.3995  0.3450  0.2783  0.2058  0.1251  0.0417 -0.0371 -0.1264
 -0.2148 -0.3014 -0.3863 -0.4694 -0.5509 -0.7471 -0.9316 -1.1038 -1.2645 -1.4136
 -1.5526
  0.5032  0.4613  0.4091  0.3464  0.2735  0.1965  0.1161  0.0325 -0.0515 -0.1329
 -0.2208 -0.3073 -0.3921 -0.4753 -0.5569 -0.7538 -0.9395 -1.1131 -1.2746 -1.4242
 -1.5635 -1.6965
  0.5225  0.4782  0.4219  0.3528  0.2761  0.1941  0.1117  0.0277 -0.0570 -0.1375
 -0.2232 -0.3093 -0.3939 -0.4770 -0.5585 -0.7554 -0.9418 -1.1165 -1.2791 -1.4298
 -1.5701 -1.7034 -1.8323 -1.9578
  0.5273  0.4738  0.4182  0.3572  0.2802  0.1972  0.1114  0.0265 -0.0590 -0.1436
 -0.2242 -0.3092 -0.3935 -0.4763 -0.5576 -0.7543 -0.9410 -1.1165 -1.2803 -1.4324
 -1.5739 -1.7078 -1.8366 -1.9617 -2.0835 -2.2034 -2.3225 -2.4399 -2.5543 -2.6655
  0.5077  0.4601  0.4022  0.3384  0.2781  0.1998  0.1149  0.0281 -0.0581 -0.1436
 -0.2275 -0.3084 -0.3919 -0.4744 -0.5555 -0.7517 -0.9385 -1.1146 -1.2794 -1.4328
 -1.5758 -1.7105 -1.8395 -1.9643 -2.0856 -2.2044 -2.3216 -2.4375 -2.5513 -2.6619
 -2.7694
  0.4862  0.4398  0.3813  0.3187  0.2529  0.1902  0.1154  0.0315 -0.0551 -0.1414
 -0.2263 -0.3092 -0.3898 -0.4717 -0.5525 -0.7483 -0.9349 -1.1115 -1.2772 -1.4319
 -1.5762 -1.7120 -1.8413 -1.9660 -2.0869 -2.2048 -2.3207 -2.4349 -2.5474 -2.6576
 -2.7648
  0.4717  0.4197  0.3611  0.2967  0.2304  0.1639  0.0965  0.0262 -0.0543 -0.1394
 -0.2249 -0.3093 -0.3912 -0.4712 -0.5514 -0.7466 -0.9331 -1.1100 -1.2765 -1.4324
 -1.5781 -1.7150 -1.8450 -1.9697 -2.0903 -2.2076 -2.3227 -2.4358 -2.5469 -2.6561
 -2.7630
  0.4548  0.4028  0.3439  0.2789  0.2112  0.1424  0.0742  0.0055 -0.0650 -0.1397
 -0.2210 -0.3050 -0.3882 -0.4689 -0.5477 -0.7419 -0.9279 -1.1050 -1.2722 -1.4290
 -1.5759 -1.7139 -1.8446 -1.9696 -2.0899 -2.2068 -2.3210 -2.4331 -2.5431 -2.6511
 -2.7571
  0.4419  0.3891  0.3295  0.2639  0.1953  0.1254  0.0551 -0.0146 -0.0842 -0.1550
 -0.2276 -0.3034 -0.3833 -0.4651 -0.5447 -0.7372 -0.9226 -1.0996 -1.2674 -1.4251
 -1.5730 -1.7121 -1.8437 -1.9690 -2.0894 -2.2059 -2.3196 -2.4310 -2.5401 -2.6472
 -2.7522
  0.4331  0.3786  0.3179  0.2517  0.1823  0.1117  0.0404 -0.0307 -0.1013 -0.1715
 -0.2422 -0.3140 -0.3873 -0.4621 -0.5424 -0.7325 -0.9172 -1.0938 -1.2621
