 [Fe/H] = -2.50 [alpha/Fe] = 0.40 BC value = F225W
-11.8741-11.8737-11.9151-11.9363-11.9215-11.9063-11.9236-11.9556-11.9664-11.9432
-11.9002-11.8419-11.7785-11.7166-11.6546-11.5108-11.3571-11.1351-10.9513
-11.8913-11.8524-11.8400-11.8365-11.8397-11.8495-11.8626-11.8733-11.8765-11.8691
-11.8485-11.8124-11.7610-11.7010-11.6400-11.4886-11.2873-10.9352-10.4973-10.0033
-11.9023-11.8462-11.8051-11.7825-11.7823-11.7931-11.8012-11.8050-11.8067-11.8057
-11.7959-11.7737-11.7335-11.6765-11.6132-11.4374-11.1713-10.7034-10.1037 -9.5408
 -9.0843
-11.9071-11.8551-11.8104-11.7743-11.7493-11.7371-11.7394-11.7507-11.7570-11.7530
-11.7424-11.7258-11.6960-11.6431-11.5742-11.3572-11.0091-10.4397 -9.7704 -9.1886
 -8.7406 -8.4083
-11.8899-11.8491-11.8105-11.7746-11.7431-11.7180-11.7007-11.6909-11.6885-11.6889
-11.6819-11.6647-11.6389-11.5915-11.5154-11.2445-10.8190-10.1916 -9.4898 -8.8973
 -8.4564 -8.1386 -7.9102 -7.7456
-11.8462-11.8203-11.7934-11.7649-11.7355-11.7068-11.6807-11.6582-11.6387-11.6209
-11.6036-11.5824-11.5526-11.5081-11.4312-11.1133-10.6361 -9.9967 -9.2948 -8.6911
 -8.2434 -7.9261 -7.7017 -7.5418 -7.4268 -7.3425 -7.2774 -7.2290 -7.1903 -7.1375
-11.7775-11.7676-11.7548-11.7380-11.7166-11.6913-11.6636-11.6345-11.6050-11.5743
-11.5404-11.5019-11.4570-11.4047-11.3268-10.9918-10.4918 -9.8692 -9.1899 -8.5793
 -8.1107 -7.7771 -7.5431 -7.3772 -7.2583 -7.1721 -7.1083 -7.0577 -7.0208 -6.9932
 -6.9520
-11.6899-11.6938-11.6949-11.6914-11.6815-11.6648-11.6414-11.6122-11.5781-11.5397
-11.4954-11.4436-11.3829-11.3130-11.2283-10.8979-10.3995 -9.8031 -9.1595 -8.5521
 -8.0593 -7.6958 -7.4381 -7.2555 -7.1245 -7.0292 -6.9594 -6.9068 -6.8655 -6.8341
 -6.8148
-11.5906-11.6058-11.6182-11.6266-11.6287-11.6231-11.6086-11.5850-11.5527-11.5119
-11.4625-11.4032-11.3324-11.2497-11.1541-10.8241-10.3523 -9.7767 -9.1691 -8.5793
 -8.0718 -7.6756 -7.3848 -7.1758 -7.0250 -6.9148 -6.8338 -6.7732 -6.7268 -6.6906
 -6.6639
-11.4870-11.5102-11.5310-11.5484-11.5610-11.5665-11.5634-11.5496-11.5247-11.4881
-11.4396-11.3785-11.3040-11.2155-11.1129-10.7786-10.3399 -9.7963 -9.2133 -8.6459
 -8.1375 -7.7177 -7.3921 -7.1493 -6.9711 -6.8393 -6.7414 -6.6677 -6.6115 -6.5681
 -6.5316
-11.3807-11.4106-11.4380-11.4619-11.4819-11.4970-11.5046-11.5025-11.4887-11.4615
-11.4197-11.3627-11.2896-11.2001-11.0943-10.7555-10.3354 -9.8324 -9.2753 -8.7237
 -8.2218 -7.7928 -7.4427 -7.1683 -6.9592 -6.8014 -6.6825 -6.5919 -6.5223 -6.4684
 -6.4261
-11.2717-11.3070-11.3424-11.3707-11.3965-11.4184-11.4346-11.4433-11.4415-11.4267
-11.3964-11.3487-11.2821-11.1962-11.0983-10.7548-10.3388 -9.8850 -9.3551
 [Fe/H] = -2.00 [alpha/Fe] = 0.40 BC value = F225W
-12.0443-12.0195-12.0085-12.0062-12.0087-12.0106-12.0069-11.9939-11.9711-11.9394
-11.8975-11.8453-11.7854-11.7240-11.6577-11.5183-11.3806-11.1988-10.9011
-11.9627-11.9257-11.9072-11.9017-11.9038-11.9087-11.9124-11.9099-11.9002-11.8829
-11.8556-11.8162-11.7642-11.7051-11.6452-11.4971-11.3203-11.0406-10.6102-10.1113
-11.9339-11.8736-11.8400-11.8306-11.8262-11.8282-11.8327-11.8353-11.8334-11.8257
-11.8099-11.7828-11.7400-11.6826-11.6188-11.4443-11.2094-10.8352-10.3057 -9.7499
 -9.2759
-11.9377-11.8624-11.8128-11.7854-11.7738-11.7718-11.7742-11.7765-11.7747-11.7691
-11.7581-11.7388-11.7052-11.6497-11.5785-11.3599-11.0479-10.5826 -9.9876 -9.4055
 -8.9320 -8.5726
-11.9490-11.8801-11.8217-11.7790-11.7504-11.7324-11.7225-11.7181-11.7175-11.7163
-11.7046-11.6840-11.6524-11.5997-11.5190-11.2442-10.8549-10.3255 -9.7030 -9.1135
 -8.6454 -8.2994 -8.0473 -7.8622
-11.9443-11.8834-11.8292-11.7811-11.7392-11.7047-11.6779-11.6585-11.6459-11.6400
-11.6336-11.6156-11.5830-11.5301-11.4449-11.1180-10.6718-10.1117 -9.4892 -8.8995
 -8.4284 -8.0830 -7.8348 -7.6551 -7.5229 -7.4236 -7.3454 -7.2850 -7.2352 -7.1729
-11.9165-11.8686-11.8236-11.7813-11.7410-11.7029-11.6677-11.6363-11.6082-11.5819
-11.5563-11.5300-11.4963-11.4461-11.3646-11.0135-10.5349 -9.9693 -9.3600 -8.7747
 -8.2903 -7.9307 -7.6729 -7.4875 -7.3521 -7.2515 -7.1750 -7.1133 -7.0663 -7.0294
 -6.9803
-11.8639-11.8315-11.7993-11.7670-11.7338-11.6991-11.6629-11.6258-11.5885-11.5507
-11.5102-11.4656-11.4158-11.3595-11.2852-10.9493-10.4593 -9.9001 -9.3095 -8.7330
 -8.2329 -7.8468 -7.5660 -7.3637 -7.2163 -7.1070 -7.0250 -6.9616 -6.9110 -6.8714
 -6.8445
-11.7871-11.7701-11.7527-11.7333-11.7109-11.6846-11.6536-11.6177-11.5774-11.5331
-11.4841-11.4290-11.3659-11.2942-11.2130-10.9043-10.4353 -9.8837 -9.3121 -8.7491
 -8.2393 -7.8247 -7.5119 -7.2830 -7.1155 -6.9913 -6.8982 -6.8273 -6.7721 -6.7280
 -6.6945
-11.6941-11.6915-11.6875-11.6808-11.6704-11.6553-11.6340-11.6052-11.5687-11.5245
-11.4727-11.4127-11.3432-11.2630-11.1718-10.8703-10.4466 -9.9168 -9.3601 -8.8130
 -8.3036 -7.8671 -7.5204 -7.2574 -7.0615 -6.9153 -6.8052 -6.7213 -6.6565 -6.6056
 -6.5627
-11.5929-11.6003-11.6076-11.6119-11.6127-11.6090-11.5991-11.5811-11.5537-11.5159
-11.4674-11.4081-11.3372-11.2541-11.1577-10.8497-10.4552 -9.9679 -9.4283 -8.8941
 -8.3913 -7.9456 -7.5740 -7.2787 -7.0511 -6.8780 -6.7464 -6.6454 -6.5672 -6.5060
 -6.4576
-11.4852-11.5028-11.5182-11.5313-11.5413-11.5473-11.5482-11.5420-11.5265-11.4999
-11.4605-11.4076-11.3406-11.2591-11.1707-10.8425-10.4611-10.0370 -9.5167
 [Fe/H] = -1.50 [alpha/Fe] = 0.40 BC value = F225W
-12.2894-12.2513-12.2238-12.2019-12.1837-12.1605-12.1235-12.0706-12.0161-11.9614
-11.9042-11.8439-11.7821-11.7220-11.6652-11.5368-11.4110-11.2489-10.9993
-12.1721-12.1274-12.0975-12.0773-12.0623-12.0477-12.0253-11.9906-11.9533-11.9138
-11.8700-11.8199-11.7638-11.7053-11.6474-11.5065-11.3487-11.1279-10.7934-10.3526
-12.0893-12.0353-11.9991-11.9761-11.9617-11.9514-11.9392-11.9180-11.8929-11.8649
-11.8324-11.7927-11.7431-11.6850-11.6231-11.4573-11.2499-10.9538-10.5377-10.0333
 -9.5464
-12.0427-11.9705-11.9214-11.8955-11.8789-11.8688-11.8606-11.8484-11.8317-11.8116
-11.7872-11.7559-11.7133-11.6557-11.5866-11.3819-11.1101-10.7349-10.2529 -9.7141
 -9.2198 -8.8222
-12.0279-11.9406-11.8756-11.8303-11.8025-11.7902-11.7885-11.7837-11.7725-11.7559
-11.7344-11.7066-11.6684-11.6122-11.5349-11.2823-10.9451-10.5044 -9.9802 -9.4295
 -8.9368 -8.5490 -8.2587 -8.0421
-12.0337-11.9452-11.8703-11.8089-11.7619-11.7281-11.7083-11.7018-11.7002-11.6947
-11.6787-11.6507-11.6110-11.5556-11.4740-11.1779-10.7883-10.3052 -9.7592 -9.2076
 -8.7169 -8.3301 -8.0433 -7.8320 -7.6734 -7.5508 -7.4522 -7.3732 -7.3054 -7.2270
-12.0340-11.9495-11.8759-11.8121-11.7576-11.7124-11.6764-11.6482-11.6265-11.6110
-11.5996-11.5828-11.5494-11.4950-11.4151-11.0942-10.6696-10.1653 -9.6121 -9.0632
 -8.5703 -8.1745 -7.8788 -7.6616 -7.5001 -7.3769 -7.2805 -7.2022 -7.1381 -7.0853
 -7.0224
-12.0204-11.9447-11.8768-11.8161-11.7617-11.7128-11.6688-11.6297-11.5950-11.5631
-11.5325-11.5027-11.4715-11.4284-11.3602-11.0466-10.6025-10.0910 -9.5403 -8.9961
 -8.5207 -8.0861 -7.7701 -7.5360 -7.3622 -7.2307 -7.1294 -7.0479 -6.9821 -6.9300
 -6.8898
-11.9812-11.9220-11.8639-11.8112-11.7620-11.7153-11.6703-11.6264-11.5835-11.5415
-11.4990-11.4544-11.4064-11.3547-11.2936-11.0221-10.5814-10.0690 -9.5266 -8.9896
 -8.4901 -8.0581 -7.7144 -7.4545 -7.2602 -7.1136 -7.0016 -6.9142 -6.8446 -6.7878
 -6.7428
-11.9173-11.8751-11.8320-11.7912-11.7513-11.7118-11.6715-11.6292-11.5845-11.5373
-11.4873-11.4338-11.3752-11.3103-11.2384-10.9947-10.6024-10.0989 -9.5674 -9.0403
 -8.5426 -8.0960 -7.7228 -7.4302 -7.2073 -7.0380 -6.9087 -6.8085 -6.7298 -6.6669
 -6.6133
-11.8334-11.8068-11.7792-11.7511-11.7231-11.6940-11.6626-11.6273-11.5870-11.5410
-11.4890-11.4308-11.3660-11.2935-11.2123-10.9599-10.6152-10.1539 -9.6350 -9.1183
 -8.6260 -8.1731 -7.7783 -7.4545 -7.1998 -7.0030 -6.8515 -6.7338 -6.6416 -6.5686
 -6.5098
-11.7335-11.7208-11.7070-11.6921-11.6761-11.6583-11.6377-11.6127-11.5816-11.5428
-11.4952-11.4385-11.3722-11.2963-11.2153-10.9177-10.6198-10.2340 -9.7294
 [Fe/H] = -1.00 [alpha/Fe] = 0.40 BC value = F225W
-12.6606-12.6211-12.5842-12.5437-12.4971-12.4314-12.3329-12.2036-12.0858-11.9895
-11.9088-11.8377-11.7739-11.7158-11.6621-11.5430-11.4306-11.2994-11.1084
-12.4911-12.4465-12.4105-12.3770-12.3401-12.2928-12.2230-12.1264-12.0351-11.9557
-11.8852-11.8203-11.7592-11.7017-11.6471-11.5184-11.3817-11.2049-10.9535-10.6111
-12.3605-12.3059-12.2652-12.2332-12.2043-12.1720-12.1259-12.0566-11.9856-11.9203
-11.8598-11.8016-11.7437-11.6860-11.6285-11.4818-11.3086-11.0737-10.7560-10.3560
 -9.9056
-12.2656-12.1993-12.1496-12.1130-12.0849-12.0604-12.0318-11.9855-11.9317-11.8790
-11.8279-11.7767-11.7227-11.6648-11.6028-11.4299-11.2105-10.9137-10.5351-10.0908
 -9.6191 -9.1886
-12.1824-12.1085-12.0550-12.0146-11.9838-11.9599-11.9388-11.9105-11.8717-11.8299
-11.7870-11.7421-11.6924-11.6349-11.5680-11.3635-11.0961-10.7452-10.3179 -9.8425
 -9.3606 -8.9303 -8.5845 -8.3173
-12.1505-12.0533-11.9762-11.9196-11.8823-11.8605-11.8462-11.8311-11.8065-11.7745
-11.7382-11.6982-11.6522-11.5964-11.5266-11.2923-10.9834-10.5938-10.1334 -9.6375
 -9.1499 -8.7184 -8.3727 -8.1080 -7.9054 -7.7459 -7.6164 -7.5090 -7.4150 -7.3126
-12.1445-12.0413-11.9528-11.8794-11.8217-11.7785-11.7483-11.7298-11.7175-11.7035
-11.6814-11.6490-11.6065-11.5532-11.4841-11.2305-10.8903-10.4775 -9.9999 -9.4919
 -9.0000 -8.5635 -8.2093 -7.9377 -7.7312 -7.5713 -7.4432 -7.3380 -7.2500 -7.1736
 -7.0886
-12.1430-12.0398-11.9492-11.8708-11.8037-11.7481-11.7031-11.6672-11.6382-11.6144
-11.5949-11.5760-11.5490-11.5062-11.4438-11.1892-10.8288-10.4030 -9.9206 -9.4088
 -8.9133 -8.4693 -8.1001 -7.8121 -7.5929 -7.4244 -7.2923 -7.1853 -7.0961 -7.0223
 -6.9551
-12.1377-12.0375-11.9494-11.8712-11.8021-11.7414-11.6884-11.6423-11.6020-11.5659
-11.5321-11.4998-11.4685-11.4346-11.3886-11.1668-10.7992-10.3656 -9.8848 -9.3765
 -8.8798 -8.4272 -8.0403 -7.7299 -7.4905 -7.3068 -7.1642 -7.0508 -6.9587 -6.8821
 -6.8187
-12.1176-12.0286-11.9464-11.8726-11.8060-11.7455-11.6903-11.6391-11.5914-11.5465
-11.5032-11.4598-11.4150-11.3681-11.3181-11.1395-10.8066-10.3711 -9.8967 -9.3981
 -8.9047 -8.4460 -8.0417 -7.7052 -7.4389 -7.2326 -7.0727 -6.9466 -6.8458 -6.7637
 -6.6955
-12.0730-11.9990-11.9296-11.8646-11.8044-11.7487-11.6962-11.6456-11.5957-11.5460
-11.4957-11.4441-11.3902-11.3325-11.2700-11.0863-10.8120-10.4046 -9.9360 -9.4494
 -8.9637 -8.5040 -8.0879 -7.7286 -7.4339 -7.2006 -7.0182 -6.8744 -6.7602 -6.6683
 -6.5930
-12.0023-11.9454-11.8907-11.8387-11.7886-11.7414-11.6960-11.6508-11.6043-11.5553
-11.5030-11.4468-11.3864-11.3211-11.2443-11.0072-10.8154-10.4661-10.0027
 [Fe/H] = -0.75 [alpha/Fe] = 0.40 BC value = F225W
-12.8788-12.8488-12.8159-12.7721-12.6961-12.5876-12.4516-12.2926-12.1275-12.0038
-11.9101-11.8338-11.7684-11.7109-11.6587-11.5446-11.4397-11.3228-11.1609
-12.6835-12.6478-12.6159-12.5803-12.5331-12.4652-12.3631-12.2202-12.0860-11.9781
-11.8917-11.8193-11.7559-11.6987-11.6458-11.5243-11.4000-11.2440-11.0260-10.7299
-12.5234-12.4770-12.4410-12.4090-12.3740-12.3278-12.2584-12.1535-12.0457-11.9520
-11.8733-11.8049-11.7431-11.6856-11.6307-11.4961-11.3432-11.1387-10.8607-10.5114
-10.1031
-12.4021-12.3414-12.2958-12.2606-12.2301-12.1977-12.1542-12.0828-11.9990-11.9201
-11.8498-11.7864-11.7269-11.6689-11.6109-11.4578-11.2696-11.0129-10.6789-10.2847
 -9.8491 -9.4187
-12.3090-12.2391-12.1829-12.1394-12.1057-12.0773-12.0481-12.0043-11.9431-11.8791
-11.8182-11.7606-11.7041-11.6461-11.5848-11.4094-11.1833-10.8800-10.4998-10.0701
 -9.6161 -9.1793 -8.8045 -8.5046
-12.2278-12.1414-12.0775-12.0319-11.9975-11.9696-11.9453-11.9185-11.8779-11.8285
-11.7773-11.7260-11.6732-11.6164-11.5528-11.3554-11.0944-10.7557-10.3435 -9.8881
 -9.4206 -8.9787 -8.6007 -8.2995 -8.0648 -7.8786 -7.7274 -7.6011 -7.4888 -7.3703
-12.2037-12.1002-12.0135-11.9450-11.8935-11.8570-11.8330-11.8170-11.7975-11.7668
-11.7277-11.6837-11.6355-11.5813-11.5178-11.3043-11.0151-10.6532-10.2237 -9.7526
 -9.2752 -8.8272 -8.4411 -8.1318 -7.8920 -7.7048 -7.5549 -7.4305 -7.3264 -7.2337
 -7.1344
-12.1973-12.0891-11.9944-11.9131-11.8459-11.7919-11.7496-11.7172-11.6928-11.6717
-11.6507-11.6248-11.5892-11.5421-11.4824-11.2647-10.9556-10.5794-10.1441 -9.6671
 -9.1834 -8.7288 -8.3315 -8.0084 -7.7545 -7.5586 -7.4039 -7.2786 -7.1744 -7.0860
 -7.0097
-12.1936-12.0858-11.9896-11.9047-11.8306-11.7670-11.7133-11.6684-11.6303-11.5968
-11.5661-11.5380-11.5110-11.4796-11.4355-11.2379-10.9190-10.5331-10.0974 -9.6222
 -9.1368 -8.6762 -8.2666 -7.9242 -7.6526 -7.4416 -7.2768 -7.1450 -7.0373 -6.9473
 -6.8721
-12.1889-12.0848-11.9905-11.9063-11.8310-11.7640-11.7044-11.6514-11.6042-11.5613
-11.5210-11.4817-11.4425-11.4033-11.3622-11.2097-10.9135-10.5234-10.0912 -9.6247
 -9.1437 -8.6797 -8.2590 -7.8969 -7.6016 -7.3689 -7.1869 -7.0427 -6.9264 -6.8302
 -6.7513
-12.1678-12.0738-11.9871-11.9068-11.8348-11.7690-11.7086-11.6527-11.6002-11.5504
-11.5023-11.4547-11.4061-11.3554-11.3019-11.1504-10.9126-10.5399-10.1103 -9.6541
 -9.1830 -8.7213 -8.2939 -7.9157 -7.5967 -7.3387 -7.1345 -6.9726 -6.8429 -6.7378
 -6.6473
-12.1303-12.0421-11.9671-11.8972-11.8317-11.7713-11.7149-11.6610-11.6084-11.5561
-11.5032-11.4492-11.3931-11.3340-11.2546-11.0600-10.9163-10.5826-10.1547
 [Fe/H] = -0.50 [alpha/Fe] = 0.40 BC value = F225W
-13.0908-13.0791-13.0589-13.0207-12.9287-12.7851-12.6018-12.3887-12.1721-12.0181
-11.9108-11.8290-11.7622-11.7048-11.6540-11.5446-11.4476-11.3438-11.2178
-12.8798-12.8603-12.8398-12.8086-12.7556-12.6678-12.5286-12.3296-12.1430-12.0009
-11.8975-11.8176-11.7517-11.6945-11.6431-11.5290-11.4174-11.2822-11.0958-10.8400
-12.6951-12.6638-12.6386-12.6116-12.5736-12.5139-12.4181-12.2704-12.1149-11.9856
-11.8860-11.8073-11.7417-11.6840-11.6312-11.5082-11.3763-11.2032-10.9637-10.6580
-10.2975
-12.5458-12.4982-12.4631-12.4341-12.4041-12.3642-12.3033-12.2022-12.0791-11.9653
-11.8717-11.7951-11.7296-11.6711-11.6163-11.4815-11.3250-11.1113-10.8215-10.4715
-10.0805 -9.6694
-12.4347-12.3701-12.3206-12.2829-12.2520-12.2213-12.1828-12.1203-12.0301-11.9354
-11.8506-11.7776-11.7133-11.6541-11.5969-11.4479-11.2644-11.0134-10.6812-10.2952
 -9.8800 -9.4565 -9.0631 -8.7309
-12.3285-12.2623-12.2078-12.1619-12.1242-12.0927-12.0630-12.0258-11.9664-11.8930
-11.8200-11.7528-11.6909-11.6318-11.5725-11.4085-11.1982-10.9165-10.5544-10.1413
 -9.7075 -9.2736 -8.8732 -8.5339 -8.2608 -8.0421 -7.8633 -7.7147 -7.5820 -7.4457
-12.2649-12.1706-12.0968-12.0420-12.0023-11.9723-11.9466-11.9224-11.8881-11.8373
-11.7787-11.7197-11.6619-11.6043-11.5441-11.3674-11.1330-10.8285-10.4494-10.0200
 -9.5725 -9.1296 -8.7211 -8.3722 -8.0920 -7.8702 -7.6920 -7.5444 -7.4207 -7.3103
 -7.1953
-12.2469-12.1400-12.0476-11.9709-11.9098-11.8626-11.8266-11.8001-11.7795-11.7535
-11.7180-11.6746-11.6255-11.5721-11.5135-11.3301-11.0768-10.7558-10.3700 -9.9347
 -9.4790 -9.0286 -8.6114 -8.2505 -7.9574 -7.7259 -7.5426 -7.3931 -7.2691 -7.1643
 -7.0725
-12.2407-12.1300-12.0313-11.9446-11.8702-11.8082-11.7573-11.7153-11.6806-11.6504
-11.6209-11.5920-11.5612-11.5238-11.4758-11.2990-11.0345-10.7008-10.3127 -9.8787
 -9.4202 -8.9648 -8.5395 -8.1658 -7.8567 -7.6106 -7.4169 -7.2574 -7.1260 -7.0199
 -6.9370
-12.2410-12.1292-12.0293-11.9396-11.8598-11.7898-11.7290-11.6765-11.6309-11.5903
-11.5521-11.5151-11.4795-11.4449-11.4084-11.2709-11.0151-10.6753-10.2881 -9.8618
 -9.4080 -8.9513 -8.5195 -8.1332 -7.8057 -7.5401 -7.3296 -7.1617 -7.0259 -6.9128
 -6.8192
-12.2358-12.1289-12.0305-11.9420-11.8618-11.7895-11.7243-11.6654-11.6120-11.5632
-11.5173-11.4726-11.4279-11.3825-11.3366-11.2114-11.0055-10.6732-10.2866 -9.8686
 -9.4250 -8.9728 -8.5386 -8.1429 -7.7985 -7.5115 -7.2801 -7.0947 -6.9453 -6.8235
 -6.7191
-12.2140-12.1167-12.0260-11.9425-11.8654-11.7953-11.7306-11.6703-11.6135-11.5594
-11.5070-11.4553-11.4031-11.3494-11.2604-11.1205-11.0057-10.6945-10.3082
 [Fe/H] = -0.25 [alpha/Fe] = 0.40 BC value = F225W
-13.2735-13.2854-13.2994-13.2855-13.2138-13.0605-12.8067-12.4786-12.2175-12.0353
-11.9126-11.8246-11.7555-11.6978-11.6477-11.5432-11.4530-11.3616-11.2549
-13.0588-13.0651-13.0609-13.0431-12.9929-12.8900-12.7109-12.4469-12.2036-12.0263
-11.9042-11.8160-11.7470-11.6895-11.6389-11.5311-11.4314-11.3165-11.1603-10.9431
-12.8596-12.8495-12.8420-12.8270-12.7923-12.7229-12.5998-12.4031-12.1920-12.0222
-11.8996-11.8097-11.7395-11.6811-11.6295-11.5161-11.4028-11.2605-11.0604-10.7955
-10.4792
-12.6884-12.6604-12.6418-12.6246-12.5995-12.5550-12.4767-12.3420-12.1712-12.0155
-11.8945-11.8032-11.7312-11.6712-11.6180-11.4972-11.3682-11.1974-10.9552-10.6471
-10.2987 -9.9220
-12.5530-12.5045-12.4700-12.4443-12.4204-12.3898-12.3418-12.2584-12.1329-11.9993
-11.8847-11.7936-11.7203-11.6585-11.6032-11.4737-11.3270-11.1292-10.8516-10.5073
-10.1316 -9.7386 -9.3480 -8.9929
-12.4277-12.3851-12.3345-12.2950-12.2638-12.2356-12.2031-12.1543-12.0727-11.9680
-11.8660-11.7785-11.7052-11.6419-11.5844-11.4448-11.2796-11.0577-10.7540-10.3831
 -9.9852 -9.5777 -9.1771 -8.8101 -8.5012 -8.2454 -8.0321 -7.8524 -7.6941 -7.5356
-12.3329-12.2610-12.2093-12.1689-12.1333-12.1010-12.0711-12.0393-11.9914-11.9187
-11.8351-11.7556-11.6846-11.6210-11.5615-11.4121-11.2284-10.9855-10.6655-10.2791
 -9.8651 -9.4455 -9.0353 -8.6584 -8.3368 -8.0739 -7.8600 -7.6842 -7.5365 -7.4030
 -7.2681
-12.2910-12.1922-12.1109-12.0481-12.0012-11.9662-11.9385-11.9139-11.8881-11.8467
-11.7880-11.7223-11.6575-11.5957-11.5356-11.3782-11.1783-10.9175-10.5888-10.1972
 -9.7746 -9.3461 -8.9278 -8.5411 -8.2074 -7.9343 -7.7148 -7.5354 -7.3868 -7.2609
 -7.1487
-12.2775-12.1695-12.0738-11.9916-11.9236-11.8692-11.8253-11.7898-11.7606-11.7337
-11.7000-11.6592-11.6127-11.5612-11.5054-11.3453-11.1334-10.8574-10.5223-10.1323
 -9.7080 -9.2743 -8.8498 -8.4545 -8.1087 -7.8221 -7.5918 -7.4056 -7.2532 -7.1260
 -7.0179
-12.2758-12.1644-12.0639-11.9736-11.8942-11.8258-11.7681-11.7191-11.6769-11.6395
-11.6036-11.5669-11.5304-11.4937-11.4537-11.3170-11.1033-10.8183-10.4801-10.0968
 -9.6785 -9.2448 -8.8168 -8.4147 -8.0567 -7.7543 -7.5080 -7.3100 -7.1491 -7.0145
 -6.9033
-12.2785-12.1665-12.0644-11.9719-11.8883-11.8133-11.7467-11.6880-11.6360-11.5893
-11.5455-11.5027-11.4601-11.4180-11.3768-11.2650-11.0833-10.7980-10.4575-10.0805
 -9.6726 -9.2448 -8.8175 -8.4114 -8.0439 -7.7259 -7.4615 -7.2466 -7.0724 -6.9295
 -6.8050
-12.2728-12.1666-12.0673-11.9753-11.8922-11.8162-11.7466-11.6827-11.6241-11.5699
-11.5188-11.4694-11.4202-11.3701-11.2747-11.1893-11.0734-10.7965-10.4545
 [Fe/H] =  0.00 [alpha/Fe] = 0.40 BC value = F225W
-13.4197-13.4561-13.4733-13.4450-13.3581-13.1873-12.9207-12.5399-12.2624-12.0569
-11.9170-11.8208-11.7486-11.6900-11.6401-11.5388-11.4553-11.3749-11.2837
-13.2063-13.2356-13.2590-13.2622-13.2249-13.1157-12.8938-12.5568-12.2671-12.0559
-11.9133-11.8152-11.7421-11.6833-11.6332-11.5300-11.4402-11.3432-11.2148-11.0347
-13.0009-13.0165-13.0321-13.0361-13.0130-12.9415-12.7931-12.5444-12.2745-12.0631
-11.9155-11.8130-11.7371-11.6769-11.6258-11.5189-11.4204-11.3049-11.1432-10.9199
-10.6439
-12.8159-12.8125-12.8158-12.8166-12.8028-12.7594-12.6663-12.4963-12.2730-12.0709
-11.9196-11.8121-11.7323-11.6695-11.6166-11.5050-11.3963-11.2621-11.0689-10.8063
-10.4969-10.1578
-12.6613-12.6353-12.6214-12.6129-12.6010-12.5745-12.5195-12.4143-12.2497-12.0708
-11.9220-11.8102-11.7263-11.6602-11.6049-11.4872-11.3675-11.2150-10.9954-10.6998
-10.3609-10.0025 -9.6339 -9.2711
-12.5414-12.4933-12.4590-12.4355-12.4170-12.3960-12.3625-12.3020-12.1954-12.0534
-11.9162-11.8047-11.7178-11.6484-11.5900-11.4650-11.3331-11.1630-10.9231-10.6033
-10.2403 -9.8641 -9.4841 -9.1123 -8.7706 -8.4742 -8.2249 -8.0170 -7.8294 -7.6466
-12.4181-12.3716-12.3300-12.2929-12.2620-12.2355-12.2086-12.1723-12.1106-12.0126
-11.8978-11.7926-11.7053-11.6332-11.5718-11.4381-11.2934-11.1063-10.8515-10.5176
-10.1376 -9.7464 -9.3556 -8.9741 -8.6230 -8.3205 -8.0657 -7.8538 -7.6772 -7.5172
 -7.3598
-12.3306-12.2496-12.1904-12.1502-12.1209-12.0947-12.0675-12.0388-12.0033-11.9446
-11.8610-11.7700-11.6867-11.6142-11.5503-11.4080-11.2507-11.0470-10.7811-10.4426
-10.0547 -9.6529 -9.2527 -8.8623 -8.5015 -8.1873 -7.9262 -7.7103 -7.5307 -7.3796
 -7.2437
-12.2987-12.2038-12.1175-12.0474-11.9939-11.9535-11.9219-11.8980-11.8738-11.8408
-11.7923-11.7275-11.6571-11.5889-11.5251-11.3755-11.2069-10.9874-10.7111-10.3724
 -9.9842 -9.5775 -9.1711 -8.7747 -8.4049 -8.0798 -7.8079 -7.5850 -7.4010 -7.2473
 -7.1173
-12.2977-12.1904-12.0940-12.0082-11.9347-11.8741-11.8246-11.7849-11.7507-11.7177
-11.6822-11.6414-11.5946-11.5446-11.4916-11.3462-11.1707-10.9405-10.6561-10.3209
 -9.9407 -9.5359 -9.1272 -8.7268 -8.3503 -8.0139 -7.7285 -7.4935 -7.3009 -7.1401
 -7.0069
-12.3004-12.1899-12.0893-11.9976-11.9149-11.8418-11.7784-11.7238-11.6760-11.6329
-11.5923-11.5516-11.5089-11.4655-11.4226-11.3068-11.1414-10.9064-10.6155-10.2827
 -9.9129 -9.5163 -9.1099 -8.7089 -8.3283 -7.9829 -7.6840 -7.4342 -7.2289 -7.0598
 -6.9125
-12.3042-12.1944-12.0923-11.9993-11.9140-11.8360-11.7652-11.7013-11.6439-11.5918
-11.5431-11.4960-11.4487-11.4008-11.3181-11.2573-11.1190-10.8851-10.5893
 [Fe/H] =  0.25 [alpha/Fe] = 0.40 BC value = F225W
-13.5275-13.5883-13.5643-13.4686-13.3134-13.1089-12.8639-12.5858-12.3005-12.0812
-11.9247-11.8185-11.7418-11.6816-11.6313-11.5319-11.4532-11.3820-11.3048
-13.3211-13.3757-13.4544-13.5059-13.4801-13.3364-13.0427-12.6368-12.3240-12.0892
-11.9262-11.8163-11.7375-11.6766-11.6260-11.5256-11.4431-11.3606-11.2562-11.1095
-13.1126-13.1547-13.1955-13.2226-13.2178-13.1532-12.9847-12.6746-12.3537-12.1078
-11.9355-11.8186-11.7354-11.6721-11.6203-11.5173-11.4292-11.3343-11.2060-11.0234
-10.7872
-12.9183-12.9420-12.9706-12.9937-12.9975-12.9623-12.8605-12.6552-12.3759-12.1298
-11.9491-11.8231-11.7342-11.6672-11.6132-11.5064-11.4118-11.3045-11.1542-10.9390
-10.6699-10.3662
-12.7497-12.7517-12.7609-12.7742-12.7796-12.7629-12.7057-12.5803-12.3740-12.1462
-11.9626-11.8287-11.7331-11.6611-11.6039-11.4921-11.3903-11.2707-11.1020-10.8601
-10.5621-10.2364 -9.8960 -9.5478
-12.6238-12.5887-12.5774-12.5749-12.5738-12.5643-12.5335-12.4631-12.3302-12.1467
-11.9707-11.8328-11.7309-11.6536-11.5922-11.4736-11.3639-11.2319-11.0482-10.7873
-10.4657-10.1200 -9.7666 -9.4107 -9.0622 -8.7378 -8.4520 -8.2082 -7.9872 -7.7776
-12.5023-12.4609-12.4295-12.4071-12.3921-12.3786-12.3585-12.3199-12.2440-12.1180
-11.9669-11.8322-11.7260-11.6437-11.5779-11.4506-11.3321-11.1872-10.9911-10.7191
-10.3815-10.0189 -9.6526 -9.2879 -8.9313 -8.6008 -8.3066 -8.0549 -7.8443 -7.6534
 -7.4710
-12.3704-12.3194-12.2889-12.2659-12.2427-12.2194-12.1960-12.1690-12.1270-12.0522
-11.9416-11.8218-11.7168-11.6309-11.5610-11.4237-11.2954-11.1375-10.9299-10.6527
-10.3087 -9.9350 -9.5576 -9.1846 -8.8201 -8.4786 -8.1768 -7.9194 -7.7038 -7.5227
 -7.3591
-12.3201-12.2337-12.1648-12.1160-12.0841-12.0626-12.0437-12.0212-11.9944-11.9522
-11.8838-11.7918-11.6969-11.6124-11.5399-11.3929-11.2543-11.0830-10.8627-10.5824
-10.2394 -9.8610 -9.4771 -9.0973 -8.7265 -8.3773 -8.0666 -7.8021 -7.5801 -7.3944
 -7.2382
-12.3063-12.2078-12.1193-12.0436-11.9828-11.9364-11.9008-11.8714-11.8459-11.8193
-11.7843-11.7295-11.6598-11.5867-11.5168-11.3635-11.2157-11.0340-10.8031-10.5216
-10.1864 -9.8126 -9.4271 -9.0437 -8.6683 -8.3125 -7.9923 -7.7169 -7.4863 -7.2914
 -7.1331
-12.3044-12.2013-12.1059-12.0190-11.9418-11.8757-11.8207-11.7747-11.7346-11.6981
-11.6630-11.6246-11.5775-11.5249-11.4705-11.3324-11.1803-10.9915-10.7514-10.4669
-10.1402 -9.7768 -9.3959 -9.0128 -8.6360 -8.2763 -7.9483 -7.6620 -7.4202 -7.2191
 -7.0506
-12.3098-12.2040-12.1057-12.0149-11.9314-11.8555-11.7877-11.7279-11.6754-11.6279
-11.5833-11.5396-11.4943-11.4462-11.4010-11.2996-11.1481-10.9555-10.7076
 [Fe/H] =  0.50 [alpha/Fe] = 0.40 BC value = F225W
-13.5970-13.6821-13.5725-13.3565-13.0795-12.8252-12.6362-12.6185-12.3403-12.1104
-11.9369-11.8182-11.7354-11.6722-11.6211-11.5223-11.4477-11.3829-11.3145
-13.4032-13.4854-13.5553-13.6897-13.6495-13.4518-13.1114-12.6934-12.3794-12.1281
-11.9445-11.8201-11.7340-11.6695-11.6175-11.5180-11.4406-11.3688-11.2832-11.1650
-13.1947-13.2641-13.3283-13.3779-13.3938-13.3432-13.1600-12.7715-12.4247-12.1580
-11.9614-11.8275-11.7351-11.6673-11.6135-11.5119-11.4307-11.3506-11.2483-11.1014
-10.9037
-12.9940-13.0449-13.0988-13.1452-13.1697-13.1493-13.0462-12.8042-12.4730-12.1920
-11.9834-11.8388-11.7381-11.6653-11.6084-11.5032-11.4178-11.3292-11.2119-11.0396
-10.8114-10.5431
-12.8129-12.8414-12.8787-12.9162-12.9423-12.9408-12.8881-12.7468-12.4948-12.2262
-12.0083-11.8518-11.7423-11.6626-11.6017-11.4910-11.4009-11.3039-11.1737-10.9815
-10.7275-10.4360-10.1235 -9.7985
-12.6626-12.6644-12.6794-12.7013-12.7213-12.7278-12.7047-12.6288-12.4696-12.2428
-12.0311-11.8654-11.7466-11.6595-11.5932-11.4749-11.3793-11.2736-11.1323-10.9264
-10.6524-10.3404-10.0126 -9.6789 -9.3430 -9.0119 -8.7013 -8.4226 -8.1659 -7.9272
-12.5458-12.5223-12.5118-12.5122-12.5183-12.5220-12.5124-12.4747-12.3864-12.2297
-12.0412-11.8764-11.7496-11.6550-11.5828-11.4547-11.3522-11.2375-11.0860-10.8717
-10.5853-10.2564 -9.9147 -9.5712 -9.2287 -8.8907 -8.5717 -8.2855 -8.0371 -7.8114
 -7.6015
-12.4164-12.3950-12.3760-12.3595-12.3467-12.3377-12.3271-12.3064-12.2606-12.1698
-12.0289-11.8783-11.7490-11.6485-11.5702-11.4304-11.3197-11.1953-11.0335-10.8138
-10.5230-10.1838 -9.8307 -9.4776 -9.1286 -8.7845 -8.4581 -8.1630 -7.9075 -7.6909
 -7.4955
-12.3257-12.2610-12.2192-12.1985-12.1890-12.1796-12.1643-12.1429-12.1151-12.0652
-11.9786-11.8594-11.7386-11.6361-11.5535-11.4018-11.2810-11.1464-10.9727-10.7471
-10.4568-10.1144 -9.7536 -9.3941 -9.0391 -8.6896 -8.3572 -8.0575 -7.7948 -7.5698
 -7.3825
-12.3011-12.2147-12.1399-12.0813-12.0397-12.0136-11.9966-11.9822-11.9644-11.9365
-11.8902-11.8143-11.7171-11.6210-11.5366-11.3736-11.2420-11.0983-10.9143-10.6837
-10.3990-10.0626 -9.7015 -9.3379 -8.9789 -8.6258 -8.2878 -7.9783 -7.7080 -7.4778
 -7.2835
-12.2942-12.2007-12.1139-12.0358-11.9690-11.9153-11.8740-11.8412-11.8133-11.7869
-11.7583-11.7193-11.6593-11.5853-11.5096-11.3451-11.2034-11.0512-10.8583-10.6210
-10.3405-10.0152 -9.6606 -9.2981 -8.9378 -8.5831 -8.2423 -7.9272 -7.6487 -7.4101
 -7.2086
-12.2962-12.1988-12.1077-12.0227-11.9447-11.8748-11.8144-11.7633-11.7194-11.6798
-11.6419-11.6039-11.5610-11.5092-11.4725-11.3163-11.1652-11.0051-10.8047
