 [Fe/H] = -2.50 [alpha/Fe] = 0.40 BC value = F218W
-10.7060-10.6794-10.6972-10.6825-10.6145-10.5463-10.5292-10.5391-10.5178-10.4391
-10.3252-10.1815-10.0205 -9.8487 -9.6660 -9.1789 -8.6620 -8.1519 -7.7318
-10.6694-10.5798-10.5186-10.4658-10.4192-10.3801-10.3451-10.3070-10.2569-10.1871
-10.0908 -9.9613 -9.7987 -9.6177 -9.4330 -8.9699 -8.4956 -7.9800 -7.4269 -6.8439
-10.6467-10.5236-10.4153-10.3287-10.2701-10.2243-10.1718-10.1104-10.0428 -9.9679
 -9.8746 -9.7545 -9.5991 -9.4179 -9.2335 -8.7872 -8.3335 -7.7850 -7.1113 -6.4166
 -5.8149
-10.6379-10.5108-10.3873-10.2712-10.1672-10.0789-10.0093 -9.9493 -9.8755 -9.7815
 -9.6766 -9.5611 -9.4217 -9.2493 -9.0675 -8.6308 -8.1757 -7.5669 -6.7850 -6.0256
 -5.4077 -4.9342
-10.6197-10.5005-10.3776-10.2534-10.1310-10.0143 -9.9061 -9.8076 -9.7187 -9.6303
 -9.5244 -9.4014 -9.2694 -9.1137 -8.9365 -8.4962 -8.0149 -7.3444 -6.4885 -5.6881
 -5.0650 -4.6053 -4.2671 -4.0147
-10.5831-10.4795-10.3669-10.2461-10.1195 -9.9899 -9.8608 -9.7356 -9.6154 -9.5001
 -9.3874 -9.2694 -9.1407 -8.9977 -8.8297 -8.3744 -7.8537 -7.1470 -6.2696 -5.4465
 -4.8113 -4.3520 -4.0211 -3.7788 -3.5972 -3.4570 -3.3433 -3.2545 -3.1836 -3.1021
-10.5253-10.4417-10.3456-10.2366-10.1153 -9.9840 -9.8458 -9.7041 -9.5630 -9.4240
 -9.2872 -9.1519 -9.0160 -8.8777 -8.7198 -8.2612 -7.7083 -6.9993 -6.1446 -5.3190
 -4.6617 -4.1845 -3.8444 -3.5979 -3.4151 -3.2759 -3.1666 -3.0758 -3.0051 -2.9508
 -2.8865
-10.4497-10.3860-10.3091-10.2173-10.1089 -9.9847 -9.8467 -9.6982 -9.5435 -9.3869
 -9.2300 -9.0736 -8.9182 -8.7639 -8.6034 -8.1506 -7.5932 -6.9069 -6.1031 -5.2956
 -4.6176 -4.1076 -3.7404 -3.4755 -3.2803 -3.1325 -3.0180 -2.9263 -2.8505 -2.7887
 -2.7456
-10.3613-10.3155-10.2568-10.1833-10.0920 -9.9813 -9.8517 -9.7052 -9.5458 -9.3780
 -9.2056 -9.0315 -8.8569 -8.6828 -8.5073 -8.0432 -7.5090 -6.8535 -6.1070 -5.3386
 -4.6544 -4.1100 -3.7046 -3.4088 -3.1907 -3.0262 -2.8996 -2.7995 -2.7182 -2.6506
 -2.5958
-10.2677-10.2376-10.1943-10.1374-10.0642 -9.9711 -9.8568 -9.7211 -9.5664 -9.3964
 -9.2159 -9.0290 -8.8391 -8.6485 -8.4572 -7.9691 -7.4573 -6.8518 -6.1546 -5.4308
 -4.7579 -4.1910 -3.7458 -3.4099 -3.1591 -2.9694 -2.8235 -2.7088 -2.6166 -2.5409
 -2.4730
-10.1708-10.1533-10.1239-10.0808-10.0228 -9.9478 -9.8520 -9.7332 -9.5916 -9.4289
 -9.2489 -9.0564 -8.8560 -8.6518 -8.4456 -7.9292 -7.4193 -6.8652 -6.2235 -5.5377
 -4.8834 -4.3111 -3.8391 -3.4661 -3.1786 -2.9580 -2.7876 -2.6537 -2.5464 -2.4590
 -2.3863
-10.0705-10.0626-10.0468-10.0154 -9.9708 -9.9110 -9.8328 -9.7334 -9.6101 -9.4629
 -9.2928 -9.1033 -8.8993 -8.6860 -8.4725 -7.9235 -7.3950 -6.8937 -6.3137
 [Fe/H] = -2.00 [alpha/Fe] = 0.40 BC value = F218W
-10.8296-10.7630-10.7128-10.6738-10.6410-10.6068-10.5640-10.5071-10.4335-10.3418
-10.2269-10.0856 -9.9220 -9.7497 -9.5804 -9.1402 -8.6881 -8.2209 -7.7791
-10.6954-10.6010-10.5271-10.4703-10.4245-10.3828-10.3385-10.2836-10.2151-10.1298
-10.0215 -9.8842 -9.7176 -9.5372 -9.3575 -8.9279 -8.5110 -8.0705 -7.5619 -6.9848
-10.6212-10.4861-10.3842-10.3120-10.2441-10.1854-10.1308-10.0724-10.0047 -9.9237
 -9.8239 -9.6983 -9.5401 -9.3586 -9.1764 -8.7514 -8.3476 -7.8948 -7.3035 -6.6258
 -6.0089
-10.6015-10.4384-10.3077-10.2049-10.1211-10.0477 -9.9775 -9.9049 -9.8267 -9.7422
 -9.6463 -9.5332 -9.3928 -9.2196 -9.0371 -8.6107 -8.1979 -7.6938 -7.0039 -6.2479
 -5.5958 -5.0884
-10.6215-10.4602-10.3076-10.1776-10.0674 -9.9704 -9.8811 -9.7950 -9.7082 -9.6157
 -9.5101 -9.3965 -9.2695 -9.1144 -8.9344 -8.4956 -8.0468 -7.4680 -6.7029 -5.9070
 -5.2494 -4.7559 -4.3922 -4.1202
-10.6433-10.4876-10.3339-10.1857-10.0458 -9.9169 -9.7997 -9.6937 -9.5972 -9.5083
 -9.4126 -9.2977 -9.1702 -9.0276 -8.8571 -8.3940 -7.8922 -7.2486 -6.4541 -5.6496
 -4.9881 -4.4978 -4.1423 -3.8810 -3.6840 -3.5308 -3.4058 -3.3064 -3.2251 -3.1346
-10.6530-10.5131-10.3674-10.2206-10.0749 -9.9326 -9.7958 -9.6660 -9.5432 -9.4253
 -9.3109 -9.1979 -9.0778 -8.9441 -8.7853 -8.3044 -7.7525 -7.0771 -6.2905 -5.4984
 -4.8280 -4.3249 -3.9614 -3.6965 -3.4991 -3.3476 -3.2275 -3.1270 -3.0472 -2.9842
 -2.9124
-10.6399-10.5240-10.3959-10.2592-10.1168 -9.9708 -9.8232 -9.6763 -9.5322 -9.3916
 -9.2528 -9.1151 -8.9786 -8.8433 -8.6963 -8.2302 -7.6519 -6.9743 -6.2165 -5.4494
 -4.7713 -4.2417 -3.8535 -3.5708 -3.3613 -3.2017 -3.0771 -2.9763 -2.8921 -2.8229
 -2.7727
-10.5957-10.5066-10.4038-10.2869-10.1573-10.0169 -9.8677 -9.7122 -9.5532 -9.3935
 -9.2341 -9.0748 -8.9154 -8.7570 -8.5989 -8.1480 -7.5906 -6.9270 -6.2055 -5.4713
 -4.7944 -4.2373 -3.8136 -3.5008 -3.2687 -3.0927 -2.9564 -2.8479 -2.7590 -2.6843
 -2.6234
-10.5267-10.4651-10.3885-10.2960-10.1874-10.0625 -9.9220 -9.7680 -9.6036 -9.4324
 -9.2572 -9.0799 -8.9015 -8.7225 -8.5439 -8.0773 -7.5598 -6.9367 -6.2513 -5.5528
 -4.8890 -4.3131 -3.8519 -3.4996 -3.2347 -3.0336 -2.8782 -2.7553 -2.6560 -2.5738
 -2.5004
-10.4414-10.4007-10.3479-10.2795-10.1946-10.0917 -9.9693 -9.8274 -9.6682 -9.4950
 -9.3119 -9.1222 -8.9286 -8.7328 -8.5358 -8.0354 -7.5298 -6.9649 -6.3221 -5.6562
 -5.0115 -4.4313 -3.9437 -3.5544 -3.2526 -3.0204 -2.8404 -2.6984 -2.5842 -2.4907
 -2.4128
-10.3413-10.3215-10.2875-10.2400-10.1771-10.0967 -9.9970 -9.8758 -9.7322 -9.5681
 -9.3869 -9.1929 -8.9900 -8.7815 -8.5746 -8.0223 -7.5006 -7.0116 -6.4179
 [Fe/H] = -1.50 [alpha/Fe] = 0.40 BC value = F218W
-11.0460-10.9781-10.9200-10.8659-10.8136-10.7511-10.6661-10.5550-10.4356-10.3089
-10.1691-10.0130 -9.8438 -9.6713 -9.5016 -9.0979 -8.7061 -8.3068 -7.8957
-10.8498-10.7629-10.6909-10.6284-10.5694-10.5071-10.4307-10.3337-10.2281-10.1131
 -9.9829 -9.8314 -9.6598 -9.4800 -9.3038 -8.8961 -8.5175 -8.1384 -7.7192 -7.2151
-10.7036-10.5899-10.4965-10.4186-10.3504-10.2851-10.2143-10.1288-10.0341 -9.9305
 -9.8133 -9.6756 -9.5121 -9.3318 -9.1520 -8.7407 -8.3666 -7.9852 -7.5225 -6.9236
 -6.2845
-10.6297-10.4786-10.3538-10.2566-10.1720-10.0972-10.0251 -9.9469 -9.8606 -9.7667
 -9.6621 -9.5412 -9.3954 -9.2234 -9.0429 -8.6254 -8.2440 -7.8305 -7.2862 -6.5935
 -5.9071 -5.3409
-10.6234-10.4416-10.2865-10.1559-10.0476 -9.9600 -9.8868 -9.8094 -9.7242 -9.6326
 -9.5340 -9.4250 -9.2984 -9.1436 -8.9671 -8.5394 -8.1366 -7.6627 -7.0244 -6.2702
 -5.5673 -5.0107 -4.5952 -4.2857
-10.6654-10.4746-10.2956-10.1334 -9.9926 -9.8735 -9.7762 -9.6981 -9.6253 -9.5436
 -9.4447 -9.3345 -9.2152 -9.0788 -8.9135 -8.4726 -8.0349 -7.4924 -6.7829 -6.0045
 -5.3021 -4.7510 -4.3444 -4.0454 -3.8203 -3.6449 -3.5017 -3.3857 -3.2879 -3.1827
-10.7205-10.5309-10.3466-10.1723-10.0117 -9.8680 -9.7423 -9.6323 -9.5345 -9.4467
 -9.3626 -9.2668 -9.1513 -9.0203 -8.8700 -8.4188 -7.9401 -7.3462 -6.6053 -5.8277
 -5.1295 -4.5740 -4.1615 -3.8592 -3.6337 -3.4602 -3.3220 -3.2074 -3.1118 -3.0342
 -2.9497
-10.7739-10.5966-10.4164-10.2389-10.0691 -9.9094 -9.7618 -9.6271 -9.5042 -9.3900
 -9.2811 -9.1760 -9.0710 -8.9548 -8.8183 -8.3781 -7.8613 -7.2434 -6.5060 -5.7449
 -5.1117 -4.4834 -4.0509 -3.7315 -3.4938 -3.3124 -3.1701 -3.0524 -2.9548 -2.8756
 -2.8132
-10.7946-10.6496-10.4859-10.3170-10.1469 -9.9800 -9.8184 -9.6640 -9.5177 -9.3791
 -9.2463 -9.1165 -8.9884 -8.8624 -8.7330 -8.3292 -7.8042 -7.1807 -6.4678 -5.7334
 -5.0509 -4.4674 -4.0064 -3.6589 -3.3988 -3.2011 -3.0475 -2.9246 -2.8234 -2.7376
 -2.6665
-10.7767-10.6672-10.5359-10.3899-10.2331-10.0702 -9.9047 -9.7393 -9.5756 -9.4154
 -9.2593 -9.1065 -8.9554 -8.8054 -8.6565 -8.2589 -7.7746 -7.1689 -6.4900 -5.7894
 -5.1230 -4.5304 -4.0392 -3.6554 -3.3632 -3.1403 -2.9677 -2.8308 -2.7198 -2.6275
 -2.5449
-10.7226-10.6456-10.5482-10.4328-10.3017-10.1566-10.0003 -9.8353 -9.6644 -9.4905
 -9.3156 -9.1415 -8.9686 -8.7968 -8.6256 -8.1913 -7.7323 -7.1817 -6.5407 -5.8748
 -5.2296 -4.6377 -4.1260 -3.7081 -3.3801 -3.1261 -2.9288 -2.7728 -2.6472 -2.5441
 -2.4575
-10.6343-10.5857-10.5195-10.4368-10.3362-10.2180-10.0830 -9.9320 -9.7669 -9.5907
 -9.4065 -9.2177 -9.0267 -8.8350 -8.6403 -8.1264 -7.6773 -7.2191 -6.6199
 [Fe/H] = -1.00 [alpha/Fe] = 0.40 BC value = F218W
-11.4066-11.3479-11.2899-11.2254-11.1517-11.0489-10.8957-10.6913-10.4870-10.3008
-10.1274 -9.9588 -9.7914 -9.6251 -9.4620 -9.0787 -8.7253 -8.3696 -7.9978
-11.1497-11.0781-11.0128-10.9471-10.8731-10.7808-10.6531-10.4809-10.3047-10.1361
 -9.9719 -9.8063 -9.6361 -9.4641 -9.2947 -8.9031 -8.5489 -8.2050 -7.8453 -7.4422
-10.9322-10.8419-10.7635-10.6913-10.6183-10.5361-10.4304-10.2885-10.1367 -9.9863
 -9.8361 -9.6809 -9.5165 -9.3446 -9.1724 -8.7740 -8.4192 -8.0742 -7.7013 -7.2480
 -6.6822
-10.7719-10.6554-10.5567-10.4707-10.3918-10.3131-10.2248-10.1102 -9.9811 -9.8491
 -9.7151 -9.5750 -9.4232 -9.2583 -9.0870 -8.6819 -8.3220 -7.9674 -7.5594 -7.0291
 -6.3857 -5.7613
-10.6838-10.5329-10.4084-10.3019-10.2087-10.1241-10.0416 -9.9480 -9.8391 -9.7241
 -9.6056 -9.4814 -9.3457 -9.1937 -9.0280 -8.6169 -8.2480 -7.8772 -7.4171 -6.8025
 -6.1019 -5.4608 -4.9512 -4.5650
-10.6913-10.4985-10.3285-10.1858-10.0699 -9.9762 -9.8941 -9.8124 -9.7187 -9.6161
 -9.5089 -9.3971 -9.2765 -9.1407 -8.9858 -8.5720 -8.1901 -7.7986 -7.2843 -6.6012
 -5.8663 -5.2179 -4.7106 -4.3309 -4.0462 -3.8265 -3.6506 -3.5063 -3.3831 -3.2554
-10.7434-10.5358-10.3406-10.1635-10.0099 -9.8802 -9.7725 -9.6852 -9.6093 -9.5288
 -9.4349 -9.3296 -9.2159 -9.0920 -8.9520 -8.5417 -8.1428 -7.7284 -7.1745 -6.4518
 -5.7013 -5.0473 -4.5336 -4.1490 -3.8624 -3.6438 -3.4707 -3.3291 -3.2108 -3.1104
 -3.0056
-10.8178-10.6061-10.4007-10.2065-10.0280 -9.8698 -9.7331 -9.6163 -9.5158 -9.4275
 -9.3460 -9.2621 -9.1642 -9.0491 -8.9190 -8.5229 -8.1036 -7.6649 -7.0923 -6.3620
 -5.6104 -4.9516 -4.4244 -4.0239 -3.7245 -3.4972 -3.3203 -3.1772 -3.0571 -2.9566
 -2.8680
-10.9022-10.6952-10.4889-10.2870-10.0948 -9.9166 -9.7554 -9.6124 -9.4865 -9.3745
 -9.2718 -9.1746 -9.0797 -8.9809 -8.8680 -8.5057 -8.0675 -7.6041 -7.0285 -6.3165
 -5.5779 -4.9168 -4.3737 -3.9505 -3.6297 -3.3861 -3.1978 -3.0478 -2.9246 -2.8205
 -2.7325
-10.9650-10.7868-10.5944-10.3967-10.2001-10.0105 -9.8320 -9.6666 -9.5152 -9.3774
 -9.2507 -9.1312 -9.0154 -8.9011 -8.7865 -8.4637 -8.0467 -7.5612 -6.9946 -6.3196
 -5.6089 -4.9525 -4.3941 -3.9438 -3.5941 -3.3258 -3.1186 -2.9546 -2.8220 -2.7119
 -2.6183
-10.9764-10.8386-10.6808-10.5060-10.3206-10.1320 -9.9460 -9.7663 -9.5948 -9.4327
 -9.2798 -9.1350 -8.9959 -8.8597 -8.7243 -8.3834 -8.0043 -7.5342 -6.9775 -6.3431
 -5.6701 -5.0287 -4.4630 -3.9897 -3.6096 -3.3119 -3.0801 -2.8971 -2.7501 -2.6296
 -2.5285
-10.9325-10.8327-10.7157-10.5792-10.4228-10.2528-10.0751 -9.8938 -9.7128 -9.5342
 -9.3596 -9.1900 -9.0254 -8.8652 -8.6814 -8.2648 -7.9403 -7.5231 -6.9772
 [Fe/H] = -0.75 [alpha/Fe] = 0.40 BC value = F218W
-11.6179-11.5728-11.5235-11.4609-11.3616-11.2186-11.0304-10.7958-10.5333-10.3094
-10.1182 -9.9445 -9.7789 -9.6176 -9.4594 -9.0858 -8.7400 -8.4045 -8.0568
-11.3365-11.2796-11.2247-11.1633-11.0851-10.9773-10.8200-10.5977-10.3694-10.1631
 -9.9785 -9.8062 -9.6385 -9.4723 -9.3084 -8.9254 -8.5801 -8.2496 -7.9074 -7.5374
-11.0879-11.0139-10.9482-10.8836-10.8113-10.7204-10.5943-10.4146-10.2189-10.0324
 -9.8591 -9.6938 -9.5298 -9.3641 -9.1983 -8.8086 -8.4613 -8.1295 -7.7802 -7.3840
 -6.8927
-10.8892-10.7916-10.7084-10.6336-10.5603-10.4796-10.3797-10.2393-10.0754 -9.9110
 -9.7530 -9.5993 -9.4443 -9.2842 -9.1201 -8.7250 -8.3730 -8.0362 -7.6712 -7.2290
 -6.6652 -6.0469
-10.7619-10.6329-10.5235-10.4296-10.3455-10.2648-10.1791-10.0714 -9.9377 -9.7960
 -9.6553 -9.5158 -9.3732 -9.2230 -9.0643 -8.6663 -8.3066 -7.9631 -7.5771 -7.0780
 -6.4453 -5.7869 -5.2202 -4.7771
-10.7174-10.5442-10.4001-10.2817-10.1805-10.0898-10.0049 -9.9156 -9.8078 -9.6874
 -9.5636 -9.4386 -9.3096 -9.1721 -9.0229 -8.6258 -8.2561 -7.9039 -7.4964 -6.9442
 -6.2572 -5.5720 -4.9967 -4.5528 -4.2176 -3.9597 -3.7562 -3.5906 -3.4483 -3.3054
-10.7526-10.5494-10.3635-10.2013-10.0640 -9.9497 -9.8552 -9.7745 -9.6903 -9.5909
 -9.4816 -9.3680 -9.2506 -9.1260 -8.9887 -8.5991 -8.2175 -7.8542 -7.4283 -6.8392
 -6.1188 -5.4163 -4.8302 -4.3783 -4.0389 -3.7810 -3.5794 -3.4152 -3.2800 -3.1636
 -3.0457
-10.8202-10.6062-10.4014-10.2105-10.0394 -9.8905 -9.7632 -9.6556 -9.5652 -9.4828
 -9.3992 -9.3058 -9.1998 -9.0835 -8.9571 -8.5829 -8.1886 -7.8099 -7.3694 -6.7650
 -6.0379 -5.3228 -4.7245 -4.2589 -3.9047 -3.6377 -3.4308 -3.2654 -3.1284 -3.0138
 -2.9177
-10.9063-10.6914-10.4788-10.2738-10.0811 -9.9055 -9.7499 -9.6145 -9.4977 -9.3954
 -9.3025 -9.2151 -9.1275 -9.0307 -8.9181 -8.5697 -8.1633 -7.7644 -7.3111 -6.7096
 -5.9878 -5.2782 -4.6697 -4.1845 -3.8120 -3.5285 -3.3104 -3.1378 -2.9971 -2.8791
 -2.7802
-10.9999-10.7975-10.5883-10.3791-10.1751 -9.9818 -9.8031 -9.6416 -9.4981 -9.3711
 -9.2568 -9.1509 -9.0493 -8.9495 -8.8475 -8.5456 -8.1513 -7.7288 -7.2654 -6.6828
 -5.9909 -5.2944 -4.6798 -4.1749 -3.7773 -3.4704 -3.2332 -3.0467 -2.8964 -2.7712
 -2.6674
-11.0568-10.8872-10.7024-10.5043-10.3021-10.1013 -9.9079 -9.7259 -9.5575 -9.4036
 -9.2632 -9.1336 -9.0111 -8.8920 -8.7740 -8.4754 -8.1279 -7.7001 -7.2249 -6.6653
 -6.0145 -5.3447 -4.7331 -4.2137 -3.7913 -3.4574 -3.1964 -2.9907 -2.8259 -2.6915
 -2.5793
-11.0770-10.9241-10.7775-10.6132-10.4317-10.2405-10.0461 -9.8540 -9.6685 -9.4919
 -9.3252 -9.1686 -9.0204 -8.8782 -8.6976 -8.3591 -8.0931 -7.6783 -7.1896
 [Fe/H] = -0.50 [alpha/Fe] = 0.40 BC value = F218W
-11.8371-11.8111-11.7746-11.7187-11.6072-11.4336-11.2007-10.9109-10.5909-10.3287
-10.1193 -9.9401 -9.7768 -9.6208 -9.4688 -9.1061 -8.7703 -8.4485 -8.1160
-11.5412-11.5023-11.4608-11.4064-11.3260-11.2028-11.0132-10.7355-10.4488-10.2003
 -9.9941 -9.8148 -9.6494 -9.4898 -9.3330 -8.9607 -8.6227 -8.3033 -7.9770 -7.6276
-11.2671-11.2119-11.1609-11.1054-11.0348-10.9353-10.7874-10.5663-10.3181-10.0884
 -9.8892 -9.7132 -9.5495 -9.3904 -9.2325 -8.8546 -8.5138 -8.1930 -7.8617 -7.5010
 -7.0815
-11.0324-10.9556-10.8894-10.8271-10.7600-10.6772-10.5643-10.3961-10.1896 -9.9838
 -9.7970 -9.6280 -9.4694 -9.3141 -9.1583 -8.7776 -8.4326 -8.1087 -7.7701 -7.3897
 -6.9241 -6.3612
-10.8592-10.7532-10.6640-10.5863-10.5134-10.4371-10.3467-10.2229-10.0586 -9.8813
 -9.7112 -9.5529 -9.4024 -9.2538 -9.1026 -8.7220 -8.3708 -8.0432 -7.6979 -7.2946
 -6.7791 -6.1631 -5.5596 -5.0563
-10.7645-10.6242-10.5051-10.4022-10.3120-10.2292-10.1462-10.0508 -9.9251 -9.7780
 -9.6280 -9.4832 -9.3430 -9.2031 -9.0592 -8.6826 -8.3238 -7.9907 -7.6404 -7.2152
 -6.6554 -5.9962 -5.3674 -4.8486 -4.4466 -4.1370 -3.8935 -3.6982 -3.5308 -3.3680
-10.7611-10.5727-10.4094-10.2733-10.1601-10.0628 -9.9745 -9.8903 -9.7933 -9.6749
 -9.5459 -9.4161 -9.2876 -9.1579 -9.0228 -8.6557 -8.2884 -7.9477 -7.5925 -7.1510
 -6.5596 -5.8706 -5.2219 -4.6886 -4.2780 -3.9649 -3.7217 -3.5262 -3.3667 -3.2292
 -3.0942
-10.8146-10.6052-10.4085-10.2310-10.0767 -9.9450 -9.8326 -9.7371 -9.6544 -9.5660
 -9.4641 -9.3522 -9.2353 -9.1154 -8.9899 -8.6377 -8.2630 -7.9111 -7.5497 -7.0985
 -6.4916 -5.7882 -5.1255 -4.5769 -4.1515 -3.8274 -3.5779 -3.3795 -3.2182 -3.0838
 -2.9694
-10.8950-10.6774-10.4659-10.2650-10.0797 -9.9146 -9.7705 -9.6455 -9.5381 -9.4443
 -9.3556 -9.2674 -9.1741 -9.0702 -8.9552 -8.6222 -8.2426 -7.8755 -7.5034 -7.0470
 -6.4393 -5.7367 -5.0677 -4.5057 -4.0630 -3.7227 -3.4613 -3.2491 -3.0766 -2.9402
 -2.8365
-10.9995-10.7829-10.5665-10.3539-10.1503 -9.9604 -9.7880 -9.6349 -9.5008 -9.3836
 -9.2786 -9.1815 -9.0888 -8.9972 -8.9005 -8.6075 -8.2347 -7.8503 -7.4643 -7.0078
 -6.4166 -5.7313 -5.0654 -4.4921 -4.0298 -3.6681 -3.3882 -3.1688 -2.9933 -2.8479
 -2.7279
-11.0932-10.8982-10.6912-10.4796-10.2682-10.0632 -9.8696 -9.6912 -9.5298 -9.3859
 -9.2573 -9.1404 -9.0310 -8.9256 -8.8220 -8.5549 -8.2258 -7.8296 -7.4245 -6.9677
 -6.4023 -5.7484 -5.0973 -4.5201 -4.0409 -3.6567 -3.3543 -3.1160 -2.9259 -2.7714
 -2.6436
-11.1374-10.9789-10.8042-10.6139-10.4114-10.2054-10.0014 -9.8053 -9.6209 -9.4504
 -9.2941 -9.1511 -9.0185 -8.8927 -8.7197 -8.4644 -8.2159 -7.8134 -7.3840
 [Fe/H] = -0.25 [alpha/Fe] = 0.40 BC value = F218W
-12.0371-12.0336-12.0378-12.0123-11.9201-11.7319-11.4240-11.0185-10.6555-10.3621
-10.1334 -9.9475 -9.7851 -9.6341 -9.4886 -9.1400 -8.8121 -8.5006 -8.1833
-11.7405-11.7274-11.7016-11.6600-11.5825-11.4460-11.2206-10.8815-10.5373-10.2497
-10.0210 -9.8335 -9.6690 -9.5154 -9.3661 -9.0077 -8.6767 -8.3658 -8.0541 -7.7225
-11.4523-11.4194-11.3867-11.3440-11.2781-11.1715-11.0006-10.7345-10.4297-10.1549
 -9.9287 -9.7408 -9.5759 -9.4224 -9.2728 -8.9104 -8.5762 -8.2641 -7.9484 -7.6104
 -7.2400
-11.1909-11.1370-11.0901-11.0421-10.9827-10.8986-10.7723-10.5744-10.3197-10.0675
 -9.8484 -9.6628 -9.4995 -9.3479 -9.2001 -8.8376 -8.5003 -8.1862 -7.8662 -7.5195
 -7.1298 -6.6575
-10.9760-10.8955-10.8283-10.7681-10.7071-10.6352-10.5395-10.3982-10.1990 -9.9790
 -9.7739 -9.5942 -9.4347 -9.2864 -9.1421 -8.7827 -8.4414 -8.1248 -7.8023 -7.4477
 -7.0372 -6.5263 -5.9465 -5.4040
-10.8327-10.7211-10.6235-10.5409-10.4672-10.3949-10.3145-10.2112-10.0649 -9.8841
 -9.7003 -9.5310 -9.3776 -9.2343 -9.0947 -8.7412 -8.3953 -8.0749 -7.7516 -7.3916
 -6.9619 -6.4168 -5.8014 -5.2244 -4.7525 -4.3774 -4.0782 -3.8375 -3.6362 -3.4471
-10.7763-10.6178-10.4885-10.3797-10.2833-10.1958-10.1136-10.0278 -9.9208 -9.7808
 -9.6241 -9.4699 -9.3253 -9.1884 -9.0544 -8.7104 -8.3603 -8.0333 -7.7093 -7.3467
 -6.9022 -6.3314 -5.6887 -5.0896 -4.5965 -4.2108 -3.9099 -3.6722 -3.4796 -3.3138
 -3.1569
-10.8046-10.6069-10.4285-10.2754-10.1472-10.0388 -9.9439 -9.8567 -9.7721 -9.6683
 -9.5427 -9.4082 -9.2754 -9.1464 -9.0188 -8.6870 -8.3348 -7.9987 -7.6716 -7.3079
 -6.8543 -6.2690 -5.6101 -4.9936 -4.4835 -4.0844 -3.7757 -3.5321 -3.3364 -3.1753
 -3.0374
-10.8722-10.6593-10.4553-10.2662-10.0973 -9.9507 -9.8238 -9.7132 -9.6170 -9.5299
 -9.4358 -9.3319 -9.2203 -9.1036 -8.9840 -8.6661 -8.3143 -7.9666 -7.6309 -7.2647
 -6.8073 -6.2184 -5.5544 -4.9274 -4.4023 -3.9873 -3.6656 -3.4132 -3.2121 -3.0482
 -2.9111
-10.9718-10.7525-10.5381-10.3299-10.1338 -9.9546 -9.7952 -9.6548 -9.5316 -9.4234
 -9.3255 -9.2310 -9.1381 -9.0433 -8.9420 -8.6510 -8.3055 -7.9465 -7.5990 -7.2293
 -6.7751 -6.1955 -5.5396 -4.9098 -4.3714 -3.9383 -3.5987 -3.3329 -3.1218 -2.9477
 -2.8071
-11.0860-10.8752-10.6587-10.4423-10.2309-10.0296 -9.8427 -9.6732 -9.5222 -9.3886
 -9.2698 -9.1616 -9.0602 -8.9632 -8.8681 -8.6153 -8.2998 -7.9314 -7.5674 -7.1894
 -6.7412 -6.1811 -5.5457 -4.9232 -4.3776 -3.9281 -3.5689 -3.2850 -3.0593 -2.8769
 -2.7253
-11.1709-10.9901-10.7933-10.5842-10.3712-10.1593 -9.9542 -9.7609 -9.5826 -9.4210
 -9.2757 -9.1447 -9.0244 -8.9112 -8.7623 -8.5590 -8.2972 -7.9213 -7.5361
 [Fe/H] =  0.00 [alpha/Fe] = 0.40 BC value = F218W
-12.2048-12.2257-12.2334-12.1924-12.0807-11.8700-11.5459-11.0912-10.7223-10.4087
-10.1609 -9.9662 -9.8031 -9.6562 -9.5174 -9.1844 -8.8666 -8.5621 -8.2544
-11.9170-11.9264-11.9275-11.9050-11.8375-11.6927-11.4248-11.0154-10.6305-10.3101
-10.0594 -9.8618 -9.6960 -9.5471 -9.4055 -9.0643 -8.7418 -8.4368 -8.1367 -7.8224
-11.6258-11.6182-11.6080-11.5829-11.5267-11.4169-11.2219-10.9076-10.5471-10.2307
 -9.9776 -9.7766 -9.6086 -9.4589 -9.3170 -8.9734 -8.6481 -8.3427 -8.0401 -7.7202
 -7.3784
-11.3491-11.3204-11.2956-11.2651-11.2164-11.1332-10.9936-10.7637-10.4589-10.1595
 -9.9076 -9.7046 -9.5349 -9.3852 -9.2445 -8.9028 -8.5758 -8.2696 -7.9646 -7.6388
 -7.2896 -6.8952
-11.1045-11.0504-11.0062-10.9649-10.9169-10.8502-10.7491-10.5889-10.3528-10.0864
 -9.8441 -9.6412 -9.4712 -9.3220 -9.1831 -8.8460 -8.5179 -8.2105 -7.9049 -7.5753
 -7.2181 -6.8083 -6.3159 -5.7754
-10.9177-10.8304-10.7595-10.6993-10.6429-10.5810-10.5022-10.3899-10.2210-10.0021
 -9.7800 -9.5835 -9.4153 -9.2673 -9.1305 -8.7999 -8.4710 -8.1609 -7.8560 -7.5257
 -7.1618 -6.7376 -6.2207 -5.6518 -5.1181 -4.6677 -4.3050 -4.0164 -3.7710 -3.5484
-10.8116-10.6905-10.5853-10.4944-10.4158-10.3442-10.2711-10.1847-10.0666 -9.9021
 -9.7117 -9.5284 -9.3652 -9.2195 -9.0852 -8.7623 -8.4335 -8.1191 -7.8140 -7.4857
 -7.1169 -6.6809 -6.1449 -5.5522 -4.9971 -4.5344 -4.1607 -3.8629 -3.6258 -3.4230
 -3.2375
-10.7928-10.6172-10.4694-10.3501-10.2505-10.1608-10.0753 -9.9926 -9.9026 -9.7844
 -9.6337 -9.4718 -9.3180 -9.1771 -9.0459 -8.7314 -8.4051 -8.0841 -7.7761 -7.4507
 -7.0804 -6.6361 -6.0875 -5.4782 -4.9050 -4.4226 -4.0387 -3.7346 -3.4912 -3.2936
 -3.1248
-10.8392-10.6396-10.4501-10.2813-10.1376-10.0164 -9.9120 -9.8224 -9.7370 -9.6441
 -9.5343 -9.4045 -9.2683 -9.1358 -9.0092 -8.7031 -8.3809 -8.0520 -7.7364 -7.4104
 -7.0396 -6.5910 -6.0378 -5.4214 -4.8351 -4.3377 -3.9394 -3.6256 -3.3756 -3.1731
 -3.0066
-10.9306-10.7153-10.5081-10.3101-10.1284 -9.9675 -9.8273 -9.7069 -9.6005 -9.5016
 -9.4050 -9.3056 -9.1992 -9.0884 -8.9747 -8.6822 -8.3670 -8.0326 -7.7066 -7.3777
 -7.0097 -6.5628 -6.0138 -5.3997 -4.8072 -4.2959 -3.8813 -3.5529 -3.2924 -3.0803
 -2.9094
-11.0465-10.8301-10.6138-10.4009-10.1963-10.0052 -9.8315 -9.6767 -9.5393 -9.4171
 -9.3075 -9.2054 -9.1063 -9.0090 -8.9124 -8.6562 -8.3563 -8.0188 -7.6797 -7.3426
 -6.9751 -6.5347 -5.9975 -5.3958 -4.8057 -4.2857 -3.8563 -3.5117 -3.2370 -3.0162
 -2.8332
-11.1610-10.9619-10.7511-10.5358-10.3207-10.1112 -9.9124 -9.7282 -9.5611 -9.4112
 -9.2771 -9.1561 -9.0442 -8.9388 -8.8223 -8.6251 -8.3488 -8.0106 -7.6557
 [Fe/H] =  0.25 [alpha/Fe] = 0.40 BC value = F218W
-12.3368-12.3838-12.3417-12.2217-12.0340-11.7872-11.4888-11.1455-10.7806-10.4628
-10.2003 -9.9956 -9.8298 -9.6860 -9.5531 -9.2373 -8.9301 -8.6321 -8.3311
-12.0622-12.0980-12.1575-12.1856-12.1279-11.9407-11.5895-11.1113-10.7134-10.3775
-10.1084 -9.8995 -9.7304 -9.5844 -9.4494 -9.1276 -8.8161 -8.5164 -8.2240 -7.9243
-11.7744-11.7940-11.8088-11.8054-11.7644-11.6572-11.4387-11.0630-10.6567-10.3117
-10.0356 -9.8208 -9.6476 -9.4996 -9.3640 -9.0411 -8.7280 -8.4286 -8.1355 -7.8311
 -7.5090
-11.4914-11.4900-11.4900-11.4804-11.4466-11.3684-11.2174-10.9528-10.5946-10.2548
 -9.9748 -9.7534 -9.5764 -9.4263 -9.2907 -8.9705 -8.6576 -8.3590 -8.0656 -7.7568
 -7.4294 -7.0789
-11.2289-11.2041-11.1831-11.1628-11.1304-11.0712-10.9662-10.7858-10.5102-10.1964
 -9.9198 -9.6947 -9.5138 -9.3615 -9.2258 -8.9102 -8.5990 -8.3010 -8.0085 -7.6979
 -7.3656 -7.0094 -6.6046 -6.1312
-11.0141-10.9495-10.9055-10.8682-10.8294-10.7784-10.7016-10.5796-10.3860-10.1267
 -9.8655 -9.6416 -9.4583 -9.3041 -9.1682 -8.8578 -8.5495 -8.2510 -7.9600 -7.6510
 -7.3150 -6.9530 -6.5393 -6.0531 -5.5281 -5.0258 -4.5944 -4.2414 -3.9408 -3.6762
-10.8607-10.7632-10.6835-10.6189-10.5631-10.5079-10.4432-10.3555-10.2249-10.0338
 -9.8064 -9.5920 -9.4088 -9.2537 -9.1176 -8.8120 -8.5078 -8.2074 -7.9170 -7.6120
 -7.2750 -6.9072 -6.4856 -5.9867 -5.4418 -4.9291 -4.4797 -4.1076 -3.8131 -3.5626
 -3.3411
-10.7847-10.6457-10.5372-10.4457-10.3620-10.2853-10.2129-10.1375-10.0437 -9.9114
 -9.7341 -9.5417 -9.3646 -9.2100 -9.0740 -8.7723 -8.4734 -8.1704 -7.8778 -7.5763
 -7.2419 -6.8700 -6.4418 -5.9345 -5.3755 -4.8378 -4.3747 -3.9962 -3.6919 -3.4465
 -3.2378
-10.8076-10.6210-10.4546-10.3161-10.2045-10.1122-10.0287 -9.9457 -9.8632 -9.7656
 -9.6376 -9.4801 -9.3181 -9.1688 -9.0342 -8.7357 -8.4423 -8.1365 -7.8372 -7.5355
 -7.2040 -6.8296 -6.3979 -5.8861 -5.3194 -4.7694 -4.2923 -3.9026 -3.5888 -3.3360
 -3.1303
-10.8806-10.6761-10.4794-10.2977-10.1376-10.0015 -9.8857 -9.7841 -9.6923 -9.6046
 -9.5119 -9.3973 -9.2655 -9.1309 -9.0017 -8.7074 -8.4200 -8.1142 -7.8071 -7.5022
 -7.1751 -6.8035 -6.3718 -5.8613 -5.2935 -4.7360 -4.2464 -3.8423 -3.5172 -3.2521
 -3.0417
-10.9857-10.7743-10.5641-10.3603-10.1682 -9.9932 -9.8386 -9.7032 -9.5828 -9.4745
 -9.3753 -9.2783 -9.1743 -9.0655 -8.9555 -8.6820 -8.4008 -8.0970 -7.7812 -7.4680
 -7.1417 -6.7747 -6.3468 -5.8429 -5.2818 -4.7241 -4.2263 -3.8097 -3.4717 -3.1997
 -2.9782
-11.1113-10.9047-10.6915-10.4776-10.2679-10.0674 -9.8809 -9.7115 -9.5600 -9.4246
 -9.3023 -9.1906 -9.0850 -8.9818 -8.8956 -8.6595 -8.3847 -8.0849 -7.7595
 [Fe/H] =  0.50 [alpha/Fe] = 0.40 BC value = F218W
-12.4332-12.5079-12.3626-12.1003-11.7800-11.4834-11.2527-11.1835-10.8394-10.5237
-10.2498-10.0339 -9.8639 -9.7211 -9.5934 -9.2953 -9.0016 -8.7090 -8.4208
-12.1761-12.2422-12.2866-12.3937-12.3139-12.0654-11.6642-11.1779-10.7911-10.4506
-10.1668 -9.9453 -9.7713 -9.6259 -9.4962 -9.1946 -8.8970 -8.6032 -8.3160 -8.0260
-11.8981-11.9468-11.9796-11.9990-11.9757-11.8775-11.6368-11.1767-10.7518-10.3966
-10.1021 -9.8725 -9.6924 -9.5439 -9.4127 -9.1110 -8.8136 -8.5213 -8.2341 -7.9417
 -7.6390
-11.6083-11.6350-11.6610-11.6745-11.6590-11.5906-11.4320-11.1264-10.7183-10.3505
-10.0478 -9.8105 -9.6237 -9.4713 -9.3384 -9.0388 -8.7439 -8.4544 -8.1691 -7.8742
 -7.5622 -7.2354
-11.3356-11.3378-11.3451-11.3481-11.3341-11.2859-11.1801-10.9800-10.6584-10.3080
-10.0011 -9.7556 -9.5625 -9.4053 -9.2706 -8.9738 -8.6832 -8.3965 -8.1143 -7.8197
 -7.5039 -7.1727 -6.8169 -6.4181
-11.0908-11.0638-11.0472-11.0339-11.0144-10.9763-10.9032-10.7724-10.5518-10.2507
 -9.9566 -9.7066 -9.5077 -9.3459 -9.2087 -8.9143 -8.6292 -8.3448 -8.0655 -7.7745
 -7.4573 -7.1217 -6.7619 -6.3594 -5.9011 -5.4076 -4.9318 -4.5134 -4.1493 -3.8337
-10.9011-10.8375-10.7885-10.7513-10.7177-10.6787-10.6224-10.5334-10.3896-10.1685
 -9.9050 -9.6619 -9.4590 -9.2931 -9.1533 -8.8599 -8.5810 -8.2985 -8.0209 -7.7349
 -7.4200 -7.0803 -6.7164 -6.3100 -5.8445 -5.3375 -4.8442 -4.4093 -4.0467 -3.7379
 -3.4717
-10.7904-10.6919-10.6068-10.5338-10.4714-10.4165-10.3601-10.2911-10.1935-10.0462
 -9.8395 -9.6167 -9.4158 -9.2474 -9.1051 -8.8110 -8.5384 -8.2575 -7.9795 -7.6973
 -7.3877 -7.0464 -6.6785 -6.2678 -5.7979 -5.2810 -4.7734 -4.3226 -3.9465 -3.6404
 -3.3819
-10.7680-10.6066-10.4746-10.3741-10.2943-10.2209-10.1465-10.0708 -9.9916 -9.8889
 -9.7441 -9.5598 -9.3717 -9.2048 -9.0615 -8.7661 -8.4980 -8.2193 -7.9375 -7.6547
 -7.3496 -7.0087 -6.6365 -6.2240 -5.7513 -5.2284 -4.7109 -4.2536 -3.8656 -3.5449
 -3.2887
-10.8240-10.6331-10.4540-10.2963-10.1643-10.0582 -9.9702 -9.8910 -9.8115 -9.7253
 -9.6234 -9.4883 -9.3284 -9.1707 -9.0280 -8.7303 -8.4654 -8.1908 -7.9051 -7.6193
 -7.3188 -6.9835 -6.6116 -6.1978 -5.7258 -5.2023 -4.6779 -4.2046 -3.8060 -3.4797
 -3.2140
-10.9155-10.7134-10.5141-10.3237-10.1489 -9.9958 -9.8650 -9.7526 -9.6532 -9.5616
 -9.4727 -9.3763 -9.2581 -9.1256 -8.9936 -8.7002 -8.4364 -8.1659 -7.8771 -7.5841
 -7.2835 -6.9546 -6.5863 -6.1739 -5.7050 -5.1857 -4.6614 -4.1818 -3.7731 -3.4364
 -3.1618
-11.0366-10.8317-10.6239-10.4178-10.2188-10.0320 -9.8625 -9.7124 -9.5800 -9.4614
 -9.3531 -9.2522 -9.1514 -9.0443 -8.9583 -8.6758 -8.4110 -8.1446 -7.8535
