 [Fe/H] = -2.50 [alpha/Fe] = 0.00 BC value =  I   
 -0.6888 -0.7162 -0.7647 -0.8267 -0.8797 -0.8984 -0.7351 -0.7096 -0.6799 -0.6403
 -0.5886 -0.5252 -0.4683 -0.4061 -0.3477 -0.2388 -0.1961 -0.1941 -0.2124
 -0.7314 -0.6636 -0.6264 -0.6167 -0.6276 -0.6353 -0.6321 -0.6218 -0.6068 -0.5870
 -0.5557 -0.5103 -0.4559 -0.4020 -0.3539 -0.2686 -0.2276 -0.2206 -0.2322 -0.2546
 -0.6913 -0.6379 -0.5949 -0.5630 -0.5445 -0.5430 -0.5557 -0.5640 -0.5582 -0.5396
 -0.5170 -0.4880 -0.4471 -0.4012 -0.3587 -0.2809 -0.2454 -0.2413 -0.2539 -0.2757
 -0.3038
 -0.6442 -0.6044 -0.5686 -0.5368 -0.5105 -0.4920 -0.4824 -0.4828 -0.4893 -0.4892
 -0.4772 -0.4602 -0.4344 -0.3991 -0.3626 -0.2923 -0.2597 -0.2578 -0.2720 -0.2938
 -0.3208 -0.3520
 -0.5765 -0.5532 -0.5298 -0.5056 -0.4820 -0.4610 -0.4443 -0.4326 -0.4259 -0.4236
 -0.4212 -0.4144 -0.4044 -0.3855 -0.3601 -0.2993 -0.2688 -0.2689 -0.2856 -0.3088
 -0.3358 -0.3662 -0.3997 -0.4358
 -0.4906 -0.4832 -0.4739 -0.4612 -0.4455 -0.4287 -0.4126 -0.3986 -0.3875 -0.3785
 -0.3710 -0.3644 -0.3595 -0.3513 -0.3385 -0.2989 -0.2718 -0.2730 -0.2932 -0.3196
 -0.3482 -0.3791 -0.4122 -0.4478 -0.4861 -0.5276 -0.5725 -0.6210 -0.6733 -0.7294
 -0.3945 -0.3981 -0.4017 -0.4013 -0.3962 -0.3875 -0.3767 -0.3653 -0.3547 -0.3453
 -0.3365 -0.3281 -0.3208 -0.3146 -0.3068 -0.2851 -0.2678 -0.2701 -0.2930 -0.3241
 -0.3565 -0.3894 -0.4235 -0.4592 -0.4964 -0.5346 -0.5752 -0.6200 -0.6702 -0.7258
 -0.7836
 -0.2903 -0.3045 -0.3174 -0.3271 -0.3330 -0.3343 -0.3314 -0.3260 -0.3196 -0.3125
 -0.3057 -0.2988 -0.2919 -0.2857 -0.2789 -0.2640 -0.2562 -0.2612 -0.2854 -0.3207
 -0.3584 -0.3955 -0.4322 -0.4692 -0.5068 -0.5453 -0.5845 -0.6258 -0.6711 -0.7217
 -0.7784
 -0.1860 -0.2076 -0.2268 -0.2438 -0.2581 -0.2686 -0.2749 -0.2774 -0.2773 -0.2754
 -0.2723 -0.2687 -0.2647 -0.2605 -0.2556 -0.2437 -0.2405 -0.2489 -0.2732 -0.3107
 -0.3532 -0.3958 -0.4370 -0.4771 -0.5166 -0.5559 -0.5957 -0.6375 -0.6814 -0.7272
 -0.7746
 -0.0816 -0.1074 -0.1331 -0.1556 -0.1756 -0.1933 -0.2078 -0.2187 -0.2264 -0.2313
 -0.2340 -0.2351 -0.2350 -0.2343 -0.2329 -0.2262 -0.2251 -0.2355 -0.2592 -0.2959
 -0.3406 -0.3878 -0.4342 -0.4789 -0.5219 -0.5635 -0.6045 -0.6455 -0.6906 -0.7335
 -0.7752
  0.0229 -0.0039 -0.0363 -0.0659 -0.0896 -0.1121 -0.1326 -0.1507 -0.1660 -0.1785
 -0.1883 -0.1957 -0.2009 -0.2047 -0.2073 -0.2096 -0.2109 -0.2224 -0.2459 -0.2811
 -0.3251 -0.3740 -0.4244 -0.4740 -0.5216 -0.5671 -0.6109 -0.6535 -0.6955 -0.7377
 -0.7810
  0.1275  0.1029  0.0636  0.0247 -0.0023 -0.0284 -0.0532 -0.0764 -0.0979 -0.1174
 -0.1345 -0.1490 -0.1609 -0.1704 -0.1788 -0.1939 -0.1979 -0.2096 -0.2333
 [Fe/H] = -2.00 [alpha/Fe] = 0.00 BC value =  I   
 -0.7640 -0.7263 -0.7142 -0.7215 -0.7365 -0.7460 -0.6966 -0.6900 -0.6715 -0.6391
 -0.5925 -0.5345 -0.4753 -0.4165 -0.3627 -0.2586 -0.2042 -0.1897 -0.2036
 -0.7082 -0.6465 -0.6244 -0.6129 -0.6066 -0.6071 -0.6112 -0.6134 -0.6083 -0.5924
 -0.5633 -0.5206 -0.4689 -0.4170 -0.3695 -0.2787 -0.2294 -0.2166 -0.2263 -0.2476
 -0.6940 -0.6162 -0.5649 -0.5393 -0.5415 -0.5562 -0.5640 -0.5633 -0.5582 -0.5496
 -0.5334 -0.5061 -0.4660 -0.4208 -0.3781 -0.2953 -0.2494 -0.2371 -0.2472 -0.2684
 -0.2963
 -0.6871 -0.6157 -0.5619 -0.5230 -0.4984 -0.4882 -0.4950 -0.5122 -0.5218 -0.5168
 -0.5040 -0.4861 -0.4592 -0.4226 -0.3856 -0.3091 -0.2659 -0.2538 -0.2642 -0.2855
 -0.3124 -0.3438
 -0.6639 -0.6048 -0.5575 -0.5189 -0.4882 -0.4659 -0.4521 -0.4468 -0.4520 -0.4625
 -0.4650 -0.4585 -0.4432 -0.4178 -0.3866 -0.3182 -0.2776 -0.2659 -0.2769 -0.2992
 -0.3265 -0.3572 -0.3912 -0.4284
 -0.6185 -0.5746 -0.5379 -0.5057 -0.4769 -0.4520 -0.4319 -0.4170 -0.4069 -0.4020
 -0.4031 -0.4054 -0.4048 -0.3961 -0.3781 -0.3214 -0.2838 -0.2724 -0.2843 -0.3089
 -0.3379 -0.3692 -0.4029 -0.4392 -0.4779 -0.5194 -0.5643 -0.6136 -0.6686 -0.7250
 -0.5530 -0.5239 -0.4997 -0.4771 -0.4547 -0.4328 -0.4125 -0.3950 -0.3807 -0.3691
 -0.3599 -0.3541 -0.3527 -0.3516 -0.3459 -0.3159 -0.2839 -0.2730 -0.2854 -0.3129
 -0.3453 -0.3788 -0.4136 -0.4499 -0.4878 -0.5277 -0.5700 -0.6154 -0.6652 -0.7212
 -0.7792
 -0.4729 -0.4567 -0.4439 -0.4316 -0.4179 -0.4025 -0.3863 -0.3704 -0.3561 -0.3436
 -0.3323 -0.3224 -0.3152 -0.3103 -0.3065 -0.2934 -0.2765 -0.2682 -0.2806 -0.3102
 -0.3469 -0.3844 -0.4216 -0.4593 -0.4976 -0.5369 -0.5779 -0.6208 -0.6664 -0.7169
 -0.7740
 -0.3844 -0.3780 -0.3745 -0.3710 -0.3660 -0.3587 -0.3490 -0.3379 -0.3267 -0.3160
 -0.3061 -0.2969 -0.2886 -0.2815 -0.2757 -0.2651 -0.2591 -0.2581 -0.2713 -0.3017
 -0.3420 -0.3845 -0.4261 -0.4666 -0.5067 -0.5468 -0.5876 -0.6293 -0.6728 -0.7190
 -0.7700
 -0.2950 -0.2942 -0.2971 -0.3005 -0.3025 -0.3025 -0.3002 -0.2956 -0.2896 -0.2829
 -0.2763 -0.2701 -0.2639 -0.2580 -0.2524 -0.2415 -0.2387 -0.2438 -0.2589 -0.2886
 -0.3302 -0.3766 -0.4232 -0.4682 -0.5116 -0.5539 -0.5958 -0.6376 -0.6800 -0.7238
 -0.7703
 -0.2084 -0.2102 -0.2155 -0.2233 -0.2307 -0.2367 -0.2407 -0.2427 -0.2430 -0.2418
 -0.2399 -0.2378 -0.2354 -0.2327 -0.2297 -0.2222 -0.2202 -0.2281 -0.2455 -0.2746
 -0.3154 -0.3632 -0.4135 -0.4633 -0.5112 -0.5572 -0.6018 -0.6452 -0.6881 -0.7312
 -0.7753
 -0.1285 -0.1297 -0.1350 -0.1436 -0.1539 -0.1643 -0.1733 -0.1807 -0.1868 -0.1917
 -0.1954 -0.1984 -0.2047 -0.2046 -0.2076 -0.2072 -0.2036 -0.2110 -0.2311
 [Fe/H] = -1.50 [alpha/Fe] = 0.00 BC value =  I   
 -1.0158 -0.9278 -0.8655 -0.8225 -0.7923 -0.7680 -0.7432 -0.7140 -0.6803 -0.6402
 -0.5914 -0.5354 -0.4765 -0.4215 -0.3719 -0.2734 -0.2121 -0.1871 -0.1938
 -0.8971 -0.8039 -0.7402 -0.7007 -0.6783 -0.6657 -0.6560 -0.6437 -0.6271 -0.6035
 -0.5701 -0.5263 -0.4758 -0.4262 -0.3810 -0.2911 -0.2353 -0.2132 -0.2180 -0.2382
 -0.7954 -0.7008 -0.6507 -0.6206 -0.6003 -0.5901 -0.5864 -0.5832 -0.5771 -0.5658
 -0.5462 -0.5158 -0.4750 -0.4309 -0.3893 -0.3067 -0.2551 -0.2337 -0.2378 -0.2573
 -0.2849
 -0.7745 -0.6634 -0.5861 -0.5401 -0.5234 -0.5294 -0.5372 -0.5387 -0.5357 -0.5291
 -0.5176 -0.4991 -0.4701 -0.4329 -0.3954 -0.3190 -0.2710 -0.2503 -0.2536 -0.2727
 -0.2997 -0.3314
 -0.7712 -0.6631 -0.5824 -0.5250 -0.4869 -0.4672 -0.4650 -0.4756 -0.4911 -0.4962
 -0.4901 -0.4769 -0.4577 -0.4299 -0.3974 -0.3272 -0.2824 -0.2627 -0.2656 -0.2848
 -0.3122 -0.3436 -0.3783 -0.4165
 -0.7598 -0.6607 -0.5845 -0.5268 -0.4837 -0.4531 -0.4331 -0.4223 -0.4209 -0.4302
 -0.4413 -0.4443 -0.4363 -0.4186 -0.3936 -0.3307 -0.2891 -0.2705 -0.2736 -0.2934
 -0.3220 -0.3542 -0.3889 -0.4261 -0.4660 -0.5085 -0.5546 -0.6057 -0.6613 -0.7175
 -0.7294 -0.6437 -0.5764 -0.5237 -0.4816 -0.4479 -0.4216 -0.4022 -0.3887 -0.3801
 -0.3778 -0.3824 -0.3880 -0.3875 -0.3774 -0.3292 -0.2910 -0.2737 -0.2770 -0.2976
 -0.3283 -0.3626 -0.3983 -0.4357 -0.4747 -0.5159 -0.5597 -0.6065 -0.6574 -0.7139
 -0.7720
 -0.6781 -0.6078 -0.5520 -0.5074 -0.4705 -0.4389 -0.4117 -0.3888 -0.3704 -0.3558
 -0.3441 -0.3360 -0.3336 -0.3353 -0.3358 -0.3186 -0.2881 -0.2725 -0.2759 -0.2968
 -0.3297 -0.3671 -0.4053 -0.4440 -0.4834 -0.5241 -0.5665 -0.6108 -0.6578 -0.7093
 -0.7670
 -0.6096 -0.5538 -0.5102 -0.4750 -0.4453 -0.4190 -0.3948 -0.3726 -0.3531 -0.3365
 -0.3224 -0.3104 -0.3008 -0.2950 -0.2924 -0.2884 -0.2777 -0.2667 -0.2707 -0.2916
 -0.3260 -0.3669 -0.4089 -0.4505 -0.4916 -0.5329 -0.5751 -0.6183 -0.6632 -0.7113
 -0.7627
 -0.5360 -0.4904 -0.4559 -0.4292 -0.4068 -0.3867 -0.3677 -0.3492 -0.3318 -0.3159
 -0.3020 -0.2899 -0.2792 -0.2703 -0.2635 -0.2561 -0.2554 -0.2555 -0.2618 -0.2821
 -0.3164 -0.3597 -0.4058 -0.4514 -0.4958 -0.5392 -0.5823 -0.6255 -0.6694 -0.7146
 -0.7623
 -0.4656 -0.4249 -0.3952 -0.3736 -0.3569 -0.3425 -0.3289 -0.3155 -0.3022 -0.2894
 -0.2776 -0.2672 -0.2581 -0.2498 -0.2426 -0.2312 -0.2310 -0.2378 -0.2496 -0.2703
 -0.3037 -0.3475 -0.3964 -0.4462 -0.4949 -0.5418 -0.5875 -0.6322 -0.6765 -0.7210
 -0.7664
 -0.4016 -0.3636 -0.3350 -0.3145 -0.3000 -0.2894 -0.2803 -0.2716 -0.2631 -0.2547
 -0.2465 -0.2391 -0.2337 -0.2269 -0.2297 -0.2137 -0.2045 -0.2136 -0.2341
 [Fe/H] = -1.00 [alpha/Fe] = 0.00 BC value =  I   
 -1.4443 -1.3208 -1.2187 -1.1298 -1.0473 -0.9643 -0.8749 -0.7816 -0.7063 -0.6436
 -0.5853 -0.5279 -0.4720 -0.4210 -0.3754 -0.2833 -0.2197 -0.1863 -0.1831
 -1.2737 -1.1452 -1.0446 -0.9645 -0.8981 -0.8380 -0.7752 -0.7135 -0.6619 -0.6165
 -0.5709 -0.5222 -0.4724 -0.4253 -0.3828 -0.2975 -0.2397 -0.2097 -0.2067 -0.2234
 -1.1475 -1.0171 -0.9157 -0.8389 -0.7808 -0.7353 -0.6936 -0.6531 -0.6183 -0.5867
 -0.5536 -0.5151 -0.4719 -0.4286 -0.3887 -0.3091 -0.2559 -0.2284 -0.2251 -0.2406
 -0.2675
 -1.0066 -0.8825 -0.7999 -0.7379 -0.6881 -0.6507 -0.6217 -0.5958 -0.5731 -0.5524
 -0.5302 -0.5028 -0.4683 -0.4299 -0.3928 -0.3180 -0.2685 -0.2430 -0.2397 -0.2542
 -0.2804 -0.3128
 -0.9510 -0.8038 -0.6955 -0.6221 -0.5803 -0.5637 -0.5553 -0.5443 -0.5311 -0.5171
 -0.5018 -0.4834 -0.4588 -0.4276 -0.3942 -0.3238 -0.2776 -0.2538 -0.2509 -0.2649
 -0.2908 -0.3229 -0.3589 -0.3985
 -0.9352 -0.7841 -0.6675 -0.5814 -0.5215 -0.4839 -0.4654 -0.4632 -0.4718 -0.4771
 -0.4725 -0.4600 -0.4424 -0.4195 -0.3917 -0.3267 -0.2834 -0.2612 -0.2588 -0.2728
 -0.2987 -0.3314 -0.3673 -0.4061 -0.4478 -0.4926 -0.5408 -0.5936 -0.6504 -0.7066
 -0.9279 -0.7792 -0.6625 -0.5736 -0.5081 -0.4613 -0.4298 -0.4105 -0.4015 -0.4030
 -0.4124 -0.4195 -0.4167 -0.4035 -0.3834 -0.3263 -0.2859 -0.2654 -0.2634 -0.2775
 -0.3039 -0.3376 -0.3746 -0.4136 -0.4545 -0.4978 -0.5438 -0.5928 -0.6457 -0.7030
 -0.7608
 -0.9114 -0.7711 -0.6588 -0.5719 -0.5057 -0.4558 -0.4185 -0.3917 -0.3730 -0.3608
 -0.3544 -0.3547 -0.3601 -0.3637 -0.3601 -0.3218 -0.2851 -0.2662 -0.2647 -0.2789
 -0.3056 -0.3407 -0.3796 -0.4199 -0.4613 -0.5041 -0.5487 -0.5954 -0.6447 -0.6978
 -0.7559
 -0.8762 -0.7483 -0.6447 -0.5633 -0.5003 -0.4515 -0.4127 -0.3821 -0.3583 -0.3402
 -0.3265 -0.3165 -0.3107 -0.3098 -0.3116 -0.3056 -0.2800 -0.2635 -0.2627 -0.2769
 -0.3039 -0.3405 -0.3819 -0.4247 -0.4677 -0.5112 -0.5556 -0.6011 -0.6483 -0.6984
 -0.7514
 -0.8279 -0.7132 -0.6189 -0.5452 -0.4871 -0.4413 -0.4043 -0.3734 -0.3476 -0.3264
 -0.3091 -0.2953 -0.2842 -0.2760 -0.2712 -0.2703 -0.2668 -0.2571 -0.2573 -0.2711
 -0.2977 -0.3349 -0.3787 -0.4246 -0.4705 -0.5159 -0.5612 -0.6066 -0.6527 -0.7002
 -0.7499
 -0.7753 -0.6700 -0.5834 -0.5161 -0.4635 -0.4217 -0.3877 -0.3590 -0.3341 -0.3124
 -0.2939 -0.2785 -0.2657 -0.2552 -0.2468 -0.2373 -0.2401 -0.2440 -0.2486 -0.2626
 -0.2884 -0.3253 -0.3705 -0.4195 -0.4690 -0.5174 -0.5650 -0.6117 -0.6581 -0.7049
 -0.7524
 -0.7266 -0.6282 -0.5470 -0.4823 -0.4321 -0.3932 -0.3621 -0.3360 -0.3135 -0.2936
 -0.2759 -0.2608 -0.2480 -0.2373 -0.2384 -0.2066 -0.1999 -0.2242 -0.2366
 [Fe/H] = -0.75 [alpha/Fe] = 0.00 BC value =  I   
 -1.7248 -1.5891 -1.4710 -1.3608 -1.2494 -1.1278 -0.9885 -0.8392 -0.7256 -0.6440
 -0.5789 -0.5210 -0.4676 -0.4187 -0.3750 -0.2864 -0.2234 -0.1866 -0.1774
 -1.5226 -1.3808 -1.2648 -1.1656 -1.0749 -0.9829 -0.8775 -0.7710 -0.6863 -0.6221
 -0.5677 -0.5167 -0.4676 -0.4221 -0.3810 -0.2984 -0.2408 -0.2088 -0.2009 -0.2146
 -1.3772 -1.2280 -1.1091 -1.0134 -0.9341 -0.8629 -0.7880 -0.7118 -0.6483 -0.5980
 -0.5542 -0.5111 -0.4671 -0.4245 -0.3855 -0.3077 -0.2546 -0.2251 -0.2185 -0.2311
 -0.2569
 -1.2305 -1.0981 -0.9858 -0.8936 -0.8198 -0.7602 -0.7068 -0.6533 -0.6068 -0.5688
 -0.5352 -0.5011 -0.4639 -0.4253 -0.3886 -0.3148 -0.2653 -0.2382 -0.2324 -0.2442
 -0.2690 -0.3014
 -1.1230 -0.9698 -0.8354 -0.7632 -0.7128 -0.6701 -0.6318 -0.5956 -0.5625 -0.5345
 -0.5099 -0.4848 -0.4560 -0.4232 -0.3895 -0.3195 -0.2731 -0.2480 -0.2430 -0.2545
 -0.2786 -0.3104 -0.3468 -0.3870
 -1.0612 -0.8821 -0.7530 -0.6582 -0.5924 -0.5518 -0.5328 -0.5242 -0.5139 -0.4989
 -0.4814 -0.4627 -0.4416 -0.4162 -0.3873 -0.3219 -0.2782 -0.2549 -0.2506 -0.2621
 -0.2859 -0.3178 -0.3541 -0.3935 -0.4360 -0.4818 -0.5314 -0.5855 -0.6430 -0.6994
 -1.0351 -0.8637 -0.7280 -0.6240 -0.5473 -0.4930 -0.4571 -0.4361 -0.4289 -0.4325
 -0.4371 -0.4338 -0.4213 -0.4029 -0.3804 -0.3216 -0.2806 -0.2590 -0.2552 -0.2669
 -0.2907 -0.3230 -0.3600 -0.3996 -0.4416 -0.4860 -0.5333 -0.5835 -0.6377 -0.6956
 -0.7533
 -1.0289 -0.8586 -0.7217 -0.6151 -0.5341 -0.4740 -0.4307 -0.4007 -0.3811 -0.3701
 -0.3671 -0.3713 -0.3764 -0.3750 -0.3647 -0.3182 -0.2801 -0.2602 -0.2570 -0.2687
 -0.2926 -0.3255 -0.3639 -0.4047 -0.4471 -0.4910 -0.5369 -0.5850 -0.6356 -0.6899
 -0.7484
 -1.0130 -0.8491 -0.7158 -0.6104 -0.5293 -0.4676 -0.4209 -0.3859 -0.3604 -0.3422
 -0.3295 -0.3215 -0.3186 -0.3203 -0.3224 -0.3078 -0.2761 -0.2583 -0.2559 -0.2677
 -0.2917 -0.3254 -0.3655 -0.4085 -0.4524 -0.4969 -0.5426 -0.5895 -0.6381 -0.6892
 -0.7436
 -0.9843 -0.8319 -0.7042 -0.6031 -0.5240 -0.4631 -0.4159 -0.3789 -0.3497 -0.3270
 -0.3096 -0.2962 -0.2861 -0.2793 -0.2762 -0.2768 -0.2675 -0.2532 -0.2518 -0.2634
 -0.2870 -0.3210 -0.3625 -0.4079 -0.4543 -0.5007 -0.5471 -0.5938 -0.6414 -0.6903
 -0.7412
 -0.9466 -0.8037 -0.6846 -0.5877 -0.5123 -0.4535 -0.4075 -0.3707 -0.3406 -0.3158
 -0.2955 -0.2793 -0.2663 -0.2558 -0.2478 -0.2405 -0.2434 -0.2435 -0.2446 -0.2564
 -0.2795 -0.3132 -0.3554 -0.4030 -0.4523 -0.5015 -0.5500 -0.5979 -0.6456 -0.6937
 -0.7427
 -0.9083 -0.7744 -0.6608 -0.5672 -0.4940 -0.4372 -0.3928 -0.3571 -0.3277 -0.3030
 -0.2819 -0.2644 -0.2499 -0.2383 -0.2372 -0.1989 -0.2038 -0.2292 -0.2343
 [Fe/H] = -0.50 [alpha/Fe] = 0.00 BC value =  I   
 -2.0286 -1.8911 -1.7656 -1.6407 -1.5028 -1.3390 -1.1383 -0.9153 -0.7493 -0.6427
 -0.5701 -0.5116 -0.4602 -0.4140 -0.3725 -0.2875 -0.2261 -0.1870 -0.1731
 -1.7961 -1.6497 -1.5255 -1.4127 -1.3002 -1.1735 -1.0165 -0.8493 -0.7171 -0.6265
 -0.5615 -0.5082 -0.4602 -0.4164 -0.3769 -0.2972 -0.2405 -0.2059 -0.1950 -0.2052
 -1.6256 -1.4671 -1.3379 -1.2292 -1.1316 -1.0332 -0.9180 -0.7926 -0.6870 -0.6094
 -0.5518 -0.5038 -0.4595 -0.4180 -0.3802 -0.3044 -0.2517 -0.2206 -0.2114 -0.2211
 -0.2452
 -1.4880 -1.3264 -1.1926 -1.0828 -0.9911 -0.9100 -0.8269 -0.7349 -0.6522 -0.5877
 -0.5381 -0.4963 -0.4567 -0.4184 -0.3824 -0.3098 -0.2605 -0.2320 -0.2241 -0.2335
 -0.2564 -0.2883
 -1.2976 -1.1576 -1.0496 -0.9565 -0.8739 -0.8023 -0.7386 -0.6731 -0.6108 -0.5593
 -0.5185 -0.4837 -0.4503 -0.4162 -0.3828 -0.3135 -0.2670 -0.2406 -0.2337 -0.2432
 -0.2652 -0.2963 -0.3329 -0.3737
 -1.1895 -1.0178 -0.8876 -0.7930 -0.7274 -0.6824 -0.6450 -0.6057 -0.5637 -0.5251
 -0.4928 -0.4651 -0.4384 -0.4103 -0.3807 -0.3153 -0.2713 -0.2469 -0.2408 -0.2503
 -0.2720 -0.3026 -0.3388 -0.3788 -0.4223 -0.4693 -0.5202 -0.5756 -0.6341 -0.6909
 -1.1521 -0.9670 -0.8202 -0.7072 -0.6234 -0.5632 -0.5228 -0.4989 -0.4857 -0.4748
 -0.4601 -0.4414 -0.4209 -0.3989 -0.3747 -0.3150 -0.2734 -0.2508 -0.2453 -0.2550
 -0.2765 -0.3069 -0.3434 -0.3836 -0.4264 -0.4720 -0.5205 -0.5723 -0.6280 -0.6868
 -0.7446
 -1.1433 -0.9522 -0.7978 -0.6763 -0.5835 -0.5142 -0.4640 -0.4286 -0.4054 -0.3934
 -0.3910 -0.3927 -0.3902 -0.3798 -0.3629 -0.3121 -0.2731 -0.2522 -0.2474 -0.2570
 -0.2786 -0.3092 -0.3463 -0.3874 -0.4305 -0.4756 -0.5229 -0.5724 -0.6247 -0.6803
 -0.7396
 -1.1407 -0.9480 -0.7911 -0.6660 -0.5690 -0.4951 -0.4399 -0.3993 -0.3702 -0.3501
 -0.3372 -0.3309 -0.3304 -0.3324 -0.3316 -0.3046 -0.2697 -0.2507 -0.2469 -0.2567
 -0.2783 -0.3094 -0.3476 -0.3901 -0.4346 -0.4802 -0.5272 -0.5756 -0.6258 -0.6783
 -0.7341
 -1.1332 -0.9467 -0.7895 -0.6637 -0.5649 -0.4890 -0.4312 -0.3872 -0.3541 -0.3295
 -0.3114 -0.2983 -0.2892 -0.2840 -0.2826 -0.2815 -0.2633 -0.2466 -0.2437 -0.2535
 -0.2749 -0.3061 -0.3450 -0.3892 -0.4356 -0.4827 -0.5303 -0.5785 -0.6275 -0.6780
 -0.7305
 -1.1163 -0.9364 -0.7853 -0.6597 -0.5613 -0.4848 -0.4261 -0.3807 -0.3453 -0.3175
 -0.2959 -0.2793 -0.2663 -0.2563 -0.2489 -0.2439 -0.2448 -0.2389 -0.2377 -0.2477
 -0.2688 -0.2999 -0.3392 -0.3847 -0.4332 -0.4826 -0.5320 -0.5812 -0.6303 -0.6800
 -0.7306
 -1.0939 -0.9224 -0.7754 -0.6534 -0.5547 -0.4784 -0.4193 -0.3733 -0.3371 -0.3079
 -0.2842 -0.2651 -0.2499 -0.2378 -0.2305 -0.1918 -0.2142 -0.2276 -0.2289
 [Fe/H] = -0.25 [alpha/Fe] = 0.00 BC value =  I   
 -2.3235 -2.1995 -2.0821 -1.9559 -1.8001 -1.5955 -1.3263 -1.0154 -0.7859 -0.6484
 -0.5648 -0.5050 -0.4554 -0.4118 -0.3722 -0.2908 -0.2308 -0.1904 -0.1719
 -2.0722 -1.9345 -1.8145 -1.6985 -1.5709 -1.4116 -1.1981 -0.9562 -0.7622 -0.6371
 -0.5584 -0.5020 -0.4551 -0.4133 -0.3756 -0.2987 -0.2429 -0.2066 -0.1919 -0.1978
 -1.8791 -1.7241 -1.5957 -1.4831 -1.3733 -1.2497 -1.0910 -0.9049 -0.7422 -0.6276
 -0.5523 -0.4984 -0.4539 -0.4140 -0.3777 -0.3041 -0.2519 -0.2191 -0.2069 -0.2133
 -0.2347
 -1.7311 -1.5614 -1.4214 -1.3050 -1.2029 -1.1033 -0.9884 -0.8491 -0.7169 -0.6150
 -0.5440 -0.4928 -0.4511 -0.4135 -0.3788 -0.3080 -0.2589 -0.2288 -0.2184 -0.2252
 -0.2456 -0.2761
 -1.5653 -1.4138 -1.2784 -1.1611 -1.0603 -0.9713 -0.8848 -0.7849 -0.6820 -0.5957
 -0.5314 -0.4840 -0.4455 -0.4109 -0.3783 -0.3105 -0.2641 -0.2363 -0.2271 -0.2343
 -0.2541 -0.2835 -0.3196 -0.3605
 -1.3630 -1.2042 -1.0870 -0.9987 -0.9231 -0.8512 -0.7823 -0.7118 -0.6363 -0.5673
 -0.5123 -0.4703 -0.4361 -0.4053 -0.3757 -0.3115 -0.2674 -0.2419 -0.2336 -0.2410
 -0.2605 -0.2892 -0.3246 -0.3647 -0.4085 -0.4560 -0.5078 -0.5644 -0.6235 -0.6808
 -1.2806 -1.0932 -0.9463 -0.8348 -0.7519 -0.6916 -0.6482 -0.6118 -0.5716 -0.5273
 -0.4856 -0.4508 -0.4217 -0.3956 -0.3698 -0.3106 -0.2689 -0.2453 -0.2380 -0.2455
 -0.2649 -0.2933 -0.3285 -0.3683 -0.4114 -0.4575 -0.5067 -0.5597 -0.6167 -0.6762
 -0.7342
 -1.2553 -1.0541 -0.8913 -0.7628 -0.6639 -0.5890 -0.5330 -0.4920 -0.4633 -0.4446
 -0.4314 -0.4176 -0.4003 -0.3804 -0.3597 -0.3076 -0.2683 -0.2466 -0.2402 -0.2478
 -0.2672 -0.2956 -0.3309 -0.3710 -0.4142 -0.4598 -0.5079 -0.5584 -0.6119 -0.6690
 -0.7289
 -1.2530 -1.0444 -0.8726 -0.7347 -0.6266 -0.5434 -0.4804 -0.4331 -0.3980 -0.3729
 -0.3573 -0.3503 -0.3485 -0.3460 -0.3384 -0.3007 -0.2648 -0.2450 -0.2399 -0.2479
 -0.2675 -0.2963 -0.3321 -0.3730 -0.4170 -0.4630 -0.5107 -0.5602 -0.6117 -0.6655
 -0.7227
 -1.2627 -1.0504 -0.8729 -0.7289 -0.6147 -0.5262 -0.4584 -0.4070 -0.3685 -0.3399
 -0.3191 -0.3049 -0.2963 -0.2926 -0.2919 -0.2847 -0.2590 -0.2411 -0.2372 -0.2455
 -0.2650 -0.2940 -0.3303 -0.3720 -0.4173 -0.4642 -0.5124 -0.5616 -0.6119 -0.6638
 -0.7178
 -1.2682 -1.0578 -0.8790 -0.7309 -0.6129 -0.5207 -0.4497 -0.3954 -0.3540 -0.3225
 -0.2987 -0.2809 -0.2677 -0.2581 -0.2518 -0.2486 -0.2455 -0.2343 -0.2318 -0.2406
 -0.2600 -0.2889 -0.3256 -0.3682 -0.4148 -0.4634 -0.5130 -0.5629 -0.6132 -0.6642
 -0.7164
 -1.2674 -1.0622 -0.8846 -0.7362 -0.6145 -0.5195 -0.4459 -0.3894 -0.3459 -0.3122
 -0.2858 -0.2653 -0.2495 -0.2372 -0.2181 -0.1924 -0.2243 -0.2246 -0.2237
 [Fe/H] =  0.00 [alpha/Fe] = 0.00 BC value =  I   
 -2.5645 -2.4670 -2.3735 -2.2640 -2.1085 -1.8561 -1.5054 -1.1076 -0.8183 -0.6457
 -0.5484 -0.4857 -0.4374 -0.3954 -0.3583 -0.2812 -0.2245 -0.1856 -0.1649
 -2.3137 -2.1983 -2.0967 -1.9917 -1.8595 -1.6704 -1.3925 -1.0670 -0.8055 -0.6406
 -0.5449 -0.4836 -0.4370 -0.3971 -0.3612 -0.2877 -0.2342 -0.1983 -0.1816 -0.1846
 -2.1106 -1.9723 -1.8574 -1.7522 -1.6387 -1.4933 -1.2871 -1.0303 -0.8002 -0.6408
 -0.5435 -0.4817 -0.4361 -0.3976 -0.3629 -0.2919 -0.2410 -0.2080 -0.1940 -0.1984
 -0.2181
 -1.9514 -1.7901 -1.6576 -1.5455 -1.4410 -1.3265 -1.1780 -0.9839 -0.7901 -0.6406
 -0.5424 -0.4793 -0.4342 -0.3970 -0.3637 -0.2949 -0.2465 -0.2158 -0.2035 -0.2086
 -0.2276 -0.2574
 -1.7744 -1.6411 -1.4965 -1.3745 -1.2693 -1.1699 -1.0610 -0.9213 -0.7671 -0.6344
 -0.5391 -0.4754 -0.4306 -0.3948 -0.3631 -0.2970 -0.2507 -0.2220 -0.2109 -0.2164
 -0.2349 -0.2635 -0.2998 -0.3416
 -1.5831 -1.4486 -1.3328 -1.2245 -1.1233 -1.0299 -0.9413 -0.8426 -0.7276 -0.6175
 -0.5304 -0.4686 -0.4246 -0.3904 -0.3606 -0.2977 -0.2536 -0.2269 -0.2166 -0.2222
 -0.2404 -0.2683 -0.3035 -0.3442 -0.3891 -0.4379 -0.4916 -0.5503 -0.6106 -0.6690
 -1.4215 -1.2467 -1.1146 -1.0168 -0.9423 -0.8785 -0.8156 -0.7482 -0.6700 -0.5866
 -0.5132 -0.4567 -0.4152 -0.3831 -0.3555 -0.2970 -0.2550 -0.2302 -0.2208 -0.2262
 -0.2443 -0.2717 -0.3063 -0.3464 -0.3904 -0.4376 -0.4885 -0.5436 -0.6027 -0.6635
 -0.7226
 -1.3645 -1.1645 -1.0038 -0.8787 -0.7829 -0.7091 -0.6519 -0.6072 -0.5666 -0.5234
 -0.4784 -0.4363 -0.4007 -0.3719 -0.3473 -0.2941 -0.2545 -0.2315 -0.2233 -0.2287
 -0.2465 -0.2737 -0.3080 -0.3478 -0.3915 -0.4382 -0.4878 -0.5403 -0.5958 -0.6551
 -0.7164
 -1.3521 -1.1378 -0.9609 -0.8186 -0.7066 -0.6196 -0.5519 -0.4986 -0.4562 -0.4229
 -0.3983 -0.3808 -0.3661 -0.3506 -0.3330 -0.2881 -0.2515 -0.2304 -0.2237 -0.2296
 -0.2473 -0.2746 -0.3090 -0.3490 -0.3929 -0.4396 -0.4887 -0.5399 -0.5935 -0.6496
 -0.7090
 -1.3674 -1.1418 -0.9538 -0.7998 -0.6768 -0.5802 -0.5051 -0.4469 -0.4015 -0.3658
 -0.3387 -0.3198 -0.3083 -0.3022 -0.2978 -0.2773 -0.2467 -0.2273 -0.2218 -0.2282
 -0.2458 -0.2730 -0.3076 -0.3478 -0.3922 -0.4394 -0.4885 -0.5393 -0.5916 -0.6458
 -0.7019
 -1.3896 -1.1598 -0.9626 -0.8006 -0.6693 -0.5655 -0.4847 -0.4222 -0.3740 -0.3370
 -0.3085 -0.2870 -0.2714 -0.2608 -0.2543 -0.2483 -0.2373 -0.2217 -0.2175 -0.2246
 -0.2421 -0.2691 -0.3039 -0.3445 -0.3895 -0.4376 -0.4876 -0.5388 -0.5908 -0.6440
 -0.6984
 -1.4107 -1.1810 -0.9808 -0.8118 -0.6736 -0.5637 -0.4778 -0.4114 -0.3605 -0.3212
 -0.2909 -0.2678 -0.2501 -0.2367 -0.2025 -0.2011 -0.2233 -0.2136 -0.2108
 [Fe/H] =  0.25 [alpha/Fe] = 0.00 BC value =  I   
 -2.7341 -2.6707 -2.6138 -2.4585 -2.2097 -1.8993 -1.5540 -1.1960 -0.8666 -0.6562
 -0.5398 -0.4707 -0.4219 -0.3820 -0.3461 -0.2728 -0.2187 -0.1823 -0.1588
 -2.4971 -2.4145 -2.3453 -2.2689 -2.1514 -1.9357 -1.6024 -1.1903 -0.8664 -0.6574
 -0.5390 -0.4695 -0.4218 -0.3832 -0.3492 -0.2789 -0.2273 -0.1921 -0.1737 -0.1738
 -2.2964 -2.1871 -2.0995 -2.0172 -1.9154 -1.7597 -1.5099 -1.1778 -0.8766 -0.6674
 -0.5427 -0.4694 -0.4211 -0.3834 -0.3505 -0.2824 -0.2327 -0.1997 -0.1836 -0.1853
 -0.2019
 -2.1340 -1.9955 -1.8844 -1.7902 -1.6957 -1.5759 -1.3987 -1.1466 -0.8847 -0.6801
 -0.5492 -0.4703 -0.4199 -0.3825 -0.3507 -0.2849 -0.2371 -0.2058 -0.1914 -0.1939
 -0.2111 -0.2395
 -2.0002 -1.8390 -1.7055 -1.5947 -1.4974 -1.3962 -1.2694 -1.0897 -0.8775 -0.6893
 -0.5559 -0.4717 -0.4183 -0.3805 -0.3496 -0.2864 -0.2406 -0.2110 -0.1976 -0.2006
 -0.2175 -0.2450 -0.2807 -0.3228
 -1.8300 -1.6849 -1.5509 -1.4316 -1.3264 -1.2298 -1.1305 -1.0057 -0.8473 -0.6869
 -0.5591 -0.4724 -0.4158 -0.3771 -0.3469 -0.2867 -0.2430 -0.2153 -0.2028 -0.2058
 -0.2225 -0.2492 -0.2838 -0.3245 -0.3699 -0.4196 -0.4743 -0.5347 -0.5957 -0.6552
 -1.5797 -1.4402 -1.3319 -1.2468 -1.1643 -1.0796 -0.9937 -0.9026 -0.7917 -0.6667
 -0.5540 -0.4696 -0.4117 -0.3721 -0.3424 -0.2855 -0.2440 -0.2183 -0.2068 -0.2097
 -0.2260 -0.2523 -0.2861 -0.3258 -0.3699 -0.4179 -0.4698 -0.5260 -0.5870 -0.6486
 -0.7087
 -1.4695 -1.2832 -1.1380 -1.0292 -0.9475 -0.8836 -0.8282 -0.7714 -0.7042 -0.6213
 -0.5344 -0.4598 -0.4042 -0.3648 -0.3356 -0.2823 -0.2433 -0.2195 -0.2095 -0.2124
 -0.2283 -0.2542 -0.2875 -0.3266 -0.3700 -0.4168 -0.4671 -0.5207 -0.5778 -0.6392
 -0.7015
 -1.4355 -1.2269 -1.0550 -0.9183 -0.8120 -0.7293 -0.6630 -0.6092 -0.5624 -0.5171
 -0.4707 -0.4259 -0.3856 -0.3520 -0.3252 -0.2762 -0.2403 -0.2184 -0.2101 -0.2138
 -0.2293 -0.2552 -0.2884 -0.3272 -0.3702 -0.4167 -0.4661 -0.5184 -0.5734 -0.6314
 -0.6929
 -1.4444 -1.2203 -1.0312 -0.8762 -0.7519 -0.6540 -0.5768 -0.5147 -0.4634 -0.4199
 -0.3837 -0.3550 -0.3336 -0.3172 -0.3029 -0.2674 -0.2356 -0.2154 -0.2087 -0.2132
 -0.2285 -0.2540 -0.2871 -0.3258 -0.3688 -0.4152 -0.4644 -0.5158 -0.5694 -0.6253
 -0.6836
 -1.4747 -1.2390 -1.0364 -0.8680 -0.7309 -0.6213 -0.5349 -0.4668 -0.4127 -0.3689
 -0.3331 -0.3047 -0.2837 -0.2695 -0.2603 -0.2462 -0.2277 -0.2103 -0.2048 -0.2104
 -0.2259 -0.2509 -0.2839 -0.3228 -0.3659 -0.4126 -0.4621 -0.5136 -0.5667 -0.6215
 -0.6779
 -1.5129 -1.2708 -1.0595 -0.8786 -0.7314 -0.6123 -0.5180 -0.4441 -0.3864 -0.3412
 -0.3054 -0.2773 -0.2555 -0.2392 -0.1974 -0.2126 -0.2166 -0.2031 -0.1984
 [Fe/H] =  0.50 [alpha/Fe] = 0.00 BC value =  I   
 -2.8363 -2.9246 -2.8880 -2.7395 -2.4906 -2.1511 -1.7299 -1.2733 -0.9227 -0.6768
 -0.5356 -0.4561 -0.4047 -0.3651 -0.3312 -0.2610 -0.2104 -0.1762 -0.1517
 -2.6150 -2.5713 -2.5395 -2.5017 -2.3882 -2.1568 -1.7806 -1.3019 -0.9348 -0.6841
 -0.5382 -0.4564 -0.4050 -0.3666 -0.3340 -0.2668 -0.2176 -0.1836 -0.1658 -0.1641
 -2.4213 -2.3513 -2.2968 -2.2494 -2.1746 -2.0239 -1.7351 -1.3272 -0.9626 -0.7043
 -0.5480 -0.4590 -0.4051 -0.3668 -0.3352 -0.2702 -0.2219 -0.1893 -0.1720 -0.1710
 -0.1855
 -2.2611 -2.1551 -2.0763 -2.0124 -1.9415 -1.8298 -1.6311 -1.3213 -0.9902 -0.7311
 -0.5627 -0.4642 -0.4054 -0.3661 -0.3351 -0.2725 -0.2257 -0.1942 -0.1781 -0.1780
 -0.1930 -0.2202
 -2.1323 -1.9954 -1.8870 -1.8007 -1.7242 -1.6323 -1.4952 -1.2774 -1.0034 -0.7563
 -0.5806 -0.4719 -0.4065 -0.3647 -0.3337 -0.2738 -0.2288 -0.1987 -0.1834 -0.1836
 -0.1985 -0.2248 -0.2600 -0.3023
 -2.0045 -1.8561 -1.7284 -1.6211 -1.5294 -1.4421 -1.3399 -1.1917 -0.9875 -0.7713
 -0.5976 -0.4809 -0.4085 -0.3629 -0.3312 -0.2737 -0.2310 -0.2025 -0.1880 -0.1882
 -0.2027 -0.2285 -0.2625 -0.3031 -0.3489 -0.3994 -0.4553 -0.5163 -0.5786 -0.6393
 -1.7789 -1.6323 -1.5557 -1.4572 -1.3623 -1.2718 -1.1819 -1.0771 -0.9357 -0.7654
 -0.6071 -0.4888 -0.4106 -0.3608 -0.3275 -0.2720 -0.2318 -0.2053 -0.1919 -0.1921
 -0.2061 -0.2312 -0.2644 -0.3038 -0.3480 -0.3963 -0.4490 -0.5064 -0.5690 -0.6315
 -0.6928
 -1.5713 -1.4141 -1.2996 -1.2188 -1.1556 -1.0949 -1.0259 -0.9467 -0.8510 -0.7304
 -0.6009 -0.4907 -0.4110 -0.3581 -0.3226 -0.2683 -0.2308 -0.2065 -0.1947 -0.1950
 -0.2084 -0.2330 -0.2655 -0.3040 -0.3471 -0.3939 -0.4446 -0.4991 -0.5577 -0.6209
 -0.6842
 -1.5030 -1.3105 -1.1548 -1.0350 -0.9451 -0.8762 -0.8204 -0.7704 -0.7164 -0.6476
 -0.5626 -0.4763 -0.4044 -0.3520 -0.3156 -0.2620 -0.2275 -0.2053 -0.1954 -0.1967
 -0.2098 -0.2339 -0.2661 -0.3042 -0.3466 -0.3925 -0.4420 -0.4948 -0.5510 -0.6108
 -0.6743
 -1.4967 -1.2838 -1.1036 -0.9564 -0.8397 -0.7486 -0.6763 -0.6161 -0.5639 -0.5160
 -0.4673 -0.4182 -0.3729 -0.3346 -0.3039 -0.2540 -0.2226 -0.2024 -0.1943 -0.1968
 -0.2096 -0.2330 -0.2648 -0.3025 -0.3445 -0.3900 -0.4387 -0.4904 -0.5450 -0.6023
 -0.6625
 -1.5248 -1.2950 -1.0976 -0.9319 -0.7964 -0.6879 -0.6018 -0.5326 -0.4753 -0.4260
 -0.3823 -0.3444 -0.3130 -0.2887 -0.2703 -0.2395 -0.2151 -0.1974 -0.1908 -0.1947
 -0.2079 -0.2307 -0.2620 -0.2995 -0.3414 -0.3868 -0.4354 -0.4866 -0.5403 -0.5962
 -0.6543
 -1.5695 -1.3296 -1.1172 -0.9372 -0.7872 -0.6653 -0.5676 -0.4899 -0.4279 -0.3774
 -0.3353 -0.2999 -0.2710 -0.2487 -0.2148 -0.2185 -0.2050 -0.1903 -0.1849
 [Fe/H] =  0.75 [alpha/Fe] = 0.00 BC value =  I   
 -2.8907 -2.8124 -2.6770 -2.4905 -2.2583 -1.9851 -1.6749 -1.3315 -0.9796 -0.7070
 -0.5383 -0.4437 -0.3865 -0.3460 -0.3126 -0.2451 -0.1985 -0.1665 -0.1437
 -2.6805 -2.6720 -2.6830 -2.6834 -2.5643 -2.2993 -1.8881 -1.3898 -1.0066 -0.7221
 -0.5458 -0.4465 -0.3879 -0.3477 -0.3156 -0.2512 -0.2040 -0.1722 -0.1533 -0.1487
 -2.4909 -2.4692 -2.4442 -2.4352 -2.3957 -2.2645 -1.9415 -1.4571 -1.0515 -0.7531
 -0.5625 -0.4531 -0.3897 -0.3485 -0.3169 -0.2547 -0.2080 -0.1763 -0.1587 -0.1556
 -0.1682
 -2.3296 -2.2615 -2.2210 -2.1946 -2.1573 -2.0673 -1.8613 -1.4955 -1.1007 -0.7936
 -0.5867 -0.4639 -0.3926 -0.3486 -0.3170 -0.2571 -0.2116 -0.1803 -0.1632 -0.1608
 -0.1737 -0.1994
 -2.2028 -2.0994 -2.0254 -1.9733 -1.9283 -1.8580 -1.7228 -1.4722 -1.1370 -0.8346
 -0.6165 -0.4791 -0.3977 -0.3487 -0.3159 -0.2583 -0.2147 -0.1843 -0.1676 -0.1652
 -0.1777 -0.2028 -0.2376 -0.2799
 -2.0956 -1.9664 -1.8624 -1.7815 -1.7160 -1.6498 -1.5550 -1.3902 -1.1412 -0.8685
 -0.6472 -0.4976 -0.4054 -0.3495 -0.3141 -0.2580 -0.2170 -0.1880 -0.1719 -0.1693
 -0.1812 -0.2055 -0.2392 -0.2799 -0.3262 -0.3775 -0.4347 -0.4970 -0.5591 -0.6213
 -1.9340 -1.8191 -1.7136 -1.6177 -1.5338 -1.4577 -1.3773 -1.2665 -1.0972 -0.8797
 -0.6724 -0.5167 -0.4146 -0.3515 -0.3120 -0.2559 -0.2177 -0.1908 -0.1758 -0.1731
 -0.1842 -0.2078 -0.2404 -0.2797 -0.3242 -0.3731 -0.4265 -0.4852 -0.5488 -0.6119
 -0.6746
 -1.6731 -1.5668 -1.4841 -1.4196 -1.3573 -1.2855 -1.2081 -1.1223 -1.0089 -0.8548
 -0.6811 -0.5314 -0.4244 -0.3542 -0.3098 -0.2518 -0.2165 -0.1920 -0.1787 -0.1764
 -0.1868 -0.2093 -0.2411 -0.2793 -0.3224 -0.3695 -0.4206 -0.4758 -0.5358 -0.6003
 -0.6644
 -1.5548 -1.3891 -1.2625 -1.1702 -1.1065 -1.0594 -1.0146 -0.9593 -0.8853 -0.7848
 -0.6588 -0.5312 -0.4278 -0.3548 -0.3068 -0.2455 -0.2128 -0.1908 -0.1796 -0.1786
 -0.1886 -0.2104 -0.2415 -0.2790 -0.3212 -0.3671 -0.4166 -0.4698 -0.5268 -0.5880
 -0.6533
 -1.5248 -1.3318 -1.1695 -1.0392 -0.9396 -0.8644 -0.8053 -0.7557 -0.7092 -0.6563
 -0.5866 -0.5019 -0.4187 -0.3513 -0.3027 -0.2383 -0.2074 -0.1878 -0.1787 -0.1792
 -0.1893 -0.2101 -0.2403 -0.2771 -0.3186 -0.3636 -0.4120 -0.4636 -0.5186 -0.5772
 -0.6390
 -1.5405 -1.3290 -1.1449 -0.9901 -0.8639 -0.7639 -0.6852 -0.6212 -0.5659 -0.5157
 -0.4672 -0.4172 -0.3670 -0.3215 -0.2844 -0.2281 -0.1999 -0.1827 -0.1754 -0.1776
 -0.1885 -0.2086 -0.2379 -0.2742 -0.3153 -0.3599 -0.4077 -0.4584 -0.5121 -0.5687
 -0.6283
 -1.5851 -1.3579 -1.1566 -0.9840 -0.8391 -0.7207 -0.6255 -0.5493 -0.4869 -0.4338
 -0.3865 -0.3436 -0.3056 -0.2731 -0.2519 -0.2149 -0.1903 -0.1755 -0.1697
 [Fe/H] =  1.00 [alpha/Fe] = 0.00 BC value =  I   
 -2.9183 -2.8615 -2.7416 -2.5653 -2.3384 -2.0660 -1.7528 -1.4026 -1.0398 -0.7475
 -0.5495 -0.4354 -0.3689 -0.3249 -0.2914 -0.2267 -0.1824 -0.1531 -0.1348
 -2.7120 -3.2146 -3.4252 -3.3736 -3.0861 -2.5859 -1.9630 -1.4727 -1.0825 -0.7719
 -0.5632 -0.4420 -0.3721 -0.3275 -0.2944 -0.2322 -0.1868 -0.1567 -0.1396 -0.1342
 -2.5177 -2.8364 -2.5503 -2.5765 -2.5710 -2.4675 -2.0856 -1.5581 -1.1423 -0.8133
 -0.5886 -0.4541 -0.3767 -0.3295 -0.2962 -0.2355 -0.1906 -0.1602 -0.1430 -0.1389
 -0.1491
 -2.3491 -2.3222 -2.3219 -2.3334 -2.3315 -2.2713 -2.0708 -1.6494 -1.2115 -0.8668
 -0.6238 -0.4723 -0.3837 -0.3314 -0.2970 -0.2381 -0.1941 -0.1634 -0.1463 -0.1424
 -0.1526 -0.1768
 -2.2175 -2.1526 -2.1178 -2.1043 -2.0959 -2.0554 -1.9345 -1.6623 -1.2720 -0.9233
 -0.6651 -0.4961 -0.3944 -0.3343 -0.2969 -0.2395 -0.1975 -0.1672 -0.1498 -0.1455
 -0.1554 -0.1789 -0.2132 -0.2557
 -2.1165 -2.0179 -1.9473 -1.9016 -1.8709 -1.8350 -1.7588 -1.5885 -1.2992 -0.9748
 -0.7098 -0.5253 -0.4091 -0.3392 -0.2969 -0.2392 -0.2000 -0.1710 -0.1538 -0.1491
 -0.1582 -0.1807 -0.2137 -0.2544 -0.3011 -0.3538 -0.4126 -0.4750 -0.5375 -0.6011
 -2.0074 -1.8973 -1.8059 -1.7319 -1.6746 -1.6254 -1.5652 -1.4589 -1.2674 -1.0040
 -0.7500 -0.5567 -0.4269 -0.3466 -0.2976 -0.2369 -0.2009 -0.1741 -0.1578 -0.1529
 -0.1609 -0.1822 -0.2140 -0.2533 -0.2979 -0.3475 -0.4025 -0.4627 -0.5264 -0.5901
 -0.6542
 -1.7747 -1.7057 -1.6372 -1.5694 -1.5036 -1.4404 -1.3765 -1.2992 -1.1770 -0.9923
 -0.7747 -0.5840 -0.4463 -0.3561 -0.2994 -0.2330 -0.1996 -0.1755 -0.1610 -0.1565
 -0.1636 -0.1836 -0.2141 -0.2522 -0.2956 -0.3433 -0.3949 -0.4511 -0.5124 -0.5775
 -0.6422
 -1.5899 -1.4616 -1.3743 -1.3183 -1.2819 -1.2457 -1.1964 -1.1314 -1.0465 -0.9249
 -0.7643 -0.5970 -0.4604 -0.3642 -0.3013 -0.2273 -0.1956 -0.1743 -0.1621 -0.1590
 -0.1660 -0.1848 -0.2142 -0.2512 -0.2935 -0.3398 -0.3898 -0.4432 -0.5009 -0.5634
 -0.6298
 -1.5298 -1.3637 -1.2271 -1.1231 -1.0494 -0.9984 -0.9613 -0.9274 -0.8833 -0.8147
 -0.7129 -0.5871 -0.4663 -0.3711 -0.3041 -0.2214 -0.1898 -0.1714 -0.1614 -0.1601
 -0.1675 -0.1853 -0.2132 -0.2491 -0.2903 -0.3354 -0.3839 -0.4357 -0.4909 -0.5502
 -0.6133
 -1.5278 -1.3403 -1.1768 -1.0401 -0.9309 -0.8471 -0.7831 -0.7316 -0.6867 -0.6424
 -0.5908 -0.5227 -0.4407 -0.3622 -0.2995 -0.2145 -0.1822 -0.1660 -0.1584 -0.1590
 -0.1676 -0.1849 -0.2116 -0.2463 -0.2867 -0.3310 -0.3786 -0.4291 -0.4826 -0.5396
 -0.6000
 -1.5629 -1.3575 -1.1752 -1.0172 -0.8843 -0.7759 -0.6895 -0.6206 -0.5634 -0.5124
 -0.4643 -0.4169 -0.3677 -0.3183 -0.2875 -0.2066 -0.1728 -0.1581 -0.1531
