 [Fe/H] = -4.00 [alpha/Fe] = 0.40 BC value = G_RP 
 -2.5207 -1.5513 -0.3598 -0.0453 -1.0305 -3.0123 -2.2774 -1.0425 -0.2926 -0.2469
 -0.1752 -0.2059 -0.6135 -1.1094 -1.3777 -1.2672
 -2.3526 -1.9308 -1.3525 -1.1470 -1.4731 -2.3497 -2.0366 -1.4935 -1.0926 -0.9534
 -0.8471 -0.8323 -0.9955 -1.2094 -1.3247 -1.2414 -1.1930 -1.1669 -1.2254
 -2.0795 -1.9666 -1.7722 -1.6506 -1.6360 -1.8412 -1.7644 -1.6267 -1.4770 -1.3477
 -1.2580 -1.2240 -1.2431 -1.2814 -1.2969 -1.2343 -1.2107 -1.1952 -1.2152 -1.2396
 -1.2393
 -1.7014 -1.6587 -1.6189 -1.5561 -1.5190 -1.4866 -1.4608 -1.4421 -1.4460 -1.4298
 -1.4078 -1.3811 -1.3563 -1.3254 -1.2943 -1.2459 -1.2165 -1.2107 -1.2198 -1.2388
 -1.2633 -1.2911 -1.3213
 -1.5125 -1.5015 -1.4881 -1.4621 -1.4405 -1.4183 -1.3977 -1.3800 -1.3660 -1.3546
 -1.3424 -1.3273 -1.3117 -1.2940 -1.2741 -1.2399 -1.2278 -1.2300 -1.2416 -1.2599
 -1.2830 -1.3094 -1.3382 -1.3699 -1.4051
 -1.3382 -1.3514 -1.3594 -1.3608 -1.3560 -1.3469 -1.3354 -1.3232 -1.3117 -1.3015
 -1.2926 -1.2843 -1.2748 -1.2660 -1.2546 -1.2324 -1.2311 -1.2409 -1.2568 -1.2767
 -1.3000 -1.3261 -1.3544 -1.3848 -1.4173 -1.4527
 -1.1785 -1.2084 -1.2328 -1.2522 -1.2655 -1.2724 -1.2739 -1.2717 -1.2675 -1.2621
 -1.2564 -1.2509 -1.2458 -1.2417 -1.2358 -1.2234 -1.2264 -1.2434 -1.2654 -1.2892
 -1.3143 -1.3412 -1.3698 -1.3997 -1.4311 -1.4644 -1.5002 -1.5412 -1.5887 -1.6387
 -1.0333 -1.0725 -1.1083 -1.1410 -1.1693 -1.1917 -1.2077 -1.2180 -1.2236 -1.2260
 -1.2260 -1.2245 -1.2223 -1.2201 -1.2181 -1.2128 -1.2176 -1.2374 -1.2652 -1.2948
 -1.3241 -1.3535 -1.3834 -1.4142 -1.4456 -1.4780 -1.5114 -1.5482 -1.5907 -1.6398
 -1.6921
 -0.9099 -0.9516 -0.9929 -1.0337 -1.0720 -1.1065 -1.1358 -1.1588 -1.1757 -1.1874
 -1.1947 -1.1990 -1.2012 -1.2019 -1.2017 -1.2016 -1.2075 -1.2264 -1.2566 -1.2916
 -1.3267 -1.3607 -1.3938 -1.4266 -1.4593 -1.4921 -1.5259 -1.5605 -1.5981 -1.6415
 -1.6922
 -0.8056 -0.8487 -0.8926 -0.9372 -0.9809 -1.0229 -1.0615 -1.0953 -1.1231 -1.1445
 -1.1602 -1.1712 -1.1787 -1.1836 -1.1863 -1.1897 -1.1973 -1.2145 -1.2437 -1.2811
 -1.3214 -1.3613 -1.3994 -1.4359 -1.4713 -1.5059 -1.5405 -1.5755 -1.6118 -1.6514
 -1.6946
 -0.7227 -0.7646 -0.8077 -0.8518 -0.8973 -0.9425 -0.9864 -1.0275 -1.0644 -1.0953
 -1.1198 -1.1387 -1.1528 -1.1629 -1.1696 -1.1786 -1.1869 -1.2033 -1.2301 -1.2662
 -1.3084 -1.3529 -1.3967 -1.4383 -1.4779 -1.5157 -1.5525 -1.5888 -1.6251 -1.6625
 -1.7018
 -0.6624 -0.6993 -0.7388 -0.7805 -0.8247 -0.8699 -0.9157 -0.9604 -1.0028 -1.0404
 -1.0727 -1.0997 -1.1215 -1.1383 -1.1503 -1.1670 -1.1775 -1.1930 -1.2179 -1.2519
 -1.2931 -1.3389 -1.3865 -1.4334 -1.4781 -1.5204 -1.5608 -1.5998 -1.6378 -1.6756
 -1.7142
 -0.6249 -0.6529 -0.6859 -0.7233 -0.7631 -0.8051 -0.8522 -0.8978 -0.9424 -0.9836
 -1.0212 -1.0553 -1.0863 -1.1098 -1.1283 -1.1548 -1.1691 -1.1836 -1.2071
 [Fe/H] = -3.00 [alpha/Fe] = 0.40 BC value = G_RP 
 -1.6064 -1.5379 -1.5042 -1.5134 -1.5750 -1.8008 -1.7123 -1.6117 -1.5329 -1.4735
 -1.3838 -1.3014 -1.2968 -1.3294 -1.3311 -1.2191
 -1.6384 -1.5700 -1.5260 -1.5123 -1.5359 -1.6541 -1.6225 -1.5784 -1.5364 -1.4973
 -1.4438 -1.3908 -1.3650 -1.3533 -1.3297 -1.2312 -1.1808 -1.1649 -1.1698
 -1.6454 -1.5816 -1.5334 -1.5048 -1.5008 -1.5423 -1.5429 -1.5343 -1.5180 -1.4955
 -1.4681 -1.4367 -1.4024 -1.3660 -1.3282 -1.2418 -1.2000 -1.1887 -1.1953 -1.2132
 -1.2379
 -1.6274 -1.5727 -1.5264 -1.4909 -1.4697 -1.4654 -1.4735 -1.4795 -1.4778 -1.4681
 -1.4566 -1.4393 -1.4090 -1.3676 -1.3266 -1.2509 -1.2158 -1.2088 -1.2173 -1.2349
 -1.2584 -1.2861 -1.3170
 -1.5844 -1.5433 -1.5050 -1.4706 -1.4425 -1.4234 -1.4143 -1.4141 -1.4157 -1.4151
 -1.4094 -1.3985 -1.3847 -1.3580 -1.3249 -1.2585 -1.2282 -1.2252 -1.2358 -1.2538
 -1.2767 -1.3032 -1.3327 -1.3650 -1.4008
 -1.5164 -1.4934 -1.4692 -1.4439 -1.4192 -1.3979 -1.3820 -1.3721 -1.3672 -1.3651
 -1.3613 -1.3538 -1.3469 -1.3358 -1.3158 -1.2623 -1.2354 -1.2361 -1.2502 -1.2697
 -1.2930 -1.3192 -1.3479 -1.3789 -1.4121 -1.4481
 -1.4257 -1.4207 -1.4133 -1.4018 -1.3869 -1.3703 -1.3546 -1.3419 -1.3330 -1.3265
 -1.3206 -1.3141 -1.3064 -1.3021 -1.2916 -1.2583 -1.2365 -1.2398 -1.2583 -1.2815
 -1.3066 -1.3337 -1.3626 -1.3932 -1.4254 -1.4594 -1.4960 -1.5377 -1.5856 -1.6357
 -1.3198 -1.3295 -1.3372 -1.3410 -1.3391 -1.3323 -1.3224 -1.3118 -1.3027 -1.2955
 -1.2894 -1.2830 -1.2755 -1.2704 -1.2641 -1.2440 -1.2308 -1.2361 -1.2583 -1.2867
 -1.3159 -1.3455 -1.3759 -1.4072 -1.4394 -1.4726 -1.5077 -1.5450 -1.5875 -1.6369
 -1.6893
 -1.2239 -1.2333 -1.2465 -1.2630 -1.2744 -1.2800 -1.2796 -1.2754 -1.2698 -1.2643
 -1.2596 -1.2551 -1.2499 -1.2444 -1.2401 -1.2260 -1.2195 -1.2266 -1.2504 -1.2837
 -1.3156 -1.3526 -1.3860 -1.4194 -1.4528 -1.4864 -1.5209 -1.5585 -1.5993 -1.6431
 -1.6894
 -1.0870 -1.1277 -1.1562 -1.1739 -1.1957 -1.2127 -1.2238 -1.2292 -1.2303 -1.2291
 -1.2273 -1.2256 -1.2235 -1.2208 -1.2185 -1.2087 -1.2057 -1.2147 -1.2386 -1.2738
 -1.3135 -1.3533 -1.3916 -1.4286 -1.4646 -1.5000 -1.5353 -1.5710 -1.6079 -1.6473
 -1.6917
 -0.9765 -1.0219 -1.0555 -1.0787 -1.1081 -1.1336 -1.1550 -1.1708 -1.1813 -1.1875
 -1.1907 -1.1929 -1.1945 -1.1955 -1.1961 -1.1930 -1.1923 -1.2022 -1.2251 -1.2594
 -1.3011 -1.3454 -1.3892 -1.4312 -1.4713 -1.5097 -1.5472 -1.5841 -1.6210 -1.6590
 -1.6988
 -0.8707 -0.9159 -0.9563 -0.9923 -1.0276 -1.0606 -1.0898 -1.1016 -1.1218 -1.1370
 -1.1478 -1.1556 -1.1616 -1.1668 -1.1711 -1.1776 -1.1796 -1.1905 -1.2125 -1.2452
 -1.2861 -1.3319 -1.3796 -1.4267 -1.4718 -1.5146 -1.5555 -1.5950 -1.6335 -1.6719
 -1.7111
 -0.7696 -0.8098 -0.8585 -0.9148 -0.9541 -0.9937 -1.0060 -1.0375 -1.0647 -1.0777
 -1.0971 -1.1124 -1.1244 -1.1344 -1.1435 -1.1625 -1.1676 -1.1796 -1.2008
 [Fe/H] = -2.50 [alpha/Fe] = 0.40 BC value = G_RP 
 -1.6083 -1.6569 -1.7659 -1.8028 -1.7307 -1.6529 -1.6635 -1.7231 -1.7431 -1.6911
 -1.6129 -1.5233 -1.4457 -1.3864 -1.3293 -1.2173
 -1.6152 -1.6020 -1.6318 -1.6411 -1.6140 -1.5891 -1.5989 -1.6251 -1.6323 -1.6067
 -1.5633 -1.5060 -1.4450 -1.3885 -1.3358 -1.2345 -1.1798 -1.1624 -1.1596
 -1.6202 -1.5673 -1.5433 -1.5300 -1.5250 -1.5283 -1.5364 -1.5436 -1.5447 -1.5366
 -1.5171 -1.4843 -1.4393 -1.3889 -1.3413 -1.2499 -1.2005 -1.1856 -1.1890 -1.2054
 -1.2330
 -1.6233 -1.5528 -1.5004 -1.4695 -1.4637 -1.4705 -1.4760 -1.4786 -1.4803 -1.4808
 -1.4743 -1.4582 -1.4286 -1.3876 -1.3458 -1.2635 -1.2184 -1.2055 -1.2125 -1.2296
 -1.2528 -1.2807 -1.3124
 -1.6245 -1.5585 -1.5031 -1.4596 -1.4301 -1.4157 -1.4177 -1.4301 -1.4391 -1.4393
 -1.4349 -1.4277 -1.4129 -1.3846 -1.3493 -1.2753 -1.2335 -1.2221 -1.2302 -1.2478
 -1.2706 -1.2973 -1.3271 -1.3593 -1.3952
 -1.6052 -1.5512 -1.5029 -1.4607 -1.4258 -1.4002 -1.3850 -1.3796 -1.3832 -1.3913
 -1.3947 -1.3919 -1.3871 -1.3734 -1.3479 -1.2831 -1.2442 -1.2339 -1.2439 -1.2628
 -1.2862 -1.3126 -1.3417 -1.3731 -1.4070 -1.4437
 -1.5595 -1.5214 -1.4857 -1.4519 -1.4204 -1.3929 -1.3712 -1.3565 -1.3482 -1.3450
 -1.3453 -1.3459 -1.3450 -1.3432 -1.3325 -1.2846 -1.2493 -1.2397 -1.2518 -1.2738
 -1.2990 -1.3265 -1.3558 -1.3870 -1.4198 -1.4545 -1.4918 -1.5341 -1.5823 -1.6325
 -1.4883 -1.4668 -1.4460 -1.4248 -1.4024 -1.3798 -1.3584 -1.3402 -1.3267 -1.3175
 -1.3110 -1.3063 -1.3023 -1.3017 -1.2989 -1.2747 -1.2479 -1.2394 -1.2528 -1.2787
 -1.3078 -1.3377 -1.3686 -1.4004 -1.4332 -1.4672 -1.5030 -1.5409 -1.5840 -1.6338
 -1.6863
 -1.3977 -1.3906 -1.3841 -1.3765 -1.3663 -1.3532 -1.3376 -1.3214 -1.3067 -1.2950
 -1.2860 -1.2788 -1.2724 -1.2672 -1.2650 -1.2517 -1.2380 -1.2332 -1.2473 -1.2761
 -1.3101 -1.3444 -1.3783 -1.4121 -1.4461 -1.4805 -1.5157 -1.5524 -1.5915 -1.6351
 -1.6865
 -1.2947 -1.2996 -1.3046 -1.3089 -1.3107 -1.3089 -1.3029 -1.2934 -1.2822 -1.2712
 -1.2619 -1.2544 -1.2480 -1.2420 -1.2384 -1.2274 -1.2210 -1.2221 -1.2371 -1.2673
 -1.3055 -1.3452 -1.3838 -1.4212 -1.4577 -1.4937 -1.5297 -1.5661 -1.6037 -1.6438
 -1.6887
 -1.1868 -1.2003 -1.2141 -1.2273 -1.2392 -1.2480 -1.2526 -1.2525 -1.2485 -1.2421
 -1.2350 -1.2286 -1.2235 -1.2191 -1.2157 -1.2072 -1.2032 -1.2083 -1.2244 -1.2540
 -1.2938 -1.3376 -1.3815 -1.4238 -1.4642 -1.5032 -1.5413 -1.5789 -1.6166 -1.6551
 -1.6956
 -1.0757 -1.0965 -1.1172 -1.1371 -1.1561 -1.1734 -1.1874 -1.1971 -1.2023 -1.2035
 -1.2018 -1.1989 -1.1960 -1.1938 -1.1924 -1.1893 -1.1871 -1.1941 -1.2116 -1.2403
 -1.2793 -1.3246 -1.3722 -1.4194 -1.4648 -1.5080 -1.5495 -1.5897 -1.6288 -1.6678
 -1.7075
 -0.9613 -0.9882 -1.0175 -1.0419 -1.0663 -1.0895 -1.1106 -1.1288 -1.1430 -1.1532
 -1.1593 -1.1625 -1.1639 -1.1649 -1.1685 -1.1737 -1.1727 -1.1795 -1.1987
 [Fe/H] = -2.00 [alpha/Fe] = 0.40 BC value = G_RP 
 -1.9594 -1.9209 -1.8960 -1.8841 -1.8684 -1.8477 -1.8161 -1.7737 -1.7209 -1.6626
 -1.5981 -1.5302 -1.4633 -1.4015 -1.3340 -1.2233
 -1.8146 -1.7756 -1.7503 -1.7340 -1.7232 -1.7127 -1.6976 -1.6747 -1.6442 -1.6077
 -1.5636 -1.5119 -1.4551 -1.3992 -1.3443 -1.2434 -1.1822 -1.1589 -1.1610
 -1.7229 -1.6718 -1.6394 -1.6206 -1.6103 -1.6046 -1.5994 -1.5899 -1.5755 -1.5558
 -1.5288 -1.4927 -1.4476 -1.3988 -1.3527 -1.2609 -1.2049 -1.1826 -1.1850 -1.2011
 -1.2253
 -1.6843 -1.6095 -1.5633 -1.5439 -1.5298 -1.5235 -1.5215 -1.5193 -1.5148 -1.5069
 -1.4937 -1.4726 -1.4408 -1.4003 -1.3592 -1.2758 -1.2243 -1.2029 -1.2054 -1.2213
 -1.2442 -1.2723 -1.3048
 -1.6808 -1.5906 -1.5292 -1.4927 -1.4742 -1.4674 -1.4667 -1.4674 -1.4656 -1.4622
 -1.4563 -1.4464 -1.4287 -1.3992 -1.3638 -1.2881 -1.2404 -1.2198 -1.2222 -1.2382
 -1.2610 -1.2880 -1.3182 -1.3512 -1.3880
 -1.6890 -1.6050 -1.5346 -1.4832 -1.4489 -1.4281 -1.4179 -1.4158 -1.4195 -1.4249
 -1.4230 -1.4171 -1.4078 -1.3912 -1.3640 -1.2964 -1.2521 -1.2326 -1.2352 -1.2520
 -1.2754 -1.3024 -1.3320 -1.3642 -1.3990 -1.4365
 -1.6828 -1.6068 -1.5407 -1.4847 -1.4390 -1.4041 -1.3801 -1.3664 -1.3621 -1.3672
 -1.3758 -1.3798 -1.3791 -1.3724 -1.3564 -1.2993 -1.2588 -1.2405 -1.2436 -1.2620
 -1.2872 -1.3153 -1.3453 -1.3772 -1.4109 -1.4467 -1.4851 -1.5283 -1.5770 -1.6271
 -1.6536 -1.5907 -1.5339 -1.4841 -1.4407 -1.4038 -1.3740 -1.3519 -1.3372 -1.3286
 -1.3255 -1.3274 -1.3311 -1.3341 -1.3320 -1.2961 -1.2600 -1.2432 -1.2469 -1.2669
 -1.2951 -1.3257 -1.3572 -1.3899 -1.4236 -1.4586 -1.4955 -1.5345 -1.5784 -1.6285
 -1.6810
 -1.5994 -1.5518 -1.5077 -1.4677 -1.4316 -1.3989 -1.3696 -1.3444 -1.3243 -1.3095
 -1.2989 -1.2917 -1.2877 -1.2878 -1.2901 -1.2796 -1.2553 -1.2409 -1.2448 -1.2660
 -1.2974 -1.3318 -1.3663 -1.4009 -1.4358 -1.4710 -1.5074 -1.5452 -1.5853 -1.6298
 -1.6814
 -1.5207 -1.4882 -1.4583 -1.4305 -1.4046 -1.3801 -1.3564 -1.3337 -1.3130 -1.2953
 -1.2810 -1.2700 -1.2613 -1.2551 -1.2530 -1.2490 -1.2409 -1.2334 -1.2384 -1.2599
 -1.2938 -1.3325 -1.3714 -1.4094 -1.4467 -1.4836 -1.5206 -1.5582 -1.5970 -1.6380
 -1.6836
 -1.4259 -1.4075 -1.3905 -1.3743 -1.3592 -1.3446 -1.3293 -1.3131 -1.2963 -1.2799
 -1.2649 -1.2523 -1.2420 -1.2336 -1.2278 -1.2209 -1.2187 -1.2200 -1.2282 -1.2494
 -1.2838 -1.3255 -1.3691 -1.4117 -1.4528 -1.4926 -1.5317 -1.5703 -1.6091 -1.6488
 -1.6902
 -1.3236 -1.3145 -1.3081 -1.3021 -1.2967 -1.2916 -1.2857 -1.2780 -1.2683 -1.2569
 -1.2448 -1.2333 -1.2231 -1.2147 -1.2081 -1.1990 -1.1971 -1.2029 -1.2154 -1.2371
 -1.2707 -1.3134 -1.3602 -1.4074 -1.4532 -1.4971 -1.5394 -1.5805 -1.6207 -1.6608
 -1.7015
 -1.2156 -1.2159 -1.2171 -1.2191 -1.2215 -1.2242 -1.2266 -1.2275 -1.2261 -1.2222
 -1.2160 -1.2086 -1.2009 -1.1939 -1.1939 -1.1833 -1.1761 -1.1821 -1.2000
 [Fe/H] = -1.50 [alpha/Fe] = 0.40 BC value = G_RP 
 -2.2520 -2.2067 -2.1663 -2.1262 -2.0893 -2.0376 -1.9623 -1.8637 -1.7678 -1.6811
 -1.6017 -1.5284 -1.4620 -1.4017 -1.3471 -1.2390
 -2.0897 -2.0386 -1.9979 -1.9626 -1.9307 -1.8928 -1.8392 -1.7685 -1.7001 -1.6366
 -1.5755 -1.5150 -1.4563 -1.4017 -1.3525 -1.2547 -1.1897 -1.1567 -1.1530
 -1.9641 -1.9057 -1.8619 -1.8278 -1.7990 -1.7708 -1.7344 -1.6861 -1.6389 -1.5939
 -1.5486 -1.5009 -1.4511 -1.4025 -1.3580 -1.2690 -1.2105 -1.1808 -1.1768 -1.1901
 -1.2136
 -1.8752 -1.8080 -1.7583 -1.7218 -1.6942 -1.6715 -1.6479 -1.6165 -1.5842 -1.5530
 -1.5210 -1.4861 -1.4464 -1.4041 -1.3636 -1.2819 -1.2284 -1.2009 -1.1964 -1.2091
 -1.2315 -1.2592 -1.2915
 -1.8200 -1.7351 -1.6751 -1.6382 -1.6108 -1.5902 -1.5729 -1.5535 -1.5321 -1.5110
 -1.4895 -1.4659 -1.4375 -1.4033 -1.3673 -1.2921 -1.2426 -1.2170 -1.2125 -1.2247
 -1.2467 -1.2740 -1.3050 -1.3390 -1.3770
 -1.7970 -1.6966 -1.6207 -1.5664 -1.5312 -1.5128 -1.5061 -1.4976 -1.4851 -1.4707
 -1.4555 -1.4395 -1.4212 -1.3972 -1.3674 -1.2988 -1.2529 -1.2291 -1.2251 -1.2372
 -1.2596 -1.2871 -1.3175 -1.3508 -1.3867 -1.4259
 -1.7987 -1.6959 -1.6093 -1.5392 -1.4866 -1.4500 -1.4293 -1.4233 -1.4246 -1.4258
 -1.4214 -1.4114 -1.3984 -1.3830 -1.3619 -1.3015 -1.2591 -1.2372 -1.2341 -1.2465
 -1.2699 -1.2984 -1.3294 -1.3625 -1.3975 -1.4347 -1.4747 -1.5193 -1.5688 -1.6186
 -1.7973 -1.6977 -1.6113 -1.5386 -1.4792 -1.4332 -1.3998 -1.3771 -1.3635 -1.3588
 -1.3617 -1.3664 -1.3664 -1.3601 -1.3481 -1.2999 -1.2613 -1.2413 -1.2391 -1.2523
 -1.2769 -1.3074 -1.3400 -1.3738 -1.4088 -1.4453 -1.4837 -1.5248 -1.5697 -1.6201
 -1.6721
 -1.7830 -1.6913 -1.6098 -1.5392 -1.4798 -1.4307 -1.3915 -1.3612 -1.3393 -1.3239
 -1.3142 -1.3104 -1.3122 -1.3155 -1.3163 -1.2929 -1.2592 -1.2414 -1.2400 -1.2538
 -1.2771 -1.3126 -1.3478 -1.3836 -1.4197 -1.4565 -1.4945 -1.5335 -1.5751 -1.6212
 -1.6730
 -1.7436 -1.6674 -1.5944 -1.5306 -1.4751 -1.4280 -1.3882 -1.3551 -1.3283 -1.3075
 -1.2917 -1.2800 -1.2722 -1.2690 -1.2699 -1.2694 -1.2519 -1.2372 -1.2370 -1.2512
 -1.2780 -1.3134 -1.3520 -1.3910 -1.4296 -1.4679 -1.5065 -1.5457 -1.5861 -1.6287
 -1.6752
 -1.6806 -1.6200 -1.5608 -1.5069 -1.4589 -1.4170 -1.3808 -1.3491 -1.3216 -1.2982
 -1.2788 -1.2633 -1.2509 -1.2417 -1.2360 -1.2343 -1.2334 -1.2286 -1.2303 -1.2444
 -1.2711 -1.3079 -1.3498 -1.3927 -1.4349 -1.4759 -1.5165 -1.5567 -1.5971 -1.6384
 -1.6812
 -1.5996 -1.5528 -1.5075 -1.4643 -1.4257 -1.3915 -1.3614 -1.3345 -1.3102 -1.2881
 -1.2682 -1.2510 -1.2364 -1.2246 -1.2154 -1.2052 -1.2067 -1.2121 -1.2197 -1.2348
 -1.2610 -1.2978 -1.3418 -1.3885 -1.4348 -1.4797 -1.5234 -1.5659 -1.6076 -1.6493
 -1.6915
 -1.5054 -1.4706 -1.4370 -1.4048 -1.3755 -1.3496 -1.3269 -1.3067 -1.2880 -1.2702
 -1.2533 -1.2374 -1.2229 -1.2103 -1.2081 -1.1821 -1.1718 -1.1877 -1.2052
 [Fe/H] = -1.00 [alpha/Fe] = 0.40 BC value = G_RP 
 -2.7075 -2.6587 -2.6059 -2.5421 -2.4756 -2.3749 -2.2207 -2.0227 -1.8593 -1.7052
 -1.6034 -1.5227 -1.4564 -1.3985 -1.3474 -1.2454
 -2.4883 -2.4374 -2.3894 -2.3377 -2.2803 -2.2010 -2.0831 -1.9281 -1.7866 -1.6746
 -1.5864 -1.5136 -1.4519 -1.3983 -1.3513 -1.2584 -1.1931 -1.1554 -1.1430
 -2.3115 -2.2542 -2.2059 -2.1606 -2.1116 -2.0510 -1.9643 -1.8464 -1.7366 -1.6452
 -1.5697 -1.5051 -1.4485 -1.3988 -1.3552 -1.2696 -1.2116 -1.1779 -1.1671 -1.1753
 -1.1965
 -2.1771 -2.1091 -2.0554 -2.0108 -1.9696 -1.9248 -1.8643 -1.7776 -1.6917 -1.6170
 -1.5533 -1.4972 -1.4462 -1.4000 -1.3591 -1.2790 -1.2258 -1.1955 -1.1859 -1.1933
 -1.2134 -1.2406 -1.2734
 -2.0789 -2.0000 -1.9377 -1.8886 -1.8482 -1.8118 -1.7712 -1.7113 -1.6457 -1.5857
 -1.5331 -1.4859 -1.4417 -1.4000 -1.3618 -1.2864 -1.2369 -1.2092 -1.2007 -1.2079
 -1.2272 -1.2541 -1.2857 -1.3207 -1.3601
 -1.9859 -1.9021 -1.8390 -1.7888 -1.7475 -1.7132 -1.6820 -1.6438 -1.5963 -1.5497
 -1.5074 -1.4690 -1.4324 -1.3966 -1.3621 -1.2913 -1.2449 -1.2194 -1.2121 -1.2196
 -1.2386 -1.2653 -1.2965 -1.3309 -1.3681 -1.4091
 -1.9433 -1.8354 -1.7495 -1.6859 -1.6425 -1.6147 -1.5941 -1.5726 -1.5431 -1.5096
 -1.4767 -1.4462 -1.4171 -1.3882 -1.3587 -1.2935 -1.2500 -1.2265 -1.2204 -1.2284
 -1.2476 -1.2747 -1.3063 -1.3406 -1.3773 -1.4165 -1.4589 -1.5054 -1.5564 -1.6064
 -1.9315 -1.8157 -1.7173 -1.6366 -1.5743 -1.5284 -1.4968 -1.4772 -1.4643 -1.4523
 -1.4370 -1.4179 -1.3962 -1.3736 -1.3503 -1.2927 -1.2521 -1.2306 -1.2255 -1.2342
 -1.2539 -1.2819 -1.3146 -1.3498 -1.3866 -1.4251 -1.4657 -1.5091 -1.5563 -1.6079
 -1.6594
 -1.9277 -1.8104 -1.7081 -1.6212 -1.5492 -1.4923 -1.4491 -1.4171 -1.3934 -1.3766
 -1.3668 -1.3623 -1.3576 -1.3487 -1.3345 -1.2884 -1.2512 -1.2315 -1.2275 -1.2368
 -1.2571 -1.2861 -1.3206 -1.3575 -1.3955 -1.4344 -1.4747 -1.5164 -1.5608 -1.6081
 -1.6603
 -1.9220 -1.8062 -1.7047 -1.6163 -1.5411 -1.4789 -1.4290 -1.3900 -1.3600 -1.3370
 -1.3192 -1.3067 -1.2998 -1.2976 -1.2960 -1.2777 -1.2465 -1.2291 -1.2263 -1.2363
 -1.2574 -1.2874 -1.3238 -1.3633 -1.4036 -1.4440 -1.4849 -1.5264 -1.5692 -1.6141
 -1.6624
 -1.9038 -1.7974 -1.6997 -1.6135 -1.5385 -1.4749 -1.4222 -1.3792 -1.3447 -1.3174
 -1.2958 -1.2786 -1.2652 -1.2558 -1.2508 -1.2483 -1.2374 -1.2234 -1.2220 -1.2323
 -1.2536 -1.2843 -1.3223 -1.3644 -1.4076 -1.4505 -1.4932 -1.5355 -1.5782 -1.6220
 -1.6674
 -1.8641 -1.7703 -1.6832 -1.6029 -1.5313 -1.4694 -1.4170 -1.3732 -1.3369 -1.3071
 -1.2825 -1.2626 -1.2462 -1.2330 -1.2228 -1.2125 -1.2138 -1.2132 -1.2143 -1.2254
 -1.2467 -1.2775 -1.3164 -1.3607 -1.4071 -1.4533 -1.4987 -1.5431 -1.5871 -1.6311
 -1.6755
 -1.8028 -1.7234 -1.6479 -1.5776 -1.5125 -1.4551 -1.4057 -1.3637 -1.3283 -1.2985
 -1.2731 -1.2516 -1.2335 -1.2184 -1.2120 -1.1703 -1.1757 -1.1985 -1.2032
 [Fe/H] = -0.75 [alpha/Fe] = 0.30 BC value = G_RP 
 -2.8892 -2.8408 -2.7850 -2.7144 -2.6332 -2.5077 -2.3166 -2.0738 -1.8789 -1.7084
 -1.6003 -1.5175 -1.4506 -1.3940 -1.3440 -1.2438
 -2.6546 -2.6037 -2.5531 -2.4952 -2.4258 -2.3267 -2.1790 -1.9867 -1.8143 -1.6837
 -1.5863 -1.5098 -1.4468 -1.3935 -1.3470 -1.2554 -1.1917 -1.1525 -1.1370
 -2.4619 -2.4040 -2.3534 -2.3029 -2.2446 -2.1687 -2.0588 -1.9105 -1.7721 -1.6609
 -1.5738 -1.5035 -1.4444 -1.3940 -1.3503 -1.2653 -1.2073 -1.1726 -1.1600 -1.1664
 -1.1856
 -2.3111 -2.2417 -2.1859 -2.1375 -2.0896 -2.0338 -1.9560 -1.8452 -1.7345 -1.6400
 -1.5628 -1.4986 -1.4434 -1.3955 -1.3539 -1.2735 -1.2198 -1.1886 -1.1777 -1.1837
 -1.2029 -1.2301 -1.2635
 -2.1997 -2.1174 -2.0521 -1.9995 -1.9545 -1.9108 -1.8585 -1.7802 -1.6939 -1.6154
 -1.5485 -1.4914 -1.4411 -1.3962 -1.3565 -1.2799 -1.2297 -1.2010 -1.1915 -1.1976
 -1.2160 -1.2427 -1.2741 -1.3099 -1.3506
 -2.0967 -2.0147 -1.9459 -1.8889 -1.8415 -1.8012 -1.7625 -1.7115 -1.6476 -1.5847
 -1.5287 -1.4795 -1.4353 -1.3945 -1.3574 -1.2844 -1.2369 -1.2103 -1.2021 -1.2086
 -1.2266 -1.2530 -1.2843 -1.3193 -1.3576 -1.3996
 -2.0190 -1.9133 -1.8326 -1.7744 -1.7331 -1.7005 -1.6704 -1.6380 -1.5950 -1.5476
 -1.5025 -1.4616 -1.4242 -1.3890 -1.3555 -1.2865 -1.2416 -1.2170 -1.2097 -1.2168
 -1.2349 -1.2613 -1.2930 -1.3279 -1.3654 -1.4054 -1.4490 -1.4971 -1.5489 -1.5994
 -1.9952 -1.8753 -1.7749 -1.6951 -1.6345 -1.5904 -1.5605 -1.5407 -1.5217 -1.4973
 -1.4683 -1.4375 -1.4073 -1.3782 -1.3496 -1.2862 -1.2438 -1.2209 -1.2146 -1.2222
 -1.2407 -1.2676 -1.3002 -1.3359 -1.3736 -1.4131 -1.4551 -1.4996 -1.5480 -1.6005
 -1.6524
 -1.9886 -1.8641 -1.7564 -1.6655 -1.5917 -1.5341 -1.4903 -1.4574 -1.4325 -1.4138
 -1.4009 -1.3904 -1.3772 -1.3594 -1.3379 -1.2829 -1.2432 -1.2220 -1.2166 -1.2247
 -1.2438 -1.2714 -1.3052 -1.3425 -1.3813 -1.4213 -1.4627 -1.5058 -1.5512 -1.6001
 -1.6534
 -1.9853 -1.8604 -1.7507 -1.6559 -1.5760 -1.5104 -1.4583 -1.4176 -1.3858 -1.3604
 -1.3403 -1.3261 -1.3180 -1.3131 -1.3072 -1.2750 -1.2392 -1.2200 -1.2158 -1.2244
 -1.2441 -1.2727 -1.3080 -1.3474 -1.3884 -1.4298 -1.4719 -1.5147 -1.5587 -1.6050
 -1.6545
 -1.9779 -1.8582 -1.7494 -1.6544 -1.5724 -1.5033 -1.4463 -1.4002 -1.3635 -1.3342
 -1.3105 -1.2913 -1.2762 -1.2657 -1.2598 -1.2516 -1.2320 -1.2151 -1.2120 -1.2210
 -1.2409 -1.2700 -1.3066 -1.3481 -1.3916 -1.4354 -1.4791 -1.5227 -1.5667 -1.6117
 -1.6585
 -1.9536 -1.8435 -1.7423 -1.6499 -1.5693 -1.4997 -1.4412 -1.3927 -1.3529 -1.3204
 -1.2939 -1.2721 -1.2542 -1.2394 -1.2280 -1.2155 -1.2127 -1.2064 -1.2052 -1.2148
 -1.2348 -1.2641 -1.3014 -1.3446 -1.3908 -1.4375 -1.4838 -1.5293 -1.5745 -1.6197
 -1.6656
 -1.9086 -1.8113 -1.7198 -1.6356 -1.5589 -1.4917 -1.4342 -1.3857 -1.3453 -1.3116
 -1.2834 -1.2599 -1.2401 -1.2235 -1.2118 -1.1667 -1.1813 -1.1939 -1.1954
 [Fe/H] = -0.50 [alpha/Fe] = 0.20 BC value = G_RP 
 -3.0762 -3.0300 -2.9734 -2.8964 -2.7979 -2.6425 -2.4095 -2.1312 -1.8924 -1.7214
 -1.5950 -1.5104 -1.4433 -1.3873 -1.3394 -1.2422
 -2.8308 -2.7806 -2.7284 -2.6646 -2.5815 -2.4588 -2.2763 -2.0416 -1.8371 -1.6893
 -1.5838 -1.5042 -1.4404 -1.3872 -1.3417 -1.2518 -1.1885 -1.1482 -1.1303
 -2.6255 -2.5670 -2.5142 -2.4584 -2.3896 -2.2957 -2.1579 -1.9741 -1.8049 -1.6730
 -1.5753 -1.5001 -1.4391 -1.3881 -1.3445 -1.2601 -1.2020 -1.1662 -1.1517 -1.1560
 -1.1736
 -2.4603 -2.3892 -2.3308 -2.2778 -2.2221 -2.1532 -2.0543 -1.9154 -1.7763 -1.6601
 -1.5695 -1.4981 -1.4394 -1.3900 -1.3478 -1.2671 -1.2129 -1.1805 -1.1681 -1.1727
 -1.1908 -1.2180 -1.2513
 -2.3356 -2.2497 -2.1810 -2.1244 -2.0736 -2.0207 -1.9535 -1.8538 -1.7434 -1.6438
 -1.5616 -1.4949 -1.4392 -1.3916 -1.3506 -1.2727 -1.2215 -1.1916 -1.1808 -1.1858
 -1.2032 -1.2295 -1.2616 -1.2981 -1.3391
 -2.2294 -2.1398 -2.0636 -2.0004 -1.9473 -1.9003 -1.8520 -1.7854 -1.7021 -1.6203
 -1.5486 -1.4883 -1.4366 -1.3915 -1.3521 -1.2767 -1.2280 -1.2001 -1.1905 -1.1960
 -1.2131 -1.2389 -1.2705 -1.3059 -1.3450 -1.3880
 -2.1130 -2.0125 -1.9381 -1.8825 -1.8361 -1.7939 -1.7538 -1.7099 -1.6517 -1.5882
 -1.5286 -1.4761 -1.4299 -1.3886 -1.3515 -1.2789 -1.2324 -1.2062 -1.1976 -1.2037
 -1.2207 -1.2464 -1.2780 -1.3134 -1.3517 -1.3928 -1.4376 -1.4870 -1.5398 -1.5910
 -2.0696 -1.9463 -1.8460 -1.7685 -1.7108 -1.6694 -1.6401 -1.6156 -1.5847 -1.5443
 -1.5000 -1.4572 -1.4178 -1.3816 -1.3480 -1.2791 -1.2345 -1.2101 -1.2022 -1.2087
 -1.2261 -1.2519 -1.2841 -1.3201 -1.3586 -1.3992 -1.4423 -1.4882 -1.5382 -1.5916
 -1.6441
 -2.0568 -1.9253 -1.8126 -1.7192 -1.6445 -1.5868 -1.5428 -1.5094 -1.4833 -1.4612
 -1.4415 -1.4206 -1.3958 -1.3684 -1.3401 -1.2769 -1.2342 -1.2114 -1.2044 -1.2111
 -1.2289 -1.2553 -1.2883 -1.3256 -1.3651 -1.4060 -1.4487 -1.4930 -1.5399 -1.5904
 -1.6447
 -2.0538 -1.9195 -1.8020 -1.7014 -1.6174 -1.5492 -1.4954 -1.4530 -1.4190 -1.3906
 -1.3678 -1.3514 -1.3404 -1.3306 -1.3178 -1.2710 -1.2310 -1.2097 -1.2039 -1.2111
 -1.2294 -1.2566 -1.2907 -1.3296 -1.3709 -1.4133 -1.4565 -1.5008 -1.5463 -1.5940
 -1.6450
 -2.0541 -1.9207 -1.8020 -1.6986 -1.6101 -1.5360 -1.4754 -1.4266 -1.3875 -1.3558
 -1.3293 -1.3074 -1.2904 -1.2786 -1.2711 -1.2542 -1.2252 -1.2055 -1.2007 -1.2082
 -1.2266 -1.2543 -1.2894 -1.3299 -1.3734 -1.4177 -1.4625 -1.5074 -1.5529 -1.5994
 -1.6477
 -2.0428 -1.9161 -1.8014 -1.6981 -1.6087 -1.5321 -1.4681 -1.4153 -1.3722 -1.3371
 -1.3083 -1.2843 -1.2641 -1.2476 -1.2348 -1.2192 -1.2105 -1.1981 -1.1946 -1.2027
 -1.2212 -1.2491 -1.2848 -1.3266 -1.3722 -1.4190 -1.4662 -1.5129 -1.5594 -1.6061
 -1.6535
 -2.0132 -1.8976 -1.7900 -1.6925 -1.6042 -1.5282 -1.4633 -1.4089 -1.3639 -1.3267
 -1.2957 -1.2699 -1.2482 -1.2299 -1.2089 -1.1660 -1.1869 -1.1875 -1.1856
 [Fe/H] = -0.25 [alpha/Fe] = 0.10 BC value = G_RP 
 -3.2668 -3.2227 -3.1660 -3.0843 -2.9608 -2.7656 -2.4880 -2.1486 -1.8992 -1.7178
 -1.5952 -1.5058 -1.4366 -1.3787 -1.3328 -1.2380
 -3.0156 -2.9656 -2.9118 -2.8423 -2.7422 -2.5902 -2.3667 -2.0866 -1.8544 -1.6911
 -1.5793 -1.4974 -1.4329 -1.3802 -1.3352 -1.2470 -1.1848 -1.1435 -1.1230
 -2.8022 -2.7421 -2.6864 -2.6245 -2.5438 -2.4284 -2.2558 -2.0330 -1.8318 -1.6811
 -1.5742 -1.4951 -1.4328 -1.3815 -1.3380 -1.2544 -1.1963 -1.1592 -1.1425 -1.1444
 -1.1611
 -2.6266 -2.5522 -2.4898 -2.4309 -2.3655 -2.2803 -2.1553 -1.9841 -1.8142 -1.6761
 -1.5731 -1.4955 -1.4342 -1.3838 -1.3412 -1.2602 -1.2055 -1.1716 -1.1574 -1.1603
 -1.1770 -1.2037 -1.2373
 -2.4912 -2.4000 -2.3261 -2.2637 -2.2051 -2.1404 -2.0542 -1.9289 -1.7910 -1.6686
 -1.5714 -1.4961 -1.4359 -1.3861 -1.3441 -1.2650 -1.2129 -1.1813 -1.1688 -1.1724
 -1.1887 -1.2146 -1.2468 -1.2837 -1.3259
 -2.3805 -2.2808 -2.1966 -2.1265 -2.0664 -2.0105 -1.9491 -1.8633 -1.7573 -1.6540
 -1.5658 -1.4944 -1.4362 -1.3875 -1.3462 -1.2687 -1.2186 -1.1890 -1.1776 -1.1818
 -1.1979 -1.2231 -1.2547 -1.2907 -1.3305 -1.3746
 -2.2337 -2.1393 -2.0674 -2.0057 -1.9487 -1.8959 -1.8453 -1.7873 -1.7113 -1.6290
 -1.5531 -1.4882 -1.4337 -1.3871 -1.3469 -1.2709 -1.2227 -1.1947 -1.1842 -1.1888
 -1.2049 -1.2298 -1.2613 -1.2970 -1.3360 -1.3782 -1.4243 -1.4753 -1.5289 -1.5810
 -2.1608 -2.0346 -1.9353 -1.8610 -1.8067 -1.7667 -1.7327 -1.6972 -1.6502 -1.5916
 -1.5312 -1.4756 -1.4266 -1.3836 -1.3455 -1.2715 -1.2247 -1.1985 -1.1887 -1.1935
 -1.2098 -1.2348 -1.2664 -1.3026 -1.3416 -1.3832 -1.4273 -1.4748 -1.5265 -1.5810
 -1.6343
 -2.1385 -1.9987 -1.8806 -1.7849 -1.7101 -1.6527 -1.6086 -1.5747 -1.5459 -1.5168
 -1.4849 -1.4496 -1.4120 -1.3753 -1.3409 -1.2702 -1.2247 -1.1999 -1.1911 -1.1960
 -1.2125 -1.2379 -1.2699 -1.3069 -1.3468 -1.3886 -1.4324 -1.4781 -1.5266 -1.5788
 -1.6342
 -2.1340 -1.9884 -1.8622 -1.7554 -1.6675 -1.5971 -1.5415 -1.4970 -1.4602 -1.4284
 -1.4025 -1.3825 -1.3658 -1.3481 -1.3265 -1.2660 -1.2220 -1.1985 -1.1909 -1.1963
 -1.2131 -1.2391 -1.2720 -1.3101 -1.3514 -1.3944 -1.4388 -1.4844 -1.5315 -1.5809
 -1.6336
 -2.1392 -1.9908 -1.8613 -1.7491 -1.6539 -1.5751 -1.5110 -1.4594 -1.4175 -1.3824
 -1.3524 -1.3275 -1.3082 -1.2946 -1.2844 -1.2552 -1.2174 -1.1949 -1.1881 -1.1939
 -1.2109 -1.2372 -1.2708 -1.3101 -1.3530 -1.3977 -1.4433 -1.4895 -1.5365 -1.5848
 -1.6347
 -2.1378 -1.9941 -1.8644 -1.7503 -1.6519 -1.5685 -1.4992 -1.4423 -1.3959 -1.3579
 -1.3260 -1.2991 -1.2764 -1.2578 -1.2436 -1.2237 -1.2069 -1.1885 -1.1828 -1.1891
 -1.2060 -1.2325 -1.2667 -1.3070 -1.3514 -1.3982 -1.4458 -1.4936 -1.5415 -1.5899
 -1.6390
 -2.1216 -1.9868 -1.8625 -1.7508 -1.6514 -1.5664 -1.4945 -1.4346 -1.3851 -1.3444
 -1.3106 -1.2822 -1.2581 -1.2376 -1.2041 -1.1715 -1.1905 -1.1793 -1.1750
 [Fe/H] =  0.00 [alpha/Fe] = 0.00 BC value = G_RP 
 -3.4626 -3.4158 -3.3572 -3.2097 -2.9853 -2.7164 -2.4301 -2.1487 -1.8970 -1.7108
 -1.5860 -1.4962 -1.4239 -1.3696 -1.3219 -1.2246
 -3.2144 -3.1604 -3.1020 -3.0242 -2.9058 -2.7115 -2.4358 -2.1133 -1.8616 -1.6884
 -1.5726 -1.4895 -1.4253 -1.3724 -1.3282 -1.2416 -1.1803 -1.1389 -1.1157
 -2.9972 -2.9313 -2.8693 -2.7986 -2.7025 -2.5596 -2.3429 -2.0776 -1.8488 -1.6837
 -1.5704 -1.4888 -1.4258 -1.3744 -1.3312 -1.2484 -1.1905 -1.1521 -1.1329 -1.1320
 -1.1478
 -2.8167 -2.7342 -2.6639 -2.5957 -2.5169 -2.4104 -2.2516 -2.0429 -1.8424 -1.6855
 -1.5730 -1.4913 -1.4282 -1.3771 -1.3343 -1.2534 -1.1981 -1.1626 -1.1460 -1.1467
 -1.1619 -1.1879 -1.2214
 -2.6755 -2.5741 -2.4906 -2.4183 -2.3479 -2.2668 -2.1552 -1.9987 -1.8311 -1.6868
 -1.5767 -1.4947 -1.4313 -1.3801 -1.3374 -1.2576 -1.2044 -1.1710 -1.1561 -1.1578
 -1.1727 -1.1979 -1.2302 -1.2677 -1.3112
 -2.5331 -2.4473 -2.3517 -2.2708 -2.1998 -2.1307 -2.0511 -1.9402 -1.8078 -1.6819
 -1.5780 -1.4973 -1.4340 -1.3827 -1.3400 -1.2609 -1.2095 -1.1778 -1.1640 -1.1663
 -1.1812 -1.2057 -1.2373 -1.2737 -1.3138 -1.3592
 -2.3915 -2.2986 -2.2195 -2.1449 -2.0747 -2.0091 -1.9447 -1.8678 -1.7697 -1.6662
 -1.5733 -1.4968 -1.4350 -1.3843 -1.3418 -1.2630 -1.2131 -1.1831 -1.1700 -1.1727
 -1.1876 -1.2118 -1.2430 -1.2790 -1.3186 -1.3615 -1.4089 -1.4615 -1.5162 -1.5693
 -2.2795 -2.1484 -2.0489 -1.9767 -1.9237 -1.8792 -1.8340 -1.7820 -1.7154 -1.6371
 -1.5596 -1.4908 -1.4327 -1.3838 -1.3420 -1.2639 -1.2151 -1.1867 -1.1744 -1.1771
 -1.1921 -1.2163 -1.2474 -1.2835 -1.3230 -1.3650 -1.4102 -1.4594 -1.5128 -1.5684
 -1.6226
 -2.2433 -2.0917 -1.9666 -1.8674 -1.7913 -1.7331 -1.6884 -1.6527 -1.6174 -1.5755
 -1.5265 -1.4746 -1.4248 -1.3799 -1.3402 -1.2633 -1.2151 -1.1881 -1.1769 -1.1797
 -1.1947 -1.2190 -1.2504 -1.2869 -1.3268 -1.3692 -1.4140 -1.4611 -1.5111 -1.5652
 -1.6218
 -2.2357 -2.0749 -1.9372 -1.8224 -1.7295 -1.6558 -1.5974 -1.5498 -1.5092 -1.4737
 -1.4432 -1.4170 -1.3914 -1.3631 -1.3321 -1.2604 -1.2127 -1.1869 -1.1771 -1.1803
 -1.1955 -1.2202 -1.2521 -1.2894 -1.3303 -1.3736 -1.4187 -1.4655 -1.5143 -1.5654
 -1.6200
 -2.2442 -2.0779 -1.9338 -1.8105 -1.7072 -1.6227 -1.5544 -1.4991 -1.4533 -1.4137
 -1.3794 -1.3513 -1.3296 -1.3131 -1.2986 -1.2541 -1.2090 -1.1837 -1.1748 -1.1786
 -1.1937 -1.2186 -1.2510 -1.2890 -1.3310 -1.3756 -1.4218 -1.4691 -1.5175 -1.5676
 -1.6194
 -2.2502 -2.0862 -1.9389 -1.8117 -1.7028 -1.6115 -1.5362 -1.4747 -1.4244 -1.3826
 -1.3469 -1.3163 -1.2906 -1.2700 -1.2542 -1.2283 -1.2018 -1.1782 -1.1700 -1.1743
 -1.1895 -1.2144 -1.2472 -1.2859 -1.3290 -1.3752 -1.4230 -1.4717 -1.5209 -1.5708
 -1.6218
 -2.2437 -2.0873 -1.9440 -1.8158 -1.7043 -1.6093 -1.5297 -1.4639 -1.4099 -1.3654
 -1.3281 -1.2966 -1.2696 -1.2466 -1.1989 -1.1830 -1.1911 -1.1704 -1.1627
 [Fe/H] =  0.25 [alpha/Fe] = 0.00 BC value = G_RP 
 -3.6317 -3.6106 -3.5793 -3.3312 -2.9380 -2.5745 -2.3284 -2.1835 -1.9246 -1.7234
 -1.5847 -1.4894 -1.4177 -1.3556 -1.3091 -1.2172
 -3.3901 -3.3617 -3.3283 -3.2096 -3.0110 -2.7593 -2.4764 -2.1807 -1.9025 -1.7038
 -1.5732 -1.4834 -1.4163 -1.3630 -1.3177 -1.2321 -1.1723 -1.1326 -1.1074
 -3.1749 -3.1335 -3.0936 -3.0396 -2.9473 -2.7769 -2.5107 -2.1758 -1.9013 -1.7049
 -1.5740 -1.4842 -1.4178 -1.3651 -1.3214 -1.2388 -1.1817 -1.1435 -1.1228 -1.1194
 -1.1319
 -2.9861 -2.9260 -2.8752 -2.8213 -2.7468 -2.6274 -2.4314 -2.1626 -1.9082 -1.7148
 -1.5813 -1.4889 -1.4214 -1.3684 -1.3249 -1.2436 -1.1883 -1.1522 -1.1338 -1.1322
 -1.1444 -1.1680 -1.2014
 -2.8310 -2.7487 -2.6818 -2.6221 -2.5571 -2.4693 -2.3338 -2.1319 -1.9124 -1.7269
 -1.5916 -1.4959 -1.4262 -1.3723 -1.3285 -1.2477 -1.1939 -1.1594 -1.1425 -1.1420
 -1.1550 -1.1788 -1.2106 -1.2486 -1.2921
 -2.7080 -2.6054 -2.5207 -2.4495 -2.3845 -2.3134 -2.2197 -2.0786 -1.9025 -1.7348
 -1.6014 -1.5036 -1.4316 -1.3763 -1.3319 -1.2510 -1.1985 -1.1655 -1.1496 -1.1496
 -1.1628 -1.1861 -1.2170 -1.2537 -1.2948 -1.3410
 -2.5751 -2.4776 -2.3872 -2.3069 -2.2355 -2.1686 -2.0972 -2.0019 -1.8723 -1.7311
 -1.6067 -1.5099 -1.4364 -1.3799 -1.3347 -1.2534 -1.2020 -1.1705 -1.1553 -1.1555
 -1.1689 -1.1918 -1.2222 -1.2582 -1.2982 -1.3420 -1.3905 -1.4449 -1.5003 -1.5547
 -2.3915 -2.2904 -2.2138 -2.1554 -2.0985 -2.0389 -1.9772 -1.9091 -1.8198 -1.7109
 -1.6032 -1.5119 -1.4393 -1.3824 -1.3367 -1.2547 -1.2040 -1.1740 -1.1596 -1.1599
 -1.1732 -1.1961 -1.2263 -1.2619 -1.3015 -1.3442 -1.3904 -1.4407 -1.4961 -1.5526
 -1.6080
 -2.3166 -2.1758 -2.0644 -1.9810 -1.9196 -1.8734 -1.8342 -1.7928 -1.7395 -1.6677
 -1.5852 -1.5060 -1.4382 -1.3826 -1.3371 -1.2548 -1.2043 -1.1756 -1.1625 -1.1628
 -1.1759 -1.1989 -1.2291 -1.2647 -1.3043 -1.3468 -1.3921 -1.4404 -1.4922 -1.5484
 -1.6061
 -2.2940 -2.1369 -2.0036 -1.8950 -1.8095 -1.7431 -1.6903 -1.6475 -1.6087 -1.5682
 -1.5226 -1.4736 -1.4237 -1.3764 -1.3340 -1.2530 -1.2024 -1.1746 -1.1629 -1.1639
 -1.1770 -1.2002 -1.2307 -1.2667 -1.3067 -1.3496 -1.3952 -1.4429 -1.4932 -1.5463
 -1.6031
 -2.2989 -2.1327 -1.9876 -1.8644 -1.7625 -1.6802 -1.6143 -1.5604 -1.5142 -1.4722
 -1.4338 -1.3995 -1.3697 -1.3429 -1.3165 -1.2500 -1.1995 -1.1718 -1.1612 -1.1629
 -1.1759 -1.1990 -1.2298 -1.2661 -1.3067 -1.3504 -1.3966 -1.4446 -1.4944 -1.5462
 -1.6001
 -2.3139 -2.1433 -1.9912 -1.8596 -1.7475 -1.6543 -1.5779 -1.5156 -1.4641 -1.4199
 -1.3804 -1.3455 -1.3158 -1.2918 -1.2726 -1.2338 -1.1947 -1.1671 -1.1570 -1.1595
 -1.1726 -1.1955 -1.2264 -1.2633 -1.3045 -1.3492 -1.3966 -1.4456 -1.4959 -1.5474
 -1.6003
 -2.3251 -2.1564 -2.0030 -1.8655 -1.7479 -1.6476 -1.5638 -1.4947 -1.4378 -1.3907
 -1.3506 -1.3158 -1.2856 -1.2598 -1.2023 -1.2044 -1.1880 -1.1605 -1.1503
 [Fe/H] =  0.50 [alpha/Fe] = 0.00 BC value = G_RP 
 -3.7417 -3.9439 -3.8558 -3.5418 -3.1642 -2.8000 -2.4760 -2.2095 -1.9544 -1.7397
 -1.5865 -1.4834 -1.4085 -1.3480 -1.2929 -1.2008
 -3.5168 -3.5832 -3.5498 -3.4270 -3.2237 -2.9481 -2.6071 -2.2371 -1.9462 -1.7251
 -1.5772 -1.4783 -1.4072 -1.3517 -1.3063 -1.2200 -1.1622 -1.1237 -1.0977
 -3.3094 -3.2986 -3.2855 -3.2571 -3.1597 -2.9642 -2.6532 -2.2623 -1.9561 -1.7315
 -1.5810 -1.4810 -1.4097 -1.3549 -1.3103 -1.2269 -1.1706 -1.1327 -1.1117 -1.1065
 -1.1160
 -3.1195 -3.0900 -3.0628 -3.0322 -2.9723 -2.8483 -2.6143 -2.2818 -1.9780 -1.7497
 -1.5935 -1.4885 -1.4149 -1.3592 -1.3144 -1.2319 -1.1764 -1.1400 -1.1202 -1.1162
 -1.1263 -1.1486 -1.1815
 -2.9571 -2.9003 -2.8576 -2.8188 -2.7679 -2.6809 -2.5233 -2.2731 -1.9987 -1.7729
 -1.6102 -1.4994 -1.4218 -1.3643 -1.3187 -1.2363 -1.1817 -1.1463 -1.1277 -1.1247
 -1.1358 -1.1582 -1.1894 -1.2276 -1.2723
 -2.8259 -2.7441 -2.6796 -2.6265 -2.5754 -2.5084 -2.4035 -2.2309 -2.0060 -1.7936
 -1.6289 -1.5124 -1.4302 -1.3699 -1.3231 -1.2400 -1.1863 -1.1520 -1.1340 -1.1315
 -1.1429 -1.1649 -1.1952 -1.2319 -1.2737 -1.3212
 -2.7112 -2.6147 -2.5324 -2.4631 -2.4023 -2.3415 -2.2667 -2.1527 -1.9878 -1.8043
 -1.6455 -1.5257 -1.4393 -1.3758 -1.3272 -1.2429 -1.1899 -1.1568 -1.1394 -1.1371
 -1.1484 -1.1703 -1.2000 -1.2357 -1.2761 -1.3206 -1.3704 -1.4255 -1.4823 -1.5381
 -2.5392 -2.4360 -2.3885 -2.3210 -2.2555 -2.1923 -2.1281 -2.0501 -1.9385 -1.7959
 -1.6539 -1.5366 -1.4476 -1.3815 -1.3311 -1.2449 -1.1922 -1.1604 -1.1439 -1.1415
 -1.1526 -1.1744 -1.2037 -1.2389 -1.2784 -1.3215 -1.3685 -1.4202 -1.4773 -1.5347
 -1.5913
 -2.3888 -2.2713 -2.1861 -2.1278 -2.0840 -2.0422 -1.9931 -1.9349 -1.8612 -1.7618
 -1.6471 -1.5404 -1.4532 -1.3860 -1.3340 -1.2458 -1.1928 -1.1622 -1.1469 -1.1447
 -1.1554 -1.1770 -1.2063 -1.2412 -1.2804 -1.3228 -1.3686 -1.4179 -1.4712 -1.5293
 -1.5880
 -2.3421 -2.1963 -2.0757 -1.9818 -1.9117 -1.8591 -1.8180 -1.7818 -1.7412 -1.6852
 -1.6104 -1.5275 -1.4505 -1.3862 -1.3344 -1.2450 -1.1914 -1.1614 -1.1477 -1.1463
 -1.1569 -1.1783 -1.2078 -1.2429 -1.2821 -1.3245 -1.3700 -1.4184 -1.4699 -1.5248
 -1.5838
 -2.3369 -2.1773 -2.0383 -1.9216 -1.8273 -1.7531 -1.6945 -1.6459 -1.6035 -1.5628
 -1.5185 -1.4700 -1.4206 -1.3732 -1.3297 -1.2439 -1.1893 -1.1591 -1.1464 -1.1460
 -1.1565 -1.1775 -1.2069 -1.2421 -1.2816 -1.3243 -1.3700 -1.4183 -1.4690 -1.5222
 -1.5782
 -2.3522 -2.1833 -2.0339 -1.9040 -1.7942 -1.7038 -1.6307 -1.5712 -1.5210 -1.4762
 -1.4340 -1.3941 -1.3576 -1.3254 -1.2970 -1.2364 -1.1860 -1.1551 -1.1427 -1.1433
 -1.1540 -1.1747 -1.2038 -1.2393 -1.2792 -1.3225 -1.3689 -1.4176 -1.4685 -1.5213
 -1.5759
 -2.3723 -2.2014 -2.0449 -1.9072 -1.7876 -1.6864 -1.6023 -1.5331 -1.4761 -1.4279
 -1.3854 -1.3468 -1.3120 -1.2817 -1.2363 -1.2225 -1.1815 -1.1494 -1.1366
 [Fe/H] =  0.75 [alpha/Fe] = 0.00 BC value = G_RP 
 -3.8123 -3.5405 -3.0985 -2.6095 -2.3220 -2.2333 -2.2444 -2.2333 -1.9806 -1.7604
 -1.5917 -1.4783 -1.3984 -1.3381 -1.2852 -1.1952
 -3.6018 -3.5225 -3.3997 -3.2380 -3.0415 -2.8138 -2.5580 -2.2769 -1.9879 -1.7515
 -1.5856 -1.4752 -1.3981 -1.3400 -1.2929 -1.2050 -1.1491 -1.1119 -1.0867
 -3.4020 -3.4179 -3.4389 -3.4394 -3.3263 -3.0884 -2.7379 -2.3281 -2.0109 -1.7645
 -1.5938 -1.4806 -1.4024 -1.3441 -1.2977 -1.2127 -1.1564 -1.1195 -1.0975 -1.0901
 -1.0975
 -3.2129 -3.2266 -3.2161 -3.2137 -3.1764 -3.0571 -2.7842 -2.3843 -2.0475 -1.7910
 -1.6114 -1.4916 -1.4096 -1.3498 -1.3029 -1.2183 -1.1622 -1.1256 -1.1050 -1.0991
 -1.1077 -1.1290 -1.1610
 -3.0447 -3.0177 -3.0042 -2.9927 -2.9639 -2.8865 -2.7143 -2.4138 -2.0865 -1.8250
 -1.6353 -1.5070 -1.4193 -1.3565 -1.3084 -1.2234 -1.1676 -1.1313 -1.1113 -1.1061
 -1.1152 -1.1362 -1.1667 -1.2052 -1.2511
 -2.9072 -2.8524 -2.8148 -2.7869 -2.7572 -2.7022 -2.5927 -2.3895 -2.1136 -1.8583
 -1.6631 -1.5259 -1.4313 -1.3642 -1.3140 -1.2279 -1.1726 -1.1368 -1.1170 -1.1121
 -1.1212 -1.1420 -1.1717 -1.2083 -1.2510 -1.2999
 -2.7954 -2.7168 -2.6549 -2.6065 -2.5646 -2.5174 -2.4447 -2.3144 -2.1126 -1.8845
 -1.6902 -1.5466 -1.4451 -1.3730 -1.3199 -1.2315 -1.1766 -1.1418 -1.1224 -1.1173
 -1.1262 -1.1467 -1.1758 -1.2115 -1.2523 -1.2977 -1.3489 -1.4055 -1.4621 -1.5194
 -2.6627 -2.5870 -2.5176 -2.4545 -2.3988 -2.3463 -2.2879 -2.2037 -2.0696 -1.8904
 -1.7112 -1.5661 -1.4592 -1.3823 -1.3259 -1.2344 -1.1793 -1.1456 -1.1271 -1.1219
 -1.1303 -1.1504 -1.1791 -1.2141 -1.2538 -1.2974 -1.3452 -1.3982 -1.4564 -1.5144
 -1.5725
 -2.4639 -2.3884 -2.3313 -2.2883 -2.2461 -2.1952 -2.1393 -2.0761 -1.9890 -1.8646
 -1.7166 -1.5801 -1.4724 -1.3916 -1.3317 -1.2363 -1.1806 -1.1477 -1.1305 -1.1255
 -1.1334 -1.1530 -1.1814 -1.2159 -1.2549 -1.2976 -1.3438 -1.3937 -1.4484 -1.5081
 -1.5675
 -2.3796 -2.2535 -2.1563 -2.0858 -2.0387 -2.0057 -1.9748 -1.9350 -1.8792 -1.7998
 -1.6939 -1.5793 -1.4778 -1.3972 -1.3357 -1.2366 -1.1798 -1.1474 -1.1316 -1.1277
 -1.1354 -1.1545 -1.1827 -1.2172 -1.2560 -1.2982 -1.3438 -1.3925 -1.4448 -1.5013
 -1.5622
 -2.3584 -2.2118 -2.0855 -1.9823 -1.9028 -1.8433 -1.7975 -1.7601 -1.7254 -1.6843
 -1.6264 -1.5508 -1.4703 -1.3978 -1.3381 -1.2371 -1.1785 -1.1456 -1.1307 -1.1280
 -1.1358 -1.1542 -1.1819 -1.2162 -1.2550 -1.2972 -1.3425 -1.3907 -1.4419 -1.4964
 -1.5540
 -2.3661 -2.2082 -2.0669 -1.9447 -1.8426 -1.7606 -1.6958 -1.6432 -1.5981 -1.5564
 -1.5145 -1.4685 -1.4188 -1.3693 -1.3238 -1.2348 -1.1763 -1.1422 -1.1274 -1.1258
 -1.1342 -1.1522 -1.1794 -1.2135 -1.2525 -1.2948 -1.3404 -1.3886 -1.4395 -1.4930
 -1.5493
 -2.3892 -2.2239 -2.0731 -1.9396 -1.8237 -1.7262 -1.6459 -1.5805 -1.5263 -1.4794
 -1.4362 -1.3946 -1.3550 -1.3178 -1.2928 -1.2297 -1.1732 -1.1372 -1.1217
 [Fe/H] =  1.00 [alpha/Fe] = 0.00 BC value = G_RP 
 -3.8587 -2.6404 -1.5243 -1.2137 -1.3641 -1.8709 -2.3613 -2.2760 -2.0104 -1.7821
 -1.6011 -1.4746 -1.3879 -1.3239 -1.2741 -1.1794
 -3.6586 -3.5850 -3.4652 -3.3043 -3.1066 -2.8757 -2.6151 -2.3277 -2.0310 -1.7836
 -1.5991 -1.4748 -1.3898 -1.3273 -1.2783 -1.1890 -1.1325 -1.0970 -1.0744
 -3.4622 -3.8913 -4.0686 -4.0199 -3.7679 -3.3325 -2.7960 -2.3900 -2.0676 -1.8045
 -1.6126 -1.4840 -1.3965 -1.3332 -1.2841 -1.1968 -1.1396 -1.1031 -1.0820 -1.0734
 -1.0794
 -3.2695 -3.5594 -3.3343 -3.3604 -3.3481 -3.2413 -2.9040 -2.4629 -2.1171 -1.8391
 -1.6368 -1.4995 -1.4067 -1.3408 -1.2907 -1.2028 -1.1457 -1.1090 -1.0880 -1.0808
 -1.0872 -1.1070 -1.1386
 -3.0944 -3.0993 -3.1169 -3.1349 -3.1321 -3.0719 -2.8928 -2.5387 -2.1736 -1.8833
 -1.6688 -1.5207 -1.4200 -1.3499 -1.2978 -1.2088 -1.1515 -1.1143 -1.0934 -1.0866
 -1.0933 -1.1128 -1.1428 -1.1816 -1.2287
 -2.9492 -2.9250 -2.9178 -2.9194 -2.9166 -2.8804 -2.7742 -2.5460 -2.2218 -1.9291
 -1.7049 -1.5458 -1.4366 -1.3604 -1.3053 -1.2143 -1.1571 -1.1199 -1.0987 -1.0917
 -1.0984 -1.1176 -1.1466 -1.1834 -1.2269 -1.2774
 -2.8342 -2.7815 -2.7467 -2.7255 -2.7092 -2.6825 -2.6190 -2.4783 -2.2405 -1.9700
 -1.7427 -1.5743 -1.4558 -1.3728 -1.3134 -1.2191 -1.1619 -1.1252 -1.1040 -1.0966
 -1.1029 -1.1216 -1.1500 -1.1855 -1.2265 -1.2734 -1.3263 -1.3829 -1.4400 -1.4987
 -2.7291 -2.6606 -2.6050 -2.5610 -2.5260 -2.4928 -2.4470 -2.3623 -2.2079 -1.9909
 -1.7755 -1.6030 -1.4763 -1.3867 -1.3223 -1.2230 -1.1654 -1.1295 -1.1089 -1.1013
 -1.1068 -1.1248 -1.1526 -1.1873 -1.2268 -1.2712 -1.3206 -1.3752 -1.4336 -1.4921
 -1.5518
 -2.5446 -2.5021 -2.4583 -2.4136 -2.3691 -2.3253 -2.2791 -2.2207 -2.1251 -1.9760
 -1.7939 -1.6267 -1.4966 -1.4012 -1.3316 -1.2263 -1.1674 -1.1323 -1.1127 -1.1054
 -1.1102 -1.1273 -1.1544 -1.1885 -1.2277 -1.2709 -1.3176 -1.3685 -1.4246 -1.4849
 -1.5449
 -2.4058 -2.3087 -2.2440 -2.2048 -2.1818 -2.1580 -2.1223 -2.0735 -2.0088 -1.9132
 -1.7811 -1.6365 -1.5103 -1.4125 -1.3396 -1.2281 -1.1674 -1.1324 -1.1143 -1.1080
 -1.1127 -1.1291 -1.1556 -1.1893 -1.2281 -1.2706 -1.3165 -1.3655 -1.4185 -1.4763
 -1.5384
 -2.3632 -2.2352 -2.1282 -2.0462 -1.9887 -1.9501 -1.9234 -1.8998 -1.8675 -1.8145
 -1.7323 -1.6252 -1.5156 -1.4217 -1.3476 -1.2305 -1.1671 -1.1313 -1.1139 -1.1089
 -1.1140 -1.1295 -1.1550 -1.1882 -1.2266 -1.2687 -1.3140 -1.3622 -1.4136 -1.4689
 -1.5279
 -2.3598 -2.2171 -2.0895 -1.9805 -1.8922 -1.8242 -1.7729 -1.7323 -1.6975 -1.6633
 -1.6221 -1.5644 -1.4905 -1.4142 -1.3468 -1.2315 -1.1660 -1.1286 -1.1112 -1.1073
 -1.1132 -1.1285 -1.1531 -1.1857 -1.2238 -1.2657 -1.3109 -1.3588 -1.4095 -1.4634
 -1.5204
 -2.3784 -2.2256 -2.0865 -1.9624 -1.8552 -1.7660 -1.6942 -1.6366 -1.5890 -1.5466
 -1.5060 -1.4646 -1.4191 -1.3700 -1.3372 -1.2311 -1.1641 -1.1243 -1.1062
