 [Fe/H] = -2.50 [alpha/Fe] = 0.40 BC value = F438W
 -6.8141 -6.5790 -6.4369 -6.2626 -6.0369 -5.8464 -5.7565 -5.7027 -5.5900 -5.3940
 -5.1580 -4.8925 -4.6161 -4.3456 -4.0788 -3.4452 -2.8763 -2.4142 -2.0381
 -6.4877 -6.1583 -5.9143 -5.7108 -5.5387 -5.3948 -5.2700 -5.1492 -5.0165 -4.8620
 -4.6793 -4.4643 -4.2226 -3.9745 -3.7355 -3.1881 -2.7064 -2.3051 -1.9889 -1.7488
 -6.2714 -5.8909 -5.5856 -5.3486 -5.1749 -5.0308 -4.8844 -4.7357 -4.5895 -4.4441
 -4.2849 -4.1044 -3.8970 -3.6745 -3.4599 -2.9816 -2.5705 -2.2217 -1.9497 -1.7403
 -1.5713
 -6.1652 -5.7768 -5.4508 -5.1760 -4.9455 -4.7544 -4.5997 -4.4622 -4.3090 -4.1403
 -3.9748 -3.8128 -3.6393 -3.4456 -3.2520 -2.8257 -2.4686 -2.1640 -1.9205 -1.7317
 -1.5785 -1.4476
 -6.0962 -5.7126 -5.3842 -5.0982 -4.8463 -4.6246 -4.4300 -4.2590 -4.1069 -3.9578
 -3.7910 -3.6162 -3.4499 -3.2795 -3.1044 -2.7160 -2.3969 -2.1265 -1.9054 -1.7326
 -1.5924 -1.4720 -1.3645 -1.2666
 -6.0371 -5.6664 -5.3440 -5.0577 -4.7992 -4.5639 -4.3501 -4.1566 -3.9811 -3.8193
 -3.6651 -3.5070 -3.3436 -3.1805 -3.0121 -2.6444 -2.3506 -2.1043 -1.8998 -1.7389
 -1.6094 -1.4985 -1.3992 -1.3079 -1.2229 -1.1436 -1.0705 -1.0002 -0.9354 -0.8962
 -5.9788 -5.6258 -5.3148 -5.0344 -4.7764 -4.5371 -4.3146 -4.1083 -3.9187 -3.7440
 -3.5810 -3.4258 -3.2735 -3.1244 -2.9695 -2.6070 -2.3243 -2.0936 -1.9005 -1.7472
 -1.6260 -1.5239 -1.4329 -1.3488 -1.2699 -1.1955 -1.1259 -1.0610 -1.0003 -0.9474
 -0.9176
 -5.9260 -5.5884 -5.2902 -5.0193 -4.7664 -4.5282 -4.3029 -4.0905 -3.8920 -3.7079
 -3.5371 -3.3773 -3.2263 -3.0817 -2.9401 -2.5985 -2.3151 -2.0916 -1.9060 -1.7562
 -1.6398 -1.5452 -1.4623 -1.3863 -1.3146 -1.2463 -1.1816 -1.1207 -1.0641 -1.0129
 -0.9715
 -5.8791 -5.5544 -5.2661 -5.0045 -4.7589 -4.5250 -4.3009 -4.0868 -3.8840 -3.6936
 -3.5160 -3.3510 -3.1970 -3.0523 -2.9143 -2.5925 -2.3165 -2.0938 -1.9127 -1.7646
 -1.6497 -1.5596 -1.4842 -1.4165 -1.3531 -1.2923 -1.2339 -1.1781 -1.1255 -1.0770
 -1.0349
 -5.8476 -5.5369 -5.2525 -4.9955 -4.7562 -4.5277 -4.3079 -4.0956 -3.8918 -3.6981
 -3.5157 -3.3454 -3.1871 -3.0400 -2.9018 -2.5892 -2.3228 -2.1017 -1.9227 -1.7761
 -1.6603 -1.5712 -1.5003 -1.4399 -1.3849 -1.3325 -1.2821 -1.2332 -1.1861 -1.1416
 -1.1004
 -5.8342 -5.5256 -5.2454 -4.9883 -4.7502 -4.5269 -4.3123 -4.1044 -3.9031 -3.7096
 -3.5250 -3.3511 -3.1885 -3.0374 -2.8967 -2.5856 -2.3267 -2.1091 -1.9314 -1.7864
 -1.6703 -1.5805 -1.5110 -1.4552 -1.4074 -1.3636 -1.3218 -1.2810 -1.2411 -1.2026
 -1.1663
 -5.8388 -5.5205 -5.2366 -4.9791 -4.7406 -4.5180 -4.3074 -4.1051 -3.9087 -3.7189
 -3.5360 -3.3615 -3.1964 -3.0419 -2.8990 -2.5817 -2.3282 -2.1160 -1.9388
 [Fe/H] = -2.00 [alpha/Fe] = 0.40 BC value = F438W
 -6.7602 -6.4881 -6.2689 -6.0887 -5.9343 -5.7909 -5.6454 -5.4879 -5.3140 -5.1216
 -4.9045 -4.6629 -4.4078 -4.1575 -3.9075 -3.3613 -2.8693 -2.4353 -2.0852
 -6.3539 -6.0368 -5.7823 -5.5806 -5.4162 -5.2728 -5.1370 -4.9958 -4.8445 -4.6786
 -4.4917 -4.2802 -4.0485 -3.8157 -3.5962 -3.1095 -2.6884 -2.3201 -2.0148 -1.7746
 -6.0761 -5.7105 -5.4241 -5.2096 -5.0223 -4.8656 -4.7275 -4.5944 -4.4579 -4.3131
 -4.1544 -3.9759 -3.7739 -3.5601 -3.3565 -2.9157 -2.5485 -2.2319 -1.9640 -1.7496
 -1.5745
 -5.9403 -5.5386 -5.2208 -4.9754 -4.7809 -4.6167 -4.4655 -4.3167 -4.1731 -4.0328
 -3.8896 -3.7376 -3.5683 -3.3781 -3.1884 -2.7799 -2.4496 -2.1707 -1.9328 -1.7388
 -1.5813 -1.4479
 -5.9385 -5.5223 -5.1754 -4.8992 -4.6779 -4.4940 -4.3328 -4.1820 -4.0315 -3.8748
 -3.7163 -3.5647 -3.4139 -3.2508 -3.0758 -2.6899 -2.3837 -2.1308 -1.9158 -1.7380
 -1.5930 -1.4699 -1.3612 -1.2626
 -5.9888 -5.5581 -5.1970 -4.8944 -4.6391 -4.4221 -4.2357 -4.0727 -3.9264 -3.7906
 -3.6454 -3.4824 -3.3207 -3.1638 -3.0031 -2.6336 -2.3426 -2.1065 -1.9081 -1.7428
 -1.6081 -1.4943 -1.3937 -1.3019 -1.2168 -1.1377 -1.0650 -0.9947 -0.9297 -0.8906
 -6.0725 -5.6305 -5.2563 -4.9406 -4.6703 -4.4355 -4.2287 -4.0450 -3.8793 -3.7260
 -3.5806 -3.4373 -3.2868 -3.1309 -2.9699 -2.6019 -2.3189 -2.0934 -1.9061 -1.7500
 -1.6233 -1.5180 -1.4256 -1.3411 -1.2622 -1.1881 -1.1190 -1.0548 -0.9942 -0.9408
 -0.9113
 -6.1773 -5.7287 -5.3440 -5.0154 -4.7315 -4.4819 -4.2587 -4.0571 -3.8739 -3.7059
 -3.5483 -3.3982 -3.2529 -3.1109 -2.9652 -2.5958 -2.3081 -2.0880 -1.9078 -1.7578
 -1.6365 -1.5381 -1.4536 -1.3770 -1.3054 -1.2374 -1.1733 -1.1131 -1.0573 -1.0062
 -0.9646
 -6.2885 -5.8321 -5.4442 -5.1073 -4.8119 -4.5488 -4.3112 -4.0944 -3.8955 -3.7124
 -3.5426 -3.3834 -3.2324 -3.0886 -2.9508 -2.6054 -2.3097 -2.0865 -1.9102 -1.7642
 -1.6458 -1.5520 -1.4745 -1.4061 -1.3426 -1.2821 -1.2244 -1.1694 -1.1176 -1.0700
 -1.0282
 -6.3970 -5.9489 -5.5584 -5.2165 -4.9128 -4.6384 -4.3875 -4.1566 -3.9435 -3.7466
 -3.5641 -3.3945 -3.2357 -3.0863 -2.9455 -2.6155 -2.3263 -2.0948 -1.9172 -1.7731
 -1.6556 -1.5633 -1.4902 -1.4288 -1.3735 -1.3214 -1.2715 -1.2233 -1.1772 -1.1337
 -1.0935
 -6.4964 -6.0604 -5.6711 -5.3267 -5.0181 -4.7369 -4.4768 -4.2343 -4.0085 -3.7987
 -3.6040 -3.4235 -3.2557 -3.0992 -2.9526 -2.6220 -2.3407 -2.1082 -1.9257 -1.7816
 -1.6647 -1.5723 -1.5007 -1.4439 -1.3957 -1.3519 -1.3105 -1.2704 -1.2314 -1.1940
 -1.1585
 -6.5855 -6.1586 -5.7751 -5.4305 -5.1181 -4.8320 -4.5668 -4.3180 -4.0834 -3.8632
 -3.6576 -3.4665 -3.2893 -3.1247 -2.9721 -2.6249 -2.3529 -2.1267 -1.9357
 [Fe/H] = -1.50 [alpha/Fe] = 0.40 BC value = F438W
 -6.9317 -6.7211 -6.5261 -6.3382 -6.1523 -5.9521 -5.7212 -5.4597 -5.2081 -4.9672
 -4.7250 -4.4763 -4.2272 -3.9898 -3.7689 -3.2801 -2.8490 -2.4597 -2.1213
 -6.4566 -6.2135 -5.9961 -5.7967 -5.6070 -5.4183 -5.2165 -4.9983 -4.7875 -4.5825
 -4.3733 -4.1522 -3.9221 -3.6976 -3.4892 -3.0393 -2.6605 -2.3298 -2.0395 -1.7954
 -6.1201 -5.8352 -5.5881 -5.3719 -5.1779 -4.9975 -4.8197 -4.6347 -4.4539 -4.2777
 -4.0989 -3.9090 -3.7035 -3.4933 -3.2948 -2.8723 -2.5289 -2.2378 -1.9842 -1.7669
 -1.5875
 -5.9389 -5.5945 -5.3081 -5.0713 -4.8638 -4.6814 -4.5146 -4.3520 -4.1929 -4.0383
 -3.8837 -3.7223 -3.5459 -3.3547 -3.1657 -2.7616 -2.4412 -2.1762 -1.9489 -1.7528
 -1.5888 -1.4505
 -5.8972 -5.4960 -5.1647 -4.8919 -4.6671 -4.4814 -4.3221 -4.1657 -4.0118 -3.8635
 -3.7198 -3.5764 -3.4259 -3.2593 -3.0826 -2.6911 -2.3852 -2.1371 -1.9281 -1.7485
 -1.5970 -1.4692 -1.3577 -1.2578
 -5.9639 -5.5263 -5.1512 -4.8363 -4.5772 -4.3659 -4.1939 -4.0513 -3.9201 -3.7825
 -3.6308 -3.4806 -3.3355 -3.1885 -3.0290 -2.6484 -2.3505 -2.1135 -1.9170 -1.7500
 -1.6092 -1.4904 -1.3871 -1.2941 -1.2087 -1.1297 -1.0570 -0.9869 -0.9220 -0.8823
 -6.0986 -5.6244 -5.2189 -4.8773 -4.5916 -4.3546 -4.1581 -3.9925 -3.8485 -3.7193
 -3.5940 -3.4547 -3.3003 -3.1458 -2.9942 -2.6252 -2.3304 -2.0998 -1.9119 -1.7542
 -1.6219 -1.5113 -1.4160 -1.3304 -1.2513 -1.1776 -1.1092 -1.0455 -0.9853 -0.9313
 -0.9013
 -6.3027 -5.7864 -5.3451 -4.9737 -4.6634 -4.4029 -4.1827 -3.9949 -3.8319 -3.6857
 -3.5496 -3.4189 -3.2873 -3.1447 -2.9915 -2.6169 -2.3207 -2.0928 -1.9102 -1.7592
 -1.6340 -1.5295 -1.4417 -1.3639 -1.2920 -1.2245 -1.1613 -1.1014 -1.0459 -0.9964
 -0.9537
 -6.5559 -6.0012 -5.5211 -5.1172 -4.7781 -4.4924 -4.2487 -4.0379 -3.8531 -3.6884
 -3.5378 -3.3961 -3.2595 -3.1267 -2.9919 -2.6272 -2.3176 -2.0884 -1.9090 -1.7624
 -1.6413 -1.5424 -1.4611 -1.3910 -1.3271 -1.2670 -1.2102 -1.1564 -1.1059 -1.0594
 -1.0178
 -6.8284 -6.2525 -5.7457 -5.3118 -4.9422 -4.6279 -4.3579 -4.1229 -3.9149 -3.7289
 -3.5603 -3.4048 -3.2584 -3.1187 -2.9847 -2.6500 -2.3348 -2.0930 -1.9126 -1.7681
 -1.6495 -1.5534 -1.4763 -1.4127 -1.3566 -1.3047 -1.2556 -1.2085 -1.1636 -1.1216
 -1.0829
 -7.0901 -6.5094 -5.9921 -5.5350 -5.1411 -4.8000 -4.5033 -4.2422 -4.0099 -3.8016
 -3.6128 -3.4402 -3.2806 -3.1313 -2.9903 -2.6626 -2.3611 -2.1083 -1.9192 -1.7742
 -1.6568 -1.5617 -1.4867 -1.4273 -1.3780 -1.3340 -1.2932 -1.2540 -1.2162 -1.1801
 -1.1462
 -7.3159 -6.7430 -6.2264 -5.7629 -5.3542 -4.9939 -4.6750 -4.3900 -4.1338 -3.9025
 -3.6927 -3.5017 -3.3265 -3.1647 -3.0087 -2.6650 -2.3965 -2.1343 -1.9288
 [Fe/H] = -1.00 [alpha/Fe] = 0.40 BC value = F438W
 -7.3323 -7.1827 -7.0313 -6.8666 -6.6816 -6.4381 -6.0963 -5.6588 -5.2420 -4.8959
 -4.6057 -4.3462 -4.1056 -3.8813 -3.6732 -3.2180 -2.8320 -2.4786 -2.1595
 -6.8053 -6.6353 -6.4692 -6.2977 -6.1078 -5.8817 -5.5923 -5.2315 -4.8856 -4.5863
 -4.3258 -4.0867 -3.8591 -3.6437 -3.4432 -3.0109 -2.6522 -2.3432 -2.0704 -1.8296
 -6.3874 -6.1921 -6.0072 -5.8264 -5.6404 -5.4365 -5.1946 -4.9004 -4.6088 -4.3477
 -4.1154 -3.8990 -3.6882 -3.4830 -3.2891 -2.8723 -2.5353 -2.2530 -2.0092 -1.7946
 -1.6084
 -6.0959 -5.8635 -5.6515 -5.4536 -5.2634 -5.0729 -4.8690 -4.6308 -4.3849 -4.1570
 -3.9506 -3.7574 -3.5668 -3.3753 -3.1886 -2.7821 -2.4589 -2.1939 -1.9694 -1.7743
 -1.6043 -1.4587
 -5.9606 -5.6626 -5.4096 -5.1850 -4.9794 -4.7875 -4.6019 -4.4061 -4.1988 -3.9998
 -3.8160 -3.6438 -3.4743 -3.3003 -3.1237 -2.7251 -2.4100 -2.1565 -1.9451 -1.7642
 -1.6074 -1.4724 -1.3559 -1.2531
 -5.9795 -5.6019 -5.2770 -5.0030 -4.7737 -4.5789 -4.4029 -4.2316 -4.0522 -3.8743
 -3.7065 -3.5495 -3.3978 -3.2430 -3.0806 -2.6908 -2.3796 -2.1334 -1.9311 -1.7606
 -1.6145 -1.4889 -1.3806 -1.2849 -1.1984 -1.1191 -1.0462 -0.9756 -0.9116 -0.8722
 -6.0811 -5.6525 -5.2749 -4.9487 -4.6729 -4.4416 -4.2478 -4.0862 -3.9421 -3.7965
 -3.6423 -3.4877 -3.3392 -3.1950 -3.0486 -2.6728 -2.3616 -2.1196 -1.9239 -1.7608
 -1.6231 -1.5058 -1.4052 -1.3168 -1.2368 -1.1631 -1.0955 -1.0324 -0.9723 -0.9190
 -0.8883
 -6.2606 -5.7794 -5.3569 -4.9910 -4.6778 -4.4141 -4.1938 -4.0094 -3.8526 -3.7154
 -3.5897 -3.4631 -3.3237 -3.1751 -3.0277 -2.6668 -2.3537 -2.1120 -1.9205 -1.7629
 -1.6314 -1.5210 -1.4275 -1.3464 -1.2736 -1.2063 -1.1440 -1.0860 -1.0322 -0.9824
 -0.9412
 -6.5454 -5.9890 -5.5126 -5.1028 -4.7539 -4.4591 -4.2115 -4.0039 -3.8286 -3.6777
 -3.5431 -3.4182 -3.2972 -3.1714 -3.0327 -2.6681 -2.3516 -2.1072 -1.9174 -1.7639
 -1.6371 -1.5319 -1.4446 -1.3706 -1.3053 -1.2454 -1.1895 -1.1371 -1.0884 -1.0435
 -1.0030
 -6.9222 -6.3071 -5.7644 -5.2994 -4.9055 -4.5740 -4.2958 -4.0610 -3.8615 -3.6903
 -3.5402 -3.4041 -3.2761 -3.1520 -3.0281 -2.6919 -2.3632 -2.1113 -1.9196 -1.7679
 -1.6438 -1.5420 -1.4590 -1.3908 -1.3326 -1.2803 -1.2320 -1.1862 -1.1432 -1.1032
 -1.0665
 -7.3527 -6.6890 -6.0979 -5.5761 -5.1301 -4.7545 -4.4390 -4.1724 -3.9447 -3.7481
 -3.5758 -3.4222 -3.2816 -3.1494 -3.0220 -2.7100 -2.3929 -2.1235 -1.9254 -1.7727
 -1.6499 -1.5500 -1.4695 -1.4053 -1.3529 -1.3079 -1.2674 -1.2293 -1.1932 -1.1590
 -1.1273
 -7.7629 -7.0903 -6.4661 -5.9072 -5.4158 -4.9957 -4.6397 -4.3368 -4.0769 -3.8513
 -3.6529 -3.4765 -3.3174 -3.1714 -3.0144 -2.7224 -2.4407 -2.1438 -1.9348
 [Fe/H] = -0.75 [alpha/Fe] = 0.40 BC value = F438W
 -7.5583 -7.4416 -7.3198 -7.1787 -6.9754 -6.6914 -6.3179 -5.8483 -5.3234 -4.9033
 -4.5795 -4.3113 -4.0732 -3.8549 -3.6524 -3.2081 -2.8281 -2.4901 -2.1832
 -7.0159 -6.8824 -6.7493 -6.6045 -6.4305 -6.2026 -5.8838 -5.4455 -5.0039 -4.6320
 -4.3329 -4.0804 -3.8531 -3.6422 -3.4456 -3.0185 -2.6635 -2.3583 -2.0901 -1.8518
 -6.5691 -6.4142 -6.2655 -6.1143 -5.9474 -5.7461 -5.4832 -5.1299 -4.7582 -4.4278
 -4.1517 -3.9152 -3.7002 -3.4978 -3.3070 -2.8919 -2.5536 -2.2701 -2.0265 -1.8128
 -1.6246
 -6.2299 -6.0453 -5.8734 -5.7082 -5.5407 -5.3581 -5.1426 -4.8635 -4.5538 -4.2636
 -4.0115 -3.7921 -3.5912 -3.3995 -3.2153 -2.8086 -2.4812 -2.2121 -1.9849 -1.7887
 -1.6166 -1.4670
 -6.0290 -5.7930 -5.5849 -5.3945 -5.2138 -5.0351 -4.8476 -4.6279 -4.3740 -4.1229
 -3.8958 -3.6942 -3.5089 -3.3302 -3.1546 -2.7553 -2.4341 -2.1749 -1.9591 -1.7754
 -1.6161 -1.4774 -1.3572 -1.2520
 -5.9917 -5.6709 -5.4023 -5.1749 -4.9726 -4.7842 -4.6033 -4.4186 -4.2117 -3.9970
 -3.7946 -3.6107 -3.4410 -3.2770 -3.1129 -2.7226 -2.4041 -2.1513 -1.9438 -1.7692
 -1.6200 -1.4908 -1.3789 -1.2807 -1.1929 -1.1137 -1.0398 -0.9687 -0.9059 -0.8674
 -6.0678 -5.6796 -5.3390 -5.0475 -4.7995 -4.5872 -4.4037 -4.2398 -4.0728 -3.8919
 -3.7104 -3.5401 -3.3823 -3.2320 -3.0815 -2.7049 -2.3864 -2.1369 -1.9354 -1.7677
 -1.6261 -1.5050 -1.4007 -1.3097 -1.2285 -1.1546 -1.0870 -1.0242 -0.9641 -0.9122
 -0.8824
 -6.2160 -5.7755 -5.3836 -5.0400 -4.7443 -4.4921 -4.2770 -4.0935 -3.9355 -3.7903
 -3.6476 -3.4994 -3.3474 -3.1991 -3.0560 -2.6986 -2.3789 -2.1290 -1.9312 -1.7686
 -1.6326 -1.5181 -1.4208 -1.3369 -1.2626 -1.1952 -1.1334 -1.0759 -1.0220 -0.9733
 -0.9314
 -6.4521 -5.9501 -5.5060 -5.1170 -4.7798 -4.4910 -4.2460 -4.0389 -3.8629 -3.7103
 -3.5738 -3.4478 -3.3240 -3.1922 -3.0503 -2.6972 -2.3773 -2.1242 -1.9276 -1.7687
 -1.6372 -1.5278 -1.4364 -1.3592 -1.2922 -1.2318 -1.1764 -1.1248 -1.0769 -1.0330
 -0.9934
 -6.8204 -6.2393 -5.7279 -5.2838 -4.9010 -4.5739 -4.2962 -4.0614 -3.8629 -3.6938
 -3.5466 -3.4145 -3.2912 -3.1719 -3.0503 -2.7137 -2.3886 -2.1290 -1.9299 -1.7722
 -1.6435 -1.5373 -1.4502 -1.3784 -1.3180 -1.2649 -1.2167 -1.1717 -1.1296 -1.0909
 -1.0554
 -7.2846 -6.6358 -6.0566 -5.5455 -5.1069 -4.7330 -4.4165 -4.1490 -3.9222 -3.7290
 -3.5626 -3.4162 -3.2835 -3.1589 -3.0381 -2.7341 -2.4147 -2.1415 -1.9361 -1.7769
 -1.6493 -1.5452 -1.4607 -1.3928 -1.3377 -1.2914 -1.2506 -1.2130 -1.1778 -1.1448
 -1.1174
 -7.8447 -7.0852 -6.4575 -5.8948 -5.3978 -4.9708 -4.6082 -4.3010 -4.0404 -3.8174
 -3.6249 -3.4566 -3.3068 -3.1702 -3.0137 -2.7584 -2.4556 -2.1617 -1.9462
 [Fe/H] = -0.50 [alpha/Fe] = 0.40 BC value = F438W
 -7.8277 -7.7340 -7.6293 -7.5026 -7.3051 -7.0093 -6.5986 -6.0603 -5.4412 -4.9440
 -4.5805 -4.2987 -4.0610 -3.8475 -3.6504 -3.2149 -2.8425 -2.5121 -2.2035
 -7.2647 -7.1567 -7.0470 -6.9222 -6.7621 -6.5368 -6.1996 -5.6967 -5.1603 -4.7073
 -4.3627 -4.0924 -3.8632 -3.6563 -3.4641 -3.0418 -2.6878 -2.3830 -2.1157 -1.8784
 -6.7856 -6.6614 -6.5413 -6.4153 -6.2676 -6.0747 -5.8018 -5.4010 -4.9459 -4.5357
 -4.2073 -3.9459 -3.7244 -3.5243 -3.3375 -2.9251 -2.5841 -2.2968 -2.0502 -1.8352
 -1.6455
 -6.3992 -6.2520 -6.1145 -5.9798 -5.8365 -5.6676 -5.4488 -5.1390 -4.7631 -4.3985
 -4.0902 -3.8384 -3.6247 -3.4319 -3.2509 -2.8467 -2.5146 -2.2395 -2.0070 -1.8074
 -1.6330 -1.4798
 -6.1259 -5.9421 -5.7765 -5.6220 -5.4708 -5.3120 -5.1288 -4.8925 -4.5914 -4.2773
 -3.9942 -3.7549 -3.5501 -3.3655 -3.1913 -2.7947 -2.4679 -2.2017 -1.9796 -1.7911
 -1.6285 -1.4862 -1.3617 -1.2538
 -6.0129 -5.7599 -5.5457 -5.3565 -5.1827 -5.0158 -4.8464 -4.6570 -4.4223 -4.1598
 -3.9075 -3.6845 -3.4903 -3.3150 -3.1490 -2.7616 -2.4373 -2.1768 -1.9627 -1.7826
 -1.6290 -1.4959 -1.3797 -1.2781 -1.1881 -1.1070 -1.0330 -0.9604 -0.8977 -0.8591
 -6.0451 -5.7048 -5.4163 -5.1750 -4.9690 -4.7847 -4.6113 -4.4423 -4.2560 -4.0423
 -3.8235 -3.6203 -3.4385 -3.2735 -3.1170 -2.7426 -2.4187 -2.1610 -1.9527 -1.7791
 -1.6325 -1.5070 -1.3985 -1.3038 -1.2204 -1.1456 -1.0777 -1.0150 -0.9541 -0.9020
 -0.8723
 -6.1608 -5.7623 -5.4086 -5.1020 -4.8397 -4.6144 -4.4174 -4.2437 -4.0865 -3.9217
 -3.7438 -3.5640 -3.3941 -3.2378 -3.0908 -2.7339 -2.4104 -2.1521 -1.9472 -1.7786
 -1.6373 -1.5178 -1.4160 -1.3282 -1.2516 -1.1831 -1.1211 -1.0646 -1.0117 -0.9620
 -0.9200
 -6.3527 -5.8974 -5.4917 -5.1333 -4.8209 -4.5520 -4.3208 -4.1204 -3.9462 -3.7912
 -3.6451 -3.5038 -3.3621 -3.2169 -3.0725 -2.7297 -2.4089 -2.1473 -1.9428 -1.7777
 -1.6406 -1.5259 -1.4297 -1.3484 -1.2786 -1.2170 -1.1615 -1.1107 -1.0639 -1.0209
 -0.9813
 -6.6718 -6.1389 -5.6708 -5.2594 -4.9004 -4.5895 -4.3225 -4.0942 -3.8987 -3.7299
 -3.5805 -3.4450 -3.3193 -3.1978 -3.0728 -2.7377 -2.4197 -2.1527 -1.9451 -1.7808
 -1.6463 -1.5348 -1.4427 -1.3665 -1.3027 -1.2478 -1.1993 -1.1549 -1.1138 -1.0762
 -1.0420
 -7.1266 -6.5091 -5.9613 -5.4841 -5.0693 -4.7118 -4.4055 -4.1441 -3.9215 -3.7318
 -3.5682 -3.4244 -3.2945 -3.1735 -3.0568 -2.7577 -2.4409 -2.1660 -1.9521 -1.7856
 -1.6521 -1.5426 -1.4531 -1.3807 -1.3218 -1.2730 -1.2313 -1.1940 -1.1596 -1.1278
 -1.1021
 -7.6626 -6.9820 -6.3662 -5.8178 -5.3365 -4.9229 -4.5689 -4.2677 -4.0117 -3.7936
 -3.6066 -3.4448 -3.3019 -3.1724 -3.0245 -2.7897 -2.4725 -2.1872 -1.9638
 [Fe/H] = -0.25 [alpha/Fe] = 0.40 BC value = F438W
 -8.1152 -8.0391 -7.9969 -7.9233 -7.7540 -7.4374 -6.9325 -6.2545 -5.5809 -5.0224
 -4.6134 -4.3121 -4.0703 -3.8595 -3.6669 -3.2403 -2.8713 -2.5448 -2.2393
 -7.5365 -7.4530 -7.3574 -7.2458 -7.0933 -6.8656 -6.5091 -5.9505 -5.3379 -4.8139
 -4.4197 -4.1260 -3.8906 -3.6858 -3.4977 -3.0809 -2.7266 -2.4196 -2.1501 -1.9113
 -7.0278 -6.9276 -6.8295 -6.7220 -6.5879 -6.4013 -6.1218 -5.6841 -5.1564 -4.6697
 -4.2859 -3.9948 -3.7627 -3.5626 -3.3795 -2.9719 -2.6279 -2.3351 -2.0831 -1.8642
 -1.6720
 -6.5981 -6.4800 -6.3697 -6.2594 -6.1361 -5.9803 -5.7628 -5.4323 -4.9971 -4.5584
 -4.1888 -3.8999 -3.6696 -3.4734 -3.2949 -2.8960 -2.5599 -2.2778 -2.0383 -1.8330
 -1.6550 -1.4980
 -6.2617 -6.1168 -5.9855 -5.8621 -5.7376 -5.5983 -5.4235 -5.1784 -4.8368 -4.4573
 -4.1116 -3.8287 -3.6005 -3.4075 -3.2336 -2.8431 -2.5123 -2.2385 -2.0088 -1.8136
 -1.6462 -1.4998 -1.3710 -1.2592
 -6.0694 -5.8632 -5.6941 -5.5437 -5.4032 -5.2629 -5.1095 -4.9207 -4.6640 -4.3516
 -4.0411 -3.7710 -3.5472 -3.3578 -3.1886 -2.8072 -2.4797 -2.2115 -1.9897 -1.8024
 -1.6431 -1.5054 -1.3848 -1.2788 -1.1846 -1.0998 -1.0227 -0.9518 -0.8904 -0.8522
 -6.0249 -5.7432 -5.5150 -5.3228 -5.1509 -4.9909 -4.8355 -4.6731 -4.4783 -4.2334
 -3.9674 -3.7186 -3.5035 -3.3190 -3.1549 -2.7843 -2.4590 -2.1934 -1.9775 -1.7968
 -1.6439 -1.5131 -1.3998 -1.3008 -1.2140 -1.1370 -1.0688 -1.0049 -0.9432 -0.8925
 -0.8635
 -6.1034 -5.7469 -5.4386 -5.1800 -4.9633 -4.7762 -4.6066 -4.4456 -4.2859 -4.0991
 -3.8836 -3.6649 -3.4642 -3.2871 -3.1287 -2.7714 -2.4487 -2.1828 -1.9701 -1.7945
 -1.6467 -1.5214 -1.4145 -1.3221 -1.2418 -1.1712 -1.1084 -1.0521 -0.9993 -0.9494
 -0.9086
 -6.2531 -5.8421 -5.4756 -5.1542 -4.8778 -4.6415 -4.4357 -4.2527 -4.0882 -3.9339
 -3.7700 -3.5970 -3.4235 -3.2583 -3.1061 -2.7632 -2.4455 -2.1771 -1.9644 -1.7922
 -1.6487 -1.5279 -1.4261 -1.3398 -1.2660 -1.2020 -1.1455 -1.0946 -1.0485 -1.0063
 -0.9676
 -6.5097 -6.0331 -5.6100 -5.2358 -4.9076 -4.6229 -4.3773 -4.1640 -3.9763 -3.8099
 -3.6572 -3.5114 -3.3715 -3.2350 -3.0980 -2.7645 -2.4543 -2.1826 -1.9665 -1.7947
 -1.6537 -1.5361 -1.4381 -1.3566 -1.2883 -1.2305 -1.1805 -1.1361 -1.0958 -1.0592
 -1.0270
 -6.9127 -6.3472 -5.8497 -5.4137 -5.0324 -4.7004 -4.4130 -4.1653 -3.9518 -3.7665
 -3.6037 -3.4575 -3.3238 -3.1997 -3.0808 -2.7786 -2.4710 -2.1962 -1.9741 -1.7996
 -1.6593 -1.5437 -1.4484 -1.3704 -1.3066 -1.2543 -1.2105 -1.1726 -1.1387 -1.1082
 -1.0869
 -7.4416 -6.7990 -6.2179 -5.7043 -5.2583 -4.8712 -4.5369 -4.2496 -4.0031 -3.7917
 -3.6096 -3.4510 -3.3103 -3.1829 -3.0545 -2.8055 -2.4956 -2.2179 -1.9872
 [Fe/H] =  0.00 [alpha/Fe] = 0.40 BC value = F438W
 -8.3914 -8.3371 -8.2959 -8.1990 -7.9965 -7.6436 -7.1013 -6.3857 -5.7268 -5.1337
 -4.6790 -4.3516 -4.1010 -3.8906 -3.7021 -3.2834 -2.9175 -2.5909 -2.2843
 -7.8139 -7.7483 -7.6742 -7.5736 -7.4226 -7.1835 -6.7906 -6.1707 -5.5220 -4.9463
 -4.5038 -4.1816 -3.9351 -3.7297 -3.5454 -3.1357 -2.7811 -2.4700 -2.1955 -1.9527
 -7.2837 -7.2054 -7.1263 -7.0329 -6.9062 -6.7188 -6.4253 -5.9538 -5.3704 -4.8238
 -4.3874 -4.0630 -3.8157 -3.6126 -3.4322 -3.0315 -2.6859 -2.3871 -2.1278 -1.9025
 -1.7057
 -6.8175 -6.7237 -6.6356 -6.5439 -6.4344 -6.2858 -6.0664 -5.7182 -5.2358 -4.7340
 -4.3066 -3.9787 -3.7277 -3.5247 -3.3474 -2.9559 -2.6179 -2.3289 -2.0812 -1.8682
 -1.6844 -1.5228
 -6.4284 -6.3134 -6.2092 -6.1102 -6.0062 -5.8816 -5.7133 -5.4626 -5.0900 -4.6523
 -4.2464 -3.9177 -3.6626 -3.4582 -3.2827 -2.8998 -2.5681 -2.2872 -2.0490 -1.8455
 -1.6714 -1.5199 -1.3863 -1.2678
 -6.1437 -5.9925 -5.8612 -5.7430 -5.6305 -5.5131 -5.3742 -5.1885 -4.9165 -4.5592
 -4.1908 -3.8712 -3.6146 -3.4083 -3.2335 -2.8587 -2.5320 -2.2569 -2.0267 -1.8312
 -1.6646 -1.5211 -1.3956 -1.2848 -1.1868 -1.0996 -1.0203 -0.9430 -0.8826 -0.8441
 -6.0248 -5.8056 -5.6223 -5.4653 -5.3266 -5.1967 -5.0645 -4.9134 -4.7153 -4.4439
 -4.1295 -3.8311 -3.5784 -3.3712 -3.1970 -2.8296 -2.5073 -2.2356 -2.0114 -1.8226
 -1.6622 -1.5251 -1.4066 -1.3027 -1.2115 -1.1324 -1.0615 -0.9945 -0.9311 -0.8817
 -0.8529
 -6.0475 -5.7375 -5.4830 -5.2788 -5.1077 -4.9531 -4.8047 -4.6585 -4.5006 -4.3005
 -4.0509 -3.7876 -3.5477 -3.3436 -3.1704 -2.8106 -2.4932 -2.2221 -2.0012 -1.8179
 -1.6627 -1.5307 -1.4179 -1.3204 -1.2356 -1.1614 -1.0963 -1.0386 -0.9858 -0.9351
 -0.8953
 -6.1563 -5.7878 -5.4611 -5.1824 -4.9504 -4.7552 -4.5844 -4.4324 -4.2839 -4.1232
 -3.9375 -3.7253 -3.5123 -3.3185 -3.1491 -2.7973 -2.4863 -2.2143 -1.9935 -1.8134
 -1.6627 -1.5351 -1.4272 -1.3354 -1.2567 -1.1888 -1.1300 -1.0783 -1.0322 -0.9904
 -0.9517
 -6.3608 -5.9318 -5.5506 -5.2136 -4.9209 -4.6708 -4.4563 -4.2703 -4.1029 -3.9449
 -3.7882 -3.6267 -3.4591 -3.2935 -3.1363 -2.7941 -2.4913 -2.2186 -1.9946 -1.8147
 -1.6666 -1.5422 -1.4379 -1.3505 -1.2770 -1.2148 -1.1620 -1.1164 -1.0761 -1.0403
 -1.0086
 -6.6919 -6.1833 -5.7376 -5.3443 -4.9985 -4.6971 -4.4364 -4.2109 -4.0132 -3.8372
 -3.6776 -3.5285 -3.3853 -3.2480 -3.1164 -2.7999 -2.5034 -2.2316 -2.0025 -1.8196
 -1.6718 -1.5496 -1.4478 -1.3637 -1.2943 -1.2371 -1.1899 -1.1502 -1.1160 -1.0862
 -1.0660
 -7.1855 -6.5796 -6.0466 -5.5822 -5.1764 -4.8223 -4.5145 -4.2479 -4.0172 -3.8168
 -3.6409 -3.4840 -3.3415 -3.2106 -3.0894 -2.8147 -2.5226 -2.2533 -2.0172
 [Fe/H] =  0.25 [alpha/Fe] = 0.40 BC value = F438W
 -8.6488 -8.6232 -8.4948 -8.2694 -7.9512 -7.5447 -7.0540 -6.4830 -5.8559 -5.2638
 -4.7741 -4.4172 -4.1530 -3.9406 -3.7547 -3.3447 -2.9799 -2.6512 -2.3417
 -8.0715 -8.0323 -8.0259 -7.9825 -7.8334 -7.5235 -7.0087 -6.3226 -5.6830 -5.0933
 -4.6129 -4.2597 -3.9974 -3.7882 -3.6063 -3.2057 -2.8516 -2.5355 -2.2540 -2.0045
 -7.5313 -7.4778 -7.4200 -7.3414 -7.2200 -7.0258 -6.7066 -6.1799 -5.5621 -4.9866
 -4.5094 -4.1513 -3.8844 -3.6745 -3.4950 -3.1035 -2.7585 -2.4539 -2.1859 -1.9520
 -1.7481
 -7.0399 -6.9704 -6.9040 -6.8294 -6.7299 -6.5827 -6.3539 -5.9814 -5.4548 -4.9118
 -4.4414 -4.0751 -3.8009 -3.5873 -3.4084 -3.0255 -2.6890 -2.3942 -2.1374 -1.9150
 -1.7231 -1.5554
 -6.6103 -6.5226 -6.4411 -6.3626 -6.2742 -6.1585 -5.9914 -5.7310 -5.3303 -4.8449
 -4.3924 -4.0224 -3.7395 -3.5200 -3.3397 -2.9641 -2.6353 -2.3491 -2.1021 -1.8890
 -1.7062 -1.5480 -1.4088 -1.2851
 -6.2656 -6.1456 -6.0440 -5.9518 -5.8613 -5.7605 -5.6313 -5.4465 -5.1616 -4.7671
 -4.3494 -3.9848 -3.6955 -3.4694 -3.2862 -2.9158 -2.5941 -2.3145 -2.0759 -1.8711
 -1.6956 -1.5449 -1.4136 -1.2975 -1.1944 -1.1022 -1.0173 -0.9362 -0.8760 -0.8366
 -6.0512 -5.8801 -5.7366 -5.6162 -5.5084 -5.4041 -5.2908 -5.1495 -4.9500 -4.6581
 -4.3001 -3.9550 -3.6648 -3.4332 -3.2463 -2.8789 -2.5637 -2.2885 -2.0565 -1.8591
 -1.6898 -1.5451 -1.4203 -1.3112 -1.2149 -1.1312 -1.0561 -0.9853 -0.9193 -0.8711
 -0.8421
 -5.9992 -5.7472 -5.5510 -5.3888 -5.2451 -5.1149 -4.9919 -4.8654 -4.7140 -4.5069
 -4.2287 -3.9227 -3.6428 -3.4092 -3.2189 -2.8523 -2.5436 -2.2711 -2.0428 -1.8510
 -1.6874 -1.5478 -1.4283 -1.3253 -1.2353 -1.1563 -1.0875 -1.0275 -0.9719 -0.9198
 -0.8815
 -6.0703 -5.7381 -5.4552 -5.2255 -5.0419 -4.8894 -4.7514 -4.6150 -4.4786 -4.3200
 -4.1169 -3.8686 -3.6153 -3.3894 -3.1989 -2.8330 -2.5308 -2.2599 -2.0322 -1.8439
 -1.6851 -1.5499 -1.4352 -1.3373 -1.2531 -1.1802 -1.1175 -1.0631 -1.0156 -0.9734
 -0.9340
 -6.2265 -5.8396 -5.4955 -5.1961 -4.9433 -4.7335 -4.5561 -4.3993 -4.2543 -4.1127
 -3.9620 -3.7805 -3.5760 -3.3733 -3.1897 -2.8256 -2.5298 -2.2612 -2.0315 -1.8433
 -1.6874 -1.5557 -1.4444 -1.3506 -1.2711 -1.2035 -1.1464 -1.0978 -1.0563 -1.0217
 -0.9871
 -6.4866 -6.0345 -5.6338 -5.2797 -4.9693 -4.7017 -4.4736 -4.2771 -4.1026 -3.9435
 -3.7943 -3.6462 -3.4893 -3.3285 -3.1719 -2.8266 -2.5364 -2.2714 -2.0386 -1.8476
 -1.6919 -1.5623 -1.4536 -1.3629 -1.2872 -1.2241 -1.1721 -1.1289 -1.0930 -1.0627
 -1.0371
 -6.9054 -6.3587 -5.8816 -5.4646 -5.0989 -4.7789 -4.5009 -4.2606 -4.0522 -3.8684
 -3.7027 -3.5501 -3.4059 -3.2669 -3.1455 -2.8360 -2.5506 -2.2905 -2.0535
 [Fe/H] =  0.50 [alpha/Fe] = 0.40 BC value = F438W
 -8.8875 -8.8973 -8.5935 -8.1343 -7.6182 -7.1408 -6.7905 -6.5495 -5.9792 -5.4065
 -4.8938 -4.5064 -4.2254 -4.0069 -3.8232 -3.4225 -3.0602 -2.7261 -2.4211
 -8.3093 -8.3050 -8.2561 -8.2769 -8.0784 -7.6822 -7.1071 -6.4256 -5.8271 -5.2482
 -4.7429 -4.3585 -4.0775 -3.8609 -3.6797 -3.2898 -2.9380 -2.6164 -2.3265 -2.0679
 -7.7706 -7.7448 -7.6926 -7.6326 -7.5157 -7.3154 -6.9589 -6.3383 -5.7212 -5.1511
 -4.6483 -4.2578 -3.9691 -3.7490 -3.5680 -3.1870 -2.8459 -2.5362 -2.2586 -2.0142
 -1.8016
 -7.2431 -7.2013 -7.1601 -7.1049 -7.0158 -6.8677 -6.6231 -6.2093 -5.6427 -5.0831
 -4.5864 -4.1894 -3.8895 -3.6621 -3.4785 -3.1042 -2.7732 -2.4746 -2.2086 -1.9752
 -1.7729 -1.5970
 -6.7862 -6.7239 -6.6687 -6.6113 -6.5372 -6.4272 -6.2562 -5.9790 -5.5411 -5.0299
 -4.5453 -4.1425 -3.8317 -3.5941 -3.4060 -3.0354 -2.7140 -2.4253 -2.1700 -1.9463
 -1.7528 -1.5857 -1.4395 -1.3097
 -6.3933 -6.3065 -6.2316 -6.1630 -6.0915 -6.0030 -5.8786 -5.6900 -5.3882 -4.9608
 -4.5120 -4.1110 -3.7912 -3.5435 -3.3486 -2.9785 -2.6657 -2.3851 -2.1392 -1.9247
 -1.7388 -1.5788 -1.4401 -1.3181 -1.2093 -1.1112 -1.0192 -0.9337 -0.8725 -0.8307
 -6.0987 -5.9740 -5.8682 -5.7780 -5.6953 -5.6110 -5.5109 -5.3753 -5.1725 -4.8605
 -4.4693 -4.0883 -3.7648 -3.5080 -3.3058 -2.9326 -2.6275 -2.3533 -2.1148 -1.9084
 -1.7294 -1.5755 -1.4430 -1.3277 -1.2259 -1.1353 -1.0545 -0.9794 -0.9098 -0.8620
 -0.8319
 -5.9721 -5.7813 -5.6213 -5.4882 -5.3750 -5.2742 -5.1754 -5.0644 -4.9192 -4.7072
 -4.4043 -4.0635 -3.7477 -3.4864 -3.2771 -2.8979 -2.5992 -2.3299 -2.0961 -1.8961
 -1.7236 -1.5750 -1.4478 -1.3381 -1.2425 -1.1582 -1.0843 -1.0191 -0.9598 -0.9050
 -0.8680
 -5.9853 -5.6969 -5.4659 -5.2894 -5.1489 -5.0237 -4.9026 -4.7831 -4.6604 -4.5061
 -4.2924 -4.0157 -3.7265 -3.4698 -3.2576 -2.8722 -2.5782 -2.3134 -2.0815 -1.8853
 -1.7180 -1.5744 -1.4518 -1.3472 -1.2569 -1.1784 -1.1106 -1.0523 -1.0016 -0.9565
 -0.9156
 -6.1038 -5.7540 -5.4472 -5.1893 -4.9796 -4.8128 -4.6746 -4.5504 -4.4266 -4.2940
 -4.1400 -3.9388 -3.6993 -3.4619 -3.2522 -2.8603 -2.5694 -2.3092 -2.0774 -1.8819
 -1.7177 -1.5780 -1.4591 -1.3583 -1.2725 -1.1990 -1.1364 -1.0833 -1.0385 -1.0010
 -0.9688
 -6.3078 -5.9021 -5.5410 -5.2224 -4.9474 -4.7162 -4.5242 -4.3610 -4.2163 -4.0811
 -3.9470 -3.8016 -3.6275 -3.4340 -3.2444 -2.8588 -2.5695 -2.3141 -2.0820 -1.8844
 -1.7206 -1.5832 -1.4671 -1.3693 -1.2870 -1.2177 -1.1598 -1.1117 -1.0721 -1.0400
 -1.0139
 -6.6457 -6.1590 -5.7335 -5.3592 -5.0302 -4.7432 -4.4966 -4.2863 -4.1047 -3.9429
 -3.7937 -3.6518 -3.5094 -3.3600 -3.2342 -2.8677 -2.5785 -2.3281 -2.0953
