 [Fe/H] = -2.00 [alpha/Fe] =-0.40 BC value = F430M
  3.7202  3.5624  3.4768  3.4429  3.3855  3.3148  3.2378  3.1674  3.0875  3.0051
  2.9232  2.8425  2.7635  2.6852  2.6080  2.4216  2.2411  2.0835  1.9209
  3.6306  3.5616  3.4879  3.4084  3.3253  3.2558  3.1920  3.1229  3.0486  2.9699
  2.8900  2.8104  2.7315  2.6537  2.5770  2.3908  2.2139  2.0475  1.8847  1.7259
  3.5899  3.5265  3.4571  3.3838  3.3080  3.2281  3.1507  3.0828  3.0142  2.9417
  2.8654  2.7877  2.7100  2.6328  2.5566  2.3717  2.1960  2.0300  1.8674  1.7091
  1.5576
  3.5452  3.4882  3.4243  3.3549  3.2821  3.2078  3.1323  3.0554  2.9820  2.9119
  2.8413  2.7683  2.6935  2.6180  2.5428  2.3589  2.1835  2.0165  1.8548  1.6968
  1.5456  1.4012
  3.4918  3.4442  3.3872  3.3236  3.2549  3.1832  3.1104  3.0376  2.9631  2.8889
  2.8170  2.7470  2.6767  2.6051  2.5322  2.3506  2.1756  2.0081  1.8459  1.6879
  1.5368  1.3926  1.2546  1.1221
  3.4304  3.3905  3.3431  3.2867  3.2241  3.1570  3.0871  3.0163  2.9450  2.8732
  2.8011  2.7298  2.6598  2.5905  2.5210  2.3448  2.1712  2.0035  1.8406  1.6820
  1.5305  1.3862  1.2484  1.1162  0.9890  0.8662  0.7473  0.6318  0.5193  0.4095
  3.3631  3.3283  3.2896  3.2415  3.1865  3.1256  3.0607  2.9933  2.9243  2.8550
  2.7856  2.7164  2.6473  2.5785  2.5101  2.3391  2.1688  2.0025  1.8391  1.6792
  1.5265  1.3816  1.2436  1.1116  0.9849  0.8628  0.7448  0.6304  0.5194  0.4112
  0.3050
  3.2922  3.2605  3.2264  3.1858  3.1393  3.0864  3.0281  2.9659  2.9008  2.8343
  2.7673  2.7005  2.6341  2.5675  2.5007  2.3334  2.1668  2.0028  1.8407  1.6801
  1.5253  1.3790  1.2404  1.1082  0.9815  0.8598  0.7425  0.6290  0.5190  0.4119
  0.3075
  3.2199  3.1897  3.1571  3.1181  3.0800  3.0353  2.9849  2.9297  2.8703  2.8081
  2.7443  2.6799  2.6158  2.5519  2.4879  2.3260  2.1630  2.0017  1.8415  1.6817
  1.5252  1.3764  1.2361  1.1030  0.9760  0.8542  0.7370  0.6239  0.5144  0.4082
  0.3051
  3.1484  3.1188  3.0861  3.0508  3.0131  2.9734  2.9311  2.8839  2.8321  2.7761
  2.7173  2.6568  2.5954  2.5340  2.4726  2.3179  2.1604  2.0021  1.8449  1.6879
  1.5317  1.3806  1.2378  1.1031  0.9752  0.8530  0.7357  0.6229  0.5140  0.4085
  0.3041
  3.0799  3.0470  3.0126  2.9771  2.9406  2.9032  2.8650  2.8254  2.7817  2.7336
  2.6815  2.6265  2.5696  2.5115  2.4528  2.3051  2.1548  2.0013  1.8474  1.6934
  1.5395  1.3883  1.2431  1.1057  0.9760  0.8527  0.7348  0.6217  0.5130  0.4078
  0.3060
  3.0162  2.9629  2.9195  2.8829  2.8503  2.8192  2.7876  2.7540  2.7176  2.6778
  2.6341  2.5864  2.5356  2.4826  2.4280  2.2879  2.1448  1.9979  1.8479
 [Fe/H] = -1.50 [alpha/Fe] =-0.40 BC value = F430M
  3.7084  3.6208  3.5542  3.4917  3.4180  3.3381  3.2555  3.1729  3.0918  3.0086
  2.9254  2.8434  2.7629  2.6839  2.6063  2.4185  2.2381  2.0715  1.9115
  3.6803  3.6083  3.5268  3.4450  3.3793  3.3061  3.2258  3.1436  3.0619  2.9784
  2.8949  2.8123  2.7314  2.6521  2.5745  2.3876  2.2102  2.0434  1.8852  1.7289
  3.6467  3.5787  3.5062  3.4298  3.3455  3.2695  3.1986  3.1212  3.0408  2.9587
  2.8756  2.7931  2.7120  2.6324  2.5545  2.3676  2.1913  2.0255  1.8676  1.7120
  1.5612
  3.6107  3.5476  3.4784  3.4062  3.3306  3.2507  3.1688  3.0945  3.0208  2.9430
  2.8622  2.7807  2.6999  2.6204  2.5424  2.3551  2.1788  2.0129  1.8549  1.6999
  1.5495  1.4051
  3.5701  3.5133  3.4492  3.3798  3.3069  3.2318  3.1547  3.0760  2.9975  2.9232
  2.8480  2.7704  2.6915  2.6128  2.5352  2.3479  2.1711  2.0045  1.8460  1.6913
  1.5411  1.3969  1.2588  1.1257
  3.5227  3.4733  3.4158  3.3518  3.2829  3.2106  3.1363  3.0611  2.9850  2.9076
  2.8310  2.7563  2.6818  2.6064  2.5305  2.3442  2.1671  1.9998  1.8404  1.6855
  1.5352  1.3909  1.2530  1.1206  0.9930  0.8698  0.7504  0.6345  0.5217  0.4121
  3.4674  3.4252  3.3757  3.3186  3.2553  3.1874  3.1163  3.0435  2.9698  2.8956
  2.8207  2.7451  2.6706  2.5973  2.5245  2.3424  2.1659  1.9981  1.8379  1.6824
  1.5316  1.3868  1.2487  1.1164  0.9894  0.8670  0.7486  0.6338  0.5222  0.4135
  0.3076
  3.4057  3.3677  3.3266  3.2775  3.2213  3.1594  3.0931  3.0239  2.9528  2.8811
  2.8089  2.7361  2.6630  2.5903  2.5183  2.3408  2.1663  1.9987  1.8382  1.6823
  1.5304  1.3846  1.2458  1.1133  0.9864  0.8644  0.7467  0.6328  0.5223  0.4148
  0.3101
  3.3406  3.3042  3.2677  3.2264  3.1780  3.1231  3.0629  2.9986  2.9314  2.8626
  2.7930  2.7228  2.6524  2.5820  2.5117  2.3370  2.1653  1.9986  1.8384  1.6824
  1.5295  1.3820  1.2419  1.1086  0.9813  0.8592  0.7416  0.6280  0.5180  0.4114
  0.3080
  3.2755  3.2387  3.2033  3.1662  3.1255  3.0784  3.0256  2.9678  2.9059  2.8412
  2.7749  2.7077  2.6400  2.5723  2.5046  2.3351  2.1666  2.0018  1.8425  1.6875
  1.5348  1.3858  1.2436  1.1090  0.9809  0.8584  0.7407  0.6275  0.5180  0.4121
  0.3072
  3.2137  3.1719  3.1346  3.0990  3.0636  3.0232  2.9778  2.9274  2.8723  2.8132
  2.7514  2.6878  2.6233  2.5583  2.4932  2.3303  2.1666  2.0046  1.8465  1.6930
  1.5418  1.3926  1.2486  1.1116  0.9819  0.8584  0.7402  0.6267  0.5175  0.4119
  0.3097
  3.1556  3.1039  3.0615  3.0254  2.9921  2.9579  2.9192  2.8759  2.8281  2.7760
  2.7201  2.6613  2.6008  2.5392  2.4770  2.3209  2.1636  2.0058  1.8499
 [Fe/H] = -1.00 [alpha/Fe] =-0.40 BC value = F430M
  3.7202  3.6655  3.6011  3.5244  3.4436  3.3593  3.2711  3.1845  3.1013  3.0173
  2.9332  2.8502  2.7686  2.6887  2.6105  2.4214  2.2407  2.0691  1.9085
  3.7172  3.6332  3.5644  3.4979  3.4175  3.3323  3.2448  3.1576  3.0733  2.9883
  2.9036  2.8197  2.7373  2.6567  2.5779  2.3889  2.2102  2.0417  1.8835  1.7317
  3.6907  3.6204  3.5426  3.4608  3.3930  3.3135  3.2274  3.1403  3.0550  2.9706
  2.8859  2.8018  2.7190  2.6378  2.5584  2.3687  2.1904  2.0232  1.8659  1.7145
  1.5659
  3.6614  3.5936  3.5217  3.4467  3.3643  3.2868  3.2114  3.1281  3.0428  2.9590
  2.8749  2.7911  2.7083  2.6269  2.5472  2.3566  2.1780  2.0109  1.8535  1.7023
  1.5544  1.4106
  3.6300  3.5661  3.4968  3.4238  3.3485  3.2696  3.1870  3.1096  3.0316  2.9499
  2.8674  2.7845  2.7021  2.6208  2.5410  2.3499  2.1707  2.0030  1.8450  1.6938
  1.5463  1.4029  1.2648  1.1317
  3.5938  3.5358  3.4706  3.4006  3.3274  3.2518  3.1740  3.0943  3.0136  2.9362
  2.8589  2.7790  2.6980  2.6174  2.5379  2.3466  2.1669  1.9984  1.8396  1.6881
  1.5407  1.3975  1.2596  1.1270  0.9990  0.8751  0.7551  0.6387  0.5257  0.4161
  3.5509  3.5001  3.4411  3.3757  3.3059  3.2329  3.1575  3.0808  3.0032  2.9246
  2.8462  2.7690  2.6920  2.6144  2.5363  2.3456  2.1656  1.9964  1.8367  1.6846
  1.5372  1.3939  1.2559  1.1234  0.9960  0.8729  0.7537  0.6383  0.5265  0.4179
  0.3118
  3.5009  3.4570  3.4055  3.3465  3.2815  3.2124  3.1402  3.0660  2.9904  2.9145
  2.8383  2.7612  2.6842  2.6081  2.5328  2.3460  2.1661  1.9964  1.8361  1.6834
  1.5357  1.3920  1.2537  1.1210  0.9937  0.8711  0.7527  0.6380  0.5269  0.4191
  0.3143
  3.4461  3.4063  3.3615  3.3097  3.2511  3.1870  3.1190  3.0481  2.9752  2.9014
  2.8272  2.7526  2.6775  2.6024  2.5277  2.3444  2.1659  1.9960  1.8351  1.6818
  1.5337  1.3894  1.2502  1.1169  0.9893  0.8667  0.7484  0.6341  0.5234  0.4163
  0.3124
  3.3898  3.3515  3.3103  3.2655  3.2141  3.1566  3.0940  3.0278  2.9586  2.8878
  2.8161  2.7438  2.6711  2.5982  2.5254  2.3452  2.1693  1.9996  1.8386  1.6852
  1.5370  1.3923  1.2520  1.1177  0.9894  0.8665  0.7482  0.6343  0.5242  0.4175
  0.3142
  3.3354  3.2919  3.2530  3.2129  3.1684  3.1179  3.0620  3.0014  2.9371  2.8702
  2.8016  2.7321  2.6619  2.5914  2.5208  2.3456  2.1728  2.0045  1.8433  1.6899
  1.5422  1.3975  1.2563  1.1204  0.9907  0.8670  0.7483  0.6342  0.5243  0.4180
  0.3152
  3.2839  3.2350  3.1932  3.1547  3.1143  3.0701  3.0212  2.9672  2.9087  2.8468
  2.7823  2.7161  2.6489  2.5811  2.5130  2.3433  2.1751  2.0094  1.8488
 [Fe/H] = -0.75 [alpha/Fe] =-0.40 BC value = F430M
  3.7349  3.6827  3.6131  3.5347  3.4539  3.3691  3.2805  3.1926  3.1080  3.0236
  2.9392  2.8558  2.7738  2.6934  2.6148  2.4251  2.2441  2.0715  1.9094
  3.7239  3.6471  3.5886  3.5129  3.4288  3.3427  3.2542  3.1658  3.0803  2.9948
  2.9097  2.8256  2.7427  2.6615  2.5821  2.3918  2.2122  2.0426  1.8834  1.7325
  3.7077  3.6357  3.5525  3.4877  3.4118  3.3257  3.2374  3.1489  3.0624  2.9774
  2.8923  2.8079  2.7247  2.6429  2.5629  2.3716  2.1921  2.0237  1.8657  1.7152
  1.5683
  3.6806  3.6120  3.5398  3.4606  3.3832  3.3103  3.2260  3.1381  3.0509  2.9663
  2.8816  2.7975  2.7143  2.6323  2.5520  2.3597  2.1797  2.0114  1.8534  1.7031
  1.5568  1.4139
  3.6526  3.5862  3.5154  3.4422  3.3659  3.2842  3.2071  3.1282  3.0433  2.9583
  2.8747  2.7911  2.7082  2.6264  2.5461  2.3532  2.1725  2.0037  1.8452  1.6946
  1.5487  1.4064  1.2685  1.1353
  3.6214  3.5595  3.4913  3.4196  3.3455  3.2691  3.1899  3.1085  3.0301  2.9508
  2.8692  2.7868  2.7046  2.6233  2.5431  2.3500  2.1688  1.9992  1.8399  1.6890
  1.5433  1.4012  1.2636  1.1310  1.0031  0.8791  0.7586  0.6416  0.5283  0.4187
  3.5847  3.5292  3.4657  3.3970  3.3251  3.2505  3.1741  3.0963  3.0169  2.9371
  2.8590  2.7811  2.7016  2.6215  2.5418  2.3490  2.1675  1.9972  1.8371  1.6855
  1.5398  1.3979  1.2603  1.1278  1.0003  0.8771  0.7576  0.6417  0.5293  0.4205
  0.3167
  3.5413  3.4927  3.4358  3.3721  3.3037  3.2320  3.1579  3.0821  3.0052  2.9279
  2.8501  2.7721  2.6947  2.6176  2.5405  2.3494  2.1678  1.9971  1.8363  1.6841
  1.5381  1.3961  1.2585  1.1258  0.9984  0.8756  0.7567  0.6416  0.5300  0.4219
  0.3171
  3.4928  3.4492  3.3989  3.3414  3.2781  3.2103  3.1393  3.0662  2.9914  2.9159
  2.8402  2.7644  2.6879  2.6114  2.5354  2.3485  2.1674  1.9963  1.8348  1.6820
  1.5356  1.3934  1.2553  1.1222  0.9944  0.8716  0.7530  0.6383  0.5273  0.4197
  0.3153
  3.4418  3.4001  3.3555  3.3048  3.2478  3.1854  3.1188  3.0493  2.9776  2.9046
  2.8309  2.7570  2.6828  2.6083  2.5339  2.3498  2.1708  1.9996  1.8379  1.6847
  1.5381  1.3956  1.2570  1.1232  0.9948  0.8717  0.7532  0.6389  0.5283  0.4212
  0.3174
  3.3916  3.3477  3.3060  3.2607  3.2101  3.1540  3.0930  3.0282  2.9604  2.8906
  2.8196  2.7479  2.6758  2.6035  2.5310  2.3515  2.1751  2.0043  1.8422  1.6888
  1.5421  1.3998  1.2607  1.1258  0.9964  0.8725  0.7536  0.6392  0.5289  0.4222
  0.3190
  3.3438  3.2954  3.2526  3.2107  3.1651  3.1150  3.0601  3.0009  2.9379  2.8722
  2.8046  2.7357  2.6662  2.5962  2.5259  2.3512  2.1790  2.0103  1.8478
 [Fe/H] = -0.50 [alpha/Fe] =-0.40 BC value = F430M
  3.7486  3.6926  3.6220  3.5440  3.4624  3.3781  3.2898  3.2017  3.1163  3.0312
  2.9464  2.8628  2.7805  2.6997  2.6206  2.4303  2.2489  2.0763  1.9119
  3.7231  3.6704  3.6034  3.5236  3.4385  3.3521  3.2633  3.1747  3.0888  3.0026
  2.9171  2.8328  2.7496  2.6679  2.5880  2.3964  2.2158  2.0450  1.8844  1.7332
  3.7217  3.6418  3.5758  3.5072  3.4241  3.3359  3.2468  3.1578  3.0707  2.9853
  2.8998  2.8153  2.7318  2.6496  2.5691  2.3762  2.1954  2.0256  1.8664  1.7159
  1.5705
  3.6968  3.6284  3.5534  3.4754  3.4079  3.3255  3.2366  3.1473  3.0594  2.9742
  2.8891  2.8048  2.7214  2.6391  2.5583  2.3645  2.1830  2.0132  1.8542  1.7039
  1.5590  1.4174
  3.6709  3.6034  3.5323  3.4590  3.3798  3.3049  3.2272  3.1407  3.0524  2.9664
  2.8823  2.7984  2.7153  2.6333  2.5525  2.3581  2.1759  2.0056  1.8462  1.6955
  1.5509  1.4100  1.2727  1.1397
  3.6437  3.5788  3.5088  3.4364  3.3622  3.2854  3.2050  3.1275  3.0466  2.9613
  2.8773  2.7942  2.7117  2.6301  2.5495  2.3550  2.1722  2.0013  1.8411  1.6901
  1.5455  1.4049  1.2681  1.1356  1.0073  0.8830  0.7623  0.6450  0.5312  0.4216
  3.6125  3.5528  3.4856  3.4148  3.3416  3.2666  3.1899  3.1111  3.0308  2.9520
  2.8722  2.7910  2.7094  2.6283  2.5482  2.3540  2.1709  1.9994  1.8385  1.6868
  1.5421  1.4017  1.2652  1.1329  1.0053  0.8818  0.7619  0.6455  0.5327  0.4235
  0.3177
  3.5756  3.5224  3.4604  3.3927  3.3217  3.2484  3.1733  3.0967  3.0191  2.9407
  2.8618  2.7837  2.7056  2.6269  2.5478  2.3543  2.1711  1.9992  1.8377  1.6853
  1.5404  1.4001  1.2636  1.1313  1.0038  0.8808  0.7615  0.6459  0.5339  0.4253
  0.3203
  3.5338  3.4858  3.4298  3.3671  3.2996  3.2288  3.1559  3.0813  3.0054  2.9289
  2.8522  2.7752  2.6980  2.6208  2.5439  2.3535  2.1705  1.9981  1.8360  1.6830
  1.5376  1.3972  1.2606  1.1280  1.0003  0.8773  0.7583  0.6432  0.5317  0.4235
  0.3188
  3.4888  3.4440  3.3938  3.3373  3.2749  3.2082  3.1384  3.0665  2.9930  2.9185
  2.8435  2.7684  2.6934  2.6179  2.5423  2.3552  2.1735  2.0011  1.8386  1.6852
  1.5394  1.3988  1.2621  1.1292  1.0010  0.8778  0.7590  0.6443  0.5333  0.4257
  0.3214
  3.4437  3.3984  3.3521  3.3010  3.2445  3.1830  3.1175  3.0492  2.9786  2.9068
  2.8340  2.7607  2.6874  2.6139  2.5404  2.3573  2.1779  2.0051  1.8424  1.6887
  1.5426  1.4019  1.2650  1.1316  1.0027  0.8789  0.7598  0.6452  0.5345  0.4272
  0.3237
  3.4001  3.3514  3.3062  3.2591  3.2077  3.1517  3.0914  3.0275  2.9608  2.8921
  2.8221  2.7512  2.6799  2.6084  2.5367  2.3584  2.1827  2.0113  1.8474
 [Fe/H] = -0.25 [alpha/Fe] =-0.40 BC value = F430M
  3.7547  3.6996  3.6308  3.5539  3.4727  3.3884  3.3001  3.2122  3.1271  3.0401
  2.9547  2.8710  2.7884  2.7074  2.6279  2.4368  2.2550  2.0811  1.9158
  3.7434  3.6855  3.6137  3.5332  3.4488  3.3624  3.2734  3.1848  3.0985  3.0115
  2.9257  2.8412  2.7579  2.6759  2.5955  2.4026  2.2210  2.0491  1.8869  1.7348
  3.7295  3.6553  3.5975  3.5199  3.4343  3.3463  3.2568  3.1676  3.0801  2.9942
  2.9084  2.8237  2.7401  2.6577  2.5768  2.3826  2.2003  2.0290  1.8684  1.7173
  1.5726
  3.7116  3.6425  3.5632  3.5012  3.4236  3.3364  3.2466  3.1569  3.0686  2.9831
  2.8976  2.8131  2.7297  2.6473  2.5662  2.3710  2.1880  2.0166  1.8562  1.7053
  1.5610  1.4208
  3.6866  3.6189  3.5482  3.4722  3.3995  3.3261  3.2402  3.1507  3.0616  2.9752
  2.8907  2.8065  2.7234  2.6412  2.5602  2.3646  2.1809  2.0091  1.8483  1.6971
  1.5531  1.4134  1.2772  1.1447
  3.6617  3.5952  3.5244  3.4522  3.3784  3.3005  3.2258  3.1451  3.0578  2.9703
  2.8857  2.8023  2.7196  2.6378  2.5571  2.3615  2.1773  2.0049  1.8436  1.6919
  1.5478  1.4085  1.2728  1.1407  1.0126  0.8882  0.7671  0.6492  0.5349  0.4250
  3.6347  3.5719  3.5022  3.4302  3.3569  3.2824  3.2057  3.1268  3.0485  2.9669
  2.8822  2.7992  2.7171  2.6359  2.5556  2.3604  2.1759  2.0030  1.8411  1.6888
  1.5445  1.4054  1.2701  1.1384  1.0108  0.8872  0.7671  0.6503  0.5369  0.4271
  0.3212
  3.6036  3.5463  3.4802  3.4095  3.3370  3.2631  3.1879  3.1115  3.0335  2.9545
  2.8756  2.7958  2.7153  2.6348  2.5550  2.3606  2.1761  2.0028  1.8403  1.6875
  1.5427  1.4037  1.2687  1.1372  1.0098  0.8866  0.7672  0.6511  0.5385  0.4294
  0.3239
  3.5679  3.5156  3.4548  3.3876  3.3168  3.2442  3.1702  3.0950  3.0187  2.9418
  2.8644  2.7865  2.7086  2.6307  2.5527  2.3596  2.1752  2.0016  1.8385  1.6851
  1.5398  1.4006  1.2657  1.1342  1.0068  0.8837  0.7645  0.6489  0.5369  0.4283
  0.3230
  3.5297  3.4809  3.4254  3.3634  3.2964  3.2262  3.1541  3.0808  3.0063  2.9310
  2.8553  2.7795  2.7038  2.6276  2.5511  2.3617  2.1779  2.0042  1.8409  1.6870
  1.5412  1.4018  1.2668  1.1353  1.0078  0.8847  0.7658  0.6508  0.5393  0.4291
  0.3260
  3.4902  3.4422  3.3910  3.3342  3.2722  3.2060  3.1368  3.0657  2.9933  2.9201
  2.8462  2.7720  2.6978  2.6238  2.5495  2.3638  2.1817  2.0077  1.8441  1.6899
  1.5438  1.4041  1.2691  1.1374  1.0095  0.8861  0.7670  0.6521  0.5410  0.4333
  0.3292
  3.4513  3.4017  3.3525  3.2998  3.2426  3.1812  3.1161  3.0484  2.9786  2.9077
  2.8361  2.7638  2.6913  2.6188  2.5464  2.3655  2.1869  2.0131  1.8484
 [Fe/H] =  0.00 [alpha/Fe] =-0.40 BC value = F430M
  3.7523  3.7028  3.6375  3.5621  3.4829  3.3992  3.3108  3.2225  3.1379  3.0500
  2.9642  2.8801  2.7975  2.7162  2.6365  2.4446  2.2621  2.0880  1.9216
  3.7386  3.6923  3.6207  3.5413  3.4580  3.3726  3.2837  3.1953  3.1093  3.0215
  2.9354  2.8506  2.7672  2.6851  2.6043  2.4104  2.2276  2.0546  1.8910  1.7375
  3.7268  3.6771  3.6096  3.5289  3.4432  3.3560  3.2671  3.1780  3.0905  3.0042
  2.9180  2.8332  2.7495  2.6670  2.5859  2.3905  2.2068  2.0341  1.8719  1.7196
  1.5748
  3.7157  3.6487  3.5868  3.5180  3.4343  3.3459  3.2566  3.1671  3.0788  2.9930
  2.9072  2.8224  2.7389  2.6565  2.5752  2.3790  2.1945  2.0216  1.8596  1.7077
  1.5633  1.4241
  3.6999  3.6333  3.5613  3.4883  3.4222  3.3393  3.2504  3.1605  3.0715  2.9848
  2.9000  2.8156  2.7324  2.6502  2.5691  2.3727  2.1876  2.0142  1.8519  1.6998
  1.5555  1.4168  1.2817  1.1498
  3.6760  3.6096  3.5390  3.4677  3.3927  3.3223  3.2441  3.1568  3.0676  2.9797
  2.8949  2.8111  2.7283  2.6465  2.5657  2.3695  2.1840  2.0101  1.8474  1.6947
  1.5504  1.4120  1.2774  1.1461  1.0182  0.8938  0.7725  0.6541  0.5394  0.4290
  3.6511  3.5876  3.5169  3.4446  3.3721  3.2984  3.2223  3.1468  3.0645  2.9774
  2.8913  2.8080  2.7256  2.6443  2.5639  2.3683  2.1825  2.0083  1.8451  1.6919
  1.5473  1.4090  1.2748  1.1440  1.0168  0.8931  0.7727  0.6556  0.5418  0.4314
  0.3253
  3.6244  3.5650  3.4965  3.4243  3.3511  3.2774  3.2032  3.1273  3.0495  2.9711
  2.8895  2.8056  2.7238  2.6430  2.5631  2.3683  2.1826  2.0080  1.8443  1.6907
  1.5457  1.4073  1.2735  1.1431  1.0162  0.8930  0.7734  0.6572  0.5442  0.4344
  0.3282
  3.5967  3.5391  3.4747  3.4043  3.3315  3.2579  3.1837  3.1088  3.0328  2.9558
  2.8780  2.7995  2.7198  2.6402  2.5608  2.3669  2.1815  2.0066  1.8424  1.6882
  1.5426  1.4040  1.2703  1.1402  1.0135  0.8906  0.7714  0.6557  0.5432  0.4339
  0.3279
  3.5622  3.5103  3.4507  3.3843  3.3137  3.2412  3.1677  3.0937  3.0189  2.9435
  2.8677  2.7914  2.7148  2.6378  2.5605  2.3688  2.1839  2.0090  1.8445  1.6899
  1.5438  1.4048  1.2711  1.1411  1.0147  0.8920  0.7732  0.6580  0.5462  0.4374
  0.3318
  3.5274  3.4785  3.4227  3.3609  3.2942  3.2242  3.1522  3.0794  3.0060  2.9321
  2.8577  2.7830  2.7084  2.6339  2.5590  2.3711  2.1870  2.0121  1.8474  1.6924
  1.5459  1.4066  1.2727  1.1428  1.0164  0.8937  0.7749  0.6600  0.5486  0.4405
  0.3357
  3.4922  3.4436  3.3915  3.3333  3.2709  3.2047  3.1356  3.0648  2.9929  2.9206
  2.8479  2.7749  2.7017  2.6287  2.5563  2.3738  2.1908  2.0159  1.8511
 [Fe/H] =  0.25 [alpha/Fe] =-0.40 BC value = F430M
  3.7528  3.7067  3.6456  3.5711  3.4940  3.4106  3.3233  3.2344  3.1494  3.0608
  2.9745  2.8902  2.8074  2.7260  2.6460  2.4533  2.2702  2.0956  1.9287
  3.7503  3.6966  3.6277  3.5503  3.4679  3.3834  3.2957  3.2069  3.1209  3.0325
  2.9460  2.8610  2.7775  2.6952  2.6143  2.4194  2.2355  2.0615  1.8966  1.7415
  3.7454  3.6897  3.6171  3.5374  3.4524  3.3661  3.2781  3.1893  3.1021  3.0152
  2.9287  2.8436  2.7599  2.6774  2.5961  2.3997  2.2147  2.0407  1.8769  1.7233
  1.5778
  3.7326  3.6625  3.6066  3.5291  3.4436  3.3553  3.2668  3.1778  3.0896  3.0039
  2.9177  2.8328  2.7492  2.6667  2.5854  2.3885  2.2027  2.0282  1.8646  1.7113
  1.5664  1.4275
  3.7126  3.6470  3.5721  3.5135  3.4362  3.3495  3.2602  3.1708  3.0820  2.9953
  2.9104  2.8257  2.7424  2.6602  2.5791  2.3822  2.1958  2.0210  1.8571  1.7036
  1.5588  1.4203  1.2861  1.1550
  3.6889  3.6231  3.5537  3.4813  3.4141  3.3415  3.2560  3.1669  3.0776  2.9899
  2.9050  2.8210  2.7379  2.6561  2.5754  2.3789  2.1923  2.0170  1.8528  1.6989
  1.5539  1.4156  1.2819  1.1515  1.0242  0.8999  0.7783  0.6598  0.5448  0.4340
  3.6649  3.6015  3.5305  3.4589  3.3879  3.3150  3.2439  3.1631  3.0756  2.9873
  2.9011  2.8176  2.7350  2.6535  2.5732  2.3774  2.1908  2.0152  1.8506  1.6962
  1.5509  1.4126  1.2793  1.1495  1.0229  0.8995  0.7792  0.6619  0.5476  0.4368
  0.3300
  3.6397  3.5805  3.5106  3.4376  3.3647  3.2925  3.2196  3.1450  3.0685  2.9859
  2.8997  2.8150  2.7329  2.6519  2.5720  2.3771  2.1907  2.0148  1.8498  1.6951
  1.5493  1.4109  1.2779  1.1486  1.0225  0.8997  0.7801  0.6636  0.5504  0.4403
  0.3334
  3.6177  3.5575  3.4908  3.4184  3.3447  3.2709  3.1974  3.1237  3.0486  2.9720
  2.8938  2.8124  2.7295  2.6489  2.5694  2.3753  2.1893  2.0132  1.8478  1.6925
  1.5463  1.4075  1.2746  1.1456  1.0201  0.8977  0.7787  0.6630  0.5502  0.4405
  0.3339
  3.5870  3.5330  3.4707  3.4011  3.3281  3.2541  3.1802  3.1064  3.0321  2.9573
  2.8816  2.8050  2.7274  2.6485  2.5698  2.3768  2.1913  2.0153  1.8497  1.6941
  1.5473  1.4082  1.2752  1.1465  1.0213  0.8995  0.7810  0.6659  0.5539  0.4448
  0.3386
  3.5598  3.5071  3.4476  3.3821  3.3117  3.2389  3.1653  3.0916  3.0179  2.9440
  2.8697  2.7950  2.7201  2.6449  2.5691  2.3789  2.1939  2.0181  1.8523  1.6963
  1.5492  1.4096  1.2764  1.1478  1.0229  0.9013  0.7831  0.6684  0.5570  0.4486
  0.3431
  3.5362  3.4799  3.4232  3.3601  3.2934  3.2232  3.1512  3.0782  3.0051  2.9321
  2.8590  2.7857  2.7123  2.6390  2.5673  2.3816  2.1971  2.0216  1.8556
 [Fe/H] =  0.50 [alpha/Fe] =-0.40 BC value = F430M
  3.7564  3.7132  3.6543  3.5814  3.5065  3.4228  3.3356  3.2478  3.1599  3.0722
  2.9854  2.9007  2.8177  2.7363  2.6563  2.4627  2.2733  2.0987  1.9315
  3.7525  3.6995  3.6346  3.5591  3.4787  3.3950  3.3076  3.2190  3.1329  3.0443
  2.9573  2.8721  2.7884  2.7061  2.6250  2.4292  2.2443  2.0694  1.9035  1.7466
  3.7500  3.6956  3.6250  3.5457  3.4614  3.3767  3.2895  3.2011  3.1148  3.0270
  2.9402  2.8549  2.7711  2.6885  2.6071  2.4101  2.2239  2.0486  1.8834  1.7282
  1.5818
  3.7418  3.6845  3.6183  3.5380  3.4526  3.3651  3.2776  3.1891  3.1012  3.0156
  2.9292  2.8440  2.7603  2.6778  2.5965  2.3991  2.2121  2.0363  1.8712  1.7164
  1.5706  1.4313
  3.7248  3.6553  3.5970  3.5296  3.4466  3.3589  3.2700  3.1814  3.0931  3.0067
  2.9216  2.8367  2.7533  2.6711  2.5900  2.3929  2.2055  2.0292  1.8639  1.7089
  1.5631  1.4243  1.2906  1.1603
  3.7009  3.6364  3.5677  3.4997  3.4358  3.3539  3.2660  3.1770  3.0882  3.0007
  2.9160  2.8318  2.7486  2.6667  2.5859  2.3894  2.2019  2.0254  1.8596  1.7043
  1.5583  1.4196  1.2864  1.1568  1.0303  0.9064  0.7849  0.6661  0.5510  0.4398
  3.6772  3.6142  3.5437  3.4741  3.4036  3.3379  3.2607  3.1745  3.0857  2.9977
  2.9116  2.8281  2.7453  2.6637  2.5834  2.3876  2.2003  2.0236  1.8575  1.7018
  1.5554  1.4167  1.2837  1.1547  1.0289  0.9060  0.7860  0.6687  0.5541  0.4430
  0.3358
  3.6519  3.5937  3.5234  3.4506  3.3791  3.3089  3.2381  3.1657  3.0836  2.9967
  2.9099  2.8252  2.7430  2.6618  2.5818  2.3869  2.2000  2.0231  1.8568  1.7008
  1.5540  1.4150  1.2822  1.1537  1.0286  0.9065  0.7873  0.6711  0.5577  0.4470
  0.3397
  3.6331  3.5721  3.5045  3.4311  3.3572  3.2843  3.2127  3.1406  3.0669  2.9901
  2.9077  2.8225  2.7392  2.6584  2.5787  2.3847  2.1983  2.0213  1.8547  1.6982
  1.5510  1.4117  1.2788  1.1507  1.0261  0.9047  0.7862  0.6707  0.5580  0.4480
  0.3409
  3.6049  3.5503  3.4867  3.4151  3.3407  3.2663  3.1926  3.1199  3.0470  2.9731
  2.8978  2.8204  2.7399  2.6582  2.5788  2.3857  2.2000  2.0232  1.8563  1.6996
  1.5520  1.4123  1.2793  1.1514  1.0274  0.9067  0.7889  0.6741  0.5622  0.4509
  0.3443
  3.5815  3.5283  3.4672  3.3991  3.3262  3.2516  3.1771  3.1033  3.0300  2.9569
  2.8832  2.8089  2.7337  2.6575  2.5796  2.3872  2.2022  2.0256  1.8586  1.7016
  1.5536  1.4136  1.2804  1.1525  1.0289  0.9086  0.7912  0.6771  0.5659  0.4574
  0.3515
  3.5630  3.5061  3.4477  3.3809  3.3113  3.2383  3.1642  3.0900  3.0163  2.9433
  2.8704  2.7974  2.7241  2.6506  2.5811  2.3892  2.2049  2.0285  1.8616
 [Fe/H] =  0.75 [alpha/Fe] =-0.40 BC value = F430M
  3.7627  3.7229  3.6655  3.5924  3.5185  3.4341  3.3466  3.2589  3.1712  3.0835
  2.9964  2.9112  2.8280  2.7464  2.6663  2.4721  2.2820  2.1068  1.9390
  3.7491  3.7031  3.6423  3.5683  3.4896  3.4064  3.3194  3.2315  3.1453  3.0570
  2.9689  2.8835  2.7997  2.7172  2.6361  2.4397  2.2538  2.0779  1.9111  1.7529
  3.7493  3.6984  3.6313  3.5543  3.4712  3.3877  3.3010  3.2131  3.1275  3.0393
  2.9522  2.8666  2.7827  2.7001  2.6187  2.4212  2.2340  2.0575  1.8911  1.7344
  1.5868
  3.7441  3.6960  3.6263  3.5463  3.4616  3.3751  3.2886  3.2008  3.1132  3.0279
  2.9412  2.8558  2.7720  2.6894  2.6081  2.4106  2.2226  2.0456  1.8790  1.7227
  1.5757  1.4358
  3.7351  3.6695  3.6168  3.5406  3.4558  3.3682  3.2803  3.1924  3.1047  3.0187
  2.9336  2.8485  2.7649  2.6826  2.6016  2.4044  2.2162  2.0387  1.8719  1.7155
  1.5685  1.4290  1.2953  1.1656
  3.7124  3.6503  3.5806  3.5254  3.4497  3.3640  3.2756  3.1872  3.0991  3.0121
  2.9276  2.8433  2.7600  2.6780  2.5973  2.4007  2.2128  2.0350  1.8679  1.7111
  1.5638  1.4245  1.2911  1.1621  1.0363  0.9130  0.7918  0.6731  0.5580  0.4466
  3.6885  3.6263  3.5578  3.4891  3.4269  3.3564  3.2724  3.1845  3.0961  3.0086
  2.9228  2.8393  2.7565  2.6748  2.5944  2.3987  2.2111  2.0333  1.8659  1.7087
  1.5611  1.4216  1.2884  1.1599  1.0349  0.9128  0.7932  0.6760  0.5613  0.4502
  0.3426
  3.6630  3.6059  3.5355  3.4638  3.3951  3.3273  3.2604  3.1810  3.0948  3.0072
  2.9206  2.8360  2.7539  2.6725  2.5924  2.3976  2.2106  2.0328  1.8652  1.7078
  1.5598  1.4200  1.2869  1.1588  1.0344  0.9132  0.7948  0.6789  0.5654  0.4545
  0.3470
  3.6457  3.5846  3.5168  3.4431  3.3698  3.2990  3.2298  3.1603  3.0865  3.0044
  2.9185  2.8329  2.7496  2.6688  2.5890  2.3950  2.2085  2.0308  1.8630  1.7052
  1.5568  1.4167  1.2835  1.1557  1.0319  0.9114  0.7936  0.6786  0.5661  0.4561
  0.3487
  3.6171  3.5636  3.5000  3.4274  3.3525  3.2783  3.2059  3.1353  3.0642  2.9916
  2.9154  2.8339  2.7500  2.6681  2.5887  2.3955  2.2098  2.0323  1.8645  1.7065
  1.5579  1.4174  1.2841  1.1564  1.0332  0.9134  0.7965  0.6823  0.5708  0.4616
  0.3549
  3.5927  3.5429  3.4826  3.4130  3.3386  3.2632  3.1886  3.1154  3.0434  2.9717
  2.8991  2.8250  2.7490  2.6697  2.5892  2.3964  2.2115  2.0344  1.8665  1.7083
  1.5594  1.4187  1.2851  1.1574  1.0345  0.9152  0.7989  0.6856  0.5749  0.4667
  0.3608
  3.5727  3.5225  3.4650  3.3976  3.3259  3.2510  3.1756  3.1010  3.0275  2.9551
  2.8831  2.8108  2.7379  2.6642  2.5905  2.3977  2.2136  2.0371  1.8690
 [Fe/H] =  1.00 [alpha/Fe] =-0.40 BC value = F430M
  3.7805  3.7352  3.6761  3.6047  3.5294  3.4492  3.3648  3.2777  3.1891  3.1001
  3.0116  2.9243  2.8388  2.7558  2.6753  2.4807  2.2901  2.1050  1.9367
  3.7437  3.7081  3.6520  3.5776  3.5004  3.4173  3.3312  3.2433  3.1574  3.0682
  2.9805  2.8946  2.8105  2.7280  2.6467  2.4500  2.2632  2.0834  1.9156  1.7571
  3.7476  3.7001  3.6379  3.5626  3.4810  3.3986  3.3125  3.2253  3.1401  3.0518
  2.9645  2.8786  2.7944  2.7117  2.6302  2.4324  2.2444  2.0669  1.8993  1.7414
  1.5924
  3.7525  3.7007  3.6326  3.5545  3.4703  3.3853  3.2997  3.2127  3.1255  3.0406
  2.9538  2.8682  2.7842  2.7015  2.6202  2.4223  2.2337  2.0555  1.8878  1.7301
  1.5817  1.4410
  3.7369  3.6918  3.6284  3.5497  3.4648  3.3771  3.2906  3.2038  3.1167  3.0315
  2.9461  2.8610  2.7772  2.6948  2.6137  2.4164  2.2277  2.0492  1.8811  1.7232
  1.5748  1.4344  1.3003  1.1707
  3.7238  3.6617  3.6060  3.5420  3.4604  3.3735  3.2849  3.1978  3.1105  3.0240
  2.9400  2.8556  2.7721  2.6900  2.6093  2.4128  2.2245  2.0457  1.8773  1.7191
  1.5705  1.4301  1.2964  1.1674  1.0422  0.9196  0.7988  0.6806  0.5657  0.4541
  3.6994  3.6385  3.5729  3.5092  3.4492  3.3691  3.2825  3.1943  3.1068  3.0200
  2.9344  2.8513  2.7684  2.6866  2.6061  2.4105  2.2227  2.0441  1.8754  1.7169
  1.5680  1.4274  1.2938  1.1654  1.0408  0.9193  0.8002  0.6833  0.5690  0.4579
  0.3501
  3.6734  3.6173  3.5476  3.4788  3.4125  3.3516  3.2769  3.1923  3.1050  3.0178
  2.9318  2.8475  2.7655  2.6841  2.6039  2.4091  2.2220  2.0435  1.8748  1.7160
  1.5667  1.4259  1.2923  1.1642  1.0403  0.9197  0.8018  0.6863  0.5732  0.4625
  0.3550
  3.6576  3.5961  3.5283  3.4549  3.3834  3.3159  3.2502  3.1814  3.1010  3.0155
  2.9292  2.8439  2.7608  2.6800  2.6001  2.4060  2.2196  2.0414  1.8725  1.7135
  1.5639  1.4227  1.2890  1.1611  1.0377  0.9179  0.8008  0.6863  0.5743  0.4646
  0.3572
  3.6262  3.5747  3.5118  3.4388  3.3640  3.2908  3.2209  3.1530  3.0843  3.0106
  2.9293  2.8447  2.7607  2.6790  2.5994  2.4061  2.2205  2.0427  1.8739  1.7148
  1.5649  1.4235  1.2895  1.1617  1.0389  0.9198  0.8037  0.6902  0.5792  0.4705
  0.3640
  3.5974  3.5531  3.4952  3.4252  3.3500  3.2743  3.2002  3.1286  3.0588  2.9890
  2.9175  2.8425  2.7625  2.6800  2.5994  2.4066  2.2217  2.0444  1.8756  1.7164
  1.5664  1.4247  1.2905  1.1627  1.0401  0.9215  0.8061  0.6936  0.5837  0.4760
  0.3704
  3.5711  3.5313  3.4785  3.4119  3.3384  3.2624  3.1864  3.1119  3.0393  2.9683
  2.8977  2.8264  2.7539  2.6795  2.6001  2.4075  2.2232  2.0465  1.8776
