 [Fe/H] = -2.50 [alpha/Fe] = 0.00 BC value = F606W
 -3.1773 -2.6930 -2.3891 -2.3071 -2.5110 -2.8476 -3.3110 -3.1986 -3.0899 -2.9721
 -2.8476 -2.7599 -2.6199 -2.4799 -2.3506 -2.0911 -1.8902 -1.7501 -1.6526
 -3.9961 -3.6754 -3.4447 -3.2950 -3.2005 -3.1167 -3.0295 -2.9430 -2.8592 -2.7757
 -2.6828 -2.5758 -2.4600 -2.3466 -2.2415 -2.0197 -1.8535 -1.7369 -1.6577 -1.6028
 -3.8299 -3.5310 -3.2952 -3.1142 -2.9827 -2.8966 -2.8425 -2.7874 -2.7165 -2.6341
 -2.5520 -2.4665 -2.3699 -2.2699 -2.1763 -1.9810 -1.8370 -1.7359 -1.6661 -1.6167
 -1.5805
 -3.7032 -3.4371 -3.2177 -3.0365 -2.8902 -2.7772 -2.6934 -2.6332 -2.5845 -2.5267
 -2.4539 -2.3789 -2.2994 -2.2137 -2.1298 -1.9533 -1.8253 -1.7370 -1.6758 -1.6312
 -1.5977 -1.5720
 -3.5754 -3.3474 -3.1540 -2.9861 -2.8404 -2.7177 -2.6190 -2.5409 -2.4773 -2.4223
 -2.3669 -2.3045 -2.2393 -2.1676 -2.0945 -1.9335 -1.8160 -1.7373 -1.6842 -1.6451
 -1.6148 -1.5910 -1.5721 -1.5558
 -3.4376 -3.2464 -3.0824 -2.9354 -2.8010 -2.6796 -2.5742 -2.4868 -2.4149 -2.3525
 -2.2948 -2.2384 -2.1832 -2.1242 -2.0621 -1.9178 -1.8075 -1.7346 -1.6887 -1.6559
 -1.6302 -1.6094 -1.5926 -1.5788 -1.5670 -1.5586 -1.5551 -1.5578 -1.5676 -1.5850
 -3.2963 -3.1340 -2.9972 -2.8732 -2.7562 -2.6447 -2.5409 -2.4490 -2.3714 -2.3056
 -2.2466 -2.1906 -2.1368 -2.0843 -2.0305 -1.9026 -1.7991 -1.7287 -1.6872 -1.6610
 -1.6413 -1.6251 -1.6117 -1.6004 -1.5908 -1.5813 -1.5743 -1.5729 -1.5796 -1.5952
 -1.6173
 -3.1539 -3.0164 -2.9011 -2.7974 -2.6991 -2.6025 -2.5073 -2.4173 -2.3370 -2.2678
 -2.2081 -2.1539 -2.1021 -2.0523 -2.0028 -1.8867 -1.7906 -1.7213 -1.6807 -1.6589
 -1.6457 -1.6355 -1.6271 -1.6198 -1.6133 -1.6075 -1.6011 -1.5970 -1.5983 -1.6079
 -1.6273
 -3.0140 -2.8995 -2.7988 -2.7106 -2.6283 -2.5468 -2.4645 -2.3824 -2.3042 -2.2335
 -2.1722 -2.1187 -2.0699 -2.0236 -1.9778 -1.8699 -1.7801 -1.7133 -1.6716 -1.6509
 -1.6422 -1.6385 -1.6365 -1.6346 -1.6327 -1.6306 -1.6286 -1.6286 -1.6307 -1.6349
 -1.6408
 -2.8766 -2.7833 -2.6994 -2.6208 -2.5495 -2.4811 -2.4119 -2.3411 -2.2701 -2.2020
 -2.1399 -2.0858 -2.0385 -1.9955 -1.9543 -1.8550 -1.7701 -1.7057 -1.6633 -1.6410
 -1.6332 -1.6338 -1.6378 -1.6425 -1.6465 -1.6496 -1.6518 -1.6536 -1.6602 -1.6628
 -1.6625
 -2.7418 -2.6678 -2.6029 -2.5338 -2.4679 -2.4077 -2.3491 -2.2895 -2.2285 -2.1673
 -2.1082 -2.0540 -2.0067 -1.9654 -1.9279 -1.8396 -1.7595 -1.6974 -1.6552 -1.6314
 -1.6225 -1.6239 -1.6317 -1.6422 -1.6527 -1.6620 -1.6699 -1.6765 -1.6821 -1.6874
 -1.6937
 -2.6094 -2.5530 -2.5093 -2.4507 -2.3888 -2.3327 -2.2804 -2.2294 -2.1779 -2.1256
 -2.0731 -2.0225 -1.9757 -1.9347 -1.8986 -1.8237 -1.7483 -1.6884 -1.6473
 [Fe/H] = -2.00 [alpha/Fe] = 0.00 BC value = F606W
 -4.6901 -4.1720 -3.7612 -3.4724 -3.3264 -3.2683 -3.2925 -3.1553 -3.0259 -2.8984
 -2.7694 -2.6532 -2.5220 -2.3978 -2.2845 -2.0508 -1.8703 -1.7386 -1.6461
 -4.4901 -4.1024 -3.8187 -3.5792 -3.3733 -3.2031 -3.0635 -2.9458 -2.8404 -2.7393
 -2.6363 -2.5269 -2.4138 -2.3052 -2.2054 -1.9981 -1.8419 -1.7287 -1.6500 -1.5940
 -4.2303 -3.8162 -3.5034 -3.2784 -3.1303 -3.0203 -2.9130 -2.8075 -2.7100 -2.6207
 -2.5347 -2.4455 -2.3480 -2.2491 -2.1570 -1.9668 -1.8269 -1.7269 -1.6574 -1.6080
 -1.5718
 -4.0960 -3.6972 -3.3856 -3.1462 -2.9666 -2.8366 -2.7511 -2.6910 -2.6239 -2.5431
 -2.4604 -2.3812 -2.2994 -2.2116 -2.1272 -1.9479 -1.8184 -1.7277 -1.6656 -1.6213
 -1.5880 -1.5624
 -4.0021 -3.6313 -3.3360 -3.1015 -2.9151 -2.7692 -2.6574 -2.5736 -2.5143 -2.4647
 -2.4035 -2.3327 -2.2594 -2.1827 -2.1049 -1.9362 -1.8132 -1.7286 -1.6728 -1.6337
 -1.6039 -1.5804 -1.5619 -1.5475
 -3.9085 -3.5731 -3.3018 -3.0816 -2.8997 -2.7487 -2.6252 -2.5261 -2.4469 -2.3830
 -2.3300 -2.2770 -2.2187 -2.1541 -2.0853 -1.9275 -1.8089 -1.7278 -1.6766 -1.6431
 -1.6180 -1.5977 -1.5814 -1.5683 -1.5578 -1.5503 -1.5467 -1.5490 -1.5612 -1.5794
 -3.8033 -3.5041 -3.2609 -3.0599 -2.8897 -2.7426 -2.6151 -2.5069 -2.4171 -2.3423
 -2.2781 -2.2211 -2.1692 -2.1167 -2.0595 -1.9179 -1.8038 -1.7244 -1.6757 -1.6473
 -1.6280 -1.6125 -1.5996 -1.5890 -1.5802 -1.5732 -1.5687 -1.5677 -1.5728 -1.5889
 -1.6112
 -3.6874 -3.4228 -3.2071 -3.0268 -2.8717 -2.7342 -2.6104 -2.4992 -2.4022 -2.3198
 -2.2494 -2.1874 -2.1316 -2.0796 -2.0290 -1.9038 -1.7969 -1.7188 -1.6706 -1.6452
 -1.6317 -1.6222 -1.6143 -1.6077 -1.6019 -1.5969 -1.5934 -1.5916 -1.5927 -1.6013
 -1.6212
 -3.5640 -3.3306 -3.1389 -2.9785 -2.8396 -2.7144 -2.5986 -2.4908 -2.3921 -2.3044
 -2.2288 -2.1635 -2.1052 -2.0520 -2.0019 -1.8856 -1.7866 -1.7111 -1.6624 -1.6377
 -1.6280 -1.6247 -1.6232 -1.6219 -1.6207 -1.6193 -1.6183 -1.6178 -1.6190 -1.6233
 -1.6344
 -3.4453 -3.2395 -3.0674 -2.9230 -2.7980 -2.6850 -2.5792 -2.4784 -2.3829 -2.2942
 -2.2145 -2.1450 -2.0849 -2.0315 -1.9822 -1.8700 -1.7759 -1.7036 -1.6544 -1.6280
 -1.6191 -1.6198 -1.6242 -1.6294 -1.6340 -1.6378 -1.6409 -1.6436 -1.6465 -1.6507
 -1.6557
 -3.3353 -3.1518 -2.9952 -2.8629 -2.7485 -2.6458 -2.5496 -2.4572 -2.3679 -2.2823
 -2.2022 -2.1294 -2.0661 -2.0116 -1.9632 -1.8560 -1.7652 -1.6953 -1.6466 -1.6185
 -1.6082 -1.6098 -1.6180 -1.6290 -1.6400 -1.6499 -1.6586 -1.6661 -1.6726 -1.6790
 -1.6862
 -3.2347 -3.0710 -2.9281 -2.8040 -2.6965 -2.6008 -2.5123 -2.4276 -2.3454 -2.2653
 -2.1883 -2.1158 -2.0488 -1.9914 -1.9449 -1.8436 -1.7545 -1.6862 -1.6390
 [Fe/H] = -1.50 [alpha/Fe] = 0.00 BC value = F606W
 -5.8747 -5.3672 -4.9181 -4.5247 -4.1824 -3.8770 -3.5940 -3.3279 -3.0949 -2.8985
 -2.7305 -2.5829 -2.4501 -2.3327 -2.2283 -2.0125 -1.8474 -1.7233 -1.6342
 -5.5339 -5.0312 -4.5797 -4.1877 -3.8554 -3.5752 -3.3329 -3.1156 -2.9268 -2.7656
 -2.6248 -2.4969 -2.3778 -2.2693 -2.1719 -1.9729 -1.8251 -1.7160 -1.6380 -1.5829
 -5.0565 -4.5979 -4.2345 -3.9172 -3.6300 -3.3787 -3.1619 -2.9734 -2.8108 -2.6716
 -2.5501 -2.4390 -2.3323 -2.2313 -2.1391 -1.9508 -1.8135 -1.7141 -1.6439 -1.5944
 -1.5583
 -4.7752 -4.2726 -3.8766 -3.5725 -3.3470 -3.1795 -3.0255 -2.8732 -2.7300 -2.6033
 -2.4929 -2.3946 -2.3008 -2.2081 -2.1207 -1.9399 -1.8087 -1.7153 -1.6506 -1.6058
 -1.5729 -1.5477
 -4.6427 -4.1297 -3.7205 -3.4024 -3.1562 -2.9704 -2.8348 -2.7340 -2.6486 -2.5532
 -2.4530 -2.3596 -2.2741 -2.1910 -2.1092 -1.9348 -1.8073 -1.7176 -1.6569 -1.6161
 -1.5869 -1.5642 -1.5464 -1.5329
 -4.5742 -4.0681 -3.6602 -3.3404 -3.0907 -2.8944 -2.7402 -2.6196 -2.5281 -2.4616
 -2.4003 -2.3288 -2.2514 -2.1744 -2.0991 -1.9316 -1.8066 -1.7191 -1.6610 -1.6240
 -1.5989 -1.5798 -1.5644 -1.5523 -1.5430 -1.5360 -1.5336 -1.5386 -1.5515 -1.5690
 -4.5144 -4.0310 -3.6354 -3.3216 -3.0735 -2.8748 -2.7141 -2.5834 -2.4775 -2.3918
 -2.3238 -2.2683 -2.2132 -2.1521 -2.0861 -1.9279 -1.8050 -1.7186 -1.6619 -1.6278
 -1.6073 -1.5928 -1.5811 -1.5716 -1.5640 -1.5584 -1.5555 -1.5560 -1.5625 -1.5791
 -1.6014
 -4.4358 -3.9865 -3.6139 -3.3134 -3.0726 -2.8767 -2.7149 -2.5787 -2.4641 -2.3683
 -2.2877 -2.2197 -2.1626 -2.1115 -2.0592 -1.9208 -1.8018 -1.7158 -1.6595 -1.6269
 -1.6103 -1.6011 -1.5943 -1.5889 -1.5843 -1.5808 -1.5789 -1.5787 -1.5813 -1.5911
 -1.6116
 -4.3287 -3.9205 -3.5777 -3.2968 -3.0681 -2.8797 -2.7211 -2.5846 -2.4657 -2.3626
 -2.2740 -2.1981 -2.1324 -2.0756 -2.0250 -1.9043 -1.7946 -1.7101 -1.6537 -1.6214
 -1.6072 -1.6030 -1.6021 -1.6020 -1.6020 -1.6020 -1.6024 -1.6036 -1.6064 -1.6133
 -1.6245
 -4.2041 -3.8444 -3.5344 -3.2752 -3.0603 -2.8810 -2.7278 -2.5941 -2.4751 -2.3686
 -2.2741 -2.1916 -2.1200 -2.0578 -2.0030 -1.8860 -1.7848 -1.7037 -1.6470 -1.6135
 -1.5994 -1.5982 -1.6027 -1.6087 -1.6144 -1.6194 -1.6240 -1.6282 -1.6327 -1.6385
 -1.6450
 -4.0686 -3.7544 -3.4792 -3.2438 -3.0450 -2.8758 -2.7291 -2.5994 -2.4826 -2.3763
 -2.2795 -2.1922 -2.1153 -2.0486 -1.9903 -1.8704 -1.7733 -1.6956 -1.6395 -1.6047
 -1.5893 -1.5885 -1.5964 -1.6079 -1.6198 -1.6308 -1.6408 -1.6497 -1.6577 -1.6657
 -1.6744
 -3.9389 -3.6599 -3.4160 -3.2042 -3.0224 -2.8645 -2.7252 -2.6001 -2.4861 -2.3814
 -2.2848 -2.1960 -2.1117 -2.0407 -1.9869 -1.8575 -1.7601 -1.6858 -1.6312
 [Fe/H] = -1.00 [alpha/Fe] = 0.00 BC value = F606W
 -6.7312 -6.2785 -5.8597 -5.4639 -5.0792 -4.6736 -4.2155 -3.7164 -3.2969 -2.9724
 -2.7309 -2.5490 -2.4042 -2.2847 -2.1820 -1.9762 -1.8216 -1.7043 -1.6170
 -6.4412 -5.9429 -5.4847 -5.0642 -4.6748 -4.2979 -3.8968 -3.4946 -3.1494 -2.8717
 -2.6553 -2.4874 -2.3527 -2.2396 -2.1418 -1.9463 -1.8032 -1.6975 -1.6199 -1.5643
 -6.1845 -5.6905 -5.2224 -4.7887 -4.3941 -4.0354 -3.6890 -3.3510 -3.0548 -2.8090
 -2.6110 -2.4531 -2.3244 -2.2156 -2.1210 -1.9318 -1.7950 -1.6960 -1.6244 -1.5737
 -1.5376
 -5.7206 -5.2760 -4.8916 -4.5291 -4.1763 -3.8427 -3.5335 -3.2438 -2.9848 -2.7639
 -2.5812 -2.4320 -2.3087 -2.2036 -2.1115 -1.9266 -1.7930 -1.6977 -1.6301 -1.5829
 -1.5498 -1.5254
 -5.4037 -4.8961 -4.4694 -4.1158 -3.8285 -3.5928 -3.3688 -3.1400 -2.9210 -2.7255
 -2.5573 -2.4161 -2.2981 -2.1970 -2.1076 -1.9260 -1.7942 -1.7007 -1.6357 -1.5912
 -1.5611 -1.5394 -1.5229 -1.5109
 -5.2727 -4.7092 -4.2369 -3.8557 -3.5496 -3.3032 -3.1040 -2.9415 -2.8028 -2.6667
 -2.5299 -2.4018 -2.2889 -2.1915 -2.1053 -1.9272 -1.7962 -1.7036 -1.6401 -1.5979
 -1.5706 -1.5521 -1.5382 -1.5278 -1.5204 -1.5164 -1.5163 -1.5229 -1.5372 -1.5549
 -5.2427 -4.6547 -4.1533 -3.7468 -3.4253 -3.1695 -2.9622 -2.7913 -2.6506 -2.5393
 -2.4503 -2.3651 -2.2750 -2.1851 -2.1020 -1.9281 -1.7979 -1.7053 -1.6425 -1.6019
 -1.5773 -1.5624 -1.5522 -1.5445 -1.5389 -1.5356 -1.5350 -1.5381 -1.5470 -1.5646
 -1.5868
 -5.2341 -4.6498 -4.1384 -3.7167 -3.3810 -3.1165 -2.9047 -2.7315 -2.5872 -2.4671
 -2.3682 -2.2894 -2.2242 -2.1599 -2.0923 -1.9275 -1.7985 -1.7055 -1.6425 -1.6027
 -1.5801 -1.5688 -1.5630 -1.5593 -1.5569 -1.5556 -1.5561 -1.5586 -1.5644 -1.5758
 -1.5970
 -5.1923 -4.6342 -4.1345 -3.7140 -3.3737 -3.1036 -2.8878 -2.7118 -2.5651 -2.4413
 -2.3362 -2.2474 -2.1733 -2.1122 -2.0578 -1.9207 -1.7960 -1.7029 -1.6394 -1.5997
 -1.5783 -1.5701 -1.5690 -1.5704 -1.5724 -1.5747 -1.5776 -1.5814 -1.5869 -1.5962
 -1.6094
 -5.1147 -4.6004 -4.1269 -3.7225 -3.3873 -3.1149 -2.8969 -2.7186 -2.5696 -2.4423
 -2.3323 -2.2373 -2.1555 -2.0858 -2.0266 -1.9038 -1.7914 -1.6998 -1.6353 -1.5945
 -1.5730 -1.5664 -1.5691 -1.5758 -1.5832 -1.5904 -1.5973 -1.6040 -1.6111 -1.6196
 -1.6305
 -4.9960 -4.5312 -4.0982 -3.7193 -3.3975 -3.1323 -2.9153 -2.7361 -2.5856 -2.4561
 -2.3426 -2.2425 -2.1547 -2.0786 -2.0129 -1.8846 -1.7813 -1.6943 -1.6298 -1.5877
 -1.5651 -1.5585 -1.5635 -1.5746 -1.5877 -1.6005 -1.6126 -1.6237 -1.6342 -1.6448
 -1.6560
 -4.8511 -4.4344 -4.0469 -3.7010 -3.4021 -3.1489 -2.9366 -2.7580 -2.6065 -2.4755
 -2.3600 -2.2568 -2.1644 -2.0826 -2.0167 -1.8631 -1.7657 -1.6864 -1.6229
 [Fe/H] = -0.75 [alpha/Fe] = 0.00 BC value = F606W
 -7.0364 -6.6277 -6.2498 -5.8911 -5.5429 -5.1424 -4.6245 -3.9969 -3.4546 -3.0443
 -2.7526 -2.5457 -2.3910 -2.2671 -2.1626 -1.9588 -1.8076 -1.6934 -1.6064
 -6.7508 -6.2949 -5.8765 -5.4899 -5.1237 -4.7436 -4.2797 -3.7700 -3.3188 -2.9609
 -2.6925 -2.4959 -2.3476 -2.2292 -2.1294 -1.9335 -1.7913 -1.6865 -1.6094 -1.5533
 -6.5512 -6.0690 -5.6196 -5.2032 -4.8195 -4.4520 -4.0518 -3.6250 -3.2379 -2.9170
 -2.6651 -2.4736 -2.3275 -2.2111 -2.1134 -1.9221 -1.7847 -1.6856 -1.6137 -1.5618
 -1.5251
 -6.2290 -5.8062 -5.3889 -4.9829 -4.5954 -4.2315 -3.8782 -3.5149 -3.1777 -2.8885
 -2.6521 -2.4657 -2.3203 -2.2044 -2.1078 -1.9191 -1.7839 -1.6876 -1.6190 -1.5702
 -1.5362 -1.5119
 -5.8960 -5.3975 -4.9570 -4.6346 -4.3352 -4.0322 -3.7218 -3.4137 -3.1218 -2.8627
 -2.6432 -2.4635 -2.3195 -2.2037 -2.1075 -1.9205 -1.7861 -1.6909 -1.6244 -1.5779
 -1.5464 -1.5244 -1.5083 -1.4969
 -5.6401 -5.0460 -4.6016 -4.2378 -3.9368 -3.6818 -3.4599 -3.2478 -3.0324 -2.8212
 -2.6282 -2.4609 -2.3206 -2.2053 -2.1093 -1.9235 -1.7893 -1.6943 -1.6288 -1.5842
 -1.5549 -1.5357 -1.5222 -1.5123 -1.5059 -1.5025 -1.5040 -1.5124 -1.5276 -1.5457
 -5.5172 -4.9412 -4.4446 -4.0346 -3.7036 -3.4326 -3.2042 -3.0062 -2.8374 -2.6965
 -2.5682 -2.4408 -2.3175 -2.2068 -2.1115 -1.9265 -1.7925 -1.6969 -1.6317 -1.5883
 -1.5609 -1.5446 -1.5344 -1.5274 -1.5229 -1.5207 -1.5216 -1.5261 -1.5365 -1.5549
 -1.5771
 -5.5333 -4.9377 -4.4069 -3.9613 -3.6007 -3.3127 -3.0784 -2.8819 -2.7135 -2.5705
 -2.4539 -2.3609 -2.2784 -2.1949 -2.1104 -1.9286 -1.7947 -1.6984 -1.6325 -1.5896
 -1.5638 -1.5501 -1.5438 -1.5407 -1.5393 -1.5393 -1.5411 -1.5452 -1.5525 -1.5654
 -1.5871
 -5.5398 -4.9518 -4.4145 -3.9502 -3.5691 -3.2648 -3.0218 -2.8235 -2.6574 -2.5160
 -2.3954 -2.2946 -2.2127 -2.1454 -2.0832 -1.9268 -1.7942 -1.6974 -1.6306 -1.5876
 -1.5628 -1.5514 -1.5489 -1.5505 -1.5534 -1.5569 -1.5613 -1.5665 -1.5736 -1.5837
 -1.5991
 -5.5082 -4.9564 -4.4324 -3.9697 -3.5809 -3.2654 -3.0141 -2.8101 -2.6423 -2.5004
 -2.3786 -2.2738 -2.1843 -2.1092 -2.0464 -1.9147 -1.7930 -1.6961 -1.6280 -1.5839
 -1.5588 -1.5486 -1.5490 -1.5552 -1.5632 -1.5714 -1.5796 -1.5877 -1.5964 -1.6065
 -1.6190
 -5.4274 -4.9160 -4.4290 -3.9846 -3.6031 -3.2866 -3.0299 -2.8210 -2.6498 -2.5057
 -2.3818 -2.2738 -2.1797 -2.0983 -2.0285 -1.8945 -1.7855 -1.6930 -1.6241 -1.5784
 -1.5524 -1.5422 -1.5442 -1.5540 -1.5671 -1.5806 -1.5938 -1.6062 -1.6182 -1.6303
 -1.6432
 -5.3117 -4.8430 -4.3948 -3.9821 -3.6205 -3.3128 -3.0570 -2.8459 -2.6711 -2.5241
 -2.3976 -2.2867 -2.1885 -2.1020 -2.0295 -1.8662 -1.7717 -1.6881 -1.6189
 [Fe/H] = -0.50 [alpha/Fe] = 0.00 BC value = F606W
 -7.2373 -6.8691 -6.5328 -6.2207 -5.9360 -5.5783 -5.0392 -4.3101 -3.6441 -3.1405
 -2.7945 -2.5561 -2.3855 -2.2547 -2.1479 -1.9425 -1.7932 -1.6811 -1.5957
 -6.9581 -6.5454 -6.1720 -5.8333 -5.5166 -5.1716 -4.6868 -4.0870 -3.5240 -3.0750
 -2.7477 -2.5167 -2.3500 -2.2229 -2.1193 -1.9211 -1.7787 -1.6749 -1.5979 -1.5410
 -6.7818 -6.3333 -5.9214 -5.5472 -5.2048 -4.8655 -4.4461 -3.9434 -3.4596 -3.0516
 -2.7374 -2.5065 -2.3380 -2.2104 -2.1076 -1.9122 -1.7735 -1.6739 -1.6017 -1.5488
 -1.5112
 -6.5963 -6.1540 -5.7321 -5.3363 -4.9685 -4.6220 -4.2562 -3.8312 -3.4116 -3.0426
 -2.7429 -2.5126 -2.3401 -2.2095 -2.1057 -1.9112 -1.7737 -1.6760 -1.6066 -1.5565
 -1.5212 -1.4965
 -6.1707 -5.7917 -5.4484 -5.1110 -4.7697 -4.4278 -4.0885 -3.7274 -3.3639 -3.0327
 -2.7517 -2.5257 -2.3502 -2.2155 -2.1095 -1.9143 -1.7768 -1.6796 -1.6116 -1.5636
 -1.5303 -1.5077 -1.4917 -1.4808
 -5.8385 -5.3758 -4.9936 -4.6782 -4.4065 -4.1532 -3.8889 -3.5982 -3.2969 -3.0097
 -2.7541 -2.5384 -2.3634 -2.2254 -2.1162 -1.9191 -1.7812 -1.6835 -1.6160 -1.5695
 -1.5380 -1.5175 -1.5038 -1.4946 -1.4891 -1.4873 -1.4904 -1.4998 -1.5160 -1.5348
 -5.7208 -5.1891 -4.7337 -4.3574 -4.0485 -3.7856 -3.5504 -3.3307 -3.1218 -2.9203
 -2.7230 -2.5374 -2.3740 -2.2365 -2.1247 -1.9242 -1.7857 -1.6870 -1.6193 -1.5736
 -1.5437 -1.5252 -1.5144 -1.5079 -1.5043 -1.5034 -1.5055 -1.5118 -1.5240 -1.5433
 -1.5659
 -5.7320 -5.1581 -4.6474 -4.2148 -3.8609 -3.5712 -3.3262 -3.1089 -2.9120 -2.7399
 -2.5962 -2.4724 -2.3547 -2.2394 -2.1328 -1.9291 -1.7895 -1.6898 -1.6209 -1.5753
 -1.5467 -1.5302 -1.5224 -1.5195 -1.5189 -1.5201 -1.5235 -1.5291 -1.5381 -1.5529
 -1.5754
 -5.7790 -5.1910 -4.6516 -4.1797 -3.7864 -3.4671 -3.2074 -2.9898 -2.8011 -2.6350
 -2.4917 -2.3731 -2.2776 -2.1961 -2.1177 -1.9317 -1.7910 -1.6903 -1.6202 -1.5743
 -1.5463 -1.5318 -1.5269 -1.5279 -1.5314 -1.5360 -1.5418 -1.5487 -1.5575 -1.5694
 -1.5866
 -5.7998 -5.2362 -4.6930 -4.2049 -3.7860 -3.4419 -3.1644 -2.9389 -2.7513 -2.5908
 -2.4515 -2.3313 -2.2300 -2.1465 -2.0771 -1.9274 -1.7927 -1.6908 -1.6192 -1.5718
 -1.5436 -1.5300 -1.5274 -1.5320 -1.5400 -1.5490 -1.5584 -1.5682 -1.5786 -1.5904
 -1.6049
 -5.7691 -5.2370 -4.7235 -4.2388 -3.8146 -3.4578 -3.1659 -2.9301 -2.7378 -2.5770
 -2.4394 -2.3199 -2.2161 -2.1271 -2.0516 -1.9080 -1.7896 -1.6899 -1.6169 -1.5679
 -1.5386 -1.5251 -1.5237 -1.5311 -1.5433 -1.5572 -1.5713 -1.5851 -1.5987 -1.6125
 -1.6273
 -5.6950 -5.1968 -4.7135 -4.2589 -3.8456 -3.4901 -3.1929 -2.9495 -2.7502 -2.5853
 -2.4458 -2.3253 -2.2197 -2.1271 -2.0412 -1.8735 -1.7817 -1.6876 -1.6133
 [Fe/H] = -0.25 [alpha/Fe] = 0.00 BC value = F606W
 -7.3567 -7.0234 -6.7262 -6.4619 -6.2471 -5.9490 -5.4209 -4.6339 -3.8706 -3.2772
 -2.8671 -2.5895 -2.3962 -2.2537 -2.1407 -1.9309 -1.7812 -1.6699 -1.5856
 -7.0827 -6.7082 -6.3779 -6.0899 -5.8312 -5.5436 -5.0794 -4.4265 -3.7666 -3.2248
 -2.8326 -2.5596 -2.3679 -2.2272 -2.1169 -1.9128 -1.7688 -1.6643 -1.5874 -1.5297
 -6.9168 -6.5036 -6.1330 -5.8067 -5.5197 -5.2339 -4.8348 -4.2894 -3.7186 -3.2205
 -2.8380 -2.5615 -2.3644 -2.2205 -2.1092 -1.9064 -1.7647 -1.6638 -1.5910 -1.5373
 -1.4983
 -6.7902 -6.3593 -5.9603 -5.5987 -5.2750 -4.9757 -4.6333 -4.1758 -3.6841 -3.2313
 -2.8618 -2.5817 -2.3765 -2.2261 -2.1114 -1.9071 -1.7659 -1.6662 -1.5957 -1.5446
 -1.5078 -1.4820
 -6.5285 -6.1519 -5.7826 -5.4265 -5.0875 -4.7666 -4.4488 -4.0667 -3.6438 -3.2385
 -2.8892 -2.6105 -2.3982 -2.2398 -2.1199 -1.9119 -1.7701 -1.6702 -1.6007 -1.5514
 -1.5164 -1.4922 -1.4758 -1.4644
 -6.0883 -5.7045 -5.3903 -5.1173 -4.8519 -4.5725 -4.2719 -3.9467 -3.5879 -3.2312
 -2.9093 -2.6394 -2.4244 -2.2590 -2.1326 -1.9187 -1.7757 -1.6748 -1.6052 -1.5572
 -1.5237 -1.5012 -1.4867 -1.4773 -1.4719 -1.4708 -1.4747 -1.4855 -1.5023 -1.5217
 -5.8753 -5.4040 -5.0118 -4.6950 -4.4337 -4.2035 -3.9813 -3.7398 -3.4692 -3.1840
 -2.9074 -2.6594 -2.4499 -2.2810 -2.1484 -1.9260 -1.7816 -1.6794 -1.6090 -1.5614
 -1.5293 -1.5085 -1.4961 -1.4891 -1.4856 -1.4852 -1.4881 -1.4957 -1.5093 -1.5293
 -1.5524
 -5.8450 -5.3137 -4.8494 -4.4613 -4.1446 -3.8807 -3.6474 -3.4253 -3.2070 -3.0020
 -2.8112 -2.6294 -2.4561 -2.2995 -2.1662 -1.9341 -1.7871 -1.6835 -1.6117 -1.5638
 -1.5326 -1.5135 -1.5034 -1.4993 -1.4986 -1.5002 -1.5044 -1.5110 -1.5216 -1.5379
 -1.5613
 -5.9007 -5.3401 -4.8272 -4.3808 -4.0079 -3.7014 -3.4455 -3.2203 -3.0119 -2.8186
 -2.6479 -2.5050 -2.3840 -2.2742 -2.1677 -1.9409 -1.7903 -1.6854 -1.6123 -1.5636
 -1.5330 -1.5155 -1.5077 -1.5067 -1.5096 -1.5144 -1.5209 -1.5290 -1.5393 -1.5527
 -1.5714
 -5.9736 -5.4129 -4.8810 -4.3990 -3.9817 -3.6349 -3.3506 -3.1139 -2.9100 -2.7283
 -2.5658 -2.4243 -2.3062 -2.2093 -2.1274 -1.9456 -1.7945 -1.6876 -1.6126 -1.5624
 -1.5314 -1.5148 -1.5088 -1.5106 -1.5171 -1.5259 -1.5359 -1.5467 -1.5584 -1.5719
 -1.5880
 -5.9981 -5.4628 -4.9415 -4.4492 -4.0105 -3.6349 -3.3246 -3.0712 -2.8613 -2.6832
 -2.5281 -2.3921 -2.2738 -2.1735 -2.0896 -1.9294 -1.7962 -1.6886 -1.6118 -1.5597
 -1.5276 -1.5111 -1.5063 -1.5103 -1.5201 -1.5331 -1.5473 -1.5619 -1.5767 -1.5921
 -1.6085
 -5.9732 -5.4658 -4.9695 -4.4950 -4.0548 -3.6689 -3.3425 -3.0733 -2.8529 -2.6705
 -2.5163 -2.3831 -2.2666 -2.1649 -2.0543 -1.8923 -1.7954 -1.6884 -1.6099
 [Fe/H] =  0.00 [alpha/Fe] = 0.00 BC value = F606W
 -7.4118 -7.1100 -6.8493 -6.6305 -6.4348 -6.1866 -5.6930 -4.8835 -4.0809 -3.4150
 -2.9463 -2.6292 -2.4110 -2.2525 -2.1321 -1.9154 -1.7649 -1.6541 -1.5704
 -7.1428 -6.8025 -6.5125 -6.2736 -6.0689 -5.8333 -5.3915 -4.7114 -3.9932 -3.3758
 -2.9229 -2.6079 -2.3889 -2.2314 -2.1118 -1.8998 -1.7537 -1.6483 -1.5712 -1.5132
 -6.9814 -6.6005 -6.2689 -5.9903 -5.7585 -5.5276 -5.1593 -4.5945 -3.9652 -3.3903
 -2.9436 -2.6217 -2.3940 -2.2305 -2.1080 -1.8950 -1.7502 -1.6475 -1.5739 -1.5197
 -1.4798
 -6.8807 -6.4711 -6.1013 -5.7787 -5.5052 -5.2615 -4.9565 -4.4920 -3.9492 -3.4225
 -2.9858 -2.6562 -2.4166 -2.2434 -2.1148 -1.8973 -1.7519 -1.6496 -1.5777 -1.5258
 -1.4879 -1.4613
 -6.6765 -6.3433 -5.9677 -5.6224 -5.3127 -5.0366 -4.7617 -4.3835 -3.9216 -3.4498
 -3.0330 -2.7010 -2.4506 -2.2660 -2.1291 -1.9038 -1.7567 -1.6536 -1.5821 -1.5316
 -1.4953 -1.4701 -1.4534 -1.4431
 -6.3545 -6.0299 -5.7293 -5.4351 -5.1444 -4.8577 -4.5759 -4.2602 -3.8724 -3.4587
 -3.0725 -2.7471 -2.4905 -2.2955 -2.1490 -1.9125 -1.7633 -1.6587 -1.5865 -1.5367
 -1.5018 -1.4778 -1.4626 -1.4536 -1.4491 -1.4490 -1.4550 -1.4682 -1.4863 -1.5072
 -6.0153 -5.6108 -5.2885 -5.0324 -4.8147 -4.6046 -4.3757 -4.1065 -3.7901 -3.4396
 -3.0942 -2.7861 -2.5308 -2.3289 -2.1733 -1.9229 -1.7705 -1.6642 -1.5906 -1.5406
 -1.5068 -1.4843 -1.4707 -1.4634 -1.4606 -1.4610 -1.4656 -1.4757 -1.4919 -1.5133
 -1.5378
 -5.9101 -5.4290 -5.0227 -4.6945 -4.4328 -4.2143 -4.0149 -3.8106 -3.5796 -3.3255
 -3.0600 -2.7995 -2.5629 -2.3626 -2.2011 -1.9348 -1.7776 -1.6695 -1.5941 -1.5434
 -1.5100 -1.4889 -1.4769 -1.4719 -1.4713 -1.4740 -1.4797 -1.4886 -1.5014 -1.5203
 -1.5452
 -5.9440 -5.4162 -4.9459 -4.5456 -4.2172 -3.9488 -3.7201 -3.5084 -3.2955 -3.0823
 -2.8814 -2.6983 -2.5285 -2.3686 -2.2217 -1.9469 -1.7830 -1.6730 -1.5960 -1.5441
 -1.5109 -1.4909 -1.4808 -1.4781 -1.4804 -1.4858 -1.4937 -1.5037 -1.5163 -1.5323
 -1.5539
 -6.0427 -5.4963 -4.9900 -4.5367 -4.1487 -3.8264 -3.5592 -3.3298 -3.1210 -2.9219
 -2.7347 -2.5676 -2.4253 -2.3046 -2.1980 -1.9617 -1.7903 -1.6771 -1.5981 -1.5444
 -1.5104 -1.4909 -1.4822 -1.4816 -1.4867 -1.4954 -1.5064 -1.5188 -1.5328 -1.5491
 -1.5676
 -6.1181 -5.5868 -5.0713 -4.5937 -4.1662 -3.7998 -3.4940 -3.2394 -3.0227 -2.8313
 -2.6572 -2.4999 -2.3619 -2.2447 -2.1469 -1.9553 -1.7976 -1.6805 -1.5992 -1.5434
 -1.5080 -1.4884 -1.4806 -1.4817 -1.4893 -1.5014 -1.5160 -1.5319 -1.5486 -1.5664
 -1.5855
 -6.1421 -5.6359 -5.1390 -4.6619 -4.2204 -3.8282 -3.4934 -3.2140 -2.9817 -2.7861
 -2.6173 -2.4682 -2.3362 -2.2208 -2.0684 -1.9277 -1.8049 -1.6832 -1.5993
 [Fe/H] =  0.25 [alpha/Fe] = 0.00 BC value = F606W
 -7.4193 -7.1526 -6.9326 -6.7324 -6.4951 -6.1670 -5.7050 -5.0741 -4.3002 -3.5895
 -3.0603 -2.6969 -2.4470 -2.2696 -2.1350 -1.9060 -1.7520 -1.6408 -1.5571
 -7.1580 -6.8547 -6.6072 -6.4169 -6.2634 -6.0682 -5.6565 -4.9582 -4.2278 -3.5591
 -3.0450 -2.6830 -2.4312 -2.2521 -2.1190 -1.8932 -1.7427 -1.6350 -1.5566 -1.4984
 -6.9990 -6.6522 -6.3613 -6.1314 -5.9531 -5.7728 -5.4444 -4.8718 -4.2129 -3.5856
 -3.0789 -2.7077 -2.4449 -2.2572 -2.1192 -1.8900 -1.7399 -1.6342 -1.5588 -1.5036
 -1.4619
 -6.9087 -6.5255 -6.1891 -5.9093 -5.6880 -5.4985 -5.2388 -4.7832 -4.2134 -3.6329
 -3.1368 -2.7557 -2.4782 -2.2780 -2.1312 -1.8939 -1.7422 -1.6364 -1.5622 -1.5090
 -1.4701 -1.4422
 -6.8303 -6.4340 -6.0714 -5.7509 -5.4823 -5.2569 -5.0308 -4.6771 -4.1985 -3.6779
 -3.2010 -2.8158 -2.5246 -2.3101 -2.1522 -1.9022 -1.7478 -1.6406 -1.5663 -1.5143
 -1.4768 -1.4502 -1.4326 -1.4220
 -6.6074 -6.2624 -5.9288 -5.6141 -5.3240 -5.0635 -4.8278 -4.5445 -4.1547 -3.7015
 -3.2575 -2.8788 -2.5782 -2.3506 -2.1804 -1.9138 -1.7553 -1.6463 -1.5709 -1.5190
 -1.4827 -1.4574 -1.4409 -1.4312 -1.4269 -1.4275 -1.4344 -1.4493 -1.4683 -1.4905
 -6.1712 -5.8446 -5.5725 -5.3416 -5.1169 -4.8873 -4.6482 -4.3925 -4.0759 -3.6934
 -3.2958 -2.9340 -2.6330 -2.3961 -2.2144 -1.9278 -1.7639 -1.6527 -1.5755 -1.5230
 -1.4875 -1.4634 -1.4482 -1.4399 -1.4367 -1.4377 -1.4433 -1.4542 -1.4724 -1.4949
 -1.5206
 -5.9612 -5.5357 -5.1918 -4.9261 -4.7187 -4.5440 -4.3758 -4.1836 -3.9376 -3.6363
 -3.3016 -2.9726 -2.6821 -2.4424 -2.2522 -1.9446 -1.7728 -1.6592 -1.5800 -1.5263
 -1.4908 -1.4678 -1.4540 -1.4474 -1.4459 -1.4483 -1.4545 -1.4645 -1.4791 -1.5004
 -1.5264
 -5.9414 -5.4543 -5.0323 -4.6872 -4.4136 -4.1957 -4.0101 -3.8334 -3.6423 -3.4224
 -3.1836 -2.9380 -2.6971 -2.4764 -2.2873 -1.9625 -1.7805 -1.6640 -1.5830 -1.5278
 -1.4920 -1.4699 -1.4576 -1.4528 -1.4535 -1.4582 -1.4662 -1.4771 -1.4913 -1.5094
 -1.5335
 -6.0338 -5.5141 -5.0398 -4.6276 -4.2842 -4.0044 -3.7740 -3.5727 -3.3790 -3.1783
 -2.9763 -2.7829 -2.6062 -2.4449 -2.2958 -1.9862 -1.7912 -1.6698 -1.5866 -1.5293
 -1.4923 -1.4704 -1.4592 -1.4560 -1.4588 -1.4661 -1.4768 -1.4898 -1.5051 -1.5231
 -1.5443
 -6.1455 -5.6234 -5.1264 -4.6732 -4.2757 -3.9389 -3.6588 -3.4234 -3.2166 -3.0237
 -2.8366 -2.6590 -2.4985 -2.3592 -2.2395 -1.9949 -1.8036 -1.6755 -1.5894 -1.5299
 -1.4912 -1.4687 -1.4581 -1.4563 -1.4612 -1.4711 -1.4848 -1.5008 -1.5185 -1.5380
 -1.5593
 -6.2204 -5.7150 -5.2254 -4.7559 -4.3307 -3.9537 -3.6317 -3.3613 -3.1323 -2.9341
 -2.7554 -2.5911 -2.4412 -2.3080 -2.1184 -1.9886 -1.8177 -1.6811 -1.5914
 [Fe/H] =  0.50 [alpha/Fe] = 0.00 BC value = F606W
 -7.3780 -7.5633 -7.5521 -7.3647 -7.0190 -6.5306 -5.9134 -5.2057 -4.4968 -3.7805
 -3.1985 -2.7865 -2.5020 -2.2996 -2.1507 -1.9015 -1.7425 -1.6287 -1.5445
 -7.1291 -6.8704 -6.6700 -6.5301 -6.4440 -6.2649 -5.8380 -5.1370 -4.4336 -3.7515
 -3.1883 -2.7796 -2.4919 -2.2873 -2.1372 -1.8912 -1.7343 -1.6230 -1.5406 -1.4800
 -6.9737 -6.6631 -6.4214 -6.2423 -6.1144 -5.9766 -5.6761 -5.0969 -4.4319 -3.7845
 -3.2326 -2.8145 -2.5141 -2.2989 -2.1417 -1.8898 -1.7320 -1.6221 -1.5441 -1.4875
 -1.4447
 -6.8882 -6.5379 -6.2407 -6.0074 -5.8376 -5.6965 -5.4737 -5.0321 -4.4455 -3.8417
 -3.3007 -2.8745 -2.5580 -2.3278 -2.1595 -1.8953 -1.7349 -1.6244 -1.5471 -1.4922
 -1.4520 -1.4230
 -6.8380 -6.4605 -6.1225 -5.8366 -5.6151 -5.4392 -5.2562 -4.9323 -4.4459 -3.8970
 -3.3780 -2.9480 -2.6166 -2.3700 -2.1880 -1.9061 -1.7412 -1.6290 -1.5512 -1.4969
 -1.4581 -1.4302 -1.4114 -1.4004
 -6.7316 -6.3659 -6.0240 -5.7141 -5.4453 -5.2243 -5.0371 -4.7893 -4.4098 -3.9341
 -3.4503 -3.0246 -2.6837 -2.4219 -2.2254 -1.9210 -1.7497 -1.6351 -1.5558 -1.5014
 -1.4635 -1.4368 -1.4190 -1.4085 -1.4040 -1.4049 -1.4127 -1.4280 -1.4484 -1.4721
 -6.3801 -6.0372 -5.8104 -5.5482 -5.2959 -5.0584 -4.8408 -4.6232 -4.3283 -3.9366
 -3.5033 -3.0960 -2.7520 -2.4793 -2.2697 -1.9398 -1.7598 -1.6422 -1.5609 -1.5055
 -1.4680 -1.4424 -1.4257 -1.4162 -1.4123 -1.4132 -1.4192 -1.4313 -1.4510 -1.4745
 -1.5016
 -6.0231 -5.6615 -5.3819 -5.1684 -4.9920 -4.8256 -4.6486 -4.4491 -4.2064 -3.8934
 -3.5232 -3.1492 -2.8146 -2.5381 -2.3182 -1.9627 -1.7708 -1.6498 -1.5662 -1.5091
 -1.4714 -1.4467 -1.4312 -1.4229 -1.4202 -1.4221 -1.4282 -1.4389 -1.4550 -1.4782
 -1.5054
 -5.9234 -5.4822 -5.1153 -4.8271 -4.6083 -4.4386 -4.2959 -4.1567 -3.9881 -3.7604
 -3.4767 -3.1621 -2.8561 -2.5869 -2.3637 -1.9873 -1.7814 -1.6560 -1.5702 -1.5114
 -1.4729 -1.4486 -1.4344 -1.4277 -1.4267 -1.4301 -1.4377 -1.4489 -1.4642 -1.4843
 -1.5106
 -5.9827 -5.4940 -5.0595 -4.6945 -4.4009 -4.1701 -3.9848 -3.8238 -3.6655 -3.4882
 -3.2828 -3.0589 -2.8299 -2.6082 -2.4042 -2.0191 -1.7961 -1.6636 -1.5751 -1.5140
 -1.4739 -1.4494 -1.4360 -1.4306 -1.4313 -1.4367 -1.4463 -1.4592 -1.4753 -1.4948
 -1.5182
 -6.1081 -5.5997 -5.1276 -4.7060 -4.3469 -4.0506 -3.8094 -3.6081 -3.4285 -3.2521
 -3.0679 -2.8796 -2.6966 -2.5270 -2.3720 -2.0459 -1.8140 -1.6717 -1.5796 -1.5161
 -1.4739 -1.4484 -1.4352 -1.4310 -1.4333 -1.4409 -1.4528 -1.4681 -1.4862 -1.5068
 -1.5301
 -6.2179 -5.7210 -5.2387 -4.7915 -4.3886 -4.0402 -3.7463 -3.5007 -3.2917 -3.1051
 -2.9283 -2.7558 -2.5902 -2.4382 -2.2671 -2.0677 -1.8351 -1.6803 -1.5837
 [Fe/H] =  0.75 [alpha/Fe] = 0.00 BC value = F606W
 -7.2898 -7.3183 -7.2221 -7.0142 -6.7060 -6.3075 -5.8277 -5.2743 -4.6501 -3.9711
 -3.3572 -2.8979 -2.5753 -2.3469 -2.1781 -1.9030 -1.7361 -1.6189 -1.5325
 -7.0559 -6.8472 -6.7053 -6.6199 -6.5461 -6.3555 -5.9231 -5.2469 -4.6000 -3.9431
 -3.3524 -2.8982 -2.5722 -2.3389 -2.1686 -1.8961 -1.7292 -1.6135 -1.5300 -1.4687
 -6.9048 -6.6149 -6.4534 -6.3289 -6.2498 -6.1484 -5.8618 -5.2583 -4.6101 -3.9766
 -3.4008 -2.9420 -2.6031 -2.3575 -2.1780 -1.8966 -1.7282 -1.6127 -1.5312 -1.4724
 -1.4292
 -6.8213 -6.5120 -6.2617 -6.0807 -5.9630 -5.8648 -5.6761 -5.2415 -4.6398 -4.0373
 -3.4753 -3.0119 -2.6571 -2.3951 -2.2023 -1.9042 -1.7317 -1.6151 -1.5339 -1.4763
 -1.4345 -1.4044
 -6.7842 -6.4374 -6.1357 -5.8930 -5.7222 -5.5942 -5.4492 -5.1512 -4.6574 -4.0977
 -3.5601 -3.0957 -2.7271 -2.4474 -2.2389 -1.9178 -1.7387 -1.6199 -1.5377 -1.4805
 -1.4399 -1.4107 -1.3907 -1.3787
 -6.7403 -6.3824 -6.0540 -5.7667 -5.5325 -5.3576 -5.2152 -5.0000 -4.6346 -4.1465
 -3.6398 -3.1832 -2.8061 -2.5105 -2.2860 -1.9369 -1.7482 -1.6264 -1.5425 -1.4847
 -1.4447 -1.4165 -1.3974 -1.3860 -1.3810 -1.3820 -1.3906 -1.4070 -1.4270 -1.4521
 -6.5364 -6.2274 -5.9317 -5.6510 -5.3960 -5.1764 -4.9973 -4.8183 -4.5497 -4.1585
 -3.7037 -3.2642 -2.8852 -2.5797 -2.3408 -1.9617 -1.7599 -1.6341 -1.5480 -1.4890
 -1.4489 -1.4216 -1.4035 -1.3927 -1.3881 -1.3887 -1.3949 -1.4078 -1.4282 -1.4524
 -1.4810
 -6.1094 -5.8287 -5.5916 -5.3898 -5.2008 -5.0079 -4.8177 -4.6335 -4.4176 -4.1178
 -3.7334 -3.3288 -2.9611 -2.6499 -2.3999 -1.9918 -1.7737 -1.6427 -1.5540 -1.4930
 -1.4524 -1.4256 -1.4084 -1.3987 -1.3948 -1.3960 -1.4019 -1.4128 -1.4299 -1.4543
 -1.4824
 -5.9066 -5.5213 -5.2158 -4.9824 -4.8105 -4.6758 -4.5527 -4.4185 -4.2478 -4.0141
 -3.7084 -3.3573 -3.0129 -2.7087 -2.4553 -2.0240 -1.7880 -1.6502 -1.5588 -1.4959
 -1.4542 -1.4275 -1.4114 -1.4029 -1.4003 -1.4026 -1.4094 -1.4204 -1.4361 -1.4575
 -1.4857
 -5.9080 -5.4596 -5.0728 -4.7582 -4.5160 -4.3330 -4.1909 -4.0710 -3.9521 -3.8031
 -3.5946 -3.3303 -3.0396 -2.7594 -2.5116 -2.0639 -1.8078 -1.6599 -1.5649 -1.4995
 -1.4559 -1.4286 -1.4129 -1.4055 -1.4043 -1.4080 -1.4163 -1.4284 -1.4445 -1.4651
 -1.4901
 -6.0190 -5.5388 -5.0985 -4.7157 -4.3995 -4.1475 -3.9488 -3.7873 -3.6444 -3.5018
 -3.3412 -3.1531 -2.9458 -2.7330 -2.5279 -2.1040 -1.8316 -1.6710 -1.5708 -1.5028
 -1.4569 -1.4283 -1.4125 -1.4059 -1.4060 -1.4114 -1.4215 -1.4354 -1.4530 -1.4741
 -1.4991
 -6.1554 -5.6701 -5.2072 -4.7840 -4.4114 -4.0972 -3.8388 -3.6271 -3.4482 -3.2869
 -3.1278 -2.9612 -2.7904 -2.6204 -2.5042 -2.1443 -1.8594 -1.6835 -1.5765
 [Fe/H] =  1.00 [alpha/Fe] = 0.00 BC value = F606W
 -7.1688 -7.1888 -7.0975 -6.9066 -6.6263 -6.2654 -5.8320 -5.3330 -4.7725 -4.1529
 -3.5287 -3.0278 -2.6665 -2.4082 -2.2191 -1.9144 -1.7327 -1.6119 -1.5211
 -6.9448 -7.2596 -7.3553 -7.2544 -6.9768 -6.5397 -5.9647 -5.3232 -4.7336 -4.1247
 -3.5272 -3.0364 -2.6719 -2.4078 -2.2143 -1.9102 -1.7292 -1.6068 -1.5203 -1.4563
 -6.7923 -6.8615 -6.4603 -6.3951 -6.3624 -6.2931 -5.9755 -5.3593 -4.7509 -4.1521
 -3.5776 -3.0881 -2.7120 -2.4344 -2.2301 -1.9127 -1.7298 -1.6074 -1.5214 -1.4594
 -1.4143
 -6.7064 -6.4470 -6.2529 -6.1311 -6.0665 -6.0073 -5.8457 -5.4013 -4.7986 -4.2115
 -3.6545 -3.1662 -2.7756 -2.4811 -2.2617 -1.9230 -1.7342 -1.6100 -1.5239 -1.4629
 -1.4191 -1.3872
 -6.6750 -6.3681 -6.1125 -5.9227 -5.8068 -5.7257 -5.6141 -5.3373 -4.8376 -4.2763
 -3.7382 -3.2551 -2.8557 -2.5434 -2.3070 -1.9403 -1.7421 -1.6150 -1.5277 -1.4667
 -1.4236 -1.3927 -1.3713 -1.3584
 -6.6631 -6.3303 -6.0317 -5.7819 -5.5942 -5.4693 -5.3683 -5.1821 -4.8283 -4.3334
 -3.8216 -3.3486 -2.9438 -2.6172 -2.3640 -1.9646 -1.7530 -1.6218 -1.5324 -1.4707
 -1.4279 -1.3978 -1.3772 -1.3644 -1.3584 -1.3599 -1.3693 -1.3848 -1.4051 -1.4311
 -6.5754 -6.2557 -5.9584 -5.6852 -5.4502 -5.2648 -5.1300 -4.9872 -4.7425 -4.3539
 -3.8901 -3.4363 -3.0315 -2.6970 -2.4293 -1.9961 -1.7669 -1.6301 -1.5381 -1.4748
 -1.4317 -1.4022 -1.3824 -1.3703 -1.3643 -1.3645 -1.3712 -1.3848 -1.4049 -1.4293
 -1.4591
 -6.2187 -5.9832 -5.7523 -5.5267 -5.3110 -5.1101 -4.9336 -4.7842 -4.5975 -4.3158
 -3.9276 -3.5059 -3.1140 -2.7766 -2.4985 -2.0345 -1.7842 -1.6397 -1.5445 -1.4791
 -1.4351 -1.4059 -1.3868 -1.3755 -1.3705 -1.3709 -1.3762 -1.3872 -1.4050 -1.4296
 -1.4582
 -5.8973 -5.5765 -5.3341 -5.1516 -5.0082 -4.8756 -4.7367 -4.5891 -4.4237 -4.2069
 -3.9065 -3.5415 -3.1738 -2.8429 -2.5627 -2.0748 -1.8033 -1.6486 -1.5500 -1.4825
 -1.4371 -1.4077 -1.3893 -1.3790 -1.3750 -1.3762 -1.3822 -1.3926 -1.4083 -1.4305
 -1.4595
 -5.8216 -5.4247 -5.0910 -4.8309 -4.6389 -4.4985 -4.3921 -4.2998 -4.1983 -4.0529
 -3.8319 -3.5406 -3.2168 -2.9048 -2.6281 -2.1231 -1.8291 -1.6610 -1.5571 -1.4869
 -1.4394 -1.4089 -1.3908 -1.3813 -1.3783 -1.3806 -1.3875 -1.3987 -1.4143 -1.4351
 -1.4610
 -5.8965 -5.4538 -5.0549 -4.7179 -4.4482 -4.2408 -4.0837 -3.9607 -3.8560 -3.7518
 -3.6219 -3.4347 -3.1926 -2.9279 -2.6732 -2.1721 -1.8593 -1.6756 -1.5646 -1.4911
 -1.4412 -1.4092 -1.3906 -1.3816 -1.3797 -1.3832 -1.3915 -1.4040 -1.4205 -1.4413
 -1.4665
 -6.0372 -5.5765 -5.1428 -4.7507 -4.4144 -4.1388 -3.9184 -3.7428 -3.5984 -3.4693
 -3.3414 -3.1995 -3.0323 -2.8437 -2.6980 -2.2218 -1.8939 -1.6924 -1.5725
