 [Fe/H] = -2.00 [alpha/Fe] =-0.40 BC value =F1130W
 -7.6131 -7.7306 -7.8957 -8.0139 -8.1031 -8.1931 -8.2846 -8.3826 -8.4809 -8.5757
 -8.6669 -8.7555 -8.8406 -8.9232 -9.0036 -9.1947 -9.3762 -9.5577 -9.7341
 -7.6755 -7.7772 -7.8816 -7.9919 -8.1081 -8.2193 -8.3219 -8.4201 -8.5180 -8.6138
 -8.7064 -8.7958 -8.8821 -8.9655 -9.0462 -9.2382 -9.4228 -9.6015 -9.7716 -9.9327
 -7.6977 -7.7966 -7.8971 -7.9996 -8.1052 -8.2162 -8.3292 -8.4374 -8.5399 -8.6375
 -8.7311 -8.8213 -8.9084 -8.9926 -9.0740 -9.2666 -9.4491 -9.6262 -9.7964 -9.9582
-10.1116
 -7.7222 -7.8176 -7.9151 -8.0141 -8.1148 -8.2173 -8.3224 -8.4306 -8.5391 -8.6441
 -8.7433 -8.8366 -8.9248 -9.0096 -9.0915 -9.2853 -9.4674 -9.6433 -9.8129 -9.9749
-10.1286-10.2748
 -7.7554 -7.8415 -7.9351 -8.0307 -8.1278 -8.2262 -8.3257 -8.4261 -8.5290 -8.6331
 -8.7363 -8.8363 -8.9311 -9.0195 -9.1024 -9.2973 -9.4798 -9.6550 -9.8238 -9.9858
-10.1398-10.2862-10.4258-10.5590
 -7.7975 -7.8742 -7.9587 -8.0501 -8.1434 -8.2380 -8.3337 -8.4299 -8.5269 -8.6248
 -8.7234 -8.8223 -8.9198 -9.0146 -9.1047 -9.3046 -9.4877 -9.6624 -9.8307 -9.9929
-10.1472-10.2938-10.4336-10.5672-10.6952-10.8184-10.9376-11.0534-11.1663-11.2767
 -7.8467 -7.9157 -7.9884 -8.0739 -8.1626 -8.2532 -8.3450 -8.4375 -8.5306 -8.6242
 -8.7180 -8.8117 -8.9056 -8.9991 -9.0912 -9.3056 -9.4920 -9.6664 -9.8347 -9.9970
-10.1518-10.2989-10.4390-10.5728-10.7009-10.8239-10.9426-11.0573-11.1687-11.2773
-11.3843
 -7.9013 -7.9637 -8.0287 -8.1045 -8.1872 -8.2729 -8.3605 -8.4491 -8.5385 -8.6283
 -8.7184 -8.8084 -8.8979 -8.9874 -9.0766 -9.2935 -9.4904 -9.6677 -9.8363 -9.9988
-10.1542-10.3021-10.4426-10.5768-10.7051-10.8280-10.9461-11.0602-11.1708-11.2784
-11.3834
 -7.9593 -8.0161 -8.0771 -8.1452 -8.2202 -8.3000 -8.3828 -8.4671 -8.5526 -8.6387
 -8.7252 -8.8119 -8.8983 -8.9843 -9.0700 -9.2815 -9.4825 -9.6662 -9.8374-10.0011
-10.1574-10.3062-10.4476-10.5824-10.7112-10.8344-10.9527-11.0666-11.1768-11.2837
-11.3874
 -8.0190 -8.0709 -8.1289 -8.1924 -8.2608 -8.3334 -8.4098 -8.4891 -8.5701 -8.6520
 -8.7344 -8.8174 -8.9006 -8.9836 -9.0662 -9.2704 -9.4689 -9.6560 -9.8308 -9.9972
-10.1553-10.3052-10.4475-10.5830-10.7124-10.8362-10.9549-11.0689-11.1787-11.2850
-11.3902
 -8.0782 -8.1291 -8.1849 -8.2449 -8.3087 -8.3758 -8.4458 -8.5186 -8.5942 -8.6714
 -8.7496 -8.8285 -8.9078 -8.9874 -9.0669 -9.2644 -9.4577 -9.6441 -9.8213 -9.9900
-10.1508-10.3025-10.4459-10.5824-10.7126-10.8371-10.9565-11.0710-11.1811-11.2874
-11.3903
 -8.1337 -8.2022 -8.2631 -8.3198 -8.3753 -8.4321 -8.4925 -8.5576 -8.6265 -8.6981
 -8.7714 -8.8457 -8.9208 -8.9964 -9.0724 -9.2627 -9.4504 -9.6333 -9.8103
 [Fe/H] = -1.50 [alpha/Fe] =-0.40 BC value =F1130W
 -7.6608 -7.7815 -7.8902 -7.9799 -8.0659 -8.1576 -8.2579 -8.3617 -8.4636 -8.5618
 -8.6559 -8.7465 -8.8339 -8.9183 -9.0001 -9.1949 -9.3788 -9.5579 -9.7319
 -7.6657 -7.7686 -7.8817 -7.9996 -8.1034 -8.1988 -8.2954 -8.3969 -8.4992 -8.5987
 -8.6945 -8.7868 -8.8757 -8.9615 -9.0442 -9.2397 -9.4227 -9.5992 -9.7689 -9.9300
 -7.6811 -7.7805 -7.8818 -7.9885 -8.1043 -8.2179 -8.3215 -8.4208 -8.5213 -8.6211
 -8.7177 -8.8111 -8.9010 -8.9878 -9.0715 -9.2684 -9.4512 -9.6254 -9.7940 -9.9553
-10.1087
 -7.6980 -7.7967 -7.8955 -7.9956 -8.0992 -8.2081 -8.3215 -8.4312 -8.5342 -8.6345
 -8.7318 -8.8257 -8.9163 -9.0037 -9.0881 -9.2865 -9.4699 -9.6431 -9.8105 -9.9717
-10.1253-10.2716
 -7.7170 -7.8139 -7.9114 -8.0090 -8.1079 -8.2090 -8.3130 -8.4201 -8.5290 -8.6351
 -8.7368 -8.8334 -8.9252 -9.0132 -9.0981 -9.2977 -9.4819 -9.6550 -9.8214 -9.9822
-10.1360-10.2826-10.4223-10.5565
 -7.7445 -7.8330 -7.9285 -8.0242 -8.1203 -8.2175 -8.3160 -8.4159 -8.5175 -8.6213
 -8.7257 -8.8276 -8.9252 -9.0173 -9.1037 -9.3043 -9.4894 -9.6627 -9.8285 -9.9888
-10.1428-10.2898-10.4298-10.5637-10.6923-10.8163-10.9362-11.0523-11.1651-11.2751
 -7.7758 -7.8572 -7.9479 -8.0411 -8.1348 -8.2290 -8.3240 -8.4197 -8.5163 -8.6137
 -8.7121 -8.8115 -8.9104 -9.0072 -9.1003 -9.3078 -9.4937 -9.6675 -9.8329 -9.9928
-10.1470-10.2944-10.4349-10.5690-10.6974-10.8208-10.9399-11.0553-11.1673-11.2764
-11.3827
 -7.8143 -7.8894 -7.9723 -8.0609 -8.1518 -8.2432 -8.3351 -8.4274 -8.5203 -8.6135
 -8.7072 -8.8014 -8.8957 -8.9900 -9.0835 -9.3052 -9.4956 -9.6700 -9.8354 -9.9949
-10.1493-10.2972-10.4382-10.5727-10.7013-10.8246-10.9434-11.0580-11.1690-11.2769
-11.3819
 -7.8595 -7.9289 -8.0047 -8.0869 -8.1733 -8.2619 -8.3510 -8.4403 -8.5300 -8.6199
 -8.7101 -8.8006 -8.8909 -8.9809 -9.0707 -9.2920 -9.4954 -9.6730 -9.8389 -9.9982
-10.1526-10.3012-10.4429-10.5781-10.7071-10.8307-10.9495-11.0641-11.1749-11.2821
-11.3859
 -7.9100 -7.9745 -8.0447 -8.1188 -8.1988 -8.2827 -8.3685 -8.4548 -8.5414 -8.6280
 -8.7148 -8.8019 -8.8889 -8.9756 -9.0618 -9.2757 -9.4820 -9.6688 -9.8372 -9.9968
-10.1512-10.3002-10.4427-10.5785-10.7081-10.8321-10.9512-11.0657-11.1761-11.2829
-11.3886
 -7.9616 -8.0258 -8.0921 -8.1594 -8.2321 -8.3093 -8.3904 -8.4734 -8.5569 -8.6405
 -8.7240 -8.8078 -8.8916 -8.9753 -9.0586 -9.2647 -9.4669 -9.6582 -9.8322 -9.9935
-10.1484-10.2980-10.4411-10.5777-10.7081-10.8328-10.9525-11.0674-11.1780-11.2847
-11.3879
 -8.0116 -8.0829 -8.1468 -8.2095 -8.2743 -8.3441 -8.4187 -8.4968 -8.5768 -8.6573
 -8.7378 -8.8183 -8.8989 -8.9794 -9.0599 -9.2592 -9.4552 -9.6451 -9.8232
 [Fe/H] = -1.00 [alpha/Fe] =-0.40 BC value =F1130W
 -7.6986 -7.7977 -7.8716 -7.9459 -8.0288 -8.1233 -8.2292 -8.3364 -8.4411 -8.5419
 -8.6385 -8.7312 -8.8205 -8.9066 -8.9899 -9.1879 -9.3742 -9.5526 -9.7249
 -7.6673 -7.7856 -7.8976 -7.9850 -8.0700 -8.1627 -8.2650 -8.3711 -8.4761 -8.5781
 -8.6764 -8.7711 -8.8622 -8.9500 -9.0347 -9.2347 -9.4204 -9.5960 -9.7647 -9.9261
 -7.6732 -7.7710 -7.8804 -7.9988 -8.1010 -8.1941 -8.2904 -8.3932 -8.4975 -8.5998
 -8.6989 -8.7946 -8.8869 -8.9759 -9.0617 -9.2635 -9.4497 -9.6242 -9.7908 -9.9514
-10.1048
 -7.6866 -7.7832 -7.8804 -7.9839 -8.0980 -8.2109 -8.3125 -8.4102 -8.5113 -8.6131
 -8.7124 -8.8086 -8.9015 -8.9912 -9.0778 -9.2813 -9.4682 -9.6424 -9.8079 -9.9676
-10.1210-10.2675
 -7.7000 -7.7984 -7.8946 -7.9915 -8.0920 -8.1989 -8.3113 -8.4202 -8.5218 -8.6214
 -8.7205 -8.8169 -8.9101 -9.0002 -9.0872 -9.2919 -9.4797 -9.6542 -9.8192 -9.9780
-10.1313-10.2780-10.4180-10.5522
 -7.7148 -7.8130 -7.9105 -8.0062 -8.1023 -8.2005 -8.3023 -8.4083 -8.5165 -8.6217
 -8.7231 -8.8210 -8.9149 -9.0053 -9.0926 -9.2982 -9.4868 -9.6617 -9.8266 -9.9848
-10.1378-10.2847-10.4250-10.5592-10.6883-10.8128-10.9333-11.0500-11.1632-11.2730
 -7.7336 -7.8288 -7.9255 -8.0215 -8.1161 -8.2107 -8.3069 -8.4052 -8.5057 -8.6082
 -8.7116 -8.8141 -8.9128 -9.0066 -9.0954 -9.3016 -9.4909 -9.6664 -9.8316 -9.9894
-10.1419-10.2890-10.4296-10.5640-10.6927-10.8168-10.9369-11.0529-11.1651-11.2739
-11.3803
 -7.7584 -7.8481 -7.9417 -8.0366 -8.1308 -8.2239 -8.3169 -8.4107 -8.5059 -8.6021
 -8.6992 -8.7982 -8.8973 -8.9949 -9.0894 -9.3032 -9.4931 -9.6692 -9.8347 -9.9924
-10.1445-10.2915-10.4324-10.5672-10.6961-10.8198-10.9392-11.0548-11.1666-11.2748
-11.3796
 -7.7893 -7.8734 -7.9623 -8.0543 -8.1473 -8.2397 -8.3311 -8.4220 -8.5136 -8.6057
 -8.6983 -8.7918 -8.8860 -8.9803 -9.0743 -9.3001 -9.4964 -9.6732 -9.8393 -9.9970
-10.1487-10.2956-10.4369-10.5721-10.7015-10.8254-10.9448-11.0601-11.1715-11.2792
-11.3836
 -7.8258 -7.9039 -7.9868 -8.0738 -8.1637 -8.2545 -8.3447 -8.4339 -8.5227 -8.6115
 -8.7005 -8.7899 -8.8798 -8.9698 -9.0597 -9.2822 -9.4915 -9.6728 -9.8394 -9.9973
-10.1486-10.2951-10.4365-10.5722-10.7021-10.8264-10.9461-11.0611-11.1722-11.2798
-11.3839
 -7.8658 -7.9401 -8.0172 -8.0986 -8.1837 -8.2713 -8.3598 -8.4477 -8.5348 -8.6210
 -8.7070 -8.7931 -8.8794 -8.9659 -9.0523 -9.2663 -9.4756 -9.6685 -9.8385 -9.9968
-10.1477-10.2937-10.4351-10.5714-10.7018-10.8269-10.9470-11.0623-11.1735-11.2810
-11.3848
 -7.9070 -7.9807 -8.0536 -8.1295 -8.2093 -8.2922 -8.3771 -8.4631 -8.5488 -8.6335
 -8.7172 -8.8006 -8.8837 -8.9670 -9.0502 -9.2566 -9.4597 -9.6556 -9.8341
 [Fe/H] = -0.75 [alpha/Fe] =-0.40 BC value =F1130W
 -7.7138 -7.7928 -7.8574 -7.9289 -8.0102 -8.1066 -8.2137 -8.3221 -8.4279 -8.5297
 -8.6274 -8.7212 -8.8113 -8.8982 -8.9823 -9.1817 -9.3692 -9.5479 -9.7196
 -7.6800 -7.8011 -7.8901 -7.9666 -8.0507 -8.1451 -8.2493 -8.3566 -8.4627 -8.5657
 -8.6650 -8.7607 -8.8528 -8.9416 -9.0272 -9.2292 -9.4168 -9.5933 -9.7617 -9.9231
 -7.6702 -7.7721 -7.8919 -7.9962 -8.0837 -8.1744 -8.2736 -8.3786 -8.4840 -8.5873
 -8.6873 -8.7840 -8.8773 -8.9673 -9.0541 -9.2582 -9.4464 -9.6222 -9.7887 -9.9487
-10.1023
 -7.6824 -7.7764 -7.8749 -7.9867 -8.1015 -8.2008 -8.2952 -8.3941 -8.4977 -8.6005
 -8.7007 -8.7978 -8.8917 -8.9824 -9.0700 -9.2758 -9.4649 -9.6406 -9.8063 -9.9651
-10.1184-10.2651
 -7.6951 -7.7917 -7.8863 -7.9832 -8.0877 -8.2007 -8.3102 -8.4102 -8.5080 -8.6089
 -8.7089 -8.8061 -8.9002 -8.9913 -9.0793 -9.2864 -9.4763 -9.6523 -9.8178 -9.9759
-10.1287-10.2755-10.4157-10.5500
 -7.7079 -7.8062 -7.9026 -7.9970 -8.0928 -8.1930 -8.2989 -8.4086 -8.5149 -8.6148
 -8.7137 -8.8110 -8.9052 -8.9964 -9.0847 -9.2926 -9.4834 -9.6597 -9.8254 -9.9831
-10.1353-10.2821-10.4224-10.5567-10.6855-10.8100-10.9310-11.0484-11.1620-11.2719
 -7.7227 -7.8202 -7.9175 -8.0130 -8.1069 -8.2015 -8.2986 -8.3991 -8.5029 -8.6080
 -8.7109 -8.8110 -8.9072 -8.9992 -9.0876 -9.2961 -9.4876 -9.6645 -9.8304 -9.9881
-10.1397-10.2862-10.4267-10.5611-10.6899-10.8140-10.9341-11.0506-11.1637-11.2728
-11.3766
 -7.7417 -7.8360 -7.9321 -8.0279 -8.1221 -8.2149 -8.3078 -8.4024 -8.4991 -8.5973
 -8.6971 -8.7980 -8.8981 -8.9950 -9.0873 -9.2979 -9.4900 -9.6674 -9.8338 -9.9915
-10.1426-10.2888-10.4293-10.5640-10.6930-10.8169-10.9367-11.0527-11.1649-11.2734
-11.3783
 -7.7653 -7.8560 -7.9494 -8.0438 -8.1380 -8.2307 -8.3221 -8.4133 -8.5056 -8.5989
 -8.6930 -8.7881 -8.8845 -8.9810 -9.0763 -9.2996 -9.4936 -9.6717 -9.8386 -9.9964
-10.1473-10.2930-10.4336-10.5686-10.6980-10.8221-10.9418-11.0572-11.1690-11.2773
-11.3822
 -7.7935 -7.8792 -7.9686 -8.0600 -8.1524 -8.2446 -8.3355 -8.4251 -8.5142 -8.6037
 -8.6937 -8.7843 -8.8756 -8.9675 -9.0593 -9.2853 -9.4922 -9.6717 -9.8390 -9.9971
-10.1477-10.2928-10.4332-10.5685-10.6984-10.8229-10.9427-11.0581-11.1696-11.2777
-11.3821
 -7.8261 -7.9072 -7.9918 -8.0793 -8.1688 -8.2592 -8.3493 -8.4382 -8.5258 -8.6126
 -8.6993 -8.7864 -8.8737 -8.9615 -9.0494 -9.2676 -9.4793 -9.6702 -9.8388 -9.9971
-10.1475-10.2921-10.4321-10.5677-10.6980-10.8231-10.9434-11.0591-11.1706-11.2785
-11.3826
 -7.8615 -7.9398 -8.0198 -8.1026 -8.1883 -8.2757 -8.3640 -8.4519 -8.5387 -8.6242
 -8.7087 -8.7928 -8.8769 -8.9612 -9.0457 -9.2556 -9.4621 -9.6597 -9.8367
 [Fe/H] = -0.50 [alpha/Fe] =-0.40 BC value =F1130W
 -7.7225 -7.7848 -7.8442 -7.9130 -7.9943 -8.0904 -8.1978 -8.3068 -8.4135 -8.5162
 -8.6149 -8.7096 -8.8006 -8.8883 -8.9730 -9.1737 -9.3624 -9.5418 -9.7131
 -7.7033 -7.8046 -7.8755 -7.9479 -8.0326 -8.1282 -8.2331 -8.3412 -8.4480 -8.5519
 -8.6521 -8.7487 -8.8418 -8.9315 -9.0180 -9.2218 -9.4111 -9.5890 -9.7578 -9.9193
 -7.6695 -7.7851 -7.8973 -7.9805 -8.0626 -8.1553 -8.2570 -8.3631 -8.4693 -8.5734
 -8.6742 -8.7718 -8.8660 -8.9569 -9.0446 -9.2509 -9.4411 -9.6186 -9.7859 -9.9455
-10.0992
 -7.6775 -7.7702 -7.8766 -7.9942 -8.0920 -8.1810 -8.2759 -8.3782 -8.4830 -8.5866
 -8.6876 -8.7856 -8.8803 -8.9719 -9.0604 -9.2685 -9.4597 -9.6371 -9.8040 -9.9626
-10.1155-10.2625
 -7.6908 -7.7842 -7.8773 -7.9776 -8.0901 -8.2004 -8.2976 -8.3926 -8.4928 -8.5952
 -8.6959 -8.7939 -8.8888 -8.9807 -9.0697 -9.2790 -9.4712 -9.6489 -9.8157 -9.9739
-10.1260-10.2728-10.4132-10.5474
 -7.7029 -7.7996 -7.8937 -7.9870 -8.0841 -8.1888 -8.2995 -8.4058 -8.5042 -8.6015
 -8.7011 -8.7990 -8.8939 -8.9860 -9.0751 -9.2853 -9.4784 -9.6565 -9.8234 -9.9815
-10.1330-10.2794-10.4197-10.5540-10.6832-10.8080-10.9289-11.0464-11.1606-11.2707
 -7.7156 -7.8134 -7.9098 -8.0036 -8.0967 -8.1918 -8.2913 -8.3955 -8.5022 -8.6058
 -8.7041 -8.8018 -8.8969 -8.9890 -9.0782 -9.2890 -9.4828 -9.6615 -9.8286 -9.9867
-10.1378-10.2836-10.4238-10.5582-10.6870-10.8111-10.9315-11.0485-11.1618-11.2715
-11.3775
 -7.7306 -7.8273 -7.9241 -8.0195 -8.1128 -8.2049 -8.2982 -8.3941 -8.4930 -8.5941
 -8.6962 -8.7969 -8.8954 -8.9897 -9.0798 -9.2910 -9.4853 -9.6646 -9.8320 -9.9902
-10.1411-10.2863-10.4263-10.5607-10.6896-10.8136-10.9335-11.0496-11.1623-11.2717
-11.3769
 -7.7484 -7.8441 -7.9397 -8.0350 -8.1292 -8.2216 -8.3127 -8.4041 -8.4973 -8.5922
 -8.6883 -8.7854 -8.8837 -8.9814 -9.0765 -9.2942 -9.4892 -9.6691 -9.8370 -9.9954
-10.1461-10.2907-10.4304-10.5650-10.6943-10.8185-10.9383-11.0541-11.1664-11.2753
-11.3805
 -7.7693 -7.8616 -7.9554 -8.0494 -8.1430 -8.2355 -8.3265 -8.4160 -8.5055 -8.5957
 -8.6870 -8.7789 -8.8716 -8.9655 -9.0593 -9.2868 -9.4889 -9.6694 -9.8376 -9.9962
-10.1468-10.2910-10.4302-10.5648-10.6944-10.8190-10.9390-11.0547-11.1665-11.2750
-11.3799
 -7.7939 -7.8824 -7.9733 -8.0653 -8.1574 -8.2491 -8.3399 -8.4290 -8.5169 -8.6042
 -8.6916 -8.7796 -8.8680 -8.9571 -9.0466 -9.2690 -9.4817 -9.6689 -9.8377 -9.9964
-10.1469-10.2908-10.4295-10.5640-10.6940-10.8190-10.9394-11.0553-11.1671-11.2754
-11.3798
 -7.8221 -7.9071 -7.9941 -8.0832 -8.1732 -8.2635 -8.3533 -8.4420 -8.5294 -8.6153
 -8.7003 -8.7851 -8.8701 -8.9554 -9.0410 -9.2547 -9.4645 -9.6625 -9.8368
 [Fe/H] = -0.25 [alpha/Fe] =-0.40 BC value =F1130W
 -7.7233 -7.7766 -7.8307 -7.8964 -7.9765 -8.0731 -8.1811 -8.2906 -8.3980 -8.5015
 -8.6010 -8.6966 -8.7884 -8.8768 -8.9621 -9.1639 -9.3536 -9.5341 -9.7063
 -7.6969 -7.7980 -7.8600 -7.9304 -8.0143 -8.1104 -8.2161 -8.3247 -8.4322 -8.5369
 -8.6378 -8.7353 -8.8292 -8.9197 -9.0069 -9.2125 -9.4034 -9.5829 -9.7528 -9.9144
 -7.6786 -7.8009 -7.8878 -7.9601 -8.0422 -8.1364 -8.2397 -8.3465 -8.4534 -8.5582
 -8.6598 -8.7581 -8.8531 -8.9449 -9.0334 -9.2417 -9.4338 -9.6131 -9.7819 -9.9419
-10.0955
 -7.6721 -7.7688 -7.8878 -7.9892 -8.0715 -8.1592 -8.2573 -8.3616 -8.4672 -8.5715
 -8.6732 -8.7719 -8.8674 -8.9598 -9.0491 -9.2593 -9.4525 -9.6320 -9.8005 -9.9597
-10.1123-10.2594
 -7.6856 -7.7755 -7.8700 -7.9799 -8.0924 -8.1863 -8.2767 -8.3740 -8.4770 -8.5802
 -8.6816 -8.7803 -8.8760 -8.9686 -9.0584 -9.2699 -9.4642 -9.6440 -9.8124 -9.9715
-10.1234-10.2699-10.4105-10.5448
 -7.6987 -7.7921 -7.8837 -7.9770 -8.0787 -8.1900 -8.2962 -8.3916 -8.4866 -8.5866
 -8.6871 -8.7856 -8.8812 -8.9740 -9.0640 -9.2763 -9.4716 -9.6518 -9.8203 -9.9793
-10.1308-10.2766-10.4169-10.5513-10.6803-10.8048-10.9258-11.0439-11.1586-11.2692
 -7.7103 -7.8069 -7.9011 -7.9933 -8.0858 -8.1830 -8.2869 -8.3947 -8.4983 -8.5948
 -8.6913 -8.7890 -8.8845 -8.9773 -9.0673 -9.2802 -9.4762 -9.6570 -9.8255 -9.9847
-10.1359-10.2810-10.4209-10.5551-10.6839-10.8080-10.9283-11.0454-11.1594-11.2698
-11.3761
 -7.7228 -7.8203 -7.9163 -8.0104 -8.1023 -8.1942 -8.2885 -8.3868 -8.4888 -8.5924
 -8.6934 -8.7905 -8.8863 -8.9791 -9.0692 -9.2824 -9.4790 -9.6604 -9.8291 -9.9883
-10.1394-10.2840-10.4232-10.5574-10.6862-10.8101-10.9301-11.0467-11.1598-11.2694
-11.3754
 -7.7371 -7.8350 -7.9315 -8.0266 -8.1200 -8.2115 -8.3024 -8.3945 -8.4891 -8.5860
 -8.6846 -8.7837 -8.8822 -8.9789 -9.0716 -9.2860 -9.4832 -9.6651 -9.8343 -9.9935
-10.1445-10.2888-10.4275-10.5615-10.6906-10.8147-10.9346-11.0507-11.1633-11.2725
-11.3784
 -7.7520 -7.8491 -7.9454 -8.0403 -8.1340 -8.2263 -8.3168 -8.4062 -8.4962 -8.5875
 -8.6802 -8.7739 -8.8683 -8.9639 -9.0591 -9.2842 -9.4832 -9.6656 -9.8351 -9.9944
-10.1453-10.2893-10.4276-10.5613-10.6905-10.8149-10.9349-11.0507-11.1629-11.2738
-11.3774
 -7.7698 -7.8647 -7.9599 -8.0544 -8.1476 -8.2398 -8.3305 -8.4196 -8.5076 -8.5953
 -8.6836 -8.7727 -8.8624 -8.9528 -9.0441 -9.2700 -9.4808 -9.6655 -9.8354 -9.9947
-10.1456-10.2895-10.4274-10.5609-10.6901-10.8149-10.9351-11.0511-11.1631-11.2717
-11.3764
 -7.7908 -7.8824 -7.9756 -8.0690 -8.1616 -8.2531 -8.3435 -8.4325 -8.5201 -8.6063
 -8.6917 -8.7773 -8.8632 -8.9495 -9.0363 -9.2539 -9.4664 -9.6628 -9.8350
 [Fe/H] =  0.00 [alpha/Fe] =-0.40 BC value =F1130W
 -7.7247 -7.7714 -7.8199 -7.8815 -7.9584 -8.0551 -8.1637 -8.2737 -8.3814 -8.4856
 -8.5858 -8.6821 -8.7746 -8.8637 -8.9496 -9.1526 -9.3437 -9.5252 -9.6978
 -7.7157 -7.7900 -7.8471 -7.9149 -7.9969 -8.0920 -8.1983 -8.3072 -8.4153 -8.5206
 -8.6222 -8.7203 -8.8149 -8.9062 -8.9942 -9.2014 -9.3937 -9.5747 -9.7462 -9.9086
 -7.7013 -7.8041 -7.8720 -7.9408 -8.0234 -8.1180 -8.2215 -8.3289 -8.4363 -8.5418
 -8.6440 -8.7430 -8.8387 -8.9312 -9.0205 -9.2306 -9.4245 -9.6057 -9.7764 -9.9376
-10.0913
 -7.6845 -7.7801 -7.8923 -7.9709 -8.0485 -8.1386 -8.2388 -8.3440 -8.4502 -8.5551
 -8.6574 -8.7567 -8.8529 -8.9460 -9.0361 -9.2483 -9.4436 -9.6250 -9.7954 -9.9561
-10.1089-10.2558
 -7.6792 -7.7671 -7.8699 -7.9865 -8.0794 -8.1631 -8.2551 -8.3558 -8.4601 -8.5640
 -8.6660 -8.7653 -8.8616 -8.9550 -9.0455 -9.2590 -9.4555 -9.6373 -9.8076 -9.9682
-10.1205-10.2666-10.4073-10.5418
 -7.6936 -7.7831 -7.8728 -7.9697 -8.0805 -8.1874 -8.2790 -8.3703 -8.4686 -8.5706
 -8.6717 -8.7708 -8.8671 -8.9606 -9.0513 -9.2656 -9.4631 -9.6454 -9.8156 -9.9761
-10.1282-10.2737-10.4138-10.5483-10.6773-10.8018-10.9228-11.0410-11.1558-11.2670
 -7.7064 -7.7996 -7.8910 -7.9816 -8.0755 -8.1778 -8.2865 -8.3891 -8.4829 -8.5773
 -8.6762 -8.7745 -8.8707 -8.9641 -9.0548 -9.2697 -9.4680 -9.6509 -9.8211 -9.9815
-10.1334-10.2784-10.4178-10.5520-10.6808-10.8048-10.9252-11.0423-11.1564-11.2673
-11.3743
 -7.7174 -7.8138 -7.9078 -8.0000 -8.0908 -8.1830 -8.2797 -8.3819 -8.4867 -8.5875
 -8.6821 -8.7775 -8.8730 -8.9663 -9.0570 -9.2721 -9.4710 -9.6545 -9.8249 -9.9851
-10.1369-10.2816-10.4203-10.5541-10.6828-10.8068-10.9266-11.0430-11.1563-11.2665
-11.3733
 -7.7303 -7.8279 -7.9236 -8.0175 -8.1097 -8.2004 -8.2913 -8.3848 -8.4817 -8.5814
 -8.6819 -8.7804 -8.8761 -8.9699 -9.0608 -9.2761 -9.4754 -9.6595 -9.8303 -9.9904
-10.1421-10.2865-10.4249-10.5583-10.6870-10.8110-10.9307-11.0468-11.1596-11.2691
-11.3756
 -7.7408 -7.8400 -7.9369 -8.0316 -8.1247 -8.2162 -8.3062 -8.3956 -8.4864 -8.5792
 -8.6737 -8.7695 -8.8657 -8.9617 -9.0564 -9.2760 -9.4756 -9.6602 -9.8313 -9.9914
-10.1430-10.2873-10.4253-10.5583-10.6869-10.8110-10.9307-11.0465-11.1588-11.2679
-11.3739
 -7.7507 -7.8517 -7.9497 -8.0450 -8.1383 -8.2302 -8.3207 -8.4095 -8.4976 -8.5858
 -8.6752 -8.7657 -8.8570 -8.9488 -9.0416 -9.2691 -9.4752 -9.6603 -9.8317 -9.9920
-10.1435-10.2877-10.4256-10.5584-10.6867-10.8109-10.9308-11.0466-11.1586-11.2673
-11.3725
 -7.7601 -7.8629 -7.9609 -8.0579 -8.1515 -8.2434 -8.3337 -8.4227 -8.5103 -8.5967
 -8.6827 -8.7691 -8.8561 -8.9435 -9.0164 -9.2554 -9.4742 -9.6598 -9.8315
 [Fe/H] =  0.25 [alpha/Fe] =-0.40 BC value =F1130W
 -7.7431 -7.7651 -7.8065 -7.8652 -7.9390 -8.0362 -8.1451 -8.2558 -8.3640 -8.4687
 -8.5694 -8.6663 -8.7595 -8.8492 -8.9357 -9.1399 -9.3321 -9.5144 -9.6879
 -7.7306 -7.7831 -7.8352 -7.8989 -7.9786 -8.0730 -8.1792 -8.2888 -8.3973 -8.5031
 -8.6053 -8.7040 -8.7992 -8.8911 -8.9797 -9.1885 -9.3823 -9.5649 -9.7380 -9.9019
 -7.6933 -7.7976 -7.8537 -7.9233 -8.0052 -8.0990 -8.2024 -8.3102 -8.4181 -8.5241
 -8.6269 -8.7265 -8.8228 -8.9159 -9.0058 -9.2177 -9.4135 -9.5965 -9.7691 -9.9320
-10.0865
 -7.6735 -7.7957 -7.8817 -7.9491 -8.0269 -8.1189 -8.2197 -8.3253 -8.4320 -8.5375
 -8.6404 -8.7403 -8.8370 -8.9308 -9.0215 -9.2355 -9.4327 -9.6162 -9.7886 -9.9511
-10.1048-10.2517
 -7.6720 -7.7627 -7.8800 -7.9793 -8.0559 -8.1391 -8.2344 -8.3370 -8.4421 -8.5465
 -8.6491 -8.7490 -8.8459 -8.9399 -9.0311 -9.2464 -9.4449 -9.6288 -9.8011 -9.9634
-10.1167-10.2629-10.4035-10.5386
 -7.6874 -7.7730 -7.8632 -7.9706 -8.0811 -8.1692 -8.2547 -8.3490 -8.4504 -8.5533
 -8.6550 -8.7547 -8.8516 -8.9457 -9.0370 -9.2533 -9.4527 -9.6372 -9.8093 -9.9714
-10.1246-10.2703-10.4101-10.5448-10.6739-10.7985-10.9195-11.0375-11.1525-11.2639
 -7.7017 -7.7910 -7.8796 -7.9698 -8.0686 -8.1780 -8.2801 -8.3700 -8.4615 -8.5595
 -8.6597 -8.7587 -8.8555 -8.9495 -9.0409 -9.2576 -9.4579 -9.6429 -9.8150 -9.9768
-10.1298-10.2752-10.4144-10.5486-10.6775-10.8016-10.9218-11.0388-11.1530-11.2641
-11.3716
 -7.7133 -7.8069 -7.8981 -7.9883 -8.0784 -8.1726 -8.2742 -8.3797 -8.4795 -8.5715
 -8.6648 -8.7620 -8.8581 -8.9520 -9.0433 -9.2603 -9.4612 -9.6468 -9.8191 -9.9805
-10.1333-10.2785-10.4172-10.5509-10.6796-10.8035-10.9234-11.0398-11.1529-11.2630
-11.3703
 -7.7256 -7.8214 -7.9153 -8.0074 -8.0982 -8.1882 -8.2800 -8.3759 -8.4762 -8.5780
 -8.6763 -8.7690 -8.8630 -8.9563 -9.0475 -9.2645 -9.4658 -9.6521 -9.8247 -9.9861
-10.1386-10.2837-10.4222-10.5554-10.6838-10.8076-10.9271-11.0429-11.1555-11.2652
-11.3720
 -7.7360 -7.8334 -7.9289 -8.0225 -8.1146 -8.2052 -8.2946 -8.3844 -8.4765 -8.5714
 -8.6683 -8.7658 -8.8617 -8.9557 -9.0475 -9.2647 -9.4663 -9.6530 -9.8260 -9.9873
-10.1395-10.2845-10.4229-10.5558-10.6839-10.8075-10.9270-11.0424-11.1544-11.2635
-11.3698
 -7.7413 -7.8427 -7.9409 -8.0361 -8.1288 -8.2202 -8.3101 -8.3987 -8.4868 -8.5759
 -8.6666 -8.7589 -8.8520 -8.9452 -9.0387 -9.2634 -9.4662 -9.6533 -9.8267 -9.9882
-10.1404-10.2851-10.4235-10.5562-10.6840-10.8074-10.9268-11.0422-11.1539-11.2626
-11.3681
 -7.7416 -7.8493 -7.9491 -8.0482 -8.1419 -8.2335 -8.3237 -8.4125 -8.5000 -8.5866
 -8.6731 -8.7605 -8.8488 -8.9376 -9.0211 -9.2606 -9.4655 -9.6530 -9.8268
 [Fe/H] =  0.50 [alpha/Fe] =-0.40 BC value =F1130W
 -7.7376 -7.7541 -7.7906 -7.8450 -7.9170 -8.0163 -8.1261 -8.2367 -8.3455 -8.4509
 -8.5521 -8.6495 -8.7432 -8.8335 -8.9207 -9.1260 -9.3265 -9.5099 -9.6848
 -7.7470 -7.7777 -7.8235 -7.8828 -7.9587 -8.0527 -8.1593 -8.2694 -8.3784 -8.4846
 -8.5872 -8.6864 -8.7821 -8.8745 -8.9638 -9.1742 -9.3696 -9.5537 -9.7284 -9.8942
 -7.7287 -7.7897 -7.8433 -7.9071 -7.9873 -8.0792 -8.1824 -8.2905 -8.3988 -8.5053
 -8.6086 -8.7087 -8.8055 -8.8991 -8.9896 -9.2032 -9.4008 -9.5856 -9.7601 -9.9249
-10.0807
 -7.6800 -7.7995 -7.8652 -7.9289 -8.0069 -8.0990 -8.1997 -8.3056 -8.4127 -8.5186
 -8.6220 -8.7224 -8.8197 -8.9140 -9.0053 -9.2210 -9.4201 -9.6056 -9.7799 -9.9444
-10.0995-10.2469
 -7.6659 -7.7711 -7.8841 -7.9592 -8.0310 -8.1166 -8.2141 -8.3174 -8.4229 -8.5277
 -8.6309 -8.7313 -8.8287 -8.9233 -9.0150 -9.2321 -9.4325 -9.6185 -9.7928 -9.9568
-10.1116-10.2584-10.3989-10.5341
 -7.6799 -7.7628 -7.8603 -7.9760 -8.0652 -8.1428 -8.2304 -8.3283 -8.4313 -8.5348
 -8.6370 -8.7373 -8.8347 -8.9294 -9.0213 -9.2392 -9.4406 -9.6271 -9.8011 -9.9649
-10.1195-10.2659-10.4058-10.5406-10.6703-10.7950-10.9158-11.0338-11.1486-11.2601
 -7.6959 -7.7812 -7.8674 -7.9602 -8.0690 -8.1729 -8.2585 -8.3451 -8.4405 -8.5410
 -8.6420 -8.7415 -8.8388 -8.9334 -9.0254 -9.2437 -9.4460 -9.6330 -9.8071 -9.9704
-10.1247-10.2710-10.4105-10.5446-10.6739-10.7983-10.9184-11.0351-11.1492-11.2603
-11.3681
 -7.7092 -7.7989 -7.8872 -7.9754 -8.0662 -8.1657 -8.2724 -8.3706 -8.4592 -8.5501
 -8.6469 -8.7451 -8.8418 -8.9362 -9.0281 -9.2467 -9.4495 -9.6372 -9.8114 -9.9743
-10.1282-10.2744-10.4137-10.5474-10.6762-10.8003-10.9198-11.0356-11.1486-11.2590
-11.3664
 -7.7220 -7.8146 -7.9060 -7.9962 -8.0855 -8.1755 -8.2695 -8.3697 -8.4724 -8.5696
 -8.6598 -8.7519 -8.8470 -8.9409 -9.0327 -9.2512 -9.4544 -9.6428 -9.8174 -9.9802
-10.1337-10.2797-10.4189-10.5523-10.6807-10.8045-10.9238-11.0391-11.1512-11.2608
-11.3678
 -7.7294 -7.8262 -7.9206 -8.0127 -8.1034 -8.1931 -8.2822 -8.3729 -8.4673 -8.5651
 -8.6636 -8.7595 -8.8504 -8.9423 -9.0334 -9.2517 -9.4551 -9.6439 -9.8189 -9.9817
-10.1350-10.2807-10.4198-10.5530-10.6811-10.8045-10.9236-11.0385-11.1501-11.2609
-11.3673
 -7.7291 -7.8337 -7.9328 -8.0268 -8.1187 -8.2093 -8.2987 -8.3869 -8.4755 -8.5658
 -8.6584 -8.7526 -8.8472 -8.9404 -9.0324 -9.2517 -9.4553 -9.6444 -9.8199 -9.9830
-10.1361-10.2816-10.4205-10.5537-10.6815-10.8045-10.9234-11.0381-11.1494-11.2576
-11.3632
 -7.7210 -7.8371 -7.9401 -8.0387 -8.1320 -8.2233 -8.3132 -8.4017 -8.4890 -8.5757
 -8.6630 -8.7517 -8.8414 -8.9319 -9.0297 -9.2512 -9.4550 -9.6443 -9.8204
 [Fe/H] =  0.75 [alpha/Fe] =-0.40 BC value =F1130W
 -7.7304 -7.7363 -7.7677 -7.8219 -7.8943 -7.9962 -8.1066 -8.2174 -8.3267 -8.4325
 -8.5340 -8.6318 -8.7260 -8.8169 -8.9046 -9.1114 -9.3135 -9.4980 -9.6738
 -7.7482 -7.7702 -7.8097 -7.8648 -7.9375 -8.0315 -8.1388 -8.2491 -8.3585 -8.4650
 -8.5681 -8.6677 -8.7638 -8.8567 -8.9465 -9.1586 -9.3557 -9.5415 -9.7177 -9.8850
 -7.7318 -7.7834 -7.8315 -7.8910 -7.9682 -8.0582 -8.1614 -8.2698 -8.3784 -8.4854
 -8.5891 -8.6896 -8.7868 -8.8809 -8.9719 -9.1871 -9.3865 -9.5733 -9.7496 -9.9162
-10.0736
 -7.7148 -7.7937 -7.8495 -7.9108 -7.9879 -8.0789 -8.1788 -8.2848 -8.3922 -8.4986
 -8.6025 -8.7033 -8.8011 -8.8959 -8.9877 -9.2048 -9.4059 -9.5933 -9.7695 -9.9358
-10.0926-10.2409
 -7.6665 -7.7864 -7.8735 -7.9362 -8.0078 -8.0953 -8.1932 -8.2968 -8.4025 -8.5077
 -8.6114 -8.7123 -8.8102 -8.9053 -8.9976 -9.2160 -9.4183 -9.6063 -9.7824 -9.9483
-10.1047-10.2526-10.3935-10.5290
 -7.6717 -7.7554 -7.8684 -7.9680 -8.0392 -8.1164 -8.2075 -8.3074 -8.4111 -8.5151
 -8.6177 -8.7185 -8.8164 -8.9116 -9.0041 -9.2235 -9.4266 -9.6150 -9.7910 -9.9565
-10.1126-10.2603-10.4007-10.5356-10.6657-10.7909-10.9120-11.0296-11.1442-11.2557
 -7.6890 -7.7704 -7.8557 -7.9584 -8.0681 -8.1513 -8.2308 -8.3209 -8.4196 -8.5214
 -8.6230 -8.7230 -8.8208 -8.9159 -9.0084 -9.2283 -9.4322 -9.6212 -9.7972 -9.9622
-10.1179-10.2654-10.4056-10.5401-10.6696-10.7944-10.9147-11.0313-11.1450-11.2559
-11.3638
 -7.7041 -7.7898 -7.8751 -7.9621 -8.0569 -8.1643 -8.2630 -8.3470 -8.4341 -8.5291
 -8.6280 -8.7268 -8.8241 -8.9190 -9.0115 -9.2315 -9.4360 -9.6256 -9.8018 -9.9664
-10.1216-10.2690-10.4091-10.5432-10.6723-10.7966-10.9162-11.0319-11.1445-11.2546
-11.3620
 -7.7177 -7.8071 -7.8958 -7.9838 -8.0720 -8.1630 -8.2623 -8.3658 -8.4614 -8.5485
 -8.6384 -8.7337 -8.8296 -8.9241 -9.0164 -9.2364 -9.4412 -9.6315 -9.8081 -9.9726
-10.1274-10.2745-10.4146-10.5486-10.6773-10.8011-10.9205-11.0355-11.1472-11.2562
-11.3630
 -7.7256 -7.8196 -7.9117 -8.0020 -8.0913 -8.1800 -8.2692 -8.3621 -8.4602 -8.5597
 -8.6546 -8.7429 -8.8331 -8.9258 -9.0174 -9.2371 -9.4422 -9.6329 -9.8099 -9.9745
-10.1290-10.2757-10.4156-10.5496-10.6779-10.8014-10.9204-11.0350-11.1459-11.2541
-11.3600
 -7.7251 -7.8273 -7.9245 -8.0171 -8.1080 -8.1977 -8.2863 -8.3742 -8.4637 -8.5561
 -8.6511 -8.7468 -8.8402 -8.9292 -9.0188 -9.2375 -9.4425 -9.6336 -9.8112 -9.9761
-10.1305-10.2769-10.4165-10.5503-10.6785-10.8016-10.9202-11.0346-11.1452-11.2528
-11.3579
 -7.7162 -7.8302 -7.9341 -8.0292 -8.1219 -8.2126 -8.3020 -8.3901 -8.4771 -8.5642
 -8.6526 -8.7429 -8.8344 -8.9261 -9.0206 -9.2376 -9.4421 -9.6336 -9.8120
 [Fe/H] =  1.00 [alpha/Fe] =-0.40 BC value =F1130W
 -7.7038 -7.7116 -7.7426 -7.7944 -7.8713 -7.9633 -8.0645 -8.1714 -8.2811 -8.3913
 -8.4998 -8.6050 -8.7054 -8.7998 -8.8882 -9.0973 -9.3001 -9.4997 -9.6777
 -7.7546 -7.7597 -7.7906 -7.8446 -7.9148 -8.0095 -8.1173 -8.2282 -8.3380 -8.4448
 -8.5481 -8.6481 -8.7448 -8.8382 -8.9286 -9.1421 -9.3413 -9.5332 -9.7112 -9.8795
 -7.7529 -7.7780 -7.8192 -7.8748 -7.9481 -8.0363 -8.1395 -8.2481 -8.3572 -8.4645
 -8.5685 -8.6694 -8.7670 -8.8616 -8.9532 -9.1700 -9.3713 -9.5598 -9.7378 -9.9060
-10.0650
 -7.7249 -7.7867 -7.8364 -7.8943 -7.9698 -8.0580 -8.1570 -8.2630 -8.3707 -8.4775
 -8.5817 -8.6829 -8.7811 -8.8763 -8.9687 -9.1874 -9.3901 -9.5795 -9.7575 -9.9255
-10.0840-10.2337
 -7.6839 -7.7920 -7.8571 -7.9152 -7.9868 -8.0748 -8.1717 -8.2751 -8.3810 -8.4866
 -8.5907 -8.6920 -8.7904 -8.8859 -8.9787 -9.1986 -9.4025 -9.5923 -9.7703 -9.9380
-10.0961-10.2454-10.3872-10.5230
 -7.6644 -7.7589 -7.8732 -7.9473 -8.0126 -8.0918 -8.1854 -8.2858 -8.3898 -8.4941
 -8.5972 -8.6984 -8.7968 -8.8924 -8.9854 -9.2061 -9.4108 -9.6011 -9.7790 -9.9462
-10.1040-10.2532-10.3946-10.5300-10.6603-10.7861-10.9077-11.0252-11.1394-11.2508
 -7.6812 -7.7593 -7.8488 -7.9624 -8.0509 -8.1222 -8.2037 -8.2977 -8.3982 -8.5007
 -8.6027 -8.7031 -8.8014 -8.8970 -8.9900 -9.2112 -9.4166 -9.6075 -9.7853 -9.9521
-10.1094-10.2584-10.3997-10.5347-10.6646-10.7898-10.9106-11.0273-11.1406-11.2511
-11.3589
 -7.6979 -7.7797 -7.8624 -7.9500 -8.0546 -8.1577 -8.2379 -8.3187 -8.4099 -8.5078
 -8.6078 -8.7072 -8.8049 -8.9004 -8.9933 -9.2147 -9.4208 -9.6122 -9.7902 -9.9565
-10.1134-10.2620-10.4032-10.5382-10.6676-10.7923-10.9125-11.0283-11.1405-11.2501
-11.3571
 -7.7132 -7.7988 -7.8846 -7.9705 -8.0581 -8.1537 -8.2585 -8.3534 -8.4367 -8.5234
 -8.6172 -8.7143 -8.8108 -8.9058 -8.9986 -9.2199 -9.4263 -9.6183 -9.7968 -9.9631
-10.1195-10.2678-10.4089-10.5438-10.6729-10.7971-10.9168-11.0319-11.1432-11.2517
-11.3581
 -7.7214 -7.8125 -7.9022 -7.9905 -8.0783 -8.1660 -8.2565 -8.3539 -8.4543 -8.5477
 -8.6332 -8.7213 -8.8142 -8.9077 -8.9999 -9.2209 -9.4275 -9.6200 -9.7989 -9.9654
-10.1215-10.2693-10.4101-10.5448-10.6738-10.7976-10.9168-11.0315-11.1422-11.2497
-11.3549
 -7.7216 -7.8208 -7.9158 -8.0069 -8.0965 -8.1852 -8.2729 -8.3610 -8.4525 -8.5479
 -8.6443 -8.7371 -8.8236 -8.9114 -9.0017 -9.2216 -9.4282 -9.6210 -9.8005 -9.9674
-10.1234-10.2708-10.4113-10.5457-10.6745-10.7980-10.9169-11.0312-11.1414-11.2484
-11.3528
 -7.7139 -7.8237 -7.9254 -8.0197 -8.1113 -8.2013 -8.2902 -8.3776 -8.4644 -8.5522
 -8.6423 -8.7346 -8.8273 -8.9183 -9.0040 -9.2220 -9.4284 -9.6213 -9.8016
