 [Fe/H] = -2.50 [alpha/Fe] = 0.40 BC value = F150W
  1.6219  1.7034  1.8167  1.8796  1.8780  1.8672  1.8893  1.9243  1.9385  1.9253
  1.8994  1.8674  1.8335  1.7955  1.7530  1.6345  1.5045  1.3705  1.2372
  1.6432  1.6728  1.7209  1.7654  1.8050  1.8411  1.8703  1.8889  1.8948  1.8882
  1.8703  1.8428  1.8086  1.7696  1.7271  1.6110  1.4858  1.3558  1.2248  1.0938
  1.6662  1.6676  1.6770  1.7012  1.7449  1.7914  1.8237  1.8424  1.8510  1.8503
  1.8383  1.8156  1.7837  1.7453  1.7031  1.5888  1.4674  1.3415  1.2134  1.0856
  0.9590
  1.6909  1.6878  1.6850  1.6870  1.6977  1.7181  1.7495  1.7848  1.8071  1.8116
  1.8034  1.7858  1.7588  1.7226  1.6810  1.5679  1.4493  1.3276  1.2030  1.0781
  0.9544  0.8321
  1.7087  1.7060  1.7008  1.6955  1.6931  1.6955  1.7034  1.7151  1.7317  1.7489
  1.7551  1.7470  1.7285  1.6990  1.6600  1.5483  1.4315  1.3134  1.1930  1.0710
  0.9495  0.8296  0.7115  0.5948
  1.7173  1.7166  1.7126  1.7063  1.6990  1.6926  1.6886  1.6871  1.6864  1.6865
  1.6884  1.6880  1.6795  1.6618  1.6331  1.5296  1.4143  1.2986  1.1822  1.0639
  0.9448  0.8268  0.7107  0.5963  0.4836  0.3724  0.2626  0.1537  0.0462 -0.0572
  1.7140  1.7163  1.7148  1.7103  1.7033  1.6942  1.6844  1.6750  1.6659  1.6562
  1.6457  1.6352  1.6243  1.6110  1.5910  1.5073  1.3975  1.2837  1.1705  1.0561
  0.9400  0.8240  0.7095  0.5968  0.4861  0.3771  0.2696  0.1636  0.0584 -0.0457
 -0.1462
  1.6947  1.7016  1.7039  1.7026  1.6981  1.6904  1.6799  1.6676  1.6540  1.6393
  1.6232  1.6056  1.5869  1.5677  1.5477  1.4766  1.3787  1.2690  1.1582  1.0472
  0.9346  0.8209  0.7080  0.5968  0.4878  0.3806  0.2751  0.1711  0.0686 -0.0331
 -0.1343
  1.6572  1.6692  1.6766  1.6797  1.6792  1.6750  1.6671  1.6559  1.6417  1.6252
  1.6068  1.5863  1.5639  1.5400  1.5156  1.4449  1.3556  1.2524  1.1444  1.0360
  0.9266  0.8156  0.7043  0.5943  0.4863  0.3805  0.2766  0.1745  0.0738 -0.0256
 -0.1243
  1.6008  1.6166  1.6304  1.6392  1.6440  1.6448  1.6413  1.6338  1.6224  1.6075
  1.5897  1.5693  1.5464  1.5211  1.4942  1.4194  1.3341  1.2368  1.1324  1.0261
  0.9194  0.8116  0.7028  0.5942  0.4872  0.3825  0.2800  0.1795  0.0808 -0.0164
 -0.1144
  1.5254  1.5465  1.5648  1.5798  1.5909  1.5974  1.5996  1.5975  1.5910  1.5803
  1.5658  1.5478  1.5268  1.5028  1.4763  1.4003  1.3144  1.2217  1.1211  1.0170
  0.9119  0.8064  0.7003  0.5938  0.4880  0.3840  0.2822  0.1829  0.0857 -0.0097
 -0.1037
  1.4310  1.4589  1.4837  1.5030  1.5197  1.5324  1.5407  1.5448  1.5446  1.5398
  1.5307  1.5174  1.5004  1.4799  1.4619  1.3876  1.2965  1.2071  1.1105
 [Fe/H] = -2.00 [alpha/Fe] = 0.40 BC value = F150W
  1.7001  1.7595  1.8158  1.8654  1.9047  1.9321  1.9468  1.9487  1.9395  1.9213
  1.8956  1.8643  1.8291  1.7906  1.7481  1.6326  1.5060  1.3731  1.2385
  1.6585  1.7065  1.7577  1.8066  1.8486  1.8806  1.9008  1.9091  1.9062  1.8932
  1.8712  1.8417  1.8068  1.7680  1.7261  1.6113  1.4874  1.3583  1.2272  1.0962
  1.6518  1.6690  1.7034  1.7537  1.7931  1.8262  1.8508  1.8650  1.8688  1.8623
  1.8461  1.8207  1.7877  1.7492  1.7071  1.5927  1.4708  1.3448  1.2168  1.0890
  0.9622
  1.6686  1.6629  1.6754  1.7029  1.7379  1.7734  1.8034  1.8232  1.8308  1.8288
  1.8180  1.7982  1.7694  1.7328  1.6911  1.5768  1.4562  1.3326  1.2073  1.0821
  0.9581  0.8355
  1.6945  1.6918  1.6872  1.6916  1.7044  1.7223  1.7425  1.7626  1.7807  1.7925
  1.7882  1.7729  1.7491  1.7169  1.6768  1.5632  1.4432  1.3215  1.1988  1.0758
  0.9539  0.8336  0.7151  0.5981
  1.7157  1.7130  1.7065  1.6980  1.6906  1.6873  1.6886  1.6939  1.7032  1.7188
  1.7332  1.7343  1.7216  1.6971  1.6622  1.5510  1.4315  1.3110  1.1905  1.0699
  0.9499  0.8314  0.7148  0.5999  0.4868  0.3753  0.2651  0.1560  0.0484 -0.0548
  1.7325  1.7304  1.7243  1.7148  1.7034  1.6920  1.6824  1.6757  1.6708  1.6668
  1.6656  1.6681  1.6677  1.6578  1.6365  1.5392  1.4208  1.3010  1.1820  1.0639
  0.9460  0.8291  0.7141  0.6010  0.4898  0.3804  0.2725  0.1662  0.0608 -0.0434
 -0.1437
  1.7417  1.7413  1.7365  1.7281  1.7167  1.7030  1.6883  1.6738  1.6600  1.6468
  1.6338  1.6214  1.6112  1.6022  1.5897  1.5199  1.4101  1.2914  1.1735  1.0573
  0.9418  0.8267  0.7131  0.6014  0.4919  0.3843  0.2783  0.1740  0.0711 -0.0308
 -0.1320
  1.7387  1.7430  1.7403  1.7337  1.7238  1.7110  1.6955  1.6779  1.6591  1.6397
  1.6200  1.6000  1.5800  1.5611  1.5437  1.4860  1.3932  1.2800  1.1635  1.0487
  0.9353  0.8223  0.7100  0.5993  0.4909  0.3846  0.2802  0.1776  0.0766 -0.0232
 -0.1220
  1.7201  1.7283  1.7302  1.7270  1.7201  1.7098  1.6963  1.6795  1.6599  1.6380
  1.6146  1.5901  1.5651  1.5399  1.5152  1.4522  1.3704  1.2675  1.1548  1.0416
  0.9300  0.8193  0.7091  0.5997  0.4921  0.3869  0.2839  0.1830  0.0839 -0.0138
 -0.1119
  1.6836  1.6952  1.7022  1.7042  1.7018  1.6955  1.6856  1.6720  1.6546  1.6337
  1.6100  1.5840  1.5566  1.5282  1.4994  1.4268  1.3467  1.2519  1.1452  1.0345
  0.9243  0.8155  0.7074  0.5997  0.4933  0.3887  0.2865  0.1867  0.0891 -0.0068
 -0.1011
  1.6286  1.6439  1.6550  1.6623  1.6657  1.6649  1.6599  1.6509  1.6378  1.6206
  1.5995  1.5751  1.5481  1.5190  1.4963  1.4098  1.3221  1.2332  1.1347
 [Fe/H] = -1.50 [alpha/Fe] = 0.40 BC value = F150W
  1.7859  1.8445  1.8971  1.9411  1.9724  1.9892  1.9907  1.9774  1.9541  1.9244
  1.8909  1.8552  1.8182  1.7797  1.7390  1.6274  1.5051  1.3754  1.2415
  1.7357  1.7932  1.8472  1.8940  1.9297  1.9514  1.9579  1.9498  1.9313  1.9054
  1.8740  1.8387  1.8010  1.7616  1.7201  1.6078  1.4870  1.3606  1.2308  1.1001
  1.6910  1.7410  1.7927  1.8402  1.8790  1.9060  1.9191  1.9181  1.9060  1.8854
  1.8579  1.8249  1.7879  1.7481  1.7061  1.5927  1.4723  1.3480  1.2211  1.0937
  0.9669
  1.6779  1.7038  1.7390  1.7853  1.8256  1.8563  1.8750  1.8813  1.8761  1.8617
  1.8397  1.8109  1.7764  1.7374  1.6953  1.5814  1.4609  1.3376  1.2128  1.0877
  0.9635  0.8406
  1.6904  1.6938  1.7079  1.7302  1.7588  1.7916  1.8235  1.8402  1.8427  1.8344
  1.8177  1.7940  1.7638  1.7276  1.6864  1.5726  1.4520  1.3294  1.2060  1.0826
  0.9603  0.8395  0.7204  0.6029
  1.7125  1.7120  1.7098  1.7095  1.7144  1.7238  1.7394  1.7613  1.7819  1.7931
  1.7897  1.7733  1.7480  1.7162  1.6780  1.5655  1.4448  1.3225  1.2001  1.0783
  0.9574  0.8381  0.7209  0.6055  0.4918  0.3796  0.2689  0.1596  0.0521 -0.0508
  1.7317  1.7310  1.7260  1.7184  1.7108  1.7057  1.7038  1.7040  1.7055  1.7108
  1.7211  1.7268  1.7194  1.6983  1.6668  1.5592  1.4388  1.3166  1.1949  1.0742
  0.9548  0.8369  0.7211  0.6073  0.4954  0.3854  0.2769  0.1700  0.0644 -0.0396
 -0.1396
  1.7500  1.7496  1.7441  1.7344  1.7218  1.7084  1.6958  1.6852  1.6757  1.6666
  1.6587  1.6547  1.6548  1.6512  1.6370  1.5520  1.4334  1.3114  1.1901  1.0703
  0.9533  0.8356  0.7210  0.6085  0.4983  0.3899  0.2833  0.1784  0.0751 -0.0270
 -0.1280
  1.7669  1.7670  1.7621  1.7517  1.7375  1.7207  1.7027  1.6845  1.6669  1.6499
  1.6331  1.6166  1.6019  1.5910  1.5819  1.5300  1.4261  1.3050  1.1840  1.0648
  0.9478  0.8324  0.7187  0.6071  0.4979  0.3909  0.2858  0.1826  0.0810 -0.0192
 -0.1182
  1.7777  1.7793  1.7762  1.7662  1.7521  1.7346  1.7147  1.6931  1.6706  1.6477
  1.6247  1.6017  1.5788  1.5569  1.5374  1.4908  1.4110  1.2995  1.1797  1.0613
  0.9452  0.8312  0.7189  0.6083  0.4999  0.3939  0.2902  0.1886  0.0888 -0.0094
 -0.1081
  1.7770  1.7814  1.7799  1.7730  1.7607  1.7443  1.7248  1.7027  1.6785  1.6527
  1.6257  1.5980  1.5701  1.5423  1.5152  1.4535  1.3841  1.2882  1.1746  1.0576
  0.9424  0.8295  0.7186  0.6092  0.5017  0.3964  0.2934  0.1929  0.0946 -0.0019
 -0.0968
  1.7602  1.7685  1.7706  1.7671  1.7582  1.7447  1.7275  1.7070  1.6837  1.6578
  1.6297  1.5999  1.5689  1.5373  1.5153  1.4181  1.3454  1.2711  1.1687
 [Fe/H] = -1.00 [alpha/Fe] = 0.40 BC value = F150W
  1.8924  1.9459  1.9907  2.0247  2.0452  2.0503  2.0383  2.0099  1.9717  1.9295
  1.8867  1.8450  1.8045  1.7644  1.7238  1.6159  1.5000  1.3757  1.2449
  1.8426  1.8997  1.9493  1.9887  2.0148  2.0256  2.0194  1.9958  1.9613  1.9209
  1.8782  1.8354  1.7935  1.7521  1.7102  1.6001  1.4831  1.3610  1.2342  1.1049
  1.7879  1.8450  1.8975  1.9419  1.9749  1.9935  1.9953  1.9791  1.9502  1.9135
  1.8724  1.8296  1.7867  1.7441  1.7013  1.5892  1.4711  1.3497  1.2253  1.0993
  0.9729
  1.7369  1.7890  1.8410  1.8881  1.9263  1.9523  1.9632  1.9563  1.9348  1.9035
  1.8661  1.8249  1.7822  1.7390  1.6954  1.5818  1.4627  1.3412  1.2182  1.0943
  0.9705  0.8474
  1.7051  1.7376  1.7828  1.8299  1.8717  1.9036  1.9222  1.9254  1.9127  1.8885
  1.8563  1.8188  1.7778  1.7351  1.6913  1.5770  1.4571  1.3353  1.2128  1.0903
  0.9684  0.8474  0.7278  0.6097
  1.7176  1.7244  1.7390  1.7644  1.7989  1.8366  1.8672  1.8827  1.8817  1.8664
  1.8412  1.8089  1.7716  1.7308  1.6878  1.5737  1.4533  1.3311  1.2090  1.0874
  0.9668  0.8473  0.7295  0.6133  0.4989  0.3861  0.2747  0.1649  0.0574 -0.0450
  1.7343  1.7360  1.7371  1.7416  1.7519  1.7668  1.7832  1.7994  1.8129  1.8184
  1.8113  1.7907  1.7606  1.7243  1.6836  1.5711  1.4507  1.3282  1.2062  1.0852
  0.9656  0.8473  0.7309  0.6163  0.5036  0.3927  0.2835  0.1760  0.0700 -0.0339
 -0.1332
  1.7493  1.7506  1.7482  1.7438  1.7402  1.7389  1.7396  1.7398  1.7378  1.7344
  1.7327  1.7318  1.7244  1.7051  1.6742  1.5686  1.4488  1.3262  1.2041  1.0835
  0.9647  0.8474  0.7321  0.6188  0.5076  0.3983  0.2908  0.1851  0.0811 -0.0213
 -0.1233
  1.7659  1.7675  1.7641  1.7567  1.7464  1.7351  1.7241  1.7137  1.7025  1.6894
  1.6748  1.6612  1.6517  1.6452  1.6345  1.5622  1.4460  1.3233  1.2010  1.0805
  0.9621  0.8456  0.7310  0.6185  0.5084  0.4004  0.2943  0.1901  0.0878 -0.0130
 -0.1123
  1.7847  1.7856  1.7824  1.7739  1.7609  1.7448  1.7267  1.7081  1.6892  1.6698
  1.6494  1.6280  1.6070  1.5885  1.5743  1.5332  1.4429  1.3224  1.2002  1.0799
  0.9620  0.8462  0.7324  0.6207  0.5113  0.4044  0.2997  0.1971  0.0964 -0.0026
 -0.1001
  1.8045  1.8052  1.8010  1.7923  1.7786  1.7603  1.7388  1.7154  1.6908  1.6657
  1.6403  1.6142  1.5878  1.5617  1.5371  1.4870  1.4227  1.3200  1.1995  1.0794
  0.9618  0.8466  0.7337  0.6228  0.5141  0.4078  0.3039  0.2025  0.1032  0.0058
 -0.0900
  1.8195  1.8207  1.8171  1.8085  1.7951  1.7766  1.7539  1.7282  1.7006  1.6719
  1.6423  1.6122  1.5818  1.5512  1.5229  1.4236  1.3854  1.3161  1.1989
 [Fe/H] = -0.75 [alpha/Fe] = 0.40 BC value = F150W
  1.9462  1.9964  2.0369  2.0654  2.0783  2.0754  2.0573  2.0246  1.9800  1.9326
  1.8858  1.8408  1.7979  1.7562  1.7149  1.6078  1.4940  1.3732  1.2455
  1.8987  1.9543  2.0005  2.0349  2.0552  2.0597  2.0470  2.0163  1.9749  1.9285
  1.8811  1.8347  1.7901  1.7470  1.7043  1.5946  1.4794  1.3598  1.2352  1.1073
  1.8421  1.9003  1.9513  1.9924  2.0206  2.0337  2.0295  2.0065  1.9702  1.9266
  1.8798  1.8326  1.7866  1.7420  1.6982  1.5861  1.4692  1.3495  1.2269  1.1019
  0.9761
  1.7848  1.8414  1.8945  1.9404  1.9759  1.9980  2.0039  1.9909  1.9620  1.9231
  1.8788  1.8322  1.7855  1.7397  1.6947  1.5808  1.4625  1.3422  1.2204  1.0975
  0.9743  0.8514
  1.7369  1.7843  1.8348  1.8827  1.9232  1.9526  1.9682  1.9666  1.9471  1.9152
  1.8753  1.8311  1.7850  1.7387  1.6930  1.5778  1.4584  1.3373  1.2157  1.0941
  0.9727  0.8519  0.7323  0.6139
  1.7231  1.7418  1.7744  1.8173  1.8613  1.8979  1.9222  1.9316  1.9234  1.9002
  1.8669  1.8270  1.7833  1.7378  1.6919  1.5760  1.4560  1.3343  1.2127  1.0918
  0.9716  0.8524  0.7346  0.6182  0.5034  0.3902  0.2785  0.1685  0.0612 -0.0409
  1.7374  1.7420  1.7501  1.7661  1.7902  1.8186  1.8476  1.8701  1.8793  1.8717
  1.8496  1.8171  1.7782  1.7354  1.6906  1.5748  1.4546  1.3324  1.2108  1.0903
  0.9711  0.8532  0.7367  0.6218  0.5088  0.3975  0.2878  0.1799  0.0737 -0.0299
 -0.1288
  1.7508  1.7531  1.7531  1.7542  1.7590  1.7684  1.7793  1.7883  1.7939  1.7956
  1.7930  1.7822  1.7599  1.7270  1.6870  1.5739  1.4539  1.3315  1.2096  1.0893
  0.9707  0.8538  0.7386  0.6251  0.5134  0.4037  0.2957  0.1895  0.0851 -0.0174
 -0.1177
  1.7650  1.7669  1.7650  1.7602  1.7545  1.7499  1.7469  1.7440  1.7382  1.7283
  1.7157  1.7038  1.6943  1.6828  1.6632  1.5712  1.4525  1.3298  1.2075  1.0872
  0.9689  0.8525  0.7381  0.6255  0.5149  0.4065  0.2998  0.1951  0.0923 -0.0088
 -0.1082
  1.7808  1.7829  1.7808  1.7741  1.7638  1.7514  1.7381  1.7249  1.7109  1.6948
  1.6758  1.6546  1.6339  1.6165  1.6029  1.5535  1.4521  1.3303  1.2079  1.0876
  0.9695  0.8537  0.7399  0.6281  0.5185  0.4112  0.3059  0.2028  0.1016  0.0021
 -0.0958
  1.8015  1.8024  1.7993  1.7923  1.7800  1.7638  1.7448  1.7242  1.7027  1.6803
  1.6568  1.6316  1.6052  1.5791  1.5552  1.5079  1.4397  1.3304  1.2087  1.0883
  0.9704  0.8549  0.7418  0.6307  0.5217  0.4151  0.3108  0.2088  0.1090  0.0110
 -0.0805
  1.8271  1.8240  1.8201  1.8118  1.7990  1.7812  1.7592  1.7345  1.7079  1.6803
  1.6520  1.6229  1.5931  1.5629  1.5201  1.4344  1.4153  1.3301  1.2099
 [Fe/H] = -0.50 [alpha/Fe] = 0.40 BC value = F150W
  1.9961  2.0436  2.0791  2.1025  2.1099  2.1010  2.0768  2.0380  1.9879  1.9364
  1.8860  1.8377  1.7919  1.7481  1.7054  1.5982  1.4866  1.3695  1.2451
  1.9529  2.0061  2.0484  2.0778  2.0925  2.0911  2.0718  2.0345  1.9870  1.9359
  1.8846  1.8348  1.7874  1.7420  1.6981  1.5879  1.4743  1.3573  1.2354  1.1092
  1.8966  1.9547  2.0035  2.0406  2.0636  2.0708  2.0603  2.0306  1.9877  1.9384
  1.8871  1.8362  1.7871  1.7402  1.6948  1.5820  1.4662  1.3484  1.2277  1.1043
  0.9794
  1.8354  1.8947  1.9480  1.9918  2.0235  2.0406  2.0409  2.0217  1.9859  1.9405
  1.8906  1.8395  1.7893  1.7408  1.6940  1.5789  1.4613  1.3423  1.2220  1.1003
  0.9779  0.8555
  1.7772  1.8326  1.8866  1.9345  1.9731  1.9994  2.0108  2.0040  1.9780  1.9390
  1.8926  1.8428  1.7923  1.7427  1.6947  1.5777  1.4587  1.3385  1.2181  1.0975
  0.9768  0.8565  0.7371  0.6188
  1.7373  1.7766  1.8242  1.8721  1.9151  1.9486  1.9694  1.9748  1.9611  1.9311
  1.8904  1.8438  1.7946  1.7449  1.6961  1.5774  1.4576  1.3366  1.2158  1.0957
  0.9763  0.8576  0.7400  0.6236  0.5085  0.3950  0.2830  0.1725  0.0650 -0.0371
  1.7402  1.7512  1.7721  1.8042  1.8432  1.8818  1.9126  1.9303  1.9311  1.9133
  1.8815  1.8406  1.7946  1.7463  1.6975  1.5776  1.4573  1.3357  1.2146  1.0948
  0.9762  0.8589  0.7428  0.6279  0.5146  0.4029  0.2928  0.1846  0.0779 -0.0259
 -0.1248
  1.7523  1.7563  1.7608  1.7703  1.7871  1.8086  1.8306  1.8503  1.8633  1.8647
  1.8520  1.8254  1.7883  1.7447  1.6979  1.5781  1.4576  1.3355  1.2142  1.0944
  0.9764  0.8601  0.7452  0.6318  0.5200  0.4099  0.3014  0.1948  0.0900 -0.0130
 -0.1136
  1.7642  1.7671  1.7669  1.7659  1.7669  1.7715  1.7785  1.7844  1.7862  1.7823
  1.7736  1.7620  1.7461  1.7222  1.6887  1.5777  1.4571  1.3347  1.2128  1.0928
  0.9750  0.8591  0.7452  0.6329  0.5223  0.4135  0.3063  0.2010  0.0976 -0.0039
 -0.1036
  1.7768  1.7804  1.7791  1.7745  1.7677  1.7607  1.7548  1.7494  1.7422  1.7308
  1.7144  1.6943  1.6744  1.6567  1.6397  1.5709  1.4583  1.3361  1.2140  1.0939
  0.9762  0.8607  0.7474  0.6360  0.5264  0.4189  0.3132  0.2095  0.1077  0.0077
 -0.0907
  1.7944  1.7969  1.7957  1.7898  1.7798  1.7669  1.7523  1.7370  1.7209  1.7033
  1.6826  1.6585  1.6320  1.6057  1.5820  1.5316  1.4536  1.3378  1.2157  1.0954
  0.9777  0.8625  0.7496  0.6388  0.5301  0.4234  0.3187  0.2162  0.1158  0.0173
 -0.0749
  1.8179  1.8186  1.8158  1.8089  1.7978  1.7820  1.7627  1.7411  1.7178  1.6935
  1.6679  1.6405  1.6114  1.5809  1.5156  1.4598  1.4430  1.3398  1.2179
 [Fe/H] = -0.25 [alpha/Fe] = 0.40 BC value = F150W
  2.0405  2.0837  2.1165  2.1367  2.1415  2.1293  2.0985  2.0507  1.9962  1.9412
  1.8874  1.8358  1.7869  1.7405  1.6959  1.5872  1.4773  1.3635  1.2431
  2.0024  2.0533  2.0908  2.1156  2.1256  2.1190  2.0940  2.0508  1.9983  1.9434
  1.8889  1.8359  1.7855  1.7376  1.6917  1.5801  1.4675  1.3530  1.2342  1.1104
  1.9486  2.0054  2.0513  2.0841  2.1022  2.1040  2.0877  2.0518  2.0032  1.9494
  1.8945  1.8404  1.7884  1.7388  1.6914  1.5769  1.4619  1.3458  1.2274  1.1059
  0.9822
  1.8858  1.9467  1.9990  2.0401  2.0676  2.0796  2.0741  2.0489  2.0068  1.9559
  1.9017  1.8470  1.7937  1.7424  1.6935  1.5762  1.4590  1.3412  1.2227  1.1025
  0.9812  0.8595
  1.8215  1.8819  1.9376  1.9849  2.0210  2.0433  2.0497  2.0373  2.0052  1.9599
  1.9081  1.8539  1.7999  1.7473  1.6968  1.5769  1.4581  1.3388  1.2196  1.1003
  0.9806  0.8610  0.7420  0.6239
  1.7682  1.8184  1.8720  1.9222  1.9645  1.9955  2.0128  2.0138  1.9947  1.9582
  1.9113  1.8592  1.8056  1.7524  1.7007  1.5783  1.4583  1.3379  1.2181  1.0991
  0.9805  0.8625  0.7455  0.6293  0.5140  0.3999  0.2876  0.1773  0.0700 -0.0319
  1.7433  1.7689  1.8086  1.8552  1.8999  1.9373  1.9639  1.9765  1.9719  1.9477
  1.9088  1.8613  1.8097  1.7570  1.7047  1.5800  1.4591  1.3380  1.2177  1.0987
  0.9810  0.8642  0.7487  0.6342  0.5210  0.4091  0.2987  0.1900  0.0831 -0.0207
 -0.1193
  1.7524  1.7601  1.7728  1.7954  1.8264  1.8603  1.8921  1.9161  1.9272  1.9206
  1.8955  1.8568  1.8102  1.7598  1.7082  1.5820  1.4602  1.3386  1.2178  1.0988
  0.9816  0.8659  0.7517  0.6388  0.5271  0.4168  0.3080  0.2010  0.0958 -0.0076
 -0.1081
  1.7630  1.7671  1.7699  1.7748  1.7854  1.8014  1.8190  1.8347  1.8456  1.8490
  1.8416  1.8231  1.7935  1.7540  1.7078  1.5833  1.4605  1.3382  1.2168  1.0976
  0.9804  0.8653  0.7520  0.6403  0.5300  0.4212  0.3138  0.2081  0.1042  0.0022
 -0.0979
  1.7738  1.7773  1.7777  1.7757  1.7738  1.7744  1.7777  1.7814  1.7822  1.7776
  1.7662  1.7492  1.7295  1.7073  1.6807  1.5839  1.4628  1.3403  1.2185  1.0989
  0.9818  0.8671  0.7545  0.6437  0.5347  0.4273  0.3214  0.2173  0.1150  0.0125
 -0.0838
  1.7870  1.7911  1.7910  1.7867  1.7796  1.7710  1.7624  1.7544  1.7459  1.7345
  1.7183  1.6965  1.6708  1.6446  1.6200  1.5579  1.4633  1.3428  1.2208  1.1008
  0.9837  0.8690  0.7569  0.6468  0.5387  0.4323  0.3276  0.2248  0.1239  0.0248
 -0.0658
  1.8066  1.8096  1.8085  1.8038  1.7943  1.7813  1.7658  1.7489  1.7312  1.7123
  1.6911  1.6666  1.6384  1.6078  1.5257  1.5053  1.4620  1.3457  1.2237
 [Fe/H] =  0.00 [alpha/Fe] = 0.40 BC value = F150W
  2.0787  2.1178  2.1470  2.1631  2.1648  2.1496  2.1168  2.0635  2.0051  1.9469
  1.8901  1.8353  1.7831  1.7338  1.6868  1.5751  1.4658  1.3550  1.2387
  2.0461  2.0928  2.1268  2.1474  2.1533  2.1429  2.1136  2.0659  2.0095  1.9515
  1.8940  1.8381  1.7846  1.7339  1.6856  1.5711  1.4590  1.3466  1.2312  1.1103
  1.9960  2.0506  2.0931  2.1218  2.1354  2.1327  2.1115  2.0706  2.0174  1.9601
  1.9023  1.8454  1.7905  1.7381  1.6883  1.5708  1.4559  1.3413  1.2256  1.1065
  0.9844
  1.9338  1.9949  2.0454  2.0832  2.1066  2.1138  2.1033  2.0726  2.0251  1.9699
  1.9124  1.8549  1.7987  1.7448  1.6933  1.5726  1.4553  1.3386  1.2219  1.1038
  0.9839  0.8631
  1.8659  1.9296  1.9860  2.0319  2.0650  2.0832  2.0846  2.0668  2.0289  1.9782
  1.9222  1.8648  1.8078  1.7525  1.6994  1.5755  1.4562  1.3377  1.2200  1.1022
  0.9837  0.8650  0.7467  0.6288
  1.8004  1.8608  1.9188  1.9701  2.0112  2.0395  2.0529  2.0489  2.0244  1.9820
  1.9298  1.8736  1.8166  1.7605  1.7061  1.5788  1.4580  1.3381  1.2194  1.1016
  0.9841  0.8670  0.7506  0.6349  0.5202  0.4065  0.2940  0.1829  0.0756 -0.0262
  1.7545  1.8004  1.8516  1.9023  1.9479  1.9842  2.0079  2.0167  2.0074  1.9776
  1.9326  1.8798  1.8240  1.7678  1.7126  1.5824  1.4600  1.3392  1.2197  1.1018
  0.9850  0.8691  0.7543  0.6404  0.5276  0.4159  0.3054  0.1963  0.0890 -0.0148
 -0.1133
  1.7504  1.7656  1.7930  1.8325  1.8766  1.9172  1.9488  1.9687  1.9739  1.9602
  1.9273  1.8813  1.8288  1.7738  1.7186  1.5861  1.4620  1.3406  1.2205  1.1024
  0.9861  0.8711  0.7576  0.6454  0.5343  0.4243  0.3154  0.2081  0.1025 -0.0013
 -0.1019
  1.7590  1.7663  1.7742  1.7887  1.8120  1.8405  1.8688  1.8938  1.9104  1.9137
  1.9001  1.8693  1.8260  1.7757  1.7223  1.5891  1.4631  1.3407  1.2199  1.1014
  0.9851  0.8708  0.7582  0.6473  0.5377  0.4293  0.3220  0.2160  0.1117  0.0093
 -0.0913
  1.7691  1.7734  1.7761  1.7781  1.7833  1.7938  1.8077  1.8213  1.8312  1.8346
  1.8294  1.8141  1.7896  1.7567  1.7162  1.5933  1.4663  1.3430  1.2217  1.1028
  0.9865  0.8726  0.7608  0.6510  0.5428  0.4360  0.3304  0.2261  0.1234  0.0223
 -0.0771
  1.7795  1.7849  1.7857  1.7835  1.7799  1.7770  1.7764  1.7774  1.7772  1.7731
  1.7628  1.7459  1.7229  1.6963  1.6680  1.5836  1.4695  1.3461  1.2242  1.1047
  0.9882  0.8745  0.7632  0.6540  0.5468  0.4413  0.3371  0.2343  0.1331  0.0335
 -0.0593
  1.7949  1.7997  1.8007  1.7970  1.7898  1.7802  1.7696  1.7591  1.7485  1.7366
  1.7214  1.7010  1.6752  1.6454  1.5777  1.5600  1.4727  1.3500  1.2274
 [Fe/H] =  0.25 [alpha/Fe] = 0.40 BC value = F150W
  2.1106  2.1462  2.1699  2.1807  2.1774  2.1593  2.1258  2.0765  2.0148  1.9535
  1.8937  1.8358  1.7806  1.7281  1.6784  1.5625  1.4526  1.3439  1.2318
  2.0833  2.1263  2.1585  2.1774  2.1805  2.1660  2.1323  2.0808  2.0211  1.9601
  1.8999  1.8412  1.7848  1.7311  1.6802  1.5615  1.4487  1.3380  1.2258  1.1085
  2.0376  2.0896  2.1283  2.1530  2.1629  2.1566  2.1321  2.0878  2.0312  1.9710
  1.9106  1.8511  1.7934  1.7383  1.6858  1.5640  1.4483  1.3350  1.2217  1.1055
  0.9856
  1.9774  2.0377  2.0859  2.1202  2.1397  2.1429  2.1283  2.0934  2.0419  1.9834
  1.9232  1.8631  1.8044  1.7478  1.6937  1.5684  1.4501  1.3342  1.2195  1.1037
  0.9856  0.8661
  1.9078  1.9745  2.0297  2.0737  2.1036  2.1179  2.1149  2.0926  2.0498  1.9950
  1.9358  1.8757  1.8162  1.7584  1.7027  1.5737  1.4531  1.3351  1.2188  1.1029
  0.9861  0.8685  0.7510  0.6339
  1.8349  1.9023  1.9629  2.0143  2.0538  2.0792  2.0887  2.0801  2.0506  2.0031
  1.9467  1.8874  1.8277  1.7690  1.7121  1.5794  1.4566  1.3370  1.2193  1.1030
  0.9870  0.8709  0.7553  0.6404  0.5263  0.4130  0.3005  0.1893  0.0824 -0.0195
  1.7751  1.8332  1.8906  1.9456  1.9920  2.0270  2.0480  2.0530  2.0390  2.0040
  1.9539  1.8969  1.8379  1.7789  1.7211  1.5852  1.4601  1.3393  1.2206  1.1038
  0.9882  0.8733  0.7593  0.6462  0.5340  0.4228  0.3127  0.2035  0.0959 -0.0077
 -0.1064
  1.7468  1.7779  1.8245  1.8759  1.9236  1.9637  1.9935  2.0104  2.0113  1.9926
  1.9541  1.9027  1.8459  1.7876  1.7294  1.5908  1.4634  1.3415  1.2220  1.1049
  0.9896  0.8757  0.7630  0.6515  0.5411  0.4318  0.3233  0.2161  0.1102  0.0060
 -0.0946
  1.7538  1.7643  1.7812  1.8098  1.8479  1.8884  1.9242  1.9501  1.9637  1.9613
  1.9397  1.8998  1.8488  1.7930  1.7357  1.5955  1.4655  1.3423  1.2219  1.1042
  0.9889  0.8755  0.7638  0.6536  0.5449  0.4373  0.3305  0.2247  0.1203  0.0175
 -0.0835
  1.7623  1.7686  1.7739  1.7823  1.7977  1.8203  1.8452  1.8678  1.8857  1.8953
  1.8925  1.8726  1.8373  1.7914  1.7394  1.6017  1.4696  1.3448  1.2237  1.1055
  0.9902  0.8773  0.7665  0.6575  0.5502  0.4444  0.3395  0.2355  0.1328  0.0297
 -0.0705
  1.7712  1.7771  1.7795  1.7800  1.7814  1.7863  1.7955  1.8063  1.8145  1.8182
  1.8159  1.8050  1.7836  1.7534  1.7167  1.6033  1.4744  1.3482  1.2261  1.1073
  0.9916  0.8789  0.7686  0.6605  0.5543  0.4498  0.3465  0.2443  0.1433  0.0435
 -0.0549
  1.7825  1.7891  1.7911  1.7892  1.7848  1.7795  1.7751  1.7725  1.7704  1.7662
  1.7576  1.7431  1.7218  1.6944  1.6676  1.6003  1.4799  1.3525  1.2291
 [Fe/H] =  0.50 [alpha/Fe] = 0.40 BC value = F150W
  2.1361  2.1689  2.1852  2.1893  2.1795  2.1583  2.1254  2.0895  2.0247  1.9604
  1.8978  1.8371  1.7788  1.7234  1.6708  1.5497  1.4379  1.3305  1.2220
  2.1140  2.1538  2.1798  2.2074  2.2104  2.1911  2.1516  2.0957  2.0329  1.9693
  1.9065  1.8451  1.7858  1.7292  1.6755  1.5516  1.4371  1.3272  1.2177  1.1044
  2.0734  2.1224  2.1569  2.1783  2.1852  2.1764  2.1500  2.1045  2.0450  1.9822
  1.9193  1.8573  1.7971  1.7392  1.6840  1.5568  1.4393  1.3266  1.2156  1.1025
  0.9855
  2.0155  2.0744  2.1198  2.1509  2.1669  2.1669  2.1494  2.1121  2.0578  1.9968
  1.9342  1.8717  1.8107  1.7515  1.6948  1.5639  1.4436  1.3280  1.2150  1.1017
  0.9861  0.8684
  1.9455  2.0125  2.0677  2.1094  2.1362  2.1471  2.1406  2.1149  2.0689  2.0109
  1.9492  1.8867  1.8250  1.7648  1.7066  1.5719  1.4488  1.3308  1.2157  1.1019
  0.9872  0.8712  0.7548  0.6387
  1.8691  1.9399  2.0023  2.0534  2.0911  2.1137  2.1196  2.1072  2.0738  2.0224
  1.9629  1.9010  1.8390  1.7780  1.7187  1.5803  1.4543  1.3344  1.2175  1.1028
  0.9886  0.8739  0.7594  0.6454  0.5320  0.4195  0.3074  0.1967  0.0903 -0.0116
  1.7958  1.8644  1.9278  1.9852  2.0318  2.0653  2.0837  2.0852  2.0670  2.0278
  1.9735  1.9134  1.8518  1.7904  1.7303  1.5885  1.4597  1.3381  1.2198  1.1043
  0.9903  0.8767  0.7636  0.6514  0.5401  0.4297  0.3201  0.2112  0.1038  0.0005
 -0.0982
  1.7472  1.8000  1.8550  1.9107  1.9618  2.0034  2.0325  2.0469  2.0443  2.0213
  1.9781  1.9224  1.8624  1.8014  1.7409  1.5964  1.4646  1.3414  1.2222  1.1060
  0.9920  0.8792  0.7675  0.6569  0.5474  0.4390  0.3313  0.2245  0.1188  0.0144
 -0.0860
  1.7431  1.7613  1.7931  1.8391  1.8898  1.9351  1.9698  1.9930  2.0033  1.9966
  1.9698  1.9244  1.8687  1.8094  1.7492  1.6030  1.4682  1.3430  1.2228  1.1058
  0.9915  0.8793  0.7685  0.6592  0.5514  0.4447  0.3389  0.2338  0.1297  0.0269
 -0.0745
  1.7517  1.7606  1.7710  1.7896  1.8178  1.8534  1.8891  1.9198  1.9407  1.9487
  1.9406  1.9125  1.8679  1.8141  1.7566  1.6108  1.4734  1.3461  1.2248  1.1072
  0.9929  0.8810  0.7713  0.6632  0.5568  0.4520  0.3482  0.2451  0.1428  0.0415
 -0.0585
  1.7595  1.7669  1.7715  1.7761  1.7846  1.7997  1.8201  1.8407  1.8576  1.8692
  1.8734  1.8650  1.8400  1.8007  1.7527  1.6170  1.4794  1.3498  1.2270  1.1086
  0.9939  0.8822  0.7731  0.6660  0.5609  0.4575  0.3553  0.2542  0.1539  0.0544
 -0.0441
  1.7682  1.7764  1.7798  1.7801  1.7792  1.7796  1.7832  1.7900  1.7967  1.8004
  1.7991  1.7918  1.7763  1.7506  1.7375  1.6216  1.4862  1.3541  1.2294
