 [Fe/H] = -4.00 [alpha/Fe] = 0.40 BC value = F090W
 -1.5697 -0.8733  0.1409  0.5443 -0.0681 -1.5178 -0.8429  0.2555  0.9162  0.9295
  0.9600  0.8970  0.4783 -0.0096 -0.3165 -0.3115
 -1.1572 -0.8594 -0.3772 -0.1560 -0.3432 -0.9854 -0.7003 -0.2258  0.1129  0.2111
  0.2768  0.2605  0.0781 -0.1446 -0.2881 -0.2915 -0.2980 -0.3160 -0.4026
 -0.7673 -0.6988 -0.5521 -0.4549 -0.4346 -0.5910 -0.5296 -0.4213 -0.3086 -0.2156
 -0.1592 -0.1524 -0.1936 -0.2506 -0.2888 -0.2951 -0.3244 -0.3461 -0.3948 -0.4422
 -0.4637
 -0.4000 -0.3915 -0.3838 -0.3524 -0.3423 -0.3346 -0.3308 -0.3310 -0.3485 -0.3505
 -0.3480 -0.3418 -0.3370 -0.3275 -0.3186 -0.3223 -0.3354 -0.3641 -0.4010 -0.4443
 -0.4890 -0.5341 -0.5791
 -0.2500 -0.2674 -0.2817 -0.2835 -0.2881 -0.2904 -0.2921 -0.2947 -0.2993 -0.3055
 -0.3108 -0.3138 -0.3162 -0.3166 -0.3151 -0.3257 -0.3517 -0.3855 -0.4239 -0.4657
 -0.5094 -0.5540 -0.5986 -0.6437 -0.6897
 -0.1150 -0.1513 -0.1826 -0.2078 -0.2268 -0.2407 -0.2507 -0.2587 -0.2658 -0.2729
 -0.2807 -0.2887 -0.2957 -0.3030 -0.3080 -0.3253 -0.3590 -0.3983 -0.4399 -0.4826
 -0.5266 -0.5714 -0.6163 -0.6613 -0.7063 -0.7521
  0.0051 -0.0432 -0.0865 -0.1253 -0.1585 -0.1855 -0.2066 -0.2230 -0.2364 -0.2476
 -0.2579 -0.2678 -0.2777 -0.2883 -0.2973 -0.3211 -0.3573 -0.4025 -0.4490 -0.4950
 -0.5406 -0.5863 -0.6321 -0.6776 -0.7229 -0.7682 -0.8142 -0.8635 -0.9177 -0.9739
  0.1101  0.0569  0.0066 -0.0410 -0.0849 -0.1237 -0.1563 -0.1829 -0.2044 -0.2220
 -0.2369 -0.2500 -0.2620 -0.2736 -0.2852 -0.3136 -0.3500 -0.3977 -0.4495 -0.5006
 -0.5499 -0.5979 -0.6453 -0.6922 -0.7385 -0.7843 -0.8296 -0.8766 -0.9276 -0.9835
 -1.0421
  0.1931  0.1418  0.0904  0.0390 -0.0107 -0.0575 -0.1000 -0.1366 -0.1672 -0.1925
 -0.2134 -0.2311 -0.2466 -0.2604 -0.2732 -0.3047 -0.3409 -0.3873 -0.4417 -0.4979
 -0.5524 -0.6047 -0.6550 -0.7041 -0.7522 -0.7993 -0.8462 -0.8926 -0.9406 -0.9927
 -1.0505
  0.2566  0.2088  0.1593  0.1083  0.0572  0.0066 -0.0418 -0.0862 -0.1254 -0.1585
 -0.1862 -0.2094 -0.2292 -0.2464 -0.2614 -0.2951 -0.3318 -0.3759 -0.4295 -0.4883
 -0.5478 -0.6054 -0.6604 -0.7130 -0.7639 -0.8132 -0.8616 -0.9096 -0.9577 -1.0079
 -1.0603
  0.2991  0.2570  0.2126  0.1662  0.1173  0.0671  0.0169 -0.0320 -0.0777 -0.1183
 -0.1531 -0.1828 -0.2080 -0.2294 -0.2477 -0.2857 -0.3222 -0.3651 -0.4159 -0.4737
 -0.5353 -0.5974 -0.6574 -0.7148 -0.7696 -0.8221 -0.8731 -0.9228 -0.9720 -1.0213
 -1.0719
  0.3209  0.2864  0.2490  0.2091  0.1654  0.1189  0.0701  0.0206 -0.0281 -0.0732
 -0.1139 -0.1501 -0.1818 -0.2089 -0.2316 -0.2760 -0.3138 -0.3552 -0.4040 -0.4596
 -0.5203 -0.5838 -0.6476 -0.7097 -0.7691 -0.8257 -0.8801 -0.9327 -0.9839 -1.0344
 -1.0851
  0.3220  0.2970  0.2685  0.2370  0.2015  0.1620  0.1147  0.0674  0.0192 -0.0271
 -0.0711 -0.1128 -0.1525 -0.1849 -0.2133 -0.2659 -0.3066 -0.3462 -0.3938
 [Fe/H] = -3.00 [alpha/Fe] = 0.40 BC value = F090W
 -0.2594 -0.2350 -0.2363 -0.2683 -0.3396 -0.5404 -0.4895 -0.4200 -0.3647 -0.3256
 -0.2627 -0.2102 -0.2282 -0.2794 -0.3016 -0.2563
 -0.3111 -0.2890 -0.2834 -0.2982 -0.3397 -0.4553 -0.4506 -0.4307 -0.4098 -0.3905
 -0.3589 -0.3291 -0.3240 -0.3316 -0.3282 -0.2865 -0.2856 -0.3093 -0.3453
 -0.3367 -0.3200 -0.3121 -0.3159 -0.3359 -0.3906 -0.4117 -0.4228 -0.4257 -0.4220
 -0.4133 -0.4007 -0.3852 -0.3680 -0.3496 -0.3121 -0.3138 -0.3385 -0.3745 -0.4166
 -0.4614
 -0.3362 -0.3280 -0.3224 -0.3214 -0.3282 -0.3463 -0.3728 -0.3964 -0.4123 -0.4203
 -0.4257 -0.4250 -0.4119 -0.3886 -0.3658 -0.3331 -0.3367 -0.3627 -0.3991 -0.4406
 -0.4845 -0.5296 -0.5753
 -0.3096 -0.3130 -0.3143 -0.3147 -0.3166 -0.3224 -0.3339 -0.3514 -0.3696 -0.3852
 -0.3962 -0.4021 -0.4040 -0.3935 -0.3768 -0.3495 -0.3543 -0.3819 -0.4191 -0.4604
 -0.5040 -0.5486 -0.5938 -0.6393 -0.6859
 -0.2569 -0.2750 -0.2878 -0.2958 -0.3011 -0.3060 -0.3124 -0.3216 -0.3336 -0.3473
 -0.3593 -0.3679 -0.3766 -0.3808 -0.3764 -0.3595 -0.3654 -0.3949 -0.4343 -0.4766
 -0.5205 -0.5653 -0.6106 -0.6561 -0.7017 -0.7479
 -0.1821 -0.2150 -0.2413 -0.2603 -0.2736 -0.2831 -0.2909 -0.2986 -0.3074 -0.3171
 -0.3266 -0.3353 -0.3428 -0.3529 -0.3572 -0.3596 -0.3693 -0.4002 -0.4430 -0.4883
 -0.5338 -0.5797 -0.6257 -0.6718 -0.7177 -0.7638 -0.8104 -0.8603 -0.9149 -0.9711
 -0.0928 -0.1374 -0.1758 -0.2071 -0.2308 -0.2485 -0.2618 -0.2726 -0.2823 -0.2917
 -0.3010 -0.3095 -0.3166 -0.3256 -0.3332 -0.3474 -0.3653 -0.3979 -0.4439 -0.4936
 -0.5427 -0.5909 -0.6386 -0.6860 -0.7329 -0.7795 -0.8263 -0.8737 -0.9246 -0.9809
 -1.0396
 -0.0267 -0.0595 -0.0969 -0.1384 -0.1727 -0.2003 -0.2216 -0.2386 -0.2526 -0.2647
 -0.2757 -0.2858 -0.2948 -0.3031 -0.3120 -0.3309 -0.3549 -0.3892 -0.4372 -0.4911
 -0.5428 -0.5975 -0.6481 -0.6977 -0.7464 -0.7942 -0.8417 -0.8908 -0.9417 -0.9941
 -1.0480
  0.1084  0.0315 -0.0239 -0.0599 -0.1026 -0.1393 -0.1698 -0.1948 -0.2154 -0.2325
 -0.2473 -0.2604 -0.2722 -0.2828 -0.2935 -0.3153 -0.3420 -0.3780 -0.4258 -0.4822
 -0.5409 -0.5984 -0.6535 -0.7066 -0.7580 -0.8079 -0.8570 -0.9056 -0.9543 -1.0043
 -1.0577
  0.1973  0.1216  0.0647  0.0246 -0.0240 -0.0677 -0.1066 -0.1400 -0.1685 -0.1926
 -0.2131 -0.2308 -0.2465 -0.2606 -0.2738 -0.3012 -0.3293 -0.3658 -0.4126 -0.4682
 -0.5290 -0.5908 -0.6509 -0.7085 -0.7637 -0.8168 -0.8683 -0.9187 -0.9684 -1.0182
 -1.0692
  0.2770  0.2110  0.1510  0.0965  0.0445 -0.0043 -0.0489 -0.0759 -0.1123 -0.1441
 -0.1717 -0.1957 -0.2165 -0.2350 -0.2516 -0.2875 -0.3176 -0.3544 -0.4003 -0.4543
 -0.5145 -0.5777 -0.6415 -0.7038 -0.7635 -0.8205 -0.8754 -0.9285 -0.9802 -1.0312
 -1.0823
  0.3474  0.2994  0.2350  0.1558  0.1028  0.0508  0.0281 -0.0175 -0.0592 -0.0881
 -0.1229 -0.1539 -0.1812 -0.2052 -0.2269 -0.2742 -0.3069 -0.3438 -0.3889
 [Fe/H] = -2.50 [alpha/Fe] = 0.40 BC value = F090W
 -0.1469 -0.2146 -0.3457 -0.4264 -0.4208 -0.4050 -0.4543 -0.5386 -0.5816 -0.5552
 -0.5044 -0.4440 -0.3916 -0.3556 -0.3203 -0.2621
 -0.2080 -0.2300 -0.2932 -0.3429 -0.3637 -0.3834 -0.4273 -0.4806 -0.5124 -0.5108
 -0.4909 -0.4573 -0.4183 -0.3831 -0.3505 -0.2972 -0.2872 -0.3073 -0.3356
 -0.2540 -0.2476 -0.2653 -0.2911 -0.3227 -0.3594 -0.3976 -0.4320 -0.4577 -0.4721
 -0.4734 -0.4605 -0.4349 -0.4039 -0.3749 -0.3269 -0.3169 -0.3365 -0.3690 -0.4096
 -0.4572
 -0.2849 -0.2674 -0.2620 -0.2710 -0.2978 -0.3330 -0.3652 -0.3928 -0.4175 -0.4391
 -0.4519 -0.4536 -0.4414 -0.4180 -0.3935 -0.3512 -0.3418 -0.3608 -0.3953 -0.4361
 -0.4797 -0.5249 -0.5709
 -0.3007 -0.2894 -0.2833 -0.2826 -0.2890 -0.3042 -0.3301 -0.3630 -0.3918 -0.4118
 -0.4264 -0.4366 -0.4378 -0.4254 -0.4063 -0.3701 -0.3619 -0.3802 -0.4146 -0.4553
 -0.4987 -0.5434 -0.5888 -0.6341 -0.6807
 -0.2902 -0.2902 -0.2908 -0.2916 -0.2939 -0.2998 -0.3106 -0.3267 -0.3486 -0.3736
 -0.3940 -0.4086 -0.4202 -0.4218 -0.4113 -0.3826 -0.3759 -0.3939 -0.4291 -0.4707
 -0.5146 -0.5596 -0.6051 -0.6510 -0.6972 -0.7441
 -0.2526 -0.2662 -0.2776 -0.2855 -0.2908 -0.2953 -0.3011 -0.3096 -0.3210 -0.3350
 -0.3512 -0.3675 -0.3824 -0.3959 -0.4002 -0.3874 -0.3834 -0.4013 -0.4378 -0.4817
 -0.5272 -0.5734 -0.6197 -0.6663 -0.7128 -0.7594 -0.8067 -0.8571 -0.9119 -0.9683
 -0.1905 -0.2182 -0.2421 -0.2604 -0.2730 -0.2816 -0.2882 -0.2946 -0.3024 -0.3115
 -0.3215 -0.3322 -0.3433 -0.3573 -0.3688 -0.3798 -0.3838 -0.4023 -0.4396 -0.4868
 -0.5357 -0.5841 -0.6323 -0.6801 -0.7275 -0.7747 -0.8221 -0.8701 -0.9216 -0.9781
 -1.0368
 -0.1099 -0.1496 -0.1854 -0.2153 -0.2379 -0.2543 -0.2658 -0.2746 -0.2825 -0.2906
 -0.2991 -0.3076 -0.3162 -0.3255 -0.3370 -0.3577 -0.3750 -0.3972 -0.4349 -0.4847
 -0.5380 -0.5904 -0.6414 -0.6914 -0.7405 -0.7890 -0.8371 -0.8854 -0.9347 -0.9870
 -1.0454
 -0.0189 -0.0673 -0.1124 -0.1524 -0.1853 -0.2112 -0.2305 -0.2450 -0.2566 -0.2668
 -0.2763 -0.2855 -0.2943 -0.3027 -0.3127 -0.3347 -0.3587 -0.3869 -0.4257 -0.4770
 -0.5341 -0.5913 -0.6466 -0.7000 -0.7519 -0.8024 -0.8521 -0.9013 -0.9506 -1.0012
 -1.0551
  0.0763  0.0230 -0.0281 -0.0754 -0.1172 -0.1523 -0.1809 -0.2032 -0.2211 -0.2359
 -0.2488 -0.2606 -0.2715 -0.2817 -0.2920 -0.3155 -0.3413 -0.3734 -0.4134 -0.4643
 -0.5230 -0.5841 -0.6442 -0.7020 -0.7575 -0.8110 -0.8632 -0.9141 -0.9644 -1.0148
 -1.0664
  0.1744  0.1175  0.0623  0.0105 -0.0372 -0.0802 -0.1173 -0.1483 -0.1741 -0.1956
 -0.2139 -0.2301 -0.2447 -0.2581 -0.2707 -0.2990 -0.3261 -0.3596 -0.4009 -0.4509
 -0.5090 -0.5716 -0.6351 -0.6974 -0.7573 -0.8147 -0.8702 -0.9238 -0.9761 -1.0276
 -1.0792
  0.2755  0.2162  0.1557  0.1016  0.0499  0.0017 -0.0422 -0.0813 -0.1153 -0.1445
 -0.1698 -0.1919 -0.2118 -0.2297 -0.2488 -0.2852 -0.3131 -0.3455 -0.3882
 [Fe/H] = -2.00 [alpha/Fe] = 0.40 BC value = F090W
 -0.4305 -0.4357 -0.4511 -0.4730 -0.4957 -0.5180 -0.5351 -0.5444 -0.5419 -0.5273
 -0.4993 -0.4624 -0.4225 -0.3835 -0.3461 -0.2816
 -0.3182 -0.3218 -0.3408 -0.3700 -0.4049 -0.4403 -0.4717 -0.4955 -0.5091 -0.5108
 -0.4989 -0.4745 -0.4414 -0.4067 -0.3743 -0.3167 -0.2940 -0.3062 -0.3385
 -0.2597 -0.2532 -0.2673 -0.2961 -0.3336 -0.3742 -0.4134 -0.4468 -0.4720 -0.4867
 -0.4889 -0.4775 -0.4538 -0.4247 -0.3968 -0.3459 -0.3256 -0.3357 -0.3665 -0.4065
 -0.4510
 -0.2550 -0.2299 -0.2306 -0.2513 -0.2819 -0.3198 -0.3602 -0.3983 -0.4306 -0.4550
 -0.4693 -0.4714 -0.4597 -0.4375 -0.4136 -0.3692 -0.3515 -0.3603 -0.3897 -0.4291
 -0.4722 -0.5176 -0.5642
 -0.2774 -0.2423 -0.2301 -0.2378 -0.2597 -0.2905 -0.3257 -0.3612 -0.3932 -0.4208
 -0.4418 -0.4545 -0.4560 -0.4437 -0.4247 -0.3866 -0.3717 -0.3800 -0.4081 -0.4472
 -0.4905 -0.5353 -0.5811 -0.6270 -0.6743
 -0.2971 -0.2712 -0.2556 -0.2527 -0.2608 -0.2774 -0.3005 -0.3284 -0.3594 -0.3904
 -0.4137 -0.4307 -0.4409 -0.4410 -0.4292 -0.3980 -0.3859 -0.3945 -0.4221 -0.4615
 -0.5053 -0.5506 -0.5967 -0.6431 -0.6901 -0.7377
 -0.2954 -0.2790 -0.2697 -0.2654 -0.2654 -0.2705 -0.2808 -0.2964 -0.3173 -0.3439
 -0.3722 -0.3961 -0.4149 -0.4257 -0.4251 -0.4032 -0.3942 -0.4037 -0.4312 -0.4716
 -0.5170 -0.5636 -0.6106 -0.6577 -0.7050 -0.7525 -0.8007 -0.8520 -0.9072 -0.9634
 -0.2693 -0.2652 -0.2651 -0.2674 -0.2702 -0.2739 -0.2794 -0.2876 -0.2990 -0.3128
 -0.3291 -0.3485 -0.3691 -0.3889 -0.4025 -0.4019 -0.3967 -0.4074 -0.4351 -0.4768
 -0.5246 -0.5736 -0.6223 -0.6708 -0.7191 -0.7671 -0.8155 -0.8645 -0.9166 -0.9734
 -1.0321
 -0.2193 -0.2288 -0.2401 -0.2512 -0.2609 -0.2684 -0.2742 -0.2800 -0.2870 -0.2957
 -0.3055 -0.3163 -0.3288 -0.3446 -0.3618 -0.3867 -0.3933 -0.4060 -0.4339 -0.4763
 -0.5270 -0.5794 -0.6310 -0.6816 -0.7315 -0.7807 -0.8298 -0.8791 -0.9293 -0.9823
 -1.0409
 -0.1470 -0.1697 -0.1934 -0.2155 -0.2340 -0.2485 -0.2591 -0.2669 -0.2735 -0.2804
 -0.2879 -0.2960 -0.3044 -0.3139 -0.3266 -0.3568 -0.3801 -0.3997 -0.4286 -0.4712
 -0.5241 -0.5803 -0.6359 -0.6898 -0.7422 -0.7935 -0.8442 -0.8944 -0.9447 -0.9961
 -1.0506
 -0.0594 -0.0934 -0.1278 -0.1600 -0.1884 -0.2117 -0.2296 -0.2429 -0.2530 -0.2614
 -0.2692 -0.2772 -0.2852 -0.2932 -0.3025 -0.3293 -0.3581 -0.3869 -0.4191 -0.4615
 -0.5147 -0.5737 -0.6334 -0.6915 -0.7476 -0.8018 -0.8547 -0.9066 -0.9579 -1.0093
 -1.0617
  0.0367 -0.0047 -0.0475 -0.0882 -0.1252 -0.1576 -0.1842 -0.2051 -0.2214 -0.2343
 -0.2451 -0.2551 -0.2647 -0.2740 -0.2833 -0.3083 -0.3369 -0.3701 -0.4068 -0.4498
 -0.5023 -0.5622 -0.6248 -0.6870 -0.7473 -0.8052 -0.8614 -0.9158 -0.9690 -1.0216
 -1.0740
  0.1399  0.0910  0.0431 -0.0037 -0.0478 -0.0878 -0.1227 -0.1521 -0.1762 -0.1958
 -0.2121 -0.2263 -0.2392 -0.2514 -0.2690 -0.2938 -0.3165 -0.3493 -0.3917
 [Fe/H] = -1.50 [alpha/Fe] = 0.40 BC value = F090W
 -0.6241 -0.6111 -0.6050 -0.6014 -0.6005 -0.5963 -0.5856 -0.5674 -0.5508 -0.5316
 -0.5046 -0.4716 -0.4357 -0.4004 -0.3673 -0.3048
 -0.4983 -0.4859 -0.4851 -0.4915 -0.5025 -0.5137 -0.5208 -0.5224 -0.5233 -0.5196
 -0.5063 -0.4827 -0.4522 -0.4206 -0.3913 -0.3362 -0.3074 -0.3067 -0.3317
 -0.4029 -0.3868 -0.3865 -0.3977 -0.4162 -0.4381 -0.4586 -0.4752 -0.4897 -0.4988
 -0.4981 -0.4853 -0.4624 -0.4355 -0.4098 -0.3614 -0.3371 -0.3374 -0.3604 -0.3974
 -0.4411
 -0.3379 -0.3138 -0.3092 -0.3200 -0.3415 -0.3694 -0.3990 -0.4258 -0.4500 -0.4692
 -0.4800 -0.4794 -0.4663 -0.4451 -0.4228 -0.3804 -0.3601 -0.3616 -0.3831 -0.4189
 -0.4613 -0.5059 -0.5523
 -0.3140 -0.2741 -0.2544 -0.2610 -0.2805 -0.3094 -0.3428 -0.3757 -0.4063 -0.4328
 -0.4527 -0.4634 -0.4622 -0.4491 -0.4309 -0.3939 -0.3772 -0.3800 -0.4009 -0.4358
 -0.4781 -0.5231 -0.5694 -0.6161 -0.6644
 -0.3189 -0.2680 -0.2382 -0.2277 -0.2351 -0.2588 -0.2950 -0.3320 -0.3658 -0.3955
 -0.4200 -0.4383 -0.4479 -0.4458 -0.4338 -0.4026 -0.3891 -0.3935 -0.4144 -0.4489
 -0.4915 -0.5372 -0.5839 -0.6312 -0.6791 -0.7282
 -0.3324 -0.2851 -0.2518 -0.2318 -0.2254 -0.2317 -0.2512 -0.2831 -0.3209 -0.3575
 -0.3878 -0.4100 -0.4252 -0.4329 -0.4301 -0.4067 -0.3963 -0.4024 -0.4239 -0.4585
 -0.5019 -0.5489 -0.5966 -0.6447 -0.6930 -0.7418 -0.7915 -0.8441 -0.9000 -0.9559
 -0.3333 -0.2923 -0.2638 -0.2458 -0.2367 -0.2362 -0.2441 -0.2591 -0.2801 -0.3067
 -0.3377 -0.3683 -0.3931 -0.4097 -0.4172 -0.4063 -0.3992 -0.4071 -0.4294 -0.4645
 -0.5089 -0.5577 -0.6072 -0.6567 -0.7060 -0.7553 -0.8051 -0.8559 -0.9090 -0.9661
 -1.0243
 -0.3176 -0.2851 -0.2633 -0.2504 -0.2443 -0.2432 -0.2465 -0.2544 -0.2666 -0.2819
 -0.2995 -0.3196 -0.3427 -0.3659 -0.3852 -0.4004 -0.3981 -0.4078 -0.4309 -0.4664
 -0.5097 -0.5627 -0.6148 -0.6664 -0.7174 -0.7679 -0.8184 -0.8687 -0.9203 -0.9749
 -1.0335
 -0.2782 -0.2598 -0.2468 -0.2413 -0.2407 -0.2430 -0.2470 -0.2524 -0.2598 -0.2694
 -0.2807 -0.2931 -0.3065 -0.3222 -0.3403 -0.3775 -0.3921 -0.4048 -0.4289 -0.4647
 -0.5108 -0.5639 -0.6190 -0.6738 -0.7273 -0.7798 -0.8318 -0.8834 -0.9352 -0.9880
 -1.0433
 -0.2158 -0.2121 -0.2109 -0.2152 -0.2221 -0.2302 -0.2381 -0.2453 -0.2520 -0.2591
 -0.2670 -0.2759 -0.2854 -0.2955 -0.3073 -0.3424 -0.3741 -0.3971 -0.4229 -0.4586
 -0.5045 -0.5587 -0.6168 -0.6751 -0.7320 -0.7873 -0.8415 -0.8947 -0.9475 -1.0003
 -1.0540
 -0.1341 -0.1439 -0.1559 -0.1700 -0.1858 -0.2015 -0.2157 -0.2276 -0.2372 -0.2454
 -0.2528 -0.2605 -0.2686 -0.2771 -0.2862 -0.3137 -0.3473 -0.3812 -0.4132 -0.4498
 -0.4951 -0.5492 -0.6091 -0.6707 -0.7314 -0.7902 -0.8475 -0.9032 -0.9577 -1.0116
 -1.0654
 -0.0360 -0.0579 -0.0814 -0.1061 -0.1311 -0.1551 -0.1769 -0.1954 -0.2107 -0.2229
 -0.2330 -0.2420 -0.2508 -0.2596 -0.2770 -0.2914 -0.3117 -0.3571 -0.3998
 [Fe/H] = -1.00 [alpha/Fe] = 0.40 BC value = F090W
 -0.9861 -0.9649 -0.9404 -0.9084 -0.8667 -0.8081 -0.7270 -0.6297 -0.5639 -0.5209
 -0.4922 -0.4641 -0.4357 -0.4068 -0.3792 -0.3235
 -0.8074 -0.7894 -0.7742 -0.7567 -0.7330 -0.6978 -0.6459 -0.5826 -0.5390 -0.5146
 -0.4956 -0.4740 -0.4489 -0.4228 -0.3978 -0.3487 -0.3184 -0.3105 -0.3248
 -0.6620 -0.6420 -0.6306 -0.6224 -0.6127 -0.5969 -0.5700 -0.5345 -0.5113 -0.4997
 -0.4903 -0.4764 -0.4565 -0.4339 -0.4116 -0.3682 -0.3442 -0.3393 -0.3541 -0.3852
 -0.4259
 -0.5499 -0.5227 -0.5096 -0.5055 -0.5057 -0.5054 -0.4993 -0.4854 -0.4772 -0.4762
 -0.4763 -0.4713 -0.4585 -0.4401 -0.4206 -0.3820 -0.3622 -0.3603 -0.3758 -0.4059
 -0.4457 -0.4896 -0.5362
 -0.4708 -0.4335 -0.4136 -0.4075 -0.4110 -0.4199 -0.4291 -0.4325 -0.4368 -0.4449
 -0.4536 -0.4578 -0.4538 -0.4417 -0.4256 -0.3915 -0.3751 -0.3758 -0.3923 -0.4219
 -0.4613 -0.5057 -0.5523 -0.5997 -0.6492
 -0.4118 -0.3650 -0.3395 -0.3293 -0.3314 -0.3429 -0.3600 -0.3766 -0.3914 -0.4074
 -0.4234 -0.4360 -0.4413 -0.4374 -0.4265 -0.3975 -0.3840 -0.3869 -0.4045 -0.4343
 -0.4735 -0.5183 -0.5653 -0.6136 -0.6625 -0.7131
 -0.4010 -0.3369 -0.2914 -0.2657 -0.2597 -0.2710 -0.2935 -0.3204 -0.3447 -0.3672
 -0.3884 -0.4071 -0.4206 -0.4260 -0.4224 -0.4002 -0.3895 -0.3944 -0.4132 -0.4435
 -0.4828 -0.5282 -0.5763 -0.6254 -0.6751 -0.7255 -0.7774 -0.8318 -0.8892 -0.9455
 -0.4028 -0.3381 -0.2878 -0.2520 -0.2312 -0.2253 -0.2335 -0.2553 -0.2869 -0.3207
 -0.3511 -0.3758 -0.3943 -0.4066 -0.4116 -0.3997 -0.3920 -0.3988 -0.4186 -0.4495
 -0.4892 -0.5355 -0.5850 -0.6356 -0.6864 -0.7375 -0.7891 -0.8420 -0.8972 -0.9555
 -1.0134
 -0.4000 -0.3381 -0.2900 -0.2546 -0.2307 -0.2183 -0.2169 -0.2257 -0.2434 -0.2680
 -0.2975 -0.3288 -0.3572 -0.3788 -0.3922 -0.3955 -0.3916 -0.4001 -0.4209 -0.4523
 -0.4926 -0.5398 -0.5910 -0.6436 -0.6962 -0.7485 -0.8010 -0.8537 -0.9078 -0.9635
 -1.0230
 -0.3894 -0.3310 -0.2868 -0.2547 -0.2331 -0.2205 -0.2159 -0.2189 -0.2289 -0.2445
 -0.2637 -0.2852 -0.3083 -0.3322 -0.3541 -0.3845 -0.3877 -0.3985 -0.4206 -0.4526
 -0.4934 -0.5415 -0.5945 -0.6496 -0.7046 -0.7589 -0.8129 -0.8666 -0.9205 -0.9753
 -1.0323
 -0.3639 -0.3150 -0.2758 -0.2480 -0.2300 -0.2200 -0.2163 -0.2176 -0.2233 -0.2333
 -0.2464 -0.2616 -0.2775 -0.2938 -0.3111 -0.3538 -0.3790 -0.3935 -0.4168 -0.4491
 -0.4901 -0.5386 -0.5930 -0.6504 -0.7082 -0.7652 -0.8212 -0.8764 -0.9311 -0.9861
 -1.0418
 -0.3163 -0.2803 -0.2518 -0.2305 -0.2173 -0.2114 -0.2107 -0.2135 -0.2188 -0.2261
 -0.2353 -0.2463 -0.2584 -0.2707 -0.2832 -0.3178 -0.3548 -0.3840 -0.4100 -0.4430
 -0.4839 -0.5324 -0.5874 -0.6467 -0.7073 -0.7673 -0.8261 -0.8835 -0.9400 -0.9960
 -1.0517
 -0.2434 -0.2233 -0.2076 -0.1968 -0.1910 -0.1907 -0.1946 -0.2009 -0.2084 -0.2163
 -0.2246 -0.2335 -0.2432 -0.2534 -0.2704 -0.2765 -0.3151 -0.3700 -0.4002
 [Fe/H] = -0.75 [alpha/Fe] = 0.30 BC value = F090W
 -1.1424 -1.1201 -1.0910 -1.0496 -0.9915 -0.9083 -0.7937 -0.6582 -0.5681 -0.5147
 -0.4848 -0.4579 -0.4319 -0.4061 -0.3802 -0.3274
 -0.9472 -0.9282 -0.9090 -0.8834 -0.8459 -0.7901 -0.7102 -0.6145 -0.5475 -0.5118
 -0.4893 -0.4678 -0.4444 -0.4203 -0.3969 -0.3502 -0.3216 -0.3111 -0.3209
 -0.7852 -0.7642 -0.7494 -0.7345 -0.7136 -0.6812 -0.6317 -0.5694 -0.5248 -0.5009
 -0.4860 -0.4707 -0.4515 -0.4301 -0.4091 -0.3675 -0.3437 -0.3370 -0.3488 -0.3775
 -0.4159
 -0.6564 -0.6281 -0.6122 -0.6029 -0.5946 -0.5817 -0.5582 -0.5229 -0.4958 -0.4820
 -0.4749 -0.4666 -0.4532 -0.4355 -0.4168 -0.3793 -0.3594 -0.3561 -0.3695 -0.3977
 -0.4364 -0.4803 -0.5274
 -0.5629 -0.5236 -0.5009 -0.4907 -0.4880 -0.4877 -0.4843 -0.4714 -0.4596 -0.4554
 -0.4559 -0.4553 -0.4490 -0.4366 -0.4209 -0.3874 -0.3706 -0.3701 -0.3850 -0.4132
 -0.4514 -0.4955 -0.5416 -0.5897 -0.6404
 -0.4898 -0.4456 -0.4165 -0.4010 -0.3971 -0.4016 -0.4099 -0.4148 -0.4167 -0.4218
 -0.4297 -0.4366 -0.4383 -0.4326 -0.4214 -0.3924 -0.3783 -0.3801 -0.3964 -0.4250
 -0.4630 -0.5073 -0.5545 -0.6031 -0.6530 -0.7045
 -0.4521 -0.3874 -0.3442 -0.3217 -0.3170 -0.3240 -0.3386 -0.3556 -0.3696 -0.3831
 -0.3974 -0.4110 -0.4203 -0.4226 -0.4176 -0.3947 -0.3832 -0.3870 -0.4045 -0.4336
 -0.4717 -0.5164 -0.5645 -0.6141 -0.6644 -0.7154 -0.7683 -0.8242 -0.8825 -0.9394
 -0.4483 -0.3778 -0.3229 -0.2845 -0.2624 -0.2557 -0.2640 -0.2857 -0.3136 -0.3398
 -0.3623 -0.3811 -0.3960 -0.4056 -0.4080 -0.3942 -0.3854 -0.3910 -0.4095 -0.4392
 -0.4778 -0.5230 -0.5723 -0.6233 -0.6748 -0.7268 -0.7796 -0.8335 -0.8899 -0.9491
 -1.0074
 -0.4459 -0.3764 -0.3213 -0.2795 -0.2509 -0.2350 -0.2312 -0.2383 -0.2558 -0.2808
 -0.3104 -0.3399 -0.3646 -0.3818 -0.3915 -0.3904 -0.3850 -0.3923 -0.4118 -0.4420
 -0.4810 -0.5269 -0.5775 -0.6303 -0.6836 -0.7369 -0.7903 -0.8443 -0.8993 -0.9564
 -1.0166
 -0.4381 -0.3713 -0.3187 -0.2789 -0.2507 -0.2327 -0.2243 -0.2248 -0.2334 -0.2486
 -0.2683 -0.2909 -0.3154 -0.3394 -0.3597 -0.3815 -0.3816 -0.3909 -0.4117 -0.4424
 -0.4820 -0.5286 -0.5806 -0.6356 -0.6911 -0.7464 -0.8014 -0.8562 -0.9112 -0.9673
 -1.0254
 -0.4216 -0.3610 -0.3116 -0.2750 -0.2492 -0.2328 -0.2240 -0.2217 -0.2255 -0.2345
 -0.2477 -0.2633 -0.2799 -0.2971 -0.3152 -0.3561 -0.3745 -0.3865 -0.4084 -0.4395
 -0.4792 -0.5263 -0.5793 -0.6362 -0.6942 -0.7519 -0.8089 -0.8651 -0.9211 -0.9772
 -1.0341
 -0.3859 -0.3362 -0.2950 -0.2629 -0.2411 -0.2277 -0.2211 -0.2194 -0.2216 -0.2272
 -0.2358 -0.2468 -0.2591 -0.2717 -0.2843 -0.3194 -0.3543 -0.3785 -0.4023 -0.4340
 -0.4737 -0.5209 -0.5744 -0.6327 -0.6931 -0.7535 -0.8130 -0.8715 -0.9290 -0.9861
 -1.0431
 -0.3251 -0.2901 -0.2607 -0.2379 -0.2218 -0.2130 -0.2100 -0.2110 -0.2145 -0.2197
 -0.2263 -0.2344 -0.2437 -0.2538 -0.2670 -0.2714 -0.3210 -0.3669 -0.3934
 [Fe/H] = -0.50 [alpha/Fe] = 0.20 BC value = F090W
 -1.3095 -1.2870 -1.2547 -1.2047 -1.1271 -1.0145 -0.8617 -0.6887 -0.5695 -0.5079
 -0.4755 -0.4508 -0.4263 -0.4025 -0.3801 -0.3309
 -1.1002 -1.0808 -1.0582 -1.0246 -0.9717 -0.8920 -0.7796 -0.6467 -0.5541 -0.5070
 -0.4810 -0.4601 -0.4385 -0.4164 -0.3951 -0.3514 -0.3235 -0.3112 -0.3168
 -0.9233 -0.9015 -0.8834 -0.8615 -0.8285 -0.7773 -0.7011 -0.6073 -0.5378 -0.5001
 -0.4797 -0.4633 -0.4453 -0.4256 -0.4059 -0.3666 -0.3430 -0.3346 -0.3432 -0.3688
 -0.4049
 -0.7788 -0.7491 -0.7303 -0.7154 -0.6976 -0.6703 -0.6262 -0.5655 -0.5154 -0.4865
 -0.4716 -0.4604 -0.4467 -0.4301 -0.4125 -0.3765 -0.3566 -0.3517 -0.3626 -0.3884
 -0.4257 -0.4695 -0.5164
 -0.6705 -0.6289 -0.6033 -0.5886 -0.5789 -0.5679 -0.5493 -0.5167 -0.4851 -0.4658
 -0.4569 -0.4513 -0.4431 -0.4307 -0.4157 -0.3831 -0.3661 -0.3641 -0.3769 -0.4033
 -0.4402 -0.4838 -0.5306 -0.5794 -0.6301
 -0.5891 -0.5403 -0.5061 -0.4857 -0.4760 -0.4726 -0.4702 -0.4606 -0.4464 -0.4376
 -0.4355 -0.4359 -0.4340 -0.4270 -0.4158 -0.3871 -0.3726 -0.3730 -0.3875 -0.4144
 -0.4512 -0.4948 -0.5421 -0.5911 -0.6416 -0.6939
 -0.5185 -0.4568 -0.4183 -0.3981 -0.3892 -0.3881 -0.3932 -0.3992 -0.4007 -0.4025
 -0.4076 -0.4142 -0.4188 -0.4182 -0.4121 -0.3889 -0.3767 -0.3791 -0.3949 -0.4225
 -0.4594 -0.5032 -0.5512 -0.6011 -0.6521 -0.7042 -0.7582 -0.8152 -0.8744 -0.9320
 -0.5027 -0.4275 -0.3702 -0.3312 -0.3093 -0.3033 -0.3111 -0.3288 -0.3473 -0.3621
 -0.3749 -0.3872 -0.3975 -0.4036 -0.4037 -0.3883 -0.3784 -0.3827 -0.3996 -0.4278
 -0.4651 -0.5092 -0.5580 -0.6093 -0.6614 -0.7143 -0.7681 -0.8233 -0.8811 -0.9413
 -1.0002
 -0.4983 -0.4216 -0.3602 -0.3135 -0.2812 -0.2626 -0.2564 -0.2620 -0.2786 -0.3022
 -0.3282 -0.3522 -0.3707 -0.3830 -0.3895 -0.3848 -0.3779 -0.3839 -0.4019 -0.4305
 -0.4682 -0.5128 -0.5626 -0.6153 -0.6692 -0.7233 -0.7779 -0.8329 -0.8892 -0.9478
 -1.0090
 -0.4919 -0.4168 -0.3563 -0.3094 -0.2751 -0.2523 -0.2402 -0.2379 -0.2445 -0.2584
 -0.2776 -0.3005 -0.3248 -0.3471 -0.3640 -0.3772 -0.3748 -0.3826 -0.4019 -0.4311
 -0.4693 -0.5146 -0.5654 -0.6199 -0.6758 -0.7318 -0.7879 -0.8439 -0.9003 -0.9577
 -1.0171
 -0.4818 -0.4097 -0.3513 -0.3063 -0.2733 -0.2506 -0.2368 -0.2309 -0.2322 -0.2398
 -0.2521 -0.2673 -0.2842 -0.3020 -0.3204 -0.3574 -0.3687 -0.3786 -0.3990 -0.4287
 -0.4669 -0.5127 -0.5643 -0.6202 -0.6782 -0.7364 -0.7943 -0.8517 -0.9090 -0.9664
 -1.0247
 -0.4561 -0.3926 -0.3400 -0.2981 -0.2678 -0.2474 -0.2349 -0.2286 -0.2275 -0.2311
 -0.2387 -0.2491 -0.2611 -0.2736 -0.2863 -0.3213 -0.3528 -0.3715 -0.3935 -0.4238
 -0.4621 -0.5079 -0.5600 -0.6170 -0.6768 -0.7374 -0.7977 -0.8571 -0.9159 -0.9743
 -1.0327
 -0.4073 -0.3571 -0.3141 -0.2798 -0.2537 -0.2368 -0.2272 -0.2229 -0.2224 -0.2248
 -0.2296 -0.2366 -0.2453 -0.2550 -0.2617 -0.2689 -0.3271 -0.3613 -0.3854
 [Fe/H] = -0.25 [alpha/Fe] = 0.10 BC value = F090W
 -1.4838 -1.4619 -1.4275 -1.3688 -1.2655 -1.1154 -0.9222 -0.6993 -0.5681 -0.4987
 -0.4642 -0.4396 -0.4168 -0.3935 -0.3774 -0.3316
 -1.2650 -1.2449 -1.2191 -1.1772 -1.1057 -0.9974 -0.8478 -0.6753 -0.5588 -0.5008
 -0.4720 -0.4515 -0.4316 -0.4116 -0.3919 -0.3510 -0.3250 -0.3119 -0.3134
 -1.0768 -1.0532 -1.0312 -1.0017 -0.9551 -0.8821 -0.7740 -0.6452 -0.5492 -0.4979
 -0.4724 -0.4552 -0.4383 -0.4202 -0.4020 -0.3650 -0.3422 -0.3326 -0.3378 -0.3594
 -0.3938
 -0.9192 -0.8868 -0.8638 -0.8423 -0.8136 -0.7694 -0.7008 -0.6107 -0.5348 -0.4898
 -0.4672 -0.4532 -0.4396 -0.4241 -0.4077 -0.3736 -0.3538 -0.3475 -0.3555 -0.3783
 -0.4136 -0.4565 -0.5036
 -0.7979 -0.7524 -0.7224 -0.7018 -0.6835 -0.6599 -0.6229 -0.5670 -0.5121 -0.4756
 -0.4566 -0.4462 -0.4365 -0.4244 -0.4103 -0.3790 -0.3619 -0.3583 -0.3685 -0.3924
 -0.4275 -0.4704 -0.5173 -0.5662 -0.6179
 -0.7076 -0.6518 -0.6120 -0.5858 -0.5691 -0.5562 -0.5404 -0.5131 -0.4795 -0.4541
 -0.4405 -0.4342 -0.4289 -0.4209 -0.4099 -0.3822 -0.3673 -0.3661 -0.3781 -0.4029
 -0.4381 -0.4808 -0.5280 -0.5774 -0.6284 -0.6817
 -0.6081 -0.5516 -0.5159 -0.4914 -0.4741 -0.4637 -0.4583 -0.4511 -0.4374 -0.4247
 -0.4182 -0.4169 -0.4165 -0.4133 -0.4063 -0.3833 -0.3706 -0.3714 -0.3849 -0.4104
 -0.4458 -0.4886 -0.5363 -0.5865 -0.6380 -0.6910 -0.7461 -0.8045 -0.8647 -0.9232
 -0.5713 -0.4922 -0.4342 -0.3964 -0.3761 -0.3703 -0.3736 -0.3817 -0.3867 -0.3878
 -0.3897 -0.3941 -0.3988 -0.4010 -0.3989 -0.3824 -0.3718 -0.3746 -0.3894 -0.4154
 -0.4512 -0.4942 -0.5424 -0.5937 -0.6463 -0.6999 -0.7546 -0.8113 -0.8706 -0.9319
 -0.9916
 -0.5619 -0.4775 -0.4099 -0.3591 -0.3243 -0.3036 -0.2956 -0.2995 -0.3137 -0.3321
 -0.3500 -0.3649 -0.3760 -0.3834 -0.3867 -0.3790 -0.3710 -0.3755 -0.3916 -0.4182
 -0.4542 -0.4976 -0.5464 -0.5989 -0.6530 -0.7078 -0.7634 -0.8197 -0.8775 -0.9376
 -0.9999
 -0.5558 -0.4710 -0.4022 -0.3485 -0.3085 -0.2813 -0.2657 -0.2602 -0.2641 -0.2757
 -0.2933 -0.3147 -0.3364 -0.3547 -0.3667 -0.3722 -0.3678 -0.3741 -0.3917 -0.4190
 -0.4555 -0.4995 -0.5491 -0.6028 -0.6586 -0.7152 -0.7722 -0.8294 -0.8872 -0.9461
 -1.0071
 -0.5497 -0.4655 -0.3978 -0.3445 -0.3042 -0.2755 -0.2568 -0.2471 -0.2454 -0.2506
 -0.2610 -0.2750 -0.2914 -0.3090 -0.3267 -0.3572 -0.3623 -0.3703 -0.3890 -0.4170
 -0.4536 -0.4979 -0.5482 -0.6029 -0.6604 -0.7188 -0.7775 -0.8361 -0.8946 -0.9536
 -1.0134
 -0.5319 -0.4545 -0.3897 -0.3383 -0.2997 -0.2722 -0.2538 -0.2429 -0.2384 -0.2395
 -0.2452 -0.2543 -0.2653 -0.2771 -0.2896 -0.3237 -0.3501 -0.3638 -0.3839 -0.4126
 -0.4493 -0.4937 -0.5444 -0.5999 -0.6587 -0.7192 -0.7799 -0.8403 -0.9003 -0.9602
 -1.0201
 -0.4934 -0.4274 -0.3708 -0.3248 -0.2890 -0.2642 -0.2480 -0.2383 -0.2337 -0.2330
 -0.2357 -0.2412 -0.2487 -0.2574 -0.2554 -0.2717 -0.3312 -0.3546 -0.3764
 [Fe/H] =  0.00 [alpha/Fe] = 0.00 BC value = F090W
 -1.6590 -1.6362 -1.5996 -1.4822 -1.3012 -1.0920 -0.8837 -0.7004 -0.5639 -0.4897
 -0.4539 -0.4302 -0.4069 -0.3869 -0.3664 -0.3193
 -1.4445 -1.4208 -1.3896 -1.3375 -1.2487 -1.1007 -0.9035 -0.6946 -0.5604 -0.4943
 -0.4631 -0.4428 -0.4244 -0.4054 -0.3873 -0.3491 -0.3249 -0.3127 -0.3113
 -1.2493 -1.2204 -1.1920 -1.1525 -1.0893 -0.9897 -0.8430 -0.6773 -0.5577 -0.4950
 -0.4653 -0.4473 -0.4311 -0.4143 -0.3973 -0.3624 -0.3408 -0.3308 -0.3331 -0.3501
 -0.3826
 -1.0833 -1.0440 -1.0137 -0.9827 -0.9402 -0.8751 -0.7765 -0.6534 -0.5516 -0.4919
 -0.4626 -0.4464 -0.4328 -0.4182 -0.4028 -0.3703 -0.3510 -0.3437 -0.3489 -0.3681
 -0.4005 -0.4422 -0.4890
 -0.9533 -0.8992 -0.8610 -0.8314 -0.8015 -0.7617 -0.7018 -0.6182 -0.5380 -0.4842
 -0.4560 -0.4414 -0.4303 -0.4184 -0.4051 -0.3751 -0.3580 -0.3530 -0.3605 -0.3812
 -0.4139 -0.4554 -0.5021 -0.5516 -0.6045
 -0.8347 -0.7887 -0.7398 -0.7046 -0.6778 -0.6521 -0.6192 -0.5698 -0.5137 -0.4703
 -0.4452 -0.4325 -0.4241 -0.4153 -0.4045 -0.3778 -0.3627 -0.3598 -0.3690 -0.3909
 -0.4239 -0.4654 -0.5123 -0.5620 -0.6132 -0.6677
 -0.7321 -0.6779 -0.6373 -0.6027 -0.5745 -0.5529 -0.5343 -0.5103 -0.4779 -0.4482
 -0.4291 -0.4196 -0.4143 -0.4088 -0.4011 -0.3784 -0.3654 -0.3646 -0.3752 -0.3979
 -0.4313 -0.4728 -0.5200 -0.5703 -0.6223 -0.6758 -0.7322 -0.7922 -0.8533 -0.9128
 -0.6638 -0.5801 -0.5213 -0.4848 -0.4654 -0.4556 -0.4491 -0.4429 -0.4314 -0.4171
 -0.4066 -0.4019 -0.4004 -0.3986 -0.3945 -0.3772 -0.3661 -0.3674 -0.3794 -0.4026
 -0.4364 -0.4781 -0.5256 -0.5767 -0.6297 -0.6837 -0.7393 -0.7975 -0.8585 -0.9207
 -0.9814
 -0.6452 -0.5506 -0.4763 -0.4213 -0.3838 -0.3611 -0.3512 -0.3527 -0.3610 -0.3690
 -0.3745 -0.3784 -0.3818 -0.3842 -0.3842 -0.3736 -0.3648 -0.3679 -0.3816 -0.4054
 -0.4393 -0.4814 -0.5293 -0.5812 -0.6353 -0.6906 -0.7470 -0.8045 -0.8637 -0.9256
 -0.9890
 -0.6378 -0.5405 -0.4617 -0.4002 -0.3544 -0.3227 -0.3031 -0.2940 -0.2943 -0.3027
 -0.3169 -0.3340 -0.3502 -0.3620 -0.3684 -0.3673 -0.3614 -0.3662 -0.3817 -0.4065
 -0.4408 -0.4833 -0.5318 -0.5846 -0.6401 -0.6969 -0.7545 -0.8128 -0.8720 -0.9325
 -0.9953
 -0.6346 -0.5361 -0.4564 -0.3933 -0.3452 -0.3102 -0.2864 -0.2724 -0.2669 -0.2686
 -0.2760 -0.2879 -0.3027 -0.3191 -0.3345 -0.3557 -0.3560 -0.3622 -0.3792 -0.4049
 -0.4394 -0.4820 -0.5310 -0.5845 -0.6412 -0.6995 -0.7586 -0.8181 -0.8780 -0.9386
 -1.0000
 -0.6224 -0.5289 -0.4501 -0.3879 -0.3401 -0.3050 -0.2806 -0.2647 -0.2562 -0.2540
 -0.2569 -0.2636 -0.2726 -0.2833 -0.2951 -0.3266 -0.3463 -0.3561 -0.3742 -0.4010
 -0.4357 -0.4783 -0.5275 -0.5816 -0.6393 -0.6991 -0.7601 -0.8213 -0.8824 -0.9436
 -1.0052
 -0.5919 -0.5079 -0.4361 -0.3771 -0.3313 -0.2980 -0.2749 -0.2596 -0.2506 -0.2464
 -0.2462 -0.2495 -0.2550 -0.2620 -0.2502 -0.2800 -0.3323 -0.3479 -0.3667
 [Fe/H] =  0.25 [alpha/Fe] = 0.00 BC value = F090W
 -1.8493 -1.8487 -1.8320 -1.6166 -1.2836 -0.9914 -0.8061 -0.7110 -0.5601 -0.4706
 -0.4285 -0.4063 -0.3887 -0.3687 -0.3520 -0.3132
 -1.6299 -1.6274 -1.6136 -1.5168 -1.3502 -1.1462 -0.9316 -0.7285 -0.5641 -0.4765
 -0.4382 -0.4188 -0.4038 -0.3892 -0.3736 -0.3403 -0.3191 -0.3102 -0.3079
 -1.4295 -1.4198 -1.4057 -1.3721 -1.3004 -1.1649 -0.9653 -0.7336 -0.5697 -0.4808
 -0.4414 -0.4229 -0.4100 -0.3972 -0.3836 -0.3532 -0.3342 -0.3260 -0.3279 -0.3418
 -0.3696
 -1.2481 -1.2259 -1.2083 -1.1825 -1.1342 -1.0475 -0.9073 -0.7261 -0.5742 -0.4836
 -0.4410 -0.4221 -0.4109 -0.4002 -0.3885 -0.3606 -0.3433 -0.3371 -0.3414 -0.3577
 -0.3862 -0.4246 -0.4707
 -1.0967 -1.0574 -1.0306 -1.0067 -0.9740 -0.9198 -0.8308 -0.7017 -0.5730 -0.4842
 -0.4383 -0.4179 -0.4077 -0.3994 -0.3899 -0.3652 -0.3496 -0.3451 -0.3514 -0.3694
 -0.3993 -0.4386 -0.4845 -0.5343 -0.5872
 -0.9795 -0.9221 -0.8816 -0.8520 -0.8254 -0.7915 -0.7392 -0.6574 -0.5597 -0.4802
 -0.4333 -0.4113 -0.4015 -0.3952 -0.3882 -0.3675 -0.3539 -0.3510 -0.3589 -0.3782
 -0.4088 -0.4483 -0.4942 -0.5440 -0.5962 -0.6513
 -0.8721 -0.8139 -0.7646 -0.7261 -0.6963 -0.6702 -0.6399 -0.5943 -0.5306 -0.4678
 -0.4245 -0.4024 -0.3928 -0.3881 -0.3836 -0.3677 -0.3563 -0.3553 -0.3645 -0.3847
 -0.4158 -0.4557 -0.5017 -0.5518 -0.6041 -0.6585 -0.7158 -0.7774 -0.8394 -0.9001
 -0.7411 -0.6776 -0.6354 -0.6094 -0.5863 -0.5635 -0.5422 -0.5190 -0.4849 -0.4437
 -0.4097 -0.3900 -0.3814 -0.3783 -0.3761 -0.3658 -0.3568 -0.3578 -0.3685 -0.3893
 -0.4208 -0.4609 -0.5072 -0.5577 -0.6107 -0.6653 -0.7218 -0.7809 -0.8437 -0.9070
 -0.9688
 -0.6961 -0.6054 -0.5371 -0.4900 -0.4604 -0.4441 -0.4359 -0.4299 -0.4212 -0.4046
 -0.3857 -0.3724 -0.3666 -0.3655 -0.3657 -0.3614 -0.3553 -0.3582 -0.3707 -0.3922
 -0.4239 -0.4643 -0.5109 -0.5619 -0.6156 -0.6709 -0.7278 -0.7864 -0.8470 -0.9109
 -0.9754
 -0.6806 -0.5820 -0.5020 -0.4400 -0.3946 -0.3634 -0.3434 -0.3336 -0.3317 -0.3345
 -0.3378 -0.3412 -0.3447 -0.3484 -0.3518 -0.3542 -0.3516 -0.3564 -0.3709 -0.3937
 -0.4257 -0.4664 -0.5134 -0.5650 -0.6195 -0.6760 -0.7340 -0.7931 -0.8536 -0.9159
 -0.9806
 -0.6764 -0.5742 -0.4897 -0.4220 -0.3695 -0.3307 -0.3037 -0.2863 -0.2773 -0.2756
 -0.2801 -0.2896 -0.3022 -0.3158 -0.3279 -0.3436 -0.3458 -0.3523 -0.3685 -0.3926
 -0.4249 -0.4656 -0.5129 -0.5649 -0.6202 -0.6777 -0.7368 -0.7969 -0.8579 -0.9200
 -0.9834
 -0.6732 -0.5701 -0.4835 -0.4138 -0.3589 -0.3173 -0.2872 -0.2667 -0.2545 -0.2493
 -0.2499 -0.2555 -0.2648 -0.2767 -0.2901 -0.3214 -0.3371 -0.3462 -0.3637 -0.3892
 -0.4221 -0.4626 -0.5100 -0.5624 -0.6183 -0.6768 -0.7373 -0.7988 -0.8608 -0.9235
 -0.9868
 -0.6596 -0.5610 -0.4766 -0.4060 -0.3511 -0.3091 -0.2786 -0.2573 -0.2438 -0.2367
 -0.2350 -0.2378 -0.2438 -0.2520 -0.2384 -0.2876 -0.3255 -0.3381 -0.3565
 [Fe/H] =  0.50 [alpha/Fe] = 0.00 BC value = F090W
 -1.9835 -2.0040 -1.8495 -1.5732 -1.3174 -1.1004 -0.9015 -0.7171 -0.5605 -0.4545
 -0.4024 -0.3788 -0.3640 -0.3499 -0.3321 -0.2974
 -1.7776 -1.8002 -1.7549 -1.6489 -1.4884 -1.2788 -1.0249 -0.7577 -0.5733 -0.4628
 -0.4129 -0.3913 -0.3787 -0.3674 -0.3556 -0.3274 -0.3101 -0.3040 -0.3023
 -1.5808 -1.5982 -1.6040 -1.5861 -1.4954 -1.3235 -1.0742 -0.7864 -0.5875 -0.4711
 -0.4177 -0.3957 -0.3845 -0.3752 -0.3651 -0.3400 -0.3241 -0.3180 -0.3209 -0.3338
 -0.3576
 -1.3931 -1.3980 -1.3968 -1.3847 -1.3385 -1.2346 -1.0494 -0.8051 -0.6042 -0.4805
 -0.4204 -0.3955 -0.3849 -0.3775 -0.3695 -0.3474 -0.3324 -0.3276 -0.3321 -0.3463
 -0.3721 -0.4083 -0.4530
 -1.2280 -1.2104 -1.2019 -1.1905 -1.1613 -1.0969 -0.9782 -0.7987 -0.6171 -0.4903
 -0.4223 -0.3930 -0.3816 -0.3758 -0.3700 -0.3518 -0.3384 -0.3347 -0.3407 -0.3567
 -0.3837 -0.4208 -0.4655 -0.5153 -0.5693
 -1.0940 -1.0544 -1.0299 -1.0123 -0.9910 -0.9520 -0.8810 -0.7639 -0.6184 -0.4973
 -0.4239 -0.3894 -0.3759 -0.3709 -0.3673 -0.3540 -0.3426 -0.3402 -0.3474 -0.3645
 -0.3926 -0.4301 -0.4748 -0.5244 -0.5772 -0.6335
 -0.9869 -0.9307 -0.8893 -0.8597 -0.8361 -0.8094 -0.7684 -0.6995 -0.5995 -0.4969
 -0.4239 -0.3850 -0.3688 -0.3636 -0.3617 -0.3538 -0.3450 -0.3443 -0.3526 -0.3706
 -0.3992 -0.4373 -0.4821 -0.5318 -0.5844 -0.6394 -0.6979 -0.7602 -0.8235 -0.8857
 -0.8549 -0.7895 -0.7695 -0.7362 -0.7065 -0.6802 -0.6531 -0.6154 -0.5567 -0.4828
 -0.4187 -0.3790 -0.3604 -0.3544 -0.3535 -0.3510 -0.3455 -0.3467 -0.3564 -0.3752
 -0.4041 -0.4425 -0.4876 -0.5375 -0.5903 -0.6452 -0.7025 -0.7628 -0.8272 -0.8913
 -0.9545
 -0.7487 -0.6721 -0.6212 -0.5921 -0.5753 -0.5613 -0.5434 -0.5218 -0.4928 -0.4502
 -0.4036 -0.3687 -0.3500 -0.3435 -0.3431 -0.3455 -0.3438 -0.3472 -0.3587 -0.3782
 -0.4074 -0.4459 -0.4913 -0.5414 -0.5946 -0.6499 -0.7072 -0.7666 -0.8286 -0.8943
 -0.9598
 -0.7184 -0.6243 -0.5497 -0.4946 -0.4570 -0.4328 -0.4184 -0.4100 -0.4025 -0.3900
 -0.3695 -0.3487 -0.3352 -0.3301 -0.3305 -0.3372 -0.3396 -0.3453 -0.3589 -0.3799
 -0.4095 -0.4481 -0.4938 -0.5444 -0.5982 -0.6542 -0.7121 -0.7718 -0.8333 -0.8972
 -0.9639
 -0.7092 -0.6082 -0.5243 -0.4570 -0.4054 -0.3679 -0.3415 -0.3234 -0.3123 -0.3073
 -0.3050 -0.3039 -0.3047 -0.3080 -0.3131 -0.3262 -0.3331 -0.3411 -0.3566 -0.3793
 -0.4093 -0.4477 -0.4934 -0.5443 -0.5985 -0.6551 -0.7139 -0.7742 -0.8360 -0.8994
 -0.9645
 -0.7076 -0.6020 -0.5139 -0.4414 -0.3837 -0.3393 -0.3065 -0.2833 -0.2676 -0.2583
 -0.2546 -0.2560 -0.2617 -0.2707 -0.2816 -0.3088 -0.3241 -0.3348 -0.3519 -0.3762
 -0.4071 -0.4454 -0.4909 -0.5419 -0.5966 -0.6539 -0.7136 -0.7748 -0.8373 -0.9011
 -0.9659
 -0.7036 -0.5985 -0.5077 -0.4329 -0.3725 -0.3253 -0.2897 -0.2639 -0.2463 -0.2355
 -0.2302 -0.2299 -0.2338 -0.2411 -0.2360 -0.2850 -0.3126 -0.3264 -0.3448
 [Fe/H] =  0.75 [alpha/Fe] = 0.00 BC value = F090W
 -2.0808 -1.6768 -1.1838 -0.7389 -0.5660 -0.5990 -0.6937 -0.7242 -0.5617 -0.4431
 -0.3774 -0.3493 -0.3352 -0.3251 -0.3133 -0.2919
 -1.8882 -1.7767 -1.6463 -1.4993 -1.3374 -1.1622 -0.9752 -0.7777 -0.5854 -0.4545
 -0.3892 -0.3620 -0.3495 -0.3409 -0.3322 -0.3098 -0.2973 -0.2938 -0.2947
 -1.6974 -1.7379 -1.7727 -1.7767 -1.6608 -1.4367 -1.1400 -0.8275 -0.6099 -0.4681
 -0.3967 -0.3674 -0.3554 -0.3483 -0.3413 -0.3224 -0.3096 -0.3064 -0.3104 -0.3216
 -0.3429
 -1.5084 -1.5606 -1.5629 -1.5712 -1.5363 -1.4224 -1.1880 -0.8765 -0.6391 -0.4849
 -0.4034 -0.3688 -0.3560 -0.3503 -0.3454 -0.3297 -0.3177 -0.3149 -0.3203 -0.3336
 -0.3569 -0.3910 -0.4345
 -1.3341 -1.3429 -1.3583 -1.3663 -1.3484 -1.2807 -1.1356 -0.9020 -0.6678 -0.5043
 -0.4112 -0.3690 -0.3533 -0.3482 -0.3454 -0.3343 -0.3236 -0.3213 -0.3277 -0.3425
 -0.3674 -0.4020 -0.4451 -0.4949 -0.5501
 -1.1878 -1.1725 -1.1704 -1.1712 -1.1617 -1.1234 -1.0369 -0.8829 -0.6862 -0.5228
 -0.4205 -0.3694 -0.3491 -0.3432 -0.3420 -0.3364 -0.3281 -0.3266 -0.3337 -0.3495
 -0.3751 -0.4106 -0.4541 -0.5032 -0.5567 -0.6144
 -1.0718 -1.0326 -1.0094 -0.9965 -0.9848 -0.9623 -0.9137 -0.8216 -0.6821 -0.5359
 -0.4296 -0.3705 -0.3445 -0.3364 -0.3357 -0.3357 -0.3309 -0.3308 -0.3388 -0.3551
 -0.3813 -0.4173 -0.4610 -0.5102 -0.5631 -0.6189 -0.6788 -0.7427 -0.8060 -0.8697
 -0.9581 -0.9149 -0.8796 -0.8517 -0.8303 -0.8099 -0.7811 -0.7302 -0.6451 -0.5342
 -0.4351 -0.3714 -0.3398 -0.3285 -0.3272 -0.3320 -0.3314 -0.3335 -0.3427 -0.3597
 -0.3861 -0.4223 -0.4662 -0.5156 -0.5684 -0.6239 -0.6819 -0.7435 -0.8090 -0.8738
 -0.9385
 -0.8065 -0.7617 -0.7327 -0.7159 -0.7003 -0.6784 -0.6539 -0.6243 -0.5783 -0.5090
 -0.4305 -0.3695 -0.3348 -0.3201 -0.3173 -0.3252 -0.3294 -0.3341 -0.3452 -0.3631
 -0.3897 -0.4258 -0.4698 -0.5193 -0.5723 -0.6278 -0.6855 -0.7455 -0.8089 -0.8759
 -0.9423
 -0.7499 -0.6670 -0.6068 -0.5671 -0.5453 -0.5348 -0.5266 -0.5126 -0.4899 -0.4551
 -0.4068 -0.3591 -0.3263 -0.3103 -0.3062 -0.3158 -0.3246 -0.3323 -0.3456 -0.3652
 -0.3922 -0.4282 -0.4724 -0.5221 -0.5755 -0.6313 -0.6893 -0.7493 -0.8117 -0.8769
 -0.9453
 -0.7320 -0.6372 -0.5588 -0.4977 -0.4534 -0.4232 -0.4029 -0.3894 -0.3798 -0.3694
 -0.3529 -0.3299 -0.3089 -0.2965 -0.2931 -0.3040 -0.3171 -0.3280 -0.3434 -0.3649
 -0.3927 -0.4285 -0.4723 -0.5220 -0.5756 -0.6318 -0.6901 -0.7504 -0.8127 -0.8772
 -0.9437
 -0.7267 -0.6260 -0.5403 -0.4697 -0.4135 -0.3709 -0.3398 -0.3172 -0.3004 -0.2883
 -0.2801 -0.2739 -0.2692 -0.2677 -0.2704 -0.2891 -0.3071 -0.3212 -0.3387 -0.3621
 -0.3911 -0.4269 -0.4703 -0.5199 -0.5737 -0.6302 -0.6891 -0.7499 -0.8125 -0.8769
 -0.9431
 -0.7263 -0.6220 -0.5319 -0.4566 -0.3951 -0.3463 -0.3090 -0.2814 -0.2614 -0.2471
 -0.2374 -0.2321 -0.2310 -0.2339 -0.2381 -0.2711 -0.2946 -0.3119 -0.3315
 [Fe/H] =  1.00 [alpha/Fe] = 0.00 BC value = F090W
 -2.1540 -0.9525  0.0948  0.3856  0.2296 -0.2765 -0.7901 -0.7535 -0.5688 -0.4359
 -0.3560 -0.3195 -0.3038 -0.2951 -0.2885 -0.2727
 -1.9714 -1.8590 -1.7253 -1.5725 -1.4028 -1.2179 -1.0196 -0.8091 -0.6021 -0.4532
 -0.3691 -0.3327 -0.3178 -0.3102 -0.3042 -0.2887 -0.2802 -0.2795 -0.2850
 -1.7840 -2.1663 -2.3231 -2.2775 -2.0500 -1.6582 -1.1860 -0.8689 -0.6380 -0.4734
 -0.3805 -0.3397 -0.3240 -0.3173 -0.3126 -0.3002 -0.2909 -0.2905 -0.2971 -0.3089
 -0.3290
 -1.5918 -1.8741 -1.6985 -1.7295 -1.7120 -1.5973 -1.2894 -0.9329 -0.6789 -0.4981
 -0.3928 -0.3441 -0.3255 -0.3193 -0.3164 -0.3072 -0.2988 -0.2984 -0.3055 -0.3189
 -0.3406 -0.3725 -0.4147
 -1.4099 -1.4471 -1.4886 -1.5198 -1.5194 -1.4568 -1.2904 -0.9980 -0.7229 -0.5274
 -0.4079 -0.3484 -0.3246 -0.3176 -0.3161 -0.3118 -0.3048 -0.3043 -0.3119 -0.3264
 -0.3495 -0.3824 -0.4242 -0.4737 -0.5300
 -1.2531 -1.2658 -1.2900 -1.3141 -1.3226 -1.2918 -1.1958 -1.0071 -0.7599 -0.5574
 -0.4252 -0.3540 -0.3231 -0.3134 -0.3125 -0.3137 -0.3096 -0.3096 -0.3174 -0.3327
 -0.3565 -0.3900 -0.4320 -0.4808 -0.5349 -0.5944
 -1.1269 -1.1124 -1.1137 -1.1231 -1.1293 -1.1168 -1.0658 -0.9534 -0.7735 -0.5839
 -0.4442 -0.3617 -0.3221 -0.3080 -0.3063 -0.3125 -0.3127 -0.3141 -0.3223 -0.3380
 -0.3622 -0.3960 -0.4385 -0.4871 -0.5400 -0.5973 -0.6590 -0.7230 -0.7871 -0.8523
 -1.0237 -0.9896 -0.9684 -0.9582 -0.9535 -0.9447 -0.9185 -0.8576 -0.7461 -0.5959
 -0.4607 -0.3706 -0.3222 -0.3026 -0.2984 -0.3079 -0.3134 -0.3172 -0.3265 -0.3426
 -0.3669 -0.4007 -0.4432 -0.4919 -0.5445 -0.6005 -0.6602 -0.7235 -0.7894 -0.8549
 -0.9211
 -0.8745 -0.8576 -0.8403 -0.8230 -0.8064 -0.7906 -0.7712 -0.7388 -0.6778 -0.5806
 -0.4677 -0.3774 -0.3231 -0.2975 -0.2898 -0.3002 -0.3110 -0.3183 -0.3293 -0.3463
 -0.3706 -0.4042 -0.4465 -0.4953 -0.5483 -0.6042 -0.6624 -0.7236 -0.7884 -0.8561
 -0.9232
 -0.7734 -0.7106 -0.6743 -0.6587 -0.6563 -0.6527 -0.6390 -0.6154 -0.5820 -0.5285
 -0.4529 -0.3763 -0.3216 -0.2920 -0.2809 -0.2899 -0.3055 -0.3165 -0.3301 -0.3487
 -0.3736 -0.4070 -0.4491 -0.4979 -0.5511 -0.6071 -0.6655 -0.7259 -0.7890 -0.8556
 -0.9251
 -0.7431 -0.6591 -0.5920 -0.5439 -0.5138 -0.4974 -0.4898 -0.4844 -0.4729 -0.4491
 -0.4106 -0.3601 -0.3143 -0.2849 -0.2715 -0.2778 -0.2969 -0.3120 -0.3282 -0.3488
 -0.3748 -0.4079 -0.4494 -0.4978 -0.5509 -0.6070 -0.6654 -0.7259 -0.7884 -0.8536
 -0.9215
 -0.7323 -0.6401 -0.5614 -0.4968 -0.4471 -0.4114 -0.3869 -0.3695 -0.3564 -0.3450
 -0.3316 -0.3125 -0.2884 -0.2680 -0.2571 -0.2641 -0.2858 -0.3047 -0.3235 -0.3463
 -0.3739 -0.4073 -0.4481 -0.4960 -0.5489 -0.6051 -0.6638 -0.7244 -0.7869 -0.8516
 -0.9185
 -0.7301 -0.6322 -0.5478 -0.4761 -0.4173 -0.3708 -0.3357 -0.3098 -0.2903 -0.2746
 -0.2616 -0.2510 -0.2422 -0.2352 -0.2377 -0.2488 -0.2722 -0.2946 -0.3160
