 [Fe/H] = -4.00 [alpha/Fe] = 0.40 BC value =  B   
 -5.2833 -3.2841 -1.5041 -1.8788 -4.8442-10.0921 -8.0813 -5.0256 -3.3502 -3.3739
 -3.2746 -3.1498 -3.6951 -4.2411 -4.3116 -3.3983
 -7.0120 -5.9232 -4.8159 -4.6815 -5.6981 -8.0758 -7.2403 -5.8843 -4.9253 -4.5853
 -4.2895 -4.0975 -4.2154 -4.3328 -4.2117 -3.3529 -2.7919 -2.4340 -2.3031
 -7.5108 -6.9851 -6.3736 -6.0060 -5.9462 -6.4958 -6.2651 -5.8732 -5.4381 -5.0380
 -4.7155 -4.4971 -4.3614 -4.2174 -3.9967 -3.2384 -2.6700 -2.3328 -2.1289 -1.9491
 -1.6811
 -6.7797 -6.4698 -6.1772 -5.8523 -5.5885 -5.3520 -5.1557 -4.9923 -4.8886 -4.7319
 -4.5525 -4.3486 -4.1330 -3.8950 -3.6666 -3.0548 -2.5985 -2.2642 -2.0162 -1.8248
 -1.6699 -1.5378 -1.4232
 -6.3686 -6.1153 -5.8643 -5.5946 -5.3389 -5.0932 -4.8688 -4.6706 -4.4964 -4.3363
 -4.1750 -4.0010 -3.8160 -3.6216 -3.4227 -2.9280 -2.5168 -2.2170 -1.9963 -1.8248
 -1.6840 -1.5628 -1.4554 -1.3583 -1.2689
 -5.9600 -5.7536 -5.5408 -5.3175 -5.0843 -4.8485 -4.6189 -4.4062 -4.2148 -4.0430
 -3.8840 -3.7284 -3.5672 -3.4016 -3.2311 -2.8218 -2.4569 -2.1842 -1.9842 -1.8289
 -1.7006 -1.5894 -1.4895 -1.3981 -1.3138 -1.2355
 -5.5539 -5.3847 -5.2067 -5.0210 -4.8246 -4.6179 -4.4060 -4.1991 -4.0059 -3.8301
 -3.6711 -3.5236 -3.3812 -3.2385 -3.0918 -2.7362 -2.4188 -2.1658 -1.9799 -1.8371
 -1.7197 -1.6176 -1.5256 -1.4404 -1.3610 -1.2868 -1.2186 -1.1541 -1.0959 -1.0594
 -5.1502 -5.0086 -4.8620 -4.7111 -4.5525 -4.3837 -4.2048 -4.0213 -3.8409 -3.6713
 -3.5160 -3.3738 -3.2422 -3.1158 -2.9902 -2.6782 -2.3954 -2.1598 -1.9809 -1.8459
 -1.7374 -1.6441 -1.5600 -1.4820 -1.4085 -1.3390 -1.2739 -1.2138 -1.1590 -1.1126
 -1.0855
 -4.7630 -4.6454 -4.5254 -4.4033 -4.2772 -4.1449 -4.0038 -3.8537 -3.6984 -3.5451
 -3.3991 -3.2640 -3.1395 -3.0235 -2.9117 -2.6386 -2.3821 -2.1622 -1.9873 -1.8545
 -1.7512 -1.6655 -1.5896 -1.5194 -1.4531 -1.3897 -1.3296 -1.2722 -1.2199 -1.1754
 -1.1403
 -4.4067 -4.3074 -4.2091 -4.1118 -4.0124 -3.9100 -3.8019 -3.6861 -3.5620 -3.4322
 -3.3025 -3.1780 -3.0608 -2.9516 -2.8486 -2.6051 -2.3712 -2.1651 -1.9957 -1.8625
 -1.7603 -1.6794 -1.6110 -1.5491 -1.4909 -1.4349 -1.3812 -1.3299 -1.2817 -1.2386
 -1.2007
 -4.0796 -4.0020 -3.9236 -3.8446 -3.7666 -3.6871 -3.6048 -3.5180 -3.4244 -3.3225
 -3.2157 -3.1074 -3.0005 -2.8973 -2.7994 -2.5736 -2.3645 -2.1694 -2.0058 -1.8734
 -1.7697 -1.6896 -1.6257 -1.5711 -1.5213 -1.4738 -1.4279 -1.3835 -1.3408 -1.3007
 -1.2634
 -3.7928 -3.7292 -3.6661 -3.6034 -3.5417 -3.4794 -3.4166 -3.3514 -3.2817 -3.2034
 -3.1182 -3.0291 -2.9386 -2.8487 -2.7610 -2.5518 -2.3550 -2.1717 -2.0128 -1.8826
 -1.7786 -1.6974 -1.6346 -1.5846 -1.5420 -1.5029 -1.4656 -1.4293 -1.3938 -1.3597
 -1.3277
 -3.5462 -3.4891 -3.4366 -3.3882 -3.3377 -3.2869 -3.2400 -3.1904 -3.1378 -3.0799
 -3.0166 -2.9484 -2.8757 -2.8058 -2.7334 -2.5400 -2.3427 -2.1720 -2.0167
 [Fe/H] = -3.00 [alpha/Fe] = 0.40 BC value =  B   
 -6.8398 -6.5010 -6.2756 -6.1773 -6.2272 -6.7409 -6.4113 -6.0595 -5.7673 -5.5327
 -5.2304 -4.9286 -4.7657 -4.6324 -4.4203 -3.6672
 -6.6964 -6.3386 -6.0695 -5.8949 -5.8273 -6.0255 -5.8222 -5.5940 -5.3758 -5.1696
 -4.9309 -4.6864 -4.4882 -4.2976 -4.0728 -3.4217 -2.8691 -2.4464 -2.1272
 -6.5419 -6.1776 -5.8808 -5.6514 -5.4953 -5.4666 -5.3296 -5.1755 -5.0063 -4.8242
 -4.6309 -4.4277 -4.2162 -3.9975 -3.7727 -3.2105 -2.7267 -2.3503 -2.0683 -1.8514
 -1.6763
 -6.3763 -6.0180 -5.7095 -5.4468 -5.2311 -5.0642 -4.9335 -4.8038 -4.6591 -4.4966
 -4.3304 -4.1525 -3.9497 -3.7321 -3.5200 -3.0336 -2.6119 -2.2769 -2.0262 -1.8325
 -1.6751 -1.5416 -1.4219
 -6.1996 -5.8598 -5.5556 -5.2811 -5.0347 -4.8183 -4.6339 -4.4791 -4.3340 -4.1867
 -4.0295 -3.8607 -3.6886 -3.5013 -3.3147 -2.8910 -2.5247 -2.2262 -2.0009 -1.8266
 -1.6839 -1.5615 -1.4531 -1.3555 -1.2657
 -6.0118 -5.7030 -5.4191 -5.1543 -4.9061 -4.6758 -4.4655 -4.2780 -4.1119 -3.9606
 -3.8108 -3.6539 -3.4954 -3.3298 -3.1611 -2.7841 -2.4620 -2.1936 -1.9882 -1.8294
 -1.6991 -1.5866 -1.4861 -1.3944 -1.3100 -1.2318
 -5.8040 -5.5317 -5.2777 -5.0347 -4.8004 -4.5748 -4.3604 -4.1602 -3.9775 -3.8115
 -3.6575 -3.5093 -3.3617 -3.2154 -3.0625 -2.7118 -2.4209 -2.1753 -1.9837 -1.8367
 -1.7171 -1.6137 -1.5209 -1.4356 -1.3563 -1.2824 -1.2144 -1.1500 -1.0919 -1.0556
 -5.5864 -5.3478 -5.1246 -4.9099 -4.6978 -4.4882 -4.2824 -4.0840 -3.8961 -3.7226
 -3.5626 -3.4136 -3.2717 -3.1353 -2.9978 -2.6723 -2.3977 -2.1686 -1.9850 -1.8452
 -1.7341 -1.6393 -1.5545 -1.4763 -1.4029 -1.3338 -1.2692 -1.2093 -1.1545 -1.1083
 -1.0816
 -5.3934 -5.1706 -4.9656 -4.7769 -4.5899 -4.4021 -4.2127 -4.0248 -3.8420 -3.6675
 -3.5044 -3.3536 -3.2131 -3.0804 -2.9517 -2.6507 -2.3884 -2.1700 -1.9930 -1.8538
 -1.7473 -1.6604 -1.5837 -1.5133 -1.4470 -1.3839 -1.3242 -1.2697 -1.2205 -1.1760
 -1.1360
 -5.1418 -4.9899 -4.8216 -4.6389 -4.4733 -4.3074 -4.1384 -3.9670 -3.7953 -3.6268
 -3.4652 -3.3135 -3.1725 -3.0414 -2.9165 -2.6326 -2.3834 -2.1732 -1.9992 -1.8617
 -1.7569 -1.6744 -1.6050 -1.5428 -1.4846 -1.4288 -1.3754 -1.3245 -1.2767 -1.2332
 -1.1965
 -4.9602 -4.8230 -4.6706 -4.5049 -4.3563 -4.2078 -4.0586 -3.9059 -3.7502 -3.5934
 -3.4385 -3.2893 -3.1486 -3.0175 -2.8947 -2.6198 -2.3827 -2.1787 -2.0095 -1.8725
 -1.7664 -1.6848 -1.6200 -1.5650 -1.5151 -1.4677 -1.4221 -1.3779 -1.3356 -1.2960
 -1.2592
 -4.8093 -4.6699 -4.5315 -4.3943 -4.2613 -4.1305 -3.9976 -3.8328 -3.6945 -3.5531
 -3.4101 -3.2682 -3.1308 -3.0007 -2.8788 -2.6084 -2.3803 -2.1832 -2.0173 -1.8822
 -1.7754 -1.6929 -1.6293 -1.5788 -1.5360 -1.4970 -1.4599 -1.4238 -1.3887 -1.3549
 -1.3234
 -4.6889 -4.5305 -4.4043 -4.3072 -4.1881 -4.0756 -3.8994 -3.7779 -3.6525 -3.4983
 -3.3702 -3.2405 -3.1112 -2.9853 -2.8688 -2.5984 -2.3762 -2.1867 -2.0226
 [Fe/H] = -2.50 [alpha/Fe] = 0.40 BC value =  B   
 -7.1210 -7.0111 -6.9888 -6.8084 -6.4394 -6.1180 -6.0359 -6.0608 -5.9732 -5.7223
 -5.4231 -5.1170 -4.8340 -4.5758 -4.3115 -3.6598
 -6.6907 -6.4485 -6.2937 -6.1023 -5.8573 -5.6460 -5.5348 -5.4660 -5.3506 -5.1628
 -4.9390 -4.6919 -4.4381 -4.1933 -3.9540 -3.3892 -2.8798 -2.4607 -2.1176
 -6.3690 -6.0368 -5.7877 -5.5776 -5.3980 -5.2463 -5.1146 -4.9890 -4.8552 -4.7039
 -4.5289 -4.3267 -4.1022 -3.8742 -3.6568 -3.1634 -2.7285 -2.3625 -2.0711 -1.8468
 -1.6811
 -6.1559 -5.7760 -5.4708 -5.2343 -5.0615 -4.9189 -4.7753 -4.6298 -4.4870 -4.3456
 -4.1928 -4.0214 -3.8263 -3.6185 -3.4199 -2.9824 -2.6074 -2.2873 -2.0346 -1.8378
 -1.6781 -1.5432 -1.4250
 -6.0514 -5.6661 -5.3430 -5.0724 -4.8478 -4.6638 -4.5169 -4.3884 -4.2460 -4.0879
 -3.9307 -3.7760 -3.6104 -3.4262 -3.2433 -2.8462 -2.5165 -2.2351 -2.0082 -1.8304
 -1.6854 -1.5615 -1.4522 -1.3544 -1.2649
 -5.9811 -5.6050 -5.2825 -5.0038 -4.7609 -4.5494 -4.3654 -4.2049 -4.0634 -3.9261
 -3.7721 -3.6089 -3.4515 -3.2885 -3.1202 -2.7512 -2.4528 -2.2012 -1.9948 -1.8319
 -1.6991 -1.5851 -1.4837 -1.3916 -1.3070 -1.2289
 -5.9122 -5.5561 -5.2447 -4.9693 -4.7228 -4.5004 -4.2992 -4.1176 -3.9530 -3.8016
 -3.6577 -3.5107 -3.3581 -3.2046 -3.0445 -2.6908 -2.4121 -2.1812 -1.9900 -1.8384
 -1.7158 -1.6109 -1.5172 -1.4316 -1.3522 -1.2784 -1.2106 -1.1464 -1.0882 -1.0522
 -5.8301 -5.5019 -5.2096 -4.9456 -4.7036 -4.4802 -4.2729 -4.0803 -3.9026 -3.7381
 -3.5843 -3.4377 -3.2941 -3.1537 -3.0074 -2.6612 -2.3902 -2.1720 -1.9908 -1.8466
 -1.7320 -1.6355 -1.5499 -1.4712 -1.3979 -1.3290 -1.2648 -1.2052 -1.1506 -1.1043
 -1.0778
 -5.7361 -5.4361 -5.1668 -4.9200 -4.6891 -4.4712 -4.2644 -4.0684 -3.8838 -3.7111
 -3.5496 -3.3976 -3.2536 -3.1159 -2.9811 -2.6553 -2.3841 -2.1709 -1.9959 -1.8550
 -1.7454 -1.6561 -1.5783 -1.5075 -1.4411 -1.3782 -1.3189 -1.2634 -1.2123 -1.1668
 -1.1319
 -5.6307 -5.3577 -5.1102 -4.8825 -4.6666 -4.4591 -4.2583 -4.0645 -3.8787 -3.7022
 -3.5354 -3.3788 -3.2315 -3.0925 -2.9599 -2.6509 -2.3868 -2.1740 -2.0021 -1.8627
 -1.7546 -1.6699 -1.5994 -1.5366 -1.4782 -1.4226 -1.3696 -1.3192 -1.2720 -1.2289
 -1.1924
 -5.5281 -5.2805 -5.0498 -4.8374 -4.6369 -4.4423 -4.2521 -4.0651 -3.8826 -3.7064
 -3.5378 -3.3780 -3.2274 -3.0862 -2.9528 -2.6501 -2.3939 -2.1824 -2.0118 -1.8731
 -1.7641 -1.6804 -1.6144 -1.5587 -1.5086 -1.4612 -1.4159 -1.3723 -1.3305 -1.2913
 -1.2550
 -5.4323 -5.2009 -4.9856 -4.7841 -4.5941 -4.4126 -4.2345 -4.0579 -3.8831 -3.7115
 -3.5446 -3.3844 -3.2322 -3.0885 -2.9533 -2.6507 -2.3994 -2.1903 -2.0205 -1.8827
 -1.7730 -1.6886 -1.6239 -1.5727 -1.5296 -1.4905 -1.4537 -1.4180 -1.3832 -1.3500
 -1.3189
 -5.3432 -5.1189 -4.9156 -4.7231 -4.5416 -4.3688 -4.2014 -4.0365 -3.8720 -3.7089
 -3.5480 -3.3911 -3.2397 -3.0954 -2.9614 -2.6527 -2.4033 -2.1977 -2.0282
 [Fe/H] = -2.00 [alpha/Fe] = 0.40 BC value =  B   
 -7.2745 -7.0169 -6.8107 -6.6443 -6.4657 -6.2843 -6.0892 -5.8783 -5.6503 -5.4119
 -5.1598 -4.8988 -4.6426 -4.3968 -4.1288 -3.5807
 -6.7864 -6.4932 -6.2495 -6.0435 -5.8642 -5.6969 -5.5285 -5.3494 -5.1585 -4.9567
 -4.7388 -4.5047 -4.2636 -4.0311 -3.8023 -3.3121 -2.8719 -2.4804 -2.1603
 -6.4038 -6.0713 -5.7968 -5.5728 -5.3861 -5.2222 -5.0681 -4.9108 -4.7472 -4.5746
 -4.3872 -4.1814 -3.9605 -3.7419 -3.5383 -3.0942 -2.7126 -2.3770 -2.0959 -1.8718
 -1.6907
 -6.1267 -5.7512 -5.4526 -5.2322 -5.0315 -4.8601 -4.7080 -4.5625 -4.4164 -4.2656
 -4.1050 -3.9289 -3.7333 -3.5292 -3.3368 -2.9270 -2.5894 -2.2978 -2.0495 -1.8487
 -1.6835 -1.5475 -1.4266
 -5.9807 -5.5726 -5.2485 -4.9971 -4.7972 -4.6283 -4.4736 -4.3219 -4.1743 -4.0303
 -3.8849 -3.7327 -3.5657 -3.3806 -3.1978 -2.8105 -2.5023 -2.2428 -2.0211 -1.8389
 -1.6898 -1.5632 -1.4521 -1.3531 -1.2628
 -5.9690 -5.5473 -5.1944 -4.9125 -4.6866 -4.4998 -4.3380 -4.1894 -4.0440 -3.8944
 -3.7403 -3.5907 -3.4410 -3.2797 -3.1080 -2.7349 -2.4449 -2.2073 -2.0058 -1.8385
 -1.7011 -1.5844 -1.4814 -1.3884 -1.3034 -1.2260
 -6.0061 -5.5737 -5.2085 -4.9018 -4.6436 -4.4254 -4.2393 -4.0783 -3.9360 -3.8067
 -3.6714 -3.5190 -3.3648 -3.2121 -3.0535 -2.6902 -2.4102 -2.1862 -1.9993 -1.8435
 -1.7159 -1.6080 -1.5128 -1.4264 -1.3467 -1.2730 -1.2055 -1.1413 -1.0828 -1.0465
 -6.0626 -5.6288 -5.2568 -4.9406 -4.6701 -4.4365 -4.2325 -4.0525 -3.8914 -3.7435
 -3.6048 -3.4701 -3.3296 -3.1830 -3.0293 -2.6685 -2.3919 -2.1756 -1.9981 -1.8508
 -1.7308 -1.6310 -1.5437 -1.4643 -1.3907 -1.3220 -1.2582 -1.1992 -1.1447 -1.0979
 -1.0715
 -6.1151 -5.6913 -5.3209 -5.0002 -4.7216 -4.4774 -4.2604 -4.0654 -3.8888 -3.7271
 -3.5758 -3.4322 -3.2942 -3.1600 -3.0224 -2.6686 -2.3863 -2.1726 -2.0005 -1.8585
 -1.7438 -1.6506 -1.5709 -1.4992 -1.4326 -1.3698 -1.3111 -1.2562 -1.2057 -1.1605
 -1.1253
 -6.1416 -5.7345 -5.3776 -5.0617 -4.7816 -4.5312 -4.3051 -4.0991 -3.9102 -3.7360
 -3.5738 -3.4213 -3.2765 -3.1388 -3.0071 -2.6775 -2.3915 -2.1735 -2.0037 -1.8647
 -1.7527 -1.6641 -1.5912 -1.5274 -1.4686 -1.4131 -1.3606 -1.3109 -1.2645 -1.2222
 -1.1860
 -6.1415 -5.7642 -5.4248 -5.1204 -4.8455 -4.5947 -4.3638 -4.1501 -3.9519 -3.7677
 -3.5959 -3.4350 -3.2832 -3.1398 -3.0042 -2.6868 -2.4084 -2.1838 -2.0115 -1.8735
 -1.7620 -1.6748 -1.6063 -1.5492 -1.4984 -1.4510 -1.4060 -1.3630 -1.3221 -1.2839
 -1.2485
 -6.1187 -5.7693 -5.4507 -5.1609 -4.8961 -4.6514 -4.4221 -4.2059 -4.0022 -3.8107
 -3.6312 -3.4629 -3.3047 -3.1556 -3.0148 -2.6950 -2.4229 -2.1980 -2.0211 -1.8822
 -1.7707 -1.6831 -1.6159 -1.5633 -1.5193 -1.4799 -1.4433 -1.4081 -1.3742 -1.3418
 -1.3116
 -6.0740 -5.7531 -5.4569 -5.1830 -4.9287 -4.6915 -4.4687 -4.2562 -4.0524 -3.8578
 -3.6732 -3.4992 -3.3355 -3.1813 -3.0389 -2.7021 -2.4350 -2.2161 -2.0325
 [Fe/H] = -1.50 [alpha/Fe] = 0.40 BC value =  B   
 -7.6208 -7.4250 -7.2325 -7.0326 -6.8303 -6.5876 -6.2824 -5.9191 -5.5731 -5.2603
 -4.9684 -4.6955 -4.4420 -4.2081 -3.9910 -3.5064
 -7.0350 -6.8153 -6.6061 -6.3997 -6.1934 -5.9689 -5.7070 -5.4087 -5.1251 -4.8613
 -4.6070 -4.3571 -4.1154 -3.8904 -3.6846 -3.2391 -2.8527 -2.5027 -2.1953
 -6.5833 -6.3325 -6.1015 -5.8845 -5.6751 -5.4653 -5.2396 -4.9936 -4.7583 -4.5345
 -4.3140 -4.0898 -3.8642 -3.6488 -3.4517 -3.0348 -2.6897 -2.3881 -2.1215 -1.8951
 -1.7087
 -6.2657 -5.9766 -5.7187 -5.4870 -5.2754 -5.0768 -4.8802 -4.6738 -4.4727 -4.2799
 -4.0894 -3.8936 -3.6884 -3.4833 -3.2923 -2.8935 -2.5754 -2.3064 -2.0711 -1.8683
 -1.6992 -1.5570 -1.4344
 -6.0826 -5.7367 -5.4497 -5.2044 -4.9843 -4.7870 -4.6049 -4.4258 -4.2501 -4.0806
 -3.9143 -3.7447 -3.5647 -3.3745 -3.1895 -2.8009 -2.4993 -2.2515 -2.0388 -1.8548
 -1.6999 -1.5686 -1.4545 -1.3533 -1.2614
 -6.0277 -5.6247 -5.2899 -5.0122 -4.7813 -4.5887 -4.4218 -4.2568 -4.0929 -3.9344
 -3.7810 -3.6294 -3.4729 -3.3035 -3.1273 -2.7442 -2.4514 -2.2171 -2.0201 -1.8508
 -1.7075 -1.5860 -1.4801 -1.3855 -1.2996 -1.2207
 -6.0831 -5.6403 -5.2595 -4.9386 -4.6733 -4.4554 -4.2772 -4.1298 -3.9955 -3.8568
 -3.7052 -3.5531 -3.4045 -3.2536 -3.0918 -2.7132 -2.4234 -2.1969 -2.0105 -1.8526
 -1.7191 -1.6062 -1.5082 -1.4203 -1.3400 -1.2660 -1.1984 -1.1342 -1.0755 -1.0384
 -6.2040 -5.7258 -5.3139 -4.9653 -4.6731 -4.4301 -4.2280 -4.0573 -3.9095 -3.7788
 -3.6558 -3.5227 -3.3750 -3.2238 -3.0723 -2.7011 -2.4097 -2.1865 -2.0069 -1.8571
 -1.7316 -1.6265 -1.5361 -1.4553 -1.3811 -1.3124 -1.2491 -1.1907 -1.1363 -1.0887
 -1.0615
 -6.3774 -5.8661 -5.4238 -5.0481 -4.7323 -4.4669 -4.2427 -4.0517 -3.8864 -3.7392
 -3.6038 -3.4764 -3.3511 -3.2167 -3.0713 -2.7034 -2.4067 -2.1829 -2.0068 -1.8626
 -1.7440 -1.6444 -1.5612 -1.4878 -1.4206 -1.3580 -1.2998 -1.2449 -1.1948 -1.1510
 -1.1147
 -6.5585 -6.0348 -5.5678 -5.1688 -4.8299 -4.5429 -4.2982 -4.0871 -3.9028 -3.7392
 -3.5904 -3.4513 -3.3189 -3.1917 -3.0639 -2.7170 -2.4107 -2.1826 -2.0075 -1.8666
 -1.7512 -1.6573 -1.5803 -1.5143 -1.4547 -1.3993 -1.3473 -1.2985 -1.2532 -1.2120
 -1.1760
 -6.7163 -6.1998 -5.7317 -5.3198 -4.9629 -4.6559 -4.3910 -4.1604 -3.9570 -3.7755
 -3.6112 -3.4599 -3.3178 -3.1828 -3.0538 -2.7350 -2.4315 -2.1917 -2.0135 -1.8733
 -1.7597 -1.6682 -1.5952 -1.5354 -1.4834 -1.4357 -1.3912 -1.3489 -1.3091 -1.2722
 -1.2383
 -6.8262 -6.3337 -5.8818 -5.4702 -5.1074 -4.7881 -4.5073 -4.2589 -4.0375 -3.8387
 -3.6584 -3.4931 -3.3398 -3.1960 -3.0600 -2.7447 -2.4559 -2.2101 -2.0231 -1.8808
 -1.7675 -1.6766 -1.6053 -1.5496 -1.5039 -1.4639 -1.4274 -1.3927 -1.3598 -1.3286
 -1.2998
 -6.8680 -6.4149 -5.9914 -5.5977 -5.2411 -4.9203 -4.6323 -4.3721 -4.1363 -3.9219
 -3.7263 -3.5472 -3.3819 -3.2282 -3.0825 -2.7461 -2.4839 -2.2378 -2.0363
 [Fe/H] = -1.00 [alpha/Fe] = 0.40 BC value =  B   
 -8.0407 -7.9116 -7.7743 -7.6153 -7.4535 -7.1933 -6.7631 -6.1823 -5.6832 -5.1689
 -4.8197 -4.5305 -4.2813 -4.0578 -3.8547 -3.4132
 -7.4270 -7.2829 -7.1344 -6.9707 -6.7881 -6.5394 -6.1748 -5.6940 -5.2310 -4.8475
 -4.5323 -4.2607 -4.0190 -3.8010 -3.6036 -3.1836 -2.8359 -2.5199 -2.2319
 -6.9189 -6.7559 -6.5929 -6.4220 -6.2305 -5.9988 -5.6930 -5.2999 -4.9194 -4.5894
 -4.3059 -4.0535 -3.8222 -3.6102 -3.4172 -3.0117 -2.6837 -2.4028 -2.1533 -1.9311
 -1.7392
 -6.5164 -6.3306 -6.1498 -5.9692 -5.7807 -5.5715 -5.3177 -5.0000 -4.6816 -4.3946
 -4.1405 -3.9089 -3.6909 -3.4854 -3.2955 -2.8975 -2.5840 -2.3239 -2.0983 -1.8986
 -1.7241 -1.5757 -1.4476
 -6.2385 -6.0172 -5.8108 -5.6135 -5.4200 -5.2235 -5.0107 -4.7555 -4.4884 -4.2388
 -4.0122 -3.8028 -3.6017 -3.4060 -3.2199 -2.8248 -2.5191 -2.2717 -2.0622 -1.8792
 -1.7191 -1.5812 -1.4621 -1.3579 -1.2635
 -6.1114 -5.8248 -5.5794 -5.3576 -5.1497 -4.9519 -4.7577 -4.5498 -4.3259 -4.1087
 -3.9070 -3.7188 -3.5367 -3.3552 -3.1758 -2.7818 -2.4786 -2.2389 -2.0400 -1.8693
 -1.7211 -1.5931 -1.4823 -1.3845 -1.2971 -1.2167
 -6.1279 -5.7570 -5.4381 -5.1686 -4.9408 -4.7440 -4.5625 -4.3831 -4.1929 -4.0018
 -3.8198 -3.6488 -3.4844 -3.3197 -3.1514 -2.7601 -2.4555 -2.2196 -2.0277 -1.8660
 -1.7274 -1.6081 -1.5052 -1.4144 -1.3325 -1.2579 -1.1897 -1.1247 -1.0664 -1.0290
 -6.2275 -5.7999 -5.4230 -5.0974 -4.8216 -4.5887 -4.3912 -4.2238 -4.0723 -3.9201
 -3.7606 -3.5999 -3.4438 -3.2912 -3.1374 -2.7541 -2.4451 -2.2096 -2.0222 -1.8668
 -1.7358 -1.6242 -1.5285 -1.4448 -1.3693 -1.3002 -1.2371 -1.1790 -1.1247 -1.0772
 -1.0488
 -6.4023 -5.9207 -5.4958 -5.1267 -4.8104 -4.5436 -4.3194 -4.1297 -3.9659 -3.8212
 -3.6903 -3.5623 -3.4249 -3.2783 -3.1298 -2.7605 -2.4453 -2.2065 -2.0209 -1.8698
 -1.7443 -1.6392 -1.5502 -1.4734 -1.4048 -1.3419 -1.2842 -1.2310 -1.1824 -1.1380
 -1.1018
 -6.6657 -6.1153 -5.6394 -5.2268 -4.8735 -4.5743 -4.3224 -4.1101 -3.9295 -3.7727
 -3.6327 -3.5045 -3.3834 -3.2614 -3.1290 -2.7727 -2.4520 -2.2072 -2.0207 -1.8722
 -1.7507 -1.6504 -1.5673 -1.4971 -1.4357 -1.3799 -1.3285 -1.2807 -1.2367 -1.1969
 -1.1618
 -6.9792 -6.3904 -5.8617 -5.4021 -5.0082 -4.6741 -4.3924 -4.1543 -3.9516 -3.7772
 -3.6239 -3.4854 -3.3565 -3.2338 -3.1137 -2.7944 -2.4725 -2.2178 -2.0267 -1.8781
 -1.7584 -1.6609 -1.5818 -1.5171 -1.4624 -1.4139 -1.3696 -1.3283 -1.2899 -1.2547
 -1.2230
 -7.2829 -6.6790 -6.1289 -5.6319 -5.1993 -4.8296 -4.5158 -4.2495 -4.0217 -3.8251
 -3.6529 -3.4995 -3.3596 -3.2288 -3.1039 -2.8045 -2.5024 -2.2367 -2.0370 -1.8854
 -1.7657 -1.6695 -1.5926 -1.5315 -1.4823 -1.4407 -1.4039 -1.3699 -1.3382 -1.3087
 -1.2817
 -7.5031 -6.9303 -6.3823 -5.8775 -5.4222 -5.0247 -4.6823 -4.3878 -4.1339 -3.9131
 -3.7192 -3.5468 -3.3912 -3.2487 -3.0996 -2.8030 -2.5417 -2.2639 -2.0516
 [Fe/H] = -0.75 [alpha/Fe] = 0.30 BC value =  B   
 -8.2121 -8.0994 -7.9767 -7.8307 -7.6859 -7.4227 -6.9502 -6.2965 -5.7246 -5.1615
 -4.7947 -4.5002 -4.2511 -4.0310 -3.8315 -3.4008
 -7.6012 -7.4746 -7.3425 -7.1931 -7.0225 -6.7713 -6.3763 -5.8331 -5.3001 -4.8702
 -4.5332 -4.2544 -4.0124 -3.7968 -3.6019 -3.1884 -2.8446 -2.5388 -2.2576
 -7.0885 -6.9441 -6.7988 -6.6431 -6.4615 -6.2285 -5.9012 -5.4568 -5.0149 -4.6390
 -4.3300 -4.0672 -3.8339 -3.6231 -3.4317 -3.0292 -2.7039 -2.4252 -2.1773 -1.9547
 -1.7604
 -6.6740 -6.5079 -6.3456 -6.1807 -6.0028 -5.7944 -5.5249 -5.1676 -4.7985 -4.4679
 -4.1851 -3.9386 -3.7156 -3.5099 -3.3209 -2.9232 -2.6090 -2.3477 -2.1210 -1.9197
 -1.7417 -1.5889 -1.4562
 -6.3736 -6.1758 -5.9889 -5.8076 -5.6254 -5.4321 -5.2098 -4.9260 -4.6185 -4.3300
 -4.0740 -3.8460 -3.6358 -3.4377 -3.2517 -2.8554 -2.5465 -2.2960 -2.0834 -1.8976
 -1.7338 -1.5915 -1.4683 -1.3600 -1.2628
 -6.2140 -5.9616 -5.7371 -5.5299 -5.3321 -5.1389 -4.9411 -4.7149 -4.4606 -4.2110
 -3.9817 -3.7734 -3.5789 -3.3916 -3.2109 -2.8148 -2.5068 -2.2627 -2.0597 -1.8852
 -1.7330 -1.6006 -1.4860 -1.3856 -1.2960 -1.2145
 -6.1936 -5.8507 -5.5621 -5.3192 -5.1086 -4.9135 -4.7238 -4.5313 -4.3204 -4.1053
 -3.9009 -3.7116 -3.5335 -3.3602 -3.1884 -2.7939 -2.4836 -2.2425 -2.0459 -1.8797
 -1.7368 -1.6130 -1.5061 -1.4128 -1.3294 -1.2541 -1.1847 -1.1195 -1.0613 -1.0240
 -6.2758 -5.8657 -5.5056 -5.1978 -4.9368 -4.7141 -4.5229 -4.3551 -4.1902 -4.0146
 -3.8349 -3.6606 -3.4954 -3.3357 -3.1759 -2.7882 -2.4732 -2.2316 -2.0390 -1.8788
 -1.7430 -1.6269 -1.5271 -1.4406 -1.3636 -1.2939 -1.2307 -1.1722 -1.1179 -1.0708
 -1.0425
 -6.4338 -5.9673 -5.5541 -5.1940 -4.8859 -4.6250 -4.4037 -4.2140 -4.0486 -3.8995
 -3.7605 -3.6202 -3.4715 -3.3194 -3.1684 -2.7945 -2.4735 -2.2282 -2.0369 -1.8807
 -1.7503 -1.6403 -1.5470 -1.4671 -1.3969 -1.3334 -1.2757 -1.2227 -1.1738 -1.1303
 -1.0934
 -6.6753 -6.1459 -5.6794 -5.2729 -4.9232 -4.6260 -4.3751 -4.1630 -3.9814 -3.8224
 -3.6803 -3.5509 -3.4285 -3.3026 -3.1659 -2.8066 -2.4808 -2.2290 -2.0364 -1.8825
 -1.7559 -1.6507 -1.5630 -1.4894 -1.4260 -1.3694 -1.3180 -1.2706 -1.2271 -1.1880
 -1.1535
 -7.0006 -6.4155 -5.8907 -5.4340 -5.0408 -4.7064 -4.4238 -4.1850 -3.9822 -3.8078
 -3.6547 -3.5167 -3.3890 -3.2681 -3.1492 -2.8270 -2.5017 -2.2403 -2.0426 -1.8883
 -1.7635 -1.6611 -1.5774 -1.5088 -1.4516 -1.4020 -1.3575 -1.3165 -1.2787 -1.2443
 -1.2134
 -7.3339 -6.7224 -6.1625 -5.6600 -5.2242 -4.8506 -4.5336 -4.2653 -4.0369 -3.8410
 -3.6704 -3.5192 -3.3819 -3.2537 -3.1314 -2.8363 -2.5317 -2.2601 -2.0538 -1.8960
 -1.7710 -1.6699 -1.5885 -1.5234 -1.4713 -1.4280 -1.3906 -1.3567 -1.3255 -1.2968
 -1.2707
 -7.5977 -7.0003 -6.4357 -5.9175 -5.4512 -5.0443 -4.6948 -4.3956 -4.1397 -3.9190
 -3.7266 -3.5569 -3.4048 -3.2657 -3.1125 -2.8345 -2.5708 -2.2884 -2.0700
 [Fe/H] = -0.50 [alpha/Fe] = 0.20 BC value =  B   
 -8.4237 -8.3178 -8.2009 -8.0580 -7.9220 -7.6475 -7.1293 -6.4649 -5.7675 -5.2197
 -4.7780 -4.4783 -4.2280 -4.0097 -3.8152 -3.3957
 -7.8101 -7.6920 -7.5683 -7.4262 -7.2624 -7.0054 -6.5791 -5.9743 -5.3726 -4.8992
 -4.5408 -4.2551 -4.0126 -3.7989 -3.6071 -3.2003 -2.8635 -2.5641 -2.2879
 -7.2895 -7.1556 -7.0209 -6.8753 -6.7004 -6.4658 -6.1173 -5.6212 -5.1169 -4.6930
 -4.3593 -4.0866 -3.8517 -3.6423 -3.4528 -3.0536 -2.7307 -2.4535 -2.2062 -1.9828
 -1.7859
 -6.8619 -6.7086 -6.5587 -6.4053 -6.2360 -6.0287 -5.7439 -5.3471 -4.9234 -4.5457
 -4.2335 -3.9728 -3.7453 -3.5399 -3.3523 -2.9556 -2.6406 -2.3777 -2.1488 -1.9454
 -1.7641 -1.6059 -1.4694
 -6.5406 -6.3590 -6.1864 -6.0177 -5.8451 -5.6552 -5.4236 -5.1108 -4.7595 -4.4274
 -4.1393 -3.8925 -3.6740 -3.4740 -3.2887 -2.8922 -2.5804 -2.3264 -2.1099 -1.9207
 -1.7532 -1.6062 -1.4789 -1.3677 -1.2683
 -6.3522 -6.1212 -5.9133 -5.7195 -5.5319 -5.3437 -5.1422 -4.8965 -4.6087 -4.3217
 -4.0610 -3.8309 -3.6240 -3.4319 -3.2505 -2.8534 -2.5413 -2.2925 -2.0847 -1.9058
 -1.7494 -1.6122 -1.4930 -1.3891 -1.2970 -1.2136
 -6.2848 -5.9729 -5.7158 -5.4964 -5.2946 -5.0989 -4.9048 -4.7006 -4.4663 -4.2218
 -3.9897 -3.7785 -3.5854 -3.4038 -3.2290 -2.8332 -2.5178 -2.2710 -2.0692 -1.8980
 -1.7504 -1.6218 -1.5101 -1.4131 -1.3274 -1.2503 -1.1796 -1.1139 -1.0559 -1.0185
 -6.3417 -5.9480 -5.6079 -5.3213 -5.0790 -4.8708 -4.6865 -4.5132 -4.3281 -4.1263
 -3.9232 -3.7310 -3.5522 -3.3828 -3.2176 -2.8272 -2.5068 -2.2590 -2.0608 -1.8953
 -1.7544 -1.6332 -1.5285 -1.4380 -1.3586 -1.2878 -1.2240 -1.1656 -1.1105 -1.0636
 -1.0355
 -6.4805 -6.0260 -5.6246 -5.2767 -4.9799 -4.7284 -4.5126 -4.3252 -4.1582 -4.0013
 -3.8469 -3.6880 -3.5258 -3.3666 -3.2113 -2.8327 -2.5067 -2.2550 -2.0576 -1.8959
 -1.7600 -1.6447 -1.5464 -1.4623 -1.3894 -1.3246 -1.2666 -1.2139 -1.1655 -1.1215
 -1.0850
 -6.7038 -6.1856 -5.7279 -5.3285 -4.9849 -4.6928 -4.4454 -4.2346 -4.0518 -3.8894
 -3.7433 -3.6103 -3.4826 -3.3493 -3.2068 -2.8442 -2.5145 -2.2558 -2.0567 -1.8970
 -1.7646 -1.6539 -1.5610 -1.4829 -1.4164 -1.3583 -1.3064 -1.2593 -1.2164 -1.1778
 -1.1438
 -7.0280 -6.4428 -5.9233 -5.4703 -5.0801 -4.7478 -4.4667 -4.2290 -4.0264 -3.8514
 -3.6967 -3.5574 -3.4297 -3.3092 -3.1898 -2.8634 -2.5357 -2.2679 -2.0633 -1.9027
 -1.7720 -1.6640 -1.5750 -1.5017 -1.4409 -1.3892 -1.3440 -1.3031 -1.2659 -1.2322
 -1.2023
 -7.3850 -6.7617 -6.1943 -5.6874 -5.2493 -4.8744 -4.5571 -4.2889 -4.0612 -3.8662
 -3.6967 -3.5466 -3.4104 -3.2839 -3.1639 -2.8720 -2.5653 -2.2886 -2.0753 -1.9109
 -1.7799 -1.6730 -1.5863 -1.5164 -1.4602 -1.4144 -1.3758 -1.3417 -1.3109 -1.2829
 -1.2577
 -7.6839 -7.0658 -6.4840 -5.9523 -5.4744 -5.0609 -4.7066 -4.4054 -4.1493 -3.9298
 -3.7396 -3.5725 -3.4232 -3.2870 -3.1291 -2.8700 -2.6033 -2.3179 -2.0927
 [Fe/H] = -0.25 [alpha/Fe] = 0.10 BC value =  B   
 -8.6660 -8.5607 -8.4434 -8.2984 -8.1566 -7.8546 -7.2860 -6.5270 -5.8103 -5.2287
 -4.8128 -4.4963 -4.2396 -4.0166 -3.8050 -3.3945
 -8.0494 -7.9334 -7.8118 -7.6710 -7.5059 -7.2348 -6.7709 -6.1054 -5.4477 -4.9332
 -4.5563 -4.2639 -4.0203 -3.8087 -3.6189 -3.2177 -2.8877 -2.5939 -2.3218
 -7.5220 -7.3918 -7.2613 -7.1197 -6.9469 -6.7067 -6.3314 -5.7851 -5.2191 -4.7508
 -4.3940 -4.1125 -3.8763 -3.6679 -3.4803 -3.0843 -2.7636 -2.4874 -2.2402 -2.0155
 -1.8155
 -7.0838 -6.9359 -6.7919 -6.6445 -6.4795 -6.2704 -5.9675 -5.5303 -5.0512 -4.6258
 -4.2853 -4.0118 -3.7804 -3.5754 -3.3892 -2.9943 -2.6787 -2.4141 -2.1826 -1.9763
 -1.7917 -1.6291 -1.4873
 -6.7459 -6.5724 -6.4074 -6.2459 -6.0792 -5.8902 -5.6469 -5.3035 -4.9055 -4.5270
 -4.2067 -3.9422 -3.7163 -3.5150 -3.3305 -2.9350 -2.6209 -2.3635 -2.1428 -1.9493
 -1.7778 -1.6260 -1.4937 -1.3773 -1.2728
 -6.5319 -6.3140 -6.1165 -5.9311 -5.7503 -5.5647 -5.3572 -5.0896 -4.7652 -4.4369
 -4.1424 -3.8904 -3.6721 -3.4758 -3.2942 -2.8977 -2.5823 -2.3290 -2.1160 -1.9320
 -1.7709 -1.6288 -1.5045 -1.3961 -1.3006 -1.2144
 -6.4198 -6.1389 -5.9063 -5.6973 -5.4977 -5.3021 -5.1045 -4.8862 -4.6248 -4.3462
 -4.0824 -3.8473 -3.6393 -3.4503 -3.2731 -2.8773 -2.5582 -2.3062 -2.0989 -1.9220
 -1.7691 -1.6353 -1.5184 -1.4167 -1.3275 -1.2484 -1.1769 -1.1083 -1.0503 -1.0127
 -6.4407 -6.0617 -5.7418 -5.4770 -5.2548 -5.0606 -4.8770 -4.6911 -4.4826 -4.2521
 -4.0216 -3.8070 -3.6119 -3.4323 -3.2622 -2.8705 -2.5464 -2.2927 -2.0887 -1.9173
 -1.7707 -1.6440 -1.5339 -1.4385 -1.3556 -1.2825 -1.2179 -1.1584 -1.1023 -1.0557
 -1.0278
 -6.5592 -6.1119 -5.7191 -5.3830 -5.0994 -4.8586 -4.6503 -4.4666 -4.2964 -4.1251
 -3.9472 -3.7655 -3.5874 -3.4185 -3.2572 -2.8749 -2.5459 -2.2877 -2.0842 -1.9165
 -1.7746 -1.6535 -1.5495 -1.4602 -1.3834 -1.3164 -1.2572 -1.2044 -1.1559 -1.1115
 -1.0755
 -6.7651 -6.2515 -5.7983 -5.4043 -5.0665 -4.7802 -4.5372 -4.3278 -4.1432 -3.9764
 -3.8247 -3.6842 -3.5457 -3.4015 -3.2525 -2.8853 -2.5532 -2.2883 -2.0825 -1.9165
 -1.7780 -1.6612 -1.5625 -1.4790 -1.4082 -1.3475 -1.2944 -1.2470 -1.2045 -1.1663
 -1.1327
 -7.0812 -6.4934 -5.9765 -5.5250 -5.1364 -4.8060 -4.5266 -4.2899 -4.0870 -3.9096
 -3.7515 -3.6095 -3.4802 -3.3585 -3.2363 -2.9039 -2.5744 -2.3010 -2.0894 -1.9221
 -1.7850 -1.6708 -1.5758 -1.4969 -1.4314 -1.3766 -1.3297 -1.2885 -1.2515 -1.2185
 -1.1896
 -7.4500 -6.8144 -6.2380 -5.7291 -5.2884 -4.9122 -4.5942 -4.3259 -4.0984 -3.9034
 -3.7334 -3.5827 -3.4464 -3.3207 -3.2023 -2.9121 -2.6035 -2.3227 -2.1026 -1.9310
 -1.7932 -1.6800 -1.5872 -1.5116 -1.4504 -1.4009 -1.3600 -1.3251 -1.2944 -1.2671
 -1.2429
 -7.7792 -7.1377 -6.5381 -5.9926 -5.5060 -5.0859 -4.7280 -4.4252 -4.1686 -3.9498
 -3.7608 -3.5953 -3.4476 -3.3133 -3.1505 -2.9099 -2.6405 -2.3534 -2.1221
 [Fe/H] =  0.00 [alpha/Fe] = 0.00 BC value =  B   
 -8.9575 -8.8484 -8.7230 -8.5112 -8.1926 -7.7637 -7.2227 -6.5685 -5.8475 -5.2447
 -4.8149 -4.4927 -4.2261 -4.0109 -3.8162 -3.3985
 -8.3352 -8.2125 -8.0837 -7.9348 -7.7389 -7.4391 -6.9354 -6.2116 -5.5146 -4.9700
 -4.5780 -4.2805 -4.0372 -3.8256 -3.6383 -3.2416 -2.9159 -2.6274 -2.3594
 -7.8026 -7.6666 -7.5307 -7.3839 -7.2040 -6.9481 -6.5323 -5.9307 -5.3125 -4.8079
 -4.4328 -4.1442 -3.9066 -3.6997 -3.5138 -3.1209 -2.8018 -2.5263 -2.2792 -2.0531
 -1.8497
 -7.3572 -7.2045 -7.0564 -6.9056 -6.7364 -6.5174 -6.1861 -5.7024 -5.1694 -4.7022
 -4.3383 -4.0545 -3.8202 -3.6158 -3.4312 -3.0385 -2.7225 -2.4562 -2.2223 -2.0128
 -1.8248 -1.6571 -1.5104
 -7.0087 -6.8320 -6.6641 -6.5003 -6.3311 -6.1360 -5.8729 -5.4922 -5.0451 -4.6222
 -4.2729 -3.9937 -3.7622 -3.5599 -3.3766 -2.9830 -2.6675 -2.4069 -2.1822 -1.9840
 -1.8082 -1.6516 -1.5139 -1.3931 -1.2821
 -6.7662 -6.5598 -6.3616 -6.1748 -5.9927 -5.8026 -5.5824 -5.2857 -4.9199 -4.5486
 -4.2216 -3.9502 -3.7225 -3.5231 -3.3416 -2.9469 -2.6295 -2.3722 -2.1544 -1.9647
 -1.7983 -1.6512 -1.5214 -1.4078 -1.3087 -1.2177
 -6.6284 -6.3683 -6.1426 -5.9310 -5.7276 -5.5274 -5.3212 -5.0819 -4.7875 -4.4706
 -4.1736 -3.9157 -3.6943 -3.4990 -3.3204 -2.9259 -2.6049 -2.3483 -2.1356 -1.9526
 -1.7937 -1.6545 -1.5320 -1.4249 -1.3313 -1.2496 -1.1744 -1.1032 -1.0452 -1.0069
 -6.5995 -6.2288 -5.9240 -5.6769 -5.4700 -5.2803 -5.0886 -4.8839 -4.6476 -4.3842
 -4.1226 -3.8837 -3.6725 -3.4835 -3.3093 -2.9178 -2.5921 -2.3334 -2.1236 -1.9459
 -1.7929 -1.6602 -1.5445 -1.4435 -1.3559 -1.2803 -1.2133 -1.1514 -1.0938 -1.0475
 -1.0194
 -6.6952 -6.2448 -5.8549 -5.5259 -5.2517 -5.0200 -4.8189 -4.6379 -4.4584 -4.2641
 -4.0566 -3.8488 -3.6530 -3.4730 -3.3052 -2.9205 -2.5904 -2.3269 -2.1175 -1.9434
 -1.7949 -1.6674 -1.5575 -1.4625 -1.3806 -1.3101 -1.2486 -1.1944 -1.1456 -1.1005
 -1.0649
 -6.8858 -6.3653 -5.9079 -5.5126 -5.1767 -4.8936 -4.6529 -4.4435 -4.2560 -4.0839
 -3.9237 -3.7706 -3.6165 -3.4589 -3.3021 -2.9294 -2.5968 -2.3270 -2.1148 -1.9422
 -1.7969 -1.6735 -1.5686 -1.4792 -1.4031 -1.3384 -1.2829 -1.2344 -1.1917 -1.1536
 -1.1201
 -7.1940 -6.5944 -6.0691 -5.6117 -5.2196 -4.8875 -4.6076 -4.3700 -4.1644 -3.9826
 -3.8198 -3.6741 -3.5418 -3.4163 -3.2885 -2.9478 -2.6172 -2.3399 -2.1217 -1.9475
 -1.8034 -1.6824 -1.5810 -1.4959 -1.4248 -1.3655 -1.3158 -1.2732 -1.2360 -1.2035
 -1.1752
 -7.5711 -6.9131 -6.3190 -5.8007 -5.3525 -4.9712 -4.6502 -4.3800 -4.1509 -3.9539
 -3.7815 -3.6285 -3.4909 -3.3654 -3.2478 -2.9564 -2.6458 -2.3622 -2.1358 -1.9570
 -1.8120 -1.6919 -1.5924 -1.5104 -1.4434 -1.3888 -1.3446 -1.3078 -1.2765 -1.2496
 -1.2262
 -7.9196 -7.2489 -6.6231 -6.0565 -5.5577 -5.1286 -4.7652 -4.4593 -4.2012 -3.9818
 -3.7926 -3.6270 -3.4796 -3.3461 -3.1800 -2.9552 -2.6826 -2.3939 -2.1571
 [Fe/H] =  0.25 [alpha/Fe] = 0.00 BC value =  B   
 -9.1948 -9.0978 -8.9854 -8.7055 -8.2328 -7.6335 -7.0996 -6.6726 -5.9701 -5.3316
 -4.8555 -4.5124 -4.2444 -4.0090 -3.8171 -3.4111
 -8.5775 -8.4722 -8.3598 -8.1799 -7.9046 -7.5204 -7.0168 -6.3860 -5.6725 -5.0707
 -4.6358 -4.3174 -4.0661 -3.8546 -3.6659 -3.2712 -2.9465 -2.6627 -2.4009
 -8.0331 -7.9169 -7.8001 -7.6703 -7.5023 -7.2486 -6.8119 -6.1627 -5.4943 -4.9268
 -4.5062 -4.1949 -3.9489 -3.7407 -3.5558 -3.1644 -2.8443 -2.5679 -2.3207 -2.0952
 -1.8894
 -7.5616 -7.4319 -7.3063 -7.1768 -7.0258 -6.8180 -6.4848 -5.9650 -5.3715 -4.8387
 -4.4263 -4.1157 -3.8709 -3.6641 -3.4805 -3.0893 -2.7710 -2.5015 -2.2651 -2.0533
 -1.8654 -1.6974 -1.5450
 -7.1724 -7.0244 -6.8838 -6.7464 -6.6013 -6.4247 -6.1694 -5.7679 -5.2662 -4.7760
 -4.3743 -4.0635 -3.8178 -3.6115 -3.4286 -3.0372 -2.7188 -2.4538 -2.2251 -2.0230
 -1.8435 -1.6833 -1.5409 -1.4147 -1.3009
 -6.8812 -6.7041 -6.5404 -6.3853 -6.2334 -6.0684 -5.8630 -5.5601 -5.1527 -4.7188
 -4.3358 -4.0279 -3.7814 -3.5751 -3.3932 -3.0015 -2.6814 -2.4188 -2.1962 -2.0016
 -1.8304 -1.6791 -1.5447 -1.4259 -1.3207 -1.2252
 -6.7135 -6.4880 -6.2865 -6.1033 -5.9305 -5.7594 -5.5750 -5.3401 -5.0211 -4.6522
 -4.2996 -4.0015 -3.7563 -3.5507 -3.3698 -2.9789 -2.6559 -2.3936 -2.1756 -1.9870
 -1.8225 -1.6784 -1.5512 -1.4390 -1.3404 -1.2532 -1.1743 -1.0995 -1.0411 -1.0014
 -6.6028 -6.3096 -6.0713 -5.8757 -5.6916 -5.5085 -5.3223 -5.1210 -4.8712 -4.5692
 -4.2580 -3.9772 -3.7383 -3.5350 -3.3561 -2.9678 -2.6414 -2.3770 -2.1615 -1.9779
 -1.8187 -1.6805 -1.5598 -1.4538 -1.3611 -1.2801 -1.2092 -1.1453 -1.0851 -1.0390
 -1.0102
 -6.6482 -6.2507 -5.9166 -5.6446 -5.4233 -5.2368 -5.0665 -4.8932 -4.6978 -4.4629
 -4.2032 -3.9499 -3.7232 -3.5252 -3.3496 -2.9668 -2.6380 -2.3692 -2.1533 -1.9731
 -1.8183 -1.6848 -1.5694 -1.4692 -1.3822 -1.3069 -1.2420 -1.1854 -1.1348 -1.0882
 -1.0529
 -6.7951 -6.3254 -5.9148 -5.5641 -5.2702 -5.0243 -4.8133 -4.6276 -4.4532 -4.2765
 -4.0882 -3.8926 -3.6983 -3.5148 -3.3459 -2.9717 -2.6427 -2.3681 -2.1490 -1.9700
 -1.8185 -1.6887 -1.5779 -1.4830 -1.4015 -1.3318 -1.2726 -1.2218 -1.1778 -1.1393
 -1.1052
 -7.0604 -6.5150 -6.0352 -5.6177 -5.2595 -4.9561 -4.6992 -4.4778 -4.2814 -4.1012
 -3.9334 -3.7762 -3.6279 -3.4836 -3.3394 -2.9867 -2.6609 -2.3806 -2.1554 -1.9743
 -1.8239 -1.6965 -1.5888 -1.4979 -1.4211 -1.3564 -1.3026 -1.2573 -1.2190 -1.1862
 -1.1583
 -7.4371 -6.8138 -6.2598 -5.7758 -5.3566 -4.9982 -4.6942 -4.4361 -4.2146 -4.0202
 -3.8460 -3.6889 -3.5476 -3.4193 -3.2989 -2.9980 -2.6871 -2.4030 -2.1701 -1.9840
 -1.8323 -1.7057 -1.5998 -1.5117 -1.4386 -1.3783 -1.3294 -1.2894 -1.2565 -1.2291
 -1.2064
 -7.8510 -7.1825 -6.5721 -6.0225 -5.5449 -5.1313 -4.7789 -4.4805 -4.2276 -4.0114
 -3.8236 -3.6583 -3.5111 -3.3788 -3.2244 -3.0056 -2.7213 -2.4353 -2.1931
 [Fe/H] =  0.50 [alpha/Fe] = 0.00 BC value =  B   
 -9.4044 -9.9255 -9.9496 -9.5378 -8.8129 -8.0092 -7.3079 -6.7574 -6.1064 -5.4496
 -4.9294 -4.5590 -4.2792 -4.0469 -3.8324 -3.4222
 -8.8030 -8.9198 -8.8615 -8.6464 -8.2903 -7.8074 -7.2099 -6.5272 -5.8396 -5.2031
 -4.7223 -4.3768 -4.1141 -3.8978 -3.7103 -3.3137 -2.9894 -2.7059 -2.4462
 -8.2586 -8.1656 -8.0633 -7.9480 -7.7870 -7.5034 -7.0241 -6.3514 -5.6776 -5.0698
 -4.6037 -4.2650 -4.0063 -3.7941 -3.6092 -3.2189 -2.8974 -2.6181 -2.3668 -2.1392
 -1.9330
 -7.7712 -7.6631 -7.5550 -7.4426 -7.3029 -7.0973 -6.7505 -6.1976 -5.5720 -4.9938
 -4.5352 -4.1942 -3.9342 -3.7223 -3.5384 -3.1496 -2.8293 -2.5557 -2.3159 -2.1007
 -1.9086 -1.7358 -1.5781
 -7.3505 -7.2251 -7.1063 -6.9893 -6.8614 -6.6959 -6.4413 -6.0223 -5.4813 -4.9437
 -4.4928 -4.1488 -3.8848 -3.6714 -3.4876 -3.0992 -2.7793 -2.5097 -2.2764 -2.0698
 -1.8854 -1.7207 -1.5735 -1.4419 -1.3209
 -7.0099 -6.8628 -6.7256 -6.5955 -6.4670 -6.3206 -6.1259 -5.8201 -5.3811 -4.8977
 -4.4643 -4.1195 -3.8509 -3.6348 -3.4504 -3.0625 -2.7418 -2.4746 -2.2468 -2.0468
 -1.8699 -1.7133 -1.5741 -1.4502 -1.3394 -1.2373
 -6.7777 -6.5901 -6.4239 -6.2715 -6.1272 -5.9820 -5.8170 -5.5891 -5.2539 -4.8419
 -4.4390 -4.0992 -3.8284 -3.6093 -3.4241 -3.0369 -2.7146 -2.4479 -2.2242 -2.0300
 -1.8591 -1.7091 -1.5769 -1.4597 -1.3558 -1.2632 -1.1784 -1.1012 -1.0392 -0.9971
 -6.6351 -6.3798 -6.2113 -6.0285 -5.8590 -5.6976 -5.5349 -5.3484 -5.0960 -4.7644
 -4.4069 -4.0827 -3.8133 -3.5929 -3.4070 -3.0214 -2.6977 -2.4292 -2.2077 -2.0183
 -1.8526 -1.7079 -1.5815 -1.4705 -1.3726 -1.2865 -1.2107 -1.1419 -1.0781 -1.0316
 -1.0014
 -6.6029 -6.2643 -5.9945 -5.7853 -5.6134 -5.4550 -5.2919 -5.1180 -4.9166 -4.6593
 -4.3586 -4.0624 -3.8021 -3.5837 -3.3979 -3.0152 -2.6911 -2.4193 -2.1972 -2.0109
 -1.8496 -1.7093 -1.5879 -1.4823 -1.3901 -1.3096 -1.2399 -1.1793 -1.1254 -1.0762
 -1.0410
 -6.7024 -6.2815 -5.9201 -5.6203 -5.3770 -5.1773 -5.0076 -4.8522 -4.6916 -4.5022
 -4.2728 -4.0237 -3.7857 -3.5753 -3.3925 -3.0147 -2.6922 -2.4161 -2.1910 -2.0057
 -1.8476 -1.7109 -1.5937 -1.4930 -1.4061 -1.3309 -1.2669 -1.2122 -1.1655 -1.1252
 -1.0895
 -6.9149 -6.4220 -5.9896 -5.6160 -5.2997 -5.0354 -4.8127 -4.6192 -4.4445 -4.2778
 -4.1055 -3.9242 -3.7402 -3.5611 -3.3925 -3.0249 -2.7064 -2.4268 -2.1961 -2.0084
 -1.8515 -1.7174 -1.6030 -1.5059 -1.4233 -1.3529 -1.2938 -1.2444 -1.2032 -1.1690
 -1.1405
 -7.2548 -6.6767 -6.1711 -5.7301 -5.3493 -5.0242 -4.7488 -4.5138 -4.3089 -4.1243
 -3.9525 -3.7910 -3.6393 -3.4971 -3.3616 -3.0375 -2.7285 -2.4477 -2.2104 -2.0176
 -1.8593 -1.7261 -1.6134 -1.5187 -1.4395 -1.3731 -1.3185 -1.2738 -1.2378 -1.2088
 -1.1856
 -7.6894 -7.0421 -6.4588 -5.9480 -5.5028 -5.1193 -4.7913 -4.5120 -4.2733 -4.0663
 -3.8826 -3.7168 -3.5665 -3.4310 -3.2998 -3.0525 -2.7585 -2.4788 -2.2339
 [Fe/H] =  0.75 [alpha/Fe] = 0.00 BC value =  B   
 -9.5646 -9.5318 -9.1769 -8.5783 -7.9853 -7.5066 -7.1501 -6.8297 -6.2303 -5.5907
 -5.0319 -4.6294 -4.3333 -4.1002 -3.8915 -3.4685
 -8.9904 -8.9352 -8.7684 -8.5016 -8.1453 -7.7083 -7.1988 -6.6239 -5.9931 -5.3552
 -4.8356 -4.4587 -4.1796 -3.9576 -3.7672 -3.3672 -3.0415 -2.7558 -2.4954
 -8.4576 -8.3835 -8.3067 -8.2076 -8.0052 -7.6574 -7.1406 -6.4850 -5.8469 -5.2298
 -4.7260 -4.3552 -4.0793 -3.8599 -3.6735 -3.2839 -2.9595 -2.6766 -2.4245 -2.1956
 -1.9841
 -7.9662 -7.8766 -7.7918 -7.6962 -7.5652 -7.3540 -6.9754 -6.3774 -5.7535 -5.1601
 -4.6640 -4.2906 -4.0112 -3.7908 -3.6049 -3.2186 -2.8973 -2.6192 -2.3744 -2.1554
 -1.9567 -1.7767 -1.6140
 -7.5270 -7.4221 -7.3238 -7.2254 -7.1107 -6.9497 -6.6890 -6.2453 -5.6768 -5.1166
 -4.6286 -4.2508 -3.9646 -3.7404 -3.5534 -3.1682 -2.8487 -2.5752 -2.3365 -2.1248
 -1.9346 -1.7642 -1.6119 -1.4737 -1.3454
 -7.1507 -7.0274 -6.9126 -6.8035 -6.6933 -6.5592 -6.3685 -6.0553 -5.5901 -5.0764
 -4.6069 -4.2265 -3.9332 -3.7033 -3.5139 -3.1290 -2.8102 -2.5399 -2.3065 -2.1011
 -1.9179 -1.7547 -1.6097 -1.4807 -1.3635 -1.2541
 -6.8582 -6.7065 -6.5691 -6.4418 -6.3203 -6.1949 -6.0431 -5.8190 -5.4719 -5.0288
 -4.5872 -4.2111 -3.9128 -3.6771 -3.4845 -3.0991 -2.7804 -2.5113 -2.2824 -2.0824
 -1.9051 -1.7480 -1.6095 -1.4869 -1.3775 -1.2789 -1.1872 -1.1035 -1.0411 -0.9953
 -6.6905 -6.4882 -6.3105 -6.1540 -6.0113 -5.8753 -5.7344 -5.5609 -5.3092 -4.9566
 -4.5616 -4.1987 -3.8994 -3.6600 -3.4641 -3.0782 -2.7597 -2.4898 -2.2633 -2.0682
 -1.8959 -1.7440 -1.6110 -1.4943 -1.3911 -1.2995 -1.2180 -1.1427 -1.0747 -1.0267
 -0.9939
 -6.5727 -6.3121 -6.1005 -5.9289 -5.7742 -5.6191 -5.4666 -5.3086 -5.1149 -4.8494
 -4.5183 -4.1837 -3.8920 -3.6507 -3.4521 -3.0659 -2.7487 -2.4768 -2.2500 -2.0579
 -1.8903 -1.7428 -1.6144 -1.5028 -1.4051 -1.3192 -1.2440 -1.1780 -1.1188 -1.0661
 -1.0304
 -6.6184 -6.2456 -5.9384 -5.6928 -5.5025 -5.3500 -5.2126 -5.0687 -4.9045 -4.7012
 -4.4418 -4.1524 -3.8785 -3.6426 -3.4446 -3.0593 -2.7449 -2.4708 -2.2412 -2.0500
 -1.8856 -1.7419 -1.6176 -1.5104 -1.4178 -1.3372 -1.2675 -1.2076 -1.1566 -1.1124
 -1.0740
 -6.7802 -6.3356 -5.9482 -5.6191 -5.3481 -5.1277 -4.9452 -4.7885 -4.6442 -4.4927
 -4.3102 -4.0907 -3.8576 -3.6389 -3.4463 -3.0637 -2.7533 -2.4784 -2.2442 -2.0506
 -1.8874 -1.7465 -1.6250 -1.5211 -1.4325 -1.3564 -1.2915 -1.2367 -1.1911 -1.1535
 -1.1231
 -7.0590 -6.5390 -6.0821 -5.6843 -5.3430 -5.0552 -4.8144 -4.6099 -4.4302 -4.2657
 -4.1065 -3.9415 -3.7695 -3.5977 -3.4335 -3.0742 -2.7696 -2.4958 -2.2571 -2.0585
 -1.8938 -1.7540 -1.6343 -1.5327 -1.4469 -1.3745 -1.3139 -1.2636 -1.2227 -1.1905
 -1.1660
 -7.4667 -6.8619 -6.3276 -5.8612 -5.4553 -5.1060 -4.8079 -4.5546 -4.3371 -4.1459
 -3.9720 -3.8094 -3.6565 -3.5124 -3.4062 -3.0908 -2.7938 -2.5230 -2.2799
 [Fe/H] =  1.00 [alpha/Fe] = 0.00 BC value =  B   
 -9.6783 -8.4807 -7.2988 -6.8611 -6.8197 -7.0808 -7.2850 -6.8897 -6.3484 -5.7313
 -5.1558 -4.7179 -4.4019 -4.1583 -3.9577 -3.5216
 -9.1310 -9.0239 -8.8232 -8.5388 -8.1794 -7.7526 -7.2651 -6.7231 -6.1320 -5.5165
 -4.9688 -4.5594 -4.2605 -4.0286 -3.8352 -3.4333 -3.1013 -2.8117 -2.5484
 -8.6141 -8.9740 -9.0578 -8.8939 -8.5073 -7.9200 -7.2114 -6.5937 -5.9989 -5.3968
 -4.8662 -4.4635 -4.1667 -3.9371 -3.7469 -3.3576 -3.0288 -2.7411 -2.4854 -2.2538
 -2.0398
 -8.1276 -8.3309 -8.0024 -7.9264 -7.8036 -7.5831 -7.1238 -6.5015 -5.9118 -5.3275
 -4.8093 -4.4043 -4.1020 -3.8697 -3.6794 -3.2945 -2.9726 -2.6896 -2.4393 -2.2156
 -2.0126 -1.8263 -1.6560
 -7.6808 -7.5979 -7.5225 -7.4445 -7.3427 -7.1824 -6.9069 -6.4227 -5.8465 -5.2851
 -4.7784 -4.3694 -4.0579 -3.8193 -3.6263 -3.2429 -2.9253 -2.6483 -2.4036 -2.1862
 -1.9911 -1.8143 -1.6545 -1.5091 -1.3733
 -7.2837 -7.1820 -7.0891 -7.0010 -6.9076 -6.7818 -6.5886 -6.2625 -5.7741 -5.2476
 -4.7580 -4.3483 -4.0290 -3.7820 -3.5845 -3.2000 -2.8851 -2.6130 -2.3743 -2.1630
 -1.9736 -1.8035 -1.6516 -1.5158 -1.3921 -1.2750
 -6.9514 -6.8269 -6.7132 -6.6081 -6.5068 -6.3969 -6.2525 -6.0268 -5.6667 -5.2038
 -4.7407 -4.3361 -4.0106 -3.7557 -3.5524 -3.1650 -2.8518 -2.5825 -2.3490 -2.1433
 -1.9596 -1.7952 -1.6493 -1.5204 -1.4058 -1.3001 -1.2006 -1.1143 -1.0479 -0.9970
 -6.7198 -6.5544 -6.4088 -6.2799 -6.1611 -6.0459 -5.9211 -5.7561 -5.5033 -5.1351
 -4.7164 -4.3261 -3.9987 -3.7383 -3.5293 -3.1379 -2.8264 -2.5579 -2.3276 -2.1269
 -1.9486 -1.7892 -1.6488 -1.5254 -1.4171 -1.3203 -1.2311 -1.1481 -1.0770 -1.0256
 -0.9889
 -6.5738 -6.3763 -6.1974 -6.0354 -5.8882 -5.7529 -5.6222 -5.4818 -5.2964 -5.0272
 -4.6757 -4.3120 -3.9917 -3.7285 -3.5147 -3.1193 -2.8097 -2.5413 -2.3114 -2.1141
 -1.9404 -1.7859 -1.6498 -1.5312 -1.4274 -1.3359 -1.2555 -1.1829 -1.1163 -1.0601
 -1.0223
 -6.5429 -6.2230 -5.9755 -5.7879 -5.6437 -5.5123 -5.3754 -5.2308 -5.0725 -4.8707
 -4.5992 -4.2830 -3.9798 -3.7198 -3.5050 -3.1064 -2.7997 -2.5311 -2.2997 -2.1032
 -1.9331 -1.7827 -1.6506 -1.5362 -1.4371 -1.3508 -1.2755 -1.2102 -1.1530 -1.1028
 -1.0611
 -6.6574 -6.2567 -5.9136 -5.6318 -5.4089 -5.2341 -5.0942 -4.9720 -4.8449 -4.6904
 -4.4890 -4.2363 -3.9669 -3.7189 -3.5060 -3.1050 -2.8010 -2.5340 -2.2997 -2.1012
 -1.9323 -1.7850 -1.6561 -1.5449 -1.4495 -1.3673 -1.2967 -1.2361 -1.1850 -1.1425
 -1.1077
 -6.8795 -6.4094 -5.9968 -5.6403 -5.3397 -5.0921 -4.8896 -4.7203 -4.5736 -4.4377
 -4.2948 -4.1225 -3.9168 -3.7028 -3.5043 -3.1113 -2.8103 -2.5461 -2.3096 -2.1070
 -1.9366 -1.7905 -1.6639 -1.5549 -1.4622 -1.3834 -1.3169 -1.2606 -1.2140 -1.1769
 -1.1480
 -7.2328 -6.6793 -6.1945 -5.7711 -5.4045 -5.0913 -4.8272 -4.6048 -4.4148 -4.2465
 -4.0913 -3.9412 -3.7867 -3.6264 -3.4999 -3.1253 -2.8276 -2.5674 -2.3294
