 [Fe/H] = -2.50 [alpha/Fe] = 0.40 BC value = F336W
 -9.6159 -9.4828 -9.4178 -9.2909 -9.0716 -8.8445 -8.7068 -8.6388 -8.5336 -8.3228
 -8.0398 -7.6945 -7.3085 -6.9211 -6.5259 -5.5270 -4.5714 -3.8050 -3.2158
 -9.2473 -8.9596 -8.7435 -8.5581 -8.3935 -8.2473 -8.1151 -7.9830 -7.8304 -7.6388
 -7.3933 -7.0816 -6.7099 -6.3201 -5.9365 -5.0118 -4.1513 -3.4506 -2.9433 -2.6107
 -9.0016 -8.6101 -8.2857 -8.0298 -7.8423 -7.6919 -7.5415 -7.3776 -7.2007 -7.0082
 -6.7788 -6.4975 -6.1566 -5.7825 -5.4163 -4.5648 -3.7941 -3.1544 -2.7028 -2.4099
 -2.2284
 -8.8788 -8.4343 -8.0444 -7.7060 -7.4180 -7.1783 -6.9860 -6.8226 -6.6445 -6.4310
 -6.1963 -5.9422 -5.6486 -5.3083 -4.9653 -4.1860 -3.4998 -2.9164 -2.4944 -2.2231
 -2.0566 -1.9608
 -8.8228 -8.3417 -7.9117 -7.5273 -7.1855 -6.8834 -6.6175 -6.3830 -6.1751 -5.9749
 -5.7455 -5.4862 -5.2176 -4.9227 -4.6089 -3.8941 -3.2781 -2.7435 -2.3373 -2.0744
 -1.9150 -1.8231 -1.7768 -1.7614
 -8.8179 -8.3103 -7.8496 -7.4321 -7.0554 -6.7155 -6.4090 -6.1316 -5.8778 -5.6419
 -5.4157 -5.1805 -4.9267 -4.6569 -4.3642 -3.6923 -3.1283 -2.6341 -2.2348 -1.9645
 -1.8010 -1.7068 -1.6575 -1.6387 -1.6405 -1.6546 -1.6734 -1.6912 -1.7031 -1.7042
 -8.8494 -8.3276 -7.8460 -7.4030 -6.9981 -6.6303 -6.2962 -5.9909 -5.7108 -5.4506
 -5.2046 -4.9672 -4.7304 -4.4920 -4.2294 -3.5781 -3.0405 -2.5776 -2.1839 -1.8965
 -1.7156 -1.6108 -1.5542 -1.5288 -1.5249 -1.5354 -1.5540 -1.5743 -1.5924 -1.6048
 -1.6079
 -8.9105 -8.3804 -7.8878 -7.4288 -7.0024 -6.6111 -6.2532 -5.9261 -5.6256 -5.3480
 -5.0883 -4.8420 -4.6054 -4.3758 -4.1431 -3.5370 -3.0025 -2.5584 -2.1734 -1.8694
 -1.6628 -1.5372 -1.4671 -1.4321 -1.4202 -1.4245 -1.4393 -1.4594 -1.4799 -1.4980
 -1.5119
 -8.9954 -8.4585 -7.9573 -7.4899 -7.0501 -6.6403 -6.2622 -5.9152 -5.5968 -5.3034
 -5.0308 -4.7753 -4.5335 -4.3029 -4.0799 -3.5178 -2.9981 -2.5574 -2.1826 -1.8709
 -1.6405 -1.4883 -1.3976 -1.3486 -1.3267 -1.3231 -1.3323 -1.3493 -1.3699 -1.3906
 -1.4092
 -9.1240 -8.5842 -8.0681 -7.5889 -7.1395 -6.7170 -6.3233 -5.9583 -5.6221 -5.3126
 -5.0263 -4.7598 -4.5101 -4.2751 -4.0519 -3.5133 -3.0160 -2.5768 -2.2059 -1.8942
 -1.6480 -1.4708 -1.3543 -1.2847 -1.2478 -1.2332 -1.2339 -1.2450 -1.2626 -1.2831
 -1.3050
 -9.3019 -8.7439 -8.2157 -7.7181 -7.2530 -6.8203 -6.4148 -6.0358 -5.6837 -5.3582
 -5.0572 -4.7784 -4.5186 -4.2755 -4.0468 -3.5144 -3.0359 -2.6038 -2.2329 -1.9215
 -1.6688 -1.4753 -1.3364 -1.2439 -1.1879 -1.1585 -1.1480 -1.1508 -1.1626 -1.1801
 -1.2004
 -9.5292 -8.9376 -8.3923 -7.8784 -7.3949 -6.9449 -6.5262 -6.1351 -5.7692 -5.4291
 -5.1134 -4.8209 -4.5494 -4.2965 -4.0646 -3.5211 -3.0578 -2.6384 -2.2636
 [Fe/H] = -2.00 [alpha/Fe] = 0.40 BC value = F336W
 -8.8673 -8.7629 -8.6974 -8.6527 -8.6141 -8.5680 -8.5030 -8.4091 -8.2752 -8.0864
 -7.8311 -7.5061 -7.1311 -6.7484 -6.3942 -5.5023 -4.6525 -3.9088 -3.3483
 -8.4518 -8.2740 -8.1472 -8.0604 -7.9949 -7.9323 -7.8559 -7.7535 -7.6153 -7.4307
 -7.1892 -6.8832 -6.5214 -6.1445 -5.7817 -4.9481 -4.1955 -3.5434 -3.0410 -2.6977
 -8.1766 -7.9070 -7.7075 -7.5703 -7.4491 -7.3446 -7.2430 -7.1264 -6.9819 -6.8021
 -6.5791 -6.3050 -5.9752 -5.6154 -5.2667 -4.4874 -3.8152 -3.2388 -2.7849 -2.4725
 -2.2698
 -8.0546 -7.7054 -7.4294 -7.2162 -7.0447 -6.8947 -6.7493 -6.5958 -6.4285 -6.2439
 -6.0332 -5.7908 -5.5063 -5.1791 -4.8492 -4.1202 -3.5116 -2.9950 -2.5800 -2.2886
 -2.1052 -1.9981
 -8.0805 -7.6841 -7.3401 -7.0592 -6.8270 -6.6250 -6.4379 -6.2530 -6.0598 -5.8494
 -5.6193 -5.3819 -5.1305 -4.8479 -4.5419 -3.8531 -3.2894 -2.8147 -2.4255 -2.1440
 -1.9650 -1.8602 -1.8053 -1.7830
 -8.1919 -7.7468 -7.3551 -7.0101 -6.7068 -6.4405 -6.2042 -5.9907 -5.7928 -5.6033
 -5.3927 -5.1430 -4.8820 -4.6180 -4.3392 -3.6801 -3.1439 -2.6957 -2.3209 -2.0374
 -1.8531 -1.7439 -1.6850 -1.6595 -1.6560 -1.6655 -1.6806 -1.6953 -1.7043 -1.7026
 -8.3994 -7.8998 -7.4578 -7.0658 -6.7171 -6.4065 -6.1292 -5.8792 -5.6490 -5.4309
 -5.2189 -5.0041 -4.7688 -4.5128 -4.2384 -3.5872 -3.0629 -2.6296 -2.2623 -1.9699
 -1.7696 -1.6485 -1.5812 -1.5488 -1.5399 -1.5464 -1.5615 -1.5790 -1.5945 -1.6043
 -1.6052
 -8.6965 -8.1465 -7.6512 -7.2072 -6.8098 -6.4545 -6.1364 -5.8504 -5.5904 -5.3496
 -5.1201 -4.8969 -4.6757 -4.4526 -4.2120 -3.5666 -3.0329 -2.6045 -2.2412 -1.9395
 -1.7175 -1.5757 -1.4940 -1.4516 -1.4348 -1.4353 -1.4471 -1.4645 -1.4828 -1.4987
 -1.5104
 -9.0628 -8.4553 -7.9154 -7.4231 -6.9761 -6.5726 -6.2105 -5.8859 -5.5932 -5.3265
 -5.0786 -4.8433 -4.6157 -4.3942 -4.1759 -3.5852 -3.0420 -2.6049 -2.2427 -1.9355
 -1.6939 -1.5271 -1.4246 -1.3678 -1.3409 -1.3338 -1.3402 -1.3549 -1.3734 -1.3921
 -1.4088
 -9.4657 -8.8266 -8.2432 -7.7084 -7.2168 -6.7666 -6.3581 -5.9907 -5.6609 -5.3639
 -5.0928 -4.8412 -4.6034 -4.3756 -4.1566 -3.6083 -3.0841 -2.6333 -2.2654 -1.9551
 -1.7003 -1.5097 -1.3817 -1.3040 -1.2620 -1.2438 -1.2420 -1.2510 -1.2666 -1.2853
 -1.3055
 -9.8756 -9.2233 -8.6048 -8.0328 -7.5028 -7.0130 -6.5633 -6.1535 -5.7841 -5.4521
 -5.1527 -4.8796 -4.6268 -4.3890 -4.1630 -3.6244 -3.1253 -2.6758 -2.2973 -1.9832
 -1.7215 -1.5148 -1.3640 -1.2633 -1.2018 -1.1688 -1.1559 -1.1567 -1.1668 -1.1827
 -1.2016
-10.2865 -9.6169 -8.9827 -8.3822 -7.8178 -7.2923 -6.8072 -6.3616 -5.9549 -5.5869
 -5.2553 -4.9557 -4.6827 -4.4305 -4.1951 -3.6335 -3.1656 -2.7324 -2.3384
 [Fe/H] = -1.50 [alpha/Fe] = 0.40 BC value = F336W
 -8.4088 -8.4013 -8.4000 -8.3965 -8.3842 -8.3543 -8.2987 -8.2105 -8.0815 -7.9000
 -7.6561 -7.3489 -6.9956 -6.6308 -6.2754 -5.4557 -4.7046 -4.0279 -3.4751
 -7.8497 -7.8151 -7.7971 -7.7830 -7.7625 -7.7263 -7.6660 -7.5747 -7.4449 -7.2679
 -7.0343 -6.7389 -6.3941 -6.0345 -5.6872 -4.9070 -4.2292 -3.6435 -3.1603 -2.7977
 -7.4382 -7.3329 -7.2686 -7.2267 -7.1889 -7.1411 -7.0728 -6.9768 -6.8477 -6.6799
 -6.4667 -6.2017 -5.8851 -5.5424 -5.2079 -4.4685 -3.8503 -3.3301 -2.9020 -2.5742
 -2.3530
 -7.2968 -7.0875 -6.9159 -6.8028 -6.7163 -6.6427 -6.5610 -6.4587 -6.3302 -6.1720
 -5.9800 -5.7493 -5.4736 -5.1601 -4.8418 -4.1370 -3.5616 -3.0859 -2.6962 -2.3927
 -2.1843 -2.0571
 -7.3598 -7.0566 -6.8105 -6.6119 -6.4515 -6.3219 -6.2102 -6.0873 -5.9451 -5.7830
 -5.5999 -5.3930 -5.1562 -4.8810 -4.5836 -3.9042 -3.3553 -2.9066 -2.5398 -2.2504
 -2.0460 -1.9196 -1.8501 -1.8175
 -7.5240 -7.1664 -6.8537 -6.5848 -6.3583 -6.1681 -6.0094 -5.8738 -5.7366 -5.5727
 -5.3711 -5.1545 -4.9291 -4.6867 -4.4164 -3.7566 -3.2201 -2.7851 -2.4288 -2.1442
 -1.9368 -1.8044 -1.7296 -1.6935 -1.6817 -1.6840 -1.6930 -1.7024 -1.7065 -1.6996
 -7.7720 -7.3546 -6.9896 -6.6695 -6.3900 -6.1486 -5.9402 -5.7566 -5.5891 -5.4305
 -5.2654 -5.0643 -4.8253 -4.5749 -4.3203 -3.6789 -3.1439 -2.7129 -2.3592 -2.0723
 -1.8553 -1.7111 -1.6263 -1.5824 -1.5651 -1.5647 -1.5739 -1.5865 -1.5975 -1.6029
 -1.5991
 -8.1514 -7.6494 -7.2156 -6.8376 -6.5062 -6.2148 -5.9586 -5.7325 -5.5292 -5.3400
 -5.1570 -4.9745 -4.7813 -4.5575 -4.3037 -3.6575 -3.1156 -2.6813 -2.3252 -2.0325
 -1.8158 -1.6405 -1.5404 -1.4851 -1.4595 -1.4534 -1.4596 -1.4723 -1.4866 -1.4989
 -1.5065
 -8.6977 -8.0809 -7.5559 -7.1023 -6.7063 -6.3578 -6.0498 -5.7772 -5.5336 -5.3125
 -5.1056 -4.9060 -4.7089 -4.5112 -4.3005 -3.6840 -3.1222 -2.6779 -2.3167 -2.0172
 -1.7741 -1.5922 -1.4722 -1.4017 -1.3653 -1.3514 -1.3525 -1.3629 -1.3777 -1.3933
 -1.4071
 -9.3617 -8.6541 -8.0315 -7.4925 -7.0170 -6.5980 -6.2278 -5.9010 -5.6102 -5.3499
 -5.1130 -4.8923 -4.6811 -4.4757 -4.2733 -3.7318 -3.1748 -2.7078 -2.3364 -2.0291
 -1.7748 -1.5739 -1.4302 -1.3386 -1.2865 -1.2613 -1.2543 -1.2593 -1.2717 -1.2878
 -1.3055
-10.0736 -9.3075 -8.6136 -7.9878 -7.4319 -6.9358 -6.4953 -6.1044 -5.7580 -5.4507
 -5.1756 -4.9259 -4.6946 -4.4761 -4.2659 -3.7517 -3.2377 -2.7632 -2.3734 -2.0565
 -1.7929 -1.5774 -1.4129 -1.2985 -1.2265 -1.1862 -1.1682 -1.1653 -1.1725 -1.1861
 -1.2027
-10.7750 -9.9765 -9.2340 -8.5461 -7.9209 -7.3546 -6.8449 -6.3873 -5.9798 -5.6182
 -5.2973 -5.0107 -4.7516 -4.5132 -4.2783 -3.7437 -3.3109 -2.8441 -2.4277
 [Fe/H] = -1.00 [alpha/Fe] = 0.40 BC value = F336W
 -8.2347 -8.2539 -8.2656 -8.2652 -8.2495 -8.2111 -8.1426 -8.0384 -7.8953 -7.7133
 -7.4944 -7.2367 -6.9429 -6.6241 -6.2966 -5.5123 -4.8114 -4.1773 -3.6352
 -7.6494 -7.6618 -7.6699 -7.6684 -7.6524 -7.6171 -7.5564 -7.4629 -7.3326 -7.1623
 -6.9489 -6.6915 -6.3947 -6.0745 -5.7500 -4.9932 -4.3362 -3.7774 -3.3156 -2.9482
 -7.1436 -7.1380 -7.1356 -7.1285 -7.1102 -7.0751 -7.0177 -6.9318 -6.8130 -6.6577
 -6.4620 -6.2232 -5.9432 -5.6359 -5.3222 -4.5970 -3.9822 -3.4701 -3.0542 -2.7242
 -2.4772
 -6.7871 -6.7269 -6.6937 -6.6705 -6.6446 -6.6069 -6.5509 -6.4707 -6.3624 -6.2229
 -6.0487 -5.8365 -5.5845 -5.2998 -5.0015 -4.3042 -3.7197 -3.2376 -2.8489 -2.5417
 -2.3095 -2.1529
 -6.7500 -6.5611 -6.4301 -6.3421 -6.2828 -6.2323 -6.1732 -6.0956 -5.9951 -5.8690
 -5.7143 -5.5282 -5.3070 -5.0509 -4.7720 -4.0975 -3.5318 -3.0677 -2.6931 -2.3975
 -2.1720 -2.0163 -1.9221 -1.8716
 -6.9446 -6.6658 -6.4313 -6.2437 -6.1015 -5.9974 -5.9150 -5.8317 -5.7284 -5.6045
 -5.4594 -5.2913 -5.0966 -4.8706 -4.6151 -3.9616 -3.4048 -2.9498 -2.5807 -2.2882
 -2.0631 -1.9026 -1.8024 -1.7476 -1.7224 -1.7140 -1.7137 -1.7156 -1.7133 -1.6994
 -7.1953 -6.8623 -6.5679 -6.3127 -6.0985 -5.9225 -5.7801 -5.6681 -5.5723 -5.4599
 -5.3134 -5.1405 -4.9503 -4.7421 -4.5126 -3.8834 -3.3279 -2.8750 -2.5063 -2.2108
 -1.9810 -1.8118 -1.7007 -1.6371 -1.6059 -1.5949 -1.5950 -1.5999 -1.6046 -1.6039
 -1.5928
 -7.5222 -7.1211 -6.7701 -6.4615 -6.1919 -5.9609 -5.7656 -5.6013 -5.4619 -5.3379
 -5.2150 -5.0738 -4.8948 -4.6829 -4.4561 -3.8527 -3.2942 -2.8371 -2.4649 -2.1628
 -1.9240 -1.7431 -1.6178 -1.5413 -1.5006 -1.4836 -1.4811 -1.4863 -1.4933 -1.5008
 -1.5022
 -8.0086 -7.4908 -7.0578 -6.6838 -6.3583 -6.0745 -5.8286 -5.6171 -5.4344 -5.2730
 -5.1230 -4.9757 -4.8233 -4.6534 -4.4503 -3.8562 -3.2929 -2.8270 -2.4481 -2.1382
 -1.8883 -1.6935 -1.5518 -1.4597 -1.4069 -1.3815 -1.3739 -1.3770 -1.3857 -1.3960
 -1.4048
 -8.7078 -8.0598 -7.5038 -7.0322 -6.6284 -6.2799 -5.9774 -5.7136 -5.4832 -5.2804
 -5.0973 -4.9255 -4.7575 -4.5886 -4.4141 -3.8978 -3.3316 -2.8516 -2.4621 -2.1427
 -1.8805 -1.6705 -1.5105 -1.3988 -1.3295 -1.2918 -1.2758 -1.2738 -1.2804 -1.2915
 -1.3038
 -9.6234 -8.8354 -8.1471 -7.5500 -7.0384 -6.6009 -6.2237 -5.8962 -5.6095 -5.3575
 -5.1330 -4.9292 -4.7388 -4.5552 -4.3741 -3.9117 -3.3956 -2.9019 -2.4970 -2.1663
 -1.8926 -1.6685 -1.4912 -1.3596 -1.2708 -1.2174 -1.1899 -1.1800 -1.1817 -1.1908
 -1.2036
-10.6300 -9.7461 -8.9433 -8.2312 -7.6043 -7.0604 -6.5901 -6.1817 -5.8258 -5.5138
 -5.2384 -4.9928 -4.7704 -4.5645 -4.3303 -3.8979 -3.4849 -2.9779 -2.5528
 [Fe/H] = -0.75 [alpha/Fe] = 0.40 BC value = F336W
 -8.2337 -8.2536 -8.2629 -8.2571 -8.2322 -8.1818 -8.0998 -7.9814 -7.8264 -7.6462
 -7.4460 -7.2216 -6.9674 -6.6841 -6.3804 -5.6137 -4.9033 -4.2781 -3.7441
 -7.6520 -7.6699 -7.6790 -7.6755 -7.6553 -7.6141 -7.5468 -7.4460 -7.3109 -7.1443
 -6.9476 -6.7198 -6.4597 -6.1714 -5.8670 -5.1196 -4.4513 -3.8826 -3.4157 -3.0434
 -7.1397 -7.1491 -7.1544 -7.1505 -7.1327 -7.0971 -7.0392 -6.9531 -6.8356 -6.6858
 -6.5030 -6.2868 -6.0371 -5.7590 -5.4647 -4.7463 -4.1147 -3.5845 -3.1563 -2.8194
 -2.5611
 -6.7312 -6.7161 -6.7085 -6.6989 -6.6802 -6.6475 -6.5961 -6.5210 -6.4183 -6.2858
 -6.1219 -5.9253 -5.6955 -5.4358 -5.1567 -4.4676 -3.8651 -3.3609 -2.9548 -2.6375
 -2.3942 -2.2207
 -6.5441 -6.4368 -6.3746 -6.3381 -6.3091 -6.2746 -6.2264 -6.1590 -6.0681 -5.9513
 -5.8063 -5.6315 -5.4253 -5.1882 -4.9274 -4.2650 -3.6829 -3.1965 -2.8021 -2.4935
 -2.2569 -2.0853 -1.9742 -1.9090
 -6.6911 -6.4577 -6.2770 -6.1468 -6.0560 -5.9917 -5.9373 -5.8714 -5.7871 -5.6814
 -5.5522 -5.3973 -5.2144 -5.0018 -4.7620 -4.1249 -3.5550 -3.0795 -2.6910 -2.3838
 -2.1473 -1.9724 -1.8554 -1.7865 -1.7509 -1.7345 -1.7282 -1.7249 -1.7178 -1.6992
 -6.9446 -6.6473 -6.3878 -6.1698 -5.9932 -5.8548 -5.7504 -5.6723 -5.5924 -5.4898
 -5.3647 -5.2193 -5.0530 -4.8628 -4.6457 -4.0370 -3.4728 -3.0021 -2.6154 -2.3051
 -2.0636 -1.8817 -1.7548 -1.6766 -1.6347 -1.6158 -1.6099 -1.6096 -1.6097 -1.6046
 -1.5885
 -7.2458 -6.8895 -6.5749 -6.2983 -6.0599 -5.8589 -5.6919 -5.5557 -5.4489 -5.3554
 -5.2510 -5.1184 -4.9547 -4.7697 -4.5678 -3.9929 -3.4311 -2.9590 -2.5706 -2.2544
 -2.0040 -1.8121 -1.6728 -1.5822 -1.5299 -1.5048 -1.4961 -1.4964 -1.5003 -1.5025
 -1.4995
 -7.6563 -7.2115 -6.8273 -6.4924 -6.1993 -5.9448 -5.7267 -5.5422 -5.3872 -5.2554
 -5.1350 -5.0149 -4.8831 -4.7249 -4.5334 -3.9801 -3.4204 -2.9425 -2.5489 -2.2256
 -1.9647 -1.7602 -1.6070 -1.5014 -1.4369 -1.4029 -1.3892 -1.3873 -1.3918 -1.3984
 -1.4034
 -8.2915 -7.7078 -7.2125 -6.7918 -6.4300 -6.1171 -5.8456 -5.6115 -5.4104 -5.2369
 -5.0827 -4.9383 -4.7955 -4.6488 -4.4915 -4.0006 -3.4476 -2.9605 -2.5583 -2.2260
 -1.9530 -1.7339 -1.5646 -1.4416 -1.3608 -1.3140 -1.2915 -1.2846 -1.2871 -1.2939
 -1.3038
 -9.1947 -8.4465 -7.8036 -7.2542 -6.7909 -6.3963 -6.0577 -5.7651 -5.5113 -5.2905
 -5.0960 -4.9200 -4.7546 -4.5929 -4.4309 -4.0041 -3.4995 -3.0033 -2.5888 -2.2461
 -1.9618 -1.7288 -1.5433 -1.4025 -1.3034 -1.2407 -1.2063 -1.1912 -1.1889 -1.1946
 -1.2007
-10.3659 -9.4043 -8.6146 -7.9256 -7.3303 -6.8235 -6.3922 -6.0223 -5.7029 -5.4247
 -5.1805 -4.9635 -4.7666 -4.5827 -4.3516 -3.9906 -3.5761 -3.0709 -2.6404
 [Fe/H] = -0.50 [alpha/Fe] = 0.40 BC value = F336W
 -8.2935 -8.3106 -8.3113 -8.2950 -8.2539 -8.1834 -8.0809 -7.9443 -7.7775 -7.6008
 -7.4204 -7.2295 -7.0192 -6.7803 -6.5125 -5.7786 -5.0593 -4.4182 -3.8571
 -7.7153 -7.7327 -7.7381 -7.7283 -7.6993 -7.6474 -7.5675 -7.4528 -7.3089 -7.1458
 -6.9684 -6.7736 -6.5558 -6.3099 -6.0376 -5.3142 -4.6265 -4.0307 -3.5438 -3.1568
 -7.2002 -7.2154 -7.2220 -7.2163 -7.1946 -7.1538 -7.0899 -6.9974 -6.8757 -6.7296
 -6.5625 -6.3741 -6.1614 -5.9221 -5.6584 -4.9623 -4.3081 -3.7450 -3.2896 -2.9345
 -2.6620
 -6.7679 -6.7724 -6.7750 -6.7699 -6.7525 -6.7195 -6.6674 -6.5917 -6.4892 -6.3607
 -6.2083 -6.0325 -5.8320 -5.6058 -5.3562 -4.6927 -4.0698 -3.5317 -3.0945 -2.7552
 -2.4965 -2.3053
 -6.4672 -6.4291 -6.4104 -6.3968 -6.3784 -6.3493 -6.3050 -6.2414 -6.1545 -6.0429
 -5.9067 -5.7465 -5.5616 -5.3516 -5.1179 -4.4863 -3.8894 -3.3724 -2.9467 -2.6140
 -2.3603 -2.1715 -2.0409 -1.9590
 -6.4774 -6.3110 -6.1978 -6.1260 -6.0812 -6.0457 -6.0038 -5.9476 -5.8723 -5.7751
 -5.6547 -5.5110 -5.3433 -5.1508 -4.9342 -4.3329 -3.7551 -3.2544 -2.8373 -2.5057
 -2.2509 -2.0593 -1.9235 -1.8367 -1.7870 -1.7605 -1.7464 -1.7375 -1.7261 -1.7042
 -6.7173 -6.4555 -6.2370 -6.0648 -5.9351 -5.8399 -5.7704 -5.7136 -5.6442 -5.5563
 -5.4484 -5.3196 -5.1688 -4.9946 -4.7961 -4.2261 -3.6611 -3.1709 -2.7597 -2.4263
 -2.1662 -1.9682 -1.8240 -1.7279 -1.6715 -1.6421 -1.6283 -1.6220 -1.6178 -1.6098
 -1.5913
 -7.0024 -6.6836 -6.4022 -6.1587 -5.9542 -5.7863 -5.6505 -5.5451 -5.4683 -5.3915
 -5.2952 -5.1755 -5.0350 -4.8753 -4.6946 -4.1597 -3.6043 -3.1182 -2.7097 -2.3729
 -2.1046 -1.8969 -1.7421 -1.6343 -1.5676 -1.5314 -1.5150 -1.5090 -1.5078 -1.5071
 -1.5022
 -7.3586 -6.9666 -6.6246 -6.3243 -6.0621 -5.8370 -5.6465 -5.4865 -5.3560 -5.2524
 -5.1584 -5.0588 -4.9408 -4.7957 -4.6253 -4.1235 -3.5782 -3.0909 -2.6806 -2.3391
 -2.0612 -1.8421 -1.6752 -1.5545 -1.4756 -1.4302 -1.4083 -1.3971 -1.3933 -1.3961
 -1.4050
 -7.8946 -7.3834 -6.9503 -6.5775 -6.2541 -5.9731 -5.7303 -5.5225 -5.3463 -5.1981
 -5.0704 -4.9521 -4.8341 -4.7095 -4.5696 -4.1172 -3.5885 -3.0979 -2.6821 -2.3339
 -2.0454 -1.8126 -1.6311 -1.4953 -1.4011 -1.3427 -1.3116 -1.2983 -1.2959 -1.2986
 -1.3051
 -8.7092 -8.0298 -7.4542 -6.9698 -6.5580 -6.2055 -5.9023 -5.6407 -5.4158 -5.2230
 -5.0560 -4.9068 -4.7665 -4.6281 -4.4880 -4.1036 -3.6221 -3.1294 -2.7055 -2.3490
 -2.0504 -1.8042 -1.6075 -1.4558 -1.3451 -1.2712 -1.2276 -1.2057 -1.1983 -1.1999
 -1.2025
 -9.8133 -8.9569 -8.2131 -7.5760 -7.0343 -6.5776 -6.1899 -5.8585 -5.5738 -5.3280
 -5.1143 -4.9261 -4.7555 -4.5955 -4.3805 -4.0827 -3.6790 -3.1854 -2.7508
 [Fe/H] = -0.25 [alpha/Fe] = 0.40 BC value = F336W
 -8.4158 -8.4244 -8.4179 -8.3885 -8.3286 -8.2319 -8.0937 -7.9205 -7.7471 -7.5782
 -7.4154 -7.2542 -7.0851 -6.8949 -6.6744 -6.0082 -5.2802 -4.6091 -4.0170
 -7.8389 -7.8531 -7.8495 -7.8284 -7.7847 -7.7150 -7.6147 -7.4779 -7.3215 -7.1624
 -7.0032 -6.8396 -6.6638 -6.4662 -6.2390 -5.5717 -4.8704 -4.2343 -3.7116 -3.2976
 -7.3188 -7.3343 -7.3377 -7.3256 -7.2950 -7.2428 -7.1659 -7.0586 -6.9258 -6.7806
 -6.6291 -6.4691 -6.2951 -6.1007 -5.8796 -5.2372 -4.5683 -3.9624 -3.4655 -3.0788
 -2.7839
 -6.8685 -6.8814 -6.8868 -6.8806 -6.8593 -6.8204 -6.7611 -6.6771 -6.5668 -6.4375
 -6.2960 -6.1431 -5.9756 -5.7890 -5.5789 -4.9711 -4.3378 -3.7594 -3.2787 -2.9046
 -2.6214 -2.4092
 -6.5086 -6.5041 -6.5029 -6.4968 -6.4804 -6.4504 -6.4037 -6.3370 -6.2467 -6.1342
 -6.0046 -5.8609 -5.7020 -5.5250 -5.3271 -4.7545 -4.1548 -3.6037 -3.1366 -2.7676
 -2.4875 -2.2774 -2.1254 -2.0228
 -6.3944 -6.2603 -6.2109 -6.1835 -6.1617 -6.1344 -6.0951 -6.0402 -5.9659 -5.8697
 -5.7536 -5.6209 -5.4721 -5.3056 -5.1197 -4.5796 -4.0083 -3.4822 -3.0287 -2.6619
 -2.3796 -2.1662 -2.0096 -1.9017 -1.8337 -1.7933 -1.7693 -1.7525 -1.7346 -1.7072
 -6.5155 -6.2998 -6.1378 -6.0207 -5.9377 -5.8806 -5.8370 -5.7881 -5.7245 -5.6423
 -5.5401 -5.4198 -5.2824 -5.1276 -4.9539 -4.4447 -3.8953 -3.3883 -2.9479 -2.5828
 -2.2951 -2.0749 -1.9106 -1.7943 -1.7194 -1.6756 -1.6511 -1.6372 -1.6271 -1.6137
 -1.5904
 -6.7882 -6.5025 -6.2554 -6.0501 -5.8856 -5.7565 -5.6566 -5.5807 -5.5213 -5.4505
 -5.3610 -5.2532 -5.1281 -4.9857 -4.8250 -4.3469 -3.8158 -3.3208 -2.8903 -2.5265
 -2.2322 -2.0027 -1.8286 -1.7018 -1.6169 -1.5660 -1.5387 -1.5246 -1.5174 -1.5117
 -1.5021
 -7.1054 -6.7566 -6.4498 -6.1817 -5.9517 -5.7583 -5.5967 -5.4622 -5.3573 -5.2790
 -5.2024 -5.1124 -5.0032 -4.8739 -4.7258 -4.2796 -3.7656 -3.2765 -2.8500 -2.4866
 -2.1858 -1.9459 -1.7606 -1.6226 -1.5263 -1.4659 -1.4328 -1.4166 -1.4100 -1.4076
 -1.4056
 -7.5511 -7.1094 -6.7259 -6.3940 -6.1048 -5.8545 -5.6401 -5.4575 -5.3028 -5.1757
 -5.0717 -4.9761 -4.8786 -4.7712 -4.6458 -4.2426 -3.7512 -3.2659 -2.8390 -2.4735
 -2.1654 -1.9137 -1.7151 -1.5636 -1.4537 -1.3807 -1.3376 -1.3157 -1.3068 -1.3057
 -1.3064
 -8.2401 -7.6454 -7.1446 -6.7195 -6.3551 -6.0408 -5.7695 -5.5362 -5.3365 -5.1666
 -5.0224 -4.8963 -4.7792 -4.6639 -4.5458 -4.2058 -3.7603 -3.2801 -2.8502 -2.4801
 -2.1650 -1.9020 -1.6896 -1.5237 -1.3991 -1.3114 -1.2557 -1.2246 -1.2103 -1.2066
 -1.2045
 -9.2424 -8.4711 -7.8009 -7.2331 -6.7560 -6.3511 -6.0055 -5.7097 -5.4557 -5.2378
 -5.0506 -4.8878 -4.7415 -4.6043 -4.4258 -4.1692 -3.7929 -3.3191 -2.8836
 [Fe/H] =  0.00 [alpha/Fe] = 0.40 BC value = F336W
 -8.5924 -8.5922 -8.5578 -8.4879 -8.3847 -8.2493 -8.0879 -7.8925 -7.7312 -7.5727
 -7.4233 -7.2836 -7.1466 -7.0008 -6.8330 -6.2719 -5.5656 -4.8590 -4.2179
 -8.0176 -8.0241 -8.0111 -7.9735 -7.9076 -7.8105 -7.6780 -7.5083 -7.3421 -7.1858
 -7.0402 -6.9008 -6.7596 -6.6073 -6.4322 -5.8635 -5.1761 -4.4988 -3.9266 -3.4730
 -7.4889 -7.5016 -7.4982 -7.4753 -7.4297 -7.3586 -7.2591 -7.1279 -6.9779 -6.8299
 -6.6895 -6.5531 -6.4126 -6.2611 -6.0886 -5.5404 -4.8865 -4.2412 -3.6924 -3.2613
 -2.9324
 -7.0199 -7.0354 -7.0391 -7.0272 -6.9970 -6.9457 -6.8713 -6.7698 -6.6433 -6.5073
 -6.3725 -6.2398 -6.1026 -5.9549 -5.7894 -5.2727 -4.6586 -4.0468 -3.5153 -3.0945
 -2.7753 -2.5351
 -6.6218 -6.6318 -6.6366 -6.6309 -6.6111 -6.5743 -6.5185 -6.4408 -6.3381 -6.2173
 -6.0900 -5.9610 -5.8276 -5.6846 -5.5265 -5.0425 -4.4684 -3.8923 -3.3789 -2.9634
 -2.6457 -2.4068 -2.2295 -2.1021
 -6.3408 -6.3123 -6.3002 -6.2906 -6.2744 -6.2464 -6.2032 -6.1425 -6.0610 -5.9577
 -5.8404 -5.7167 -5.5875 -5.4493 -5.2978 -4.8434 -4.3053 -3.7636 -3.2715 -2.8608
 -2.5407 -2.2977 -2.1162 -1.9845 -1.8941 -1.8353 -1.7972 -1.7712 -1.7455 -1.7124
 -6.3598 -6.2113 -6.1078 -6.0409 -5.9989 -5.9663 -5.9290 -5.8791 -5.8130 -5.7273
 -5.6230 -5.5070 -5.3830 -5.2499 -5.1048 -4.6758 -4.1675 -3.6555 -3.1854 -2.7816
 -2.4574 -2.2073 -2.0184 -1.8792 -1.7822 -1.7194 -1.6805 -1.6564 -1.6390 -1.6195
 -1.5915
 -6.5989 -6.3480 -6.1436 -5.9871 -5.8689 -5.7780 -5.7069 -5.6522 -5.5959 -5.5248
 -5.4350 -5.3295 -5.2126 -5.0858 -4.9475 -4.5415 -4.0585 -3.5677 -3.1170 -2.7218
 -2.3943 -2.1354 -1.9367 -1.7878 -1.6818 -1.6119 -1.5697 -1.5450 -1.5296 -1.5182
 -1.5038
 -6.8915 -6.5766 -6.3023 -6.0677 -5.8734 -5.7152 -5.5870 -5.4880 -5.4086 -5.3381
 -5.2653 -5.1758 -5.0706 -4.9525 -4.8219 -4.4377 -3.9764 -3.4995 -3.0613 -2.6742
 -2.3447 -2.0774 -1.8684 -1.7092 -1.5929 -1.5138 -1.4652 -1.4378 -1.4228 -1.4141
 -1.4075
 -7.2712 -6.8802 -6.5385 -6.2412 -5.9841 -5.7650 -5.5799 -5.4255 -5.2971 -5.1901
 -5.1005 -5.0210 -4.9341 -4.8350 -4.7207 -4.3664 -3.9288 -3.4638 -3.0321 -2.6498
 -2.3191 -2.0432 -1.8223 -1.6508 -1.5221 -1.4311 -1.3725 -1.3385 -1.3208 -1.3116
 -1.3089
 -7.8382 -7.3221 -6.8854 -6.5105 -6.1862 -5.9059 -5.6649 -5.4588 -5.2824 -5.1320
 -5.0069 -4.8996 -4.8018 -4.7059 -4.6058 -4.3064 -3.9060 -3.4535 -3.0247 -2.6437
 -2.3111 -2.0280 -1.7954 -1.6107 -1.4687 -1.3643 -1.2933 -1.2496 -1.2258 -1.2151
 -1.2080
 -8.7153 -8.0161 -7.4288 -6.9352 -6.5162 -6.1580 -5.8504 -5.5864 -5.3601 -5.1664
 -5.0004 -4.8576 -4.7315 -4.6150 -4.4772 -4.2577 -3.9080 -3.4686 -3.0391
 [Fe/H] =  0.25 [alpha/Fe] = 0.40 BC value = F336W
 -8.8211 -8.8135 -8.7249 -8.5805 -8.4044 -8.2162 -8.0322 -7.8659 -7.7207 -7.5772
 -7.4377 -7.3108 -7.1938 -7.0804 -6.9571 -6.5254 -5.8814 -5.1566 -4.4638
 -8.2385 -8.2387 -8.2116 -8.1522 -8.0551 -7.9162 -7.7324 -7.5239 -7.3602 -7.2104
 -7.0738 -6.9495 -6.8309 -6.7122 -6.5823 -6.1399 -5.5117 -4.8136 -4.1885 -3.6860
 -7.6996 -7.7084 -7.6963 -7.6590 -7.5918 -7.4924 -7.3595 -7.1913 -7.0232 -6.8728
 -6.7386 -6.6175 -6.5005 -6.3813 -6.2516 -5.8231 -5.2295 -4.5689 -3.9679 -3.4845
 -3.1116
 -7.2113 -7.2267 -7.2259 -7.2047 -7.1602 -7.0894 -6.9908 -6.8623 -6.7118 -6.5657
 -6.4334 -6.3135 -6.1993 -6.0822 -5.9558 -5.5511 -4.9992 -4.3809 -3.8020 -3.3278
 -2.9625 -2.6855
 -6.7817 -6.7996 -6.8038 -6.7943 -6.7663 -6.7171 -6.6448 -6.5473 -6.4236 -6.2876
 -6.1581 -6.0387 -5.9256 -5.8109 -5.6881 -5.3083 -4.7986 -4.2245 -3.6716 -3.2045
 -2.8399 -2.5631 -2.3546 -2.1997
 -6.4281 -6.4326 -6.4353 -6.4303 -6.4123 -6.3780 -6.3249 -6.2512 -6.1541 -6.0356
 -5.9114 -5.7926 -5.6796 -5.5664 -5.4467 -5.0885 -4.6174 -4.0861 -3.5640 -3.1065
 -2.7400 -2.4588 -2.2458 -2.0868 -1.9712 -1.8895 -1.8335 -1.7942 -1.7581 -1.7181
 -6.2841 -6.2017 -6.1516 -6.1262 -6.1051 -6.0775 -6.0366 -5.9794 -5.9037 -5.8064
 -5.6929 -5.5767 -5.4634 -5.3507 -5.2334 -4.8922 -4.4542 -3.9601 -3.4709 -3.0280
 -2.6601 -2.3719 -2.1514 -1.9854 -1.8634 -1.7778 -1.7197 -1.6810 -1.6536 -1.6262
 -1.5927
 -6.4362 -6.2336 -6.0874 -5.9803 -5.8980 -5.8364 -5.7878 -5.7389 -5.6773 -5.5990
 -5.5012 -5.3917 -5.2799 -5.1675 -5.0518 -4.7238 -4.3128 -3.8488 -3.3890 -2.9639
 -2.5977 -2.3024 -2.0724 -1.8973 -1.7668 -1.6737 -1.6115 -1.5711 -1.5450 -1.5261
 -1.5056
 -6.7065 -6.4243 -6.1839 -5.9885 -5.8364 -5.7187 -5.6239 -5.5424 -5.4758 -5.4098
 -5.3297 -5.2326 -5.1260 -5.0157 -4.9018 -4.5843 -4.1948 -3.7525 -3.3141 -2.9066
 -2.5458 -2.2449 -2.0058 -1.8205 -1.6805 -1.5788 -1.5099 -1.4662 -1.4394 -1.4223
 -1.4099
 -7.0424 -6.6912 -6.3844 -6.1191 -5.8945 -5.7084 -5.5547 -5.4264 -5.3183 -5.2311
 -5.1602 -5.0830 -4.9926 -4.8920 -4.7835 -4.4782 -4.1087 -3.6853 -3.2617 -2.8680
 -2.5141 -2.2097 -1.9608 -1.7639 -1.6123 -1.4994 -1.4207 -1.3699 -1.3394 -1.3219
 -1.3128
 -7.5126 -7.0620 -6.6755 -6.3409 -6.0509 -5.8023 -5.5913 -5.4121 -5.2585 -5.1276
 -5.0182 -4.9288 -4.8449 -4.7586 -4.6665 -4.3956 -4.0485 -3.6428 -3.2289 -2.8437
 -2.4958 -2.1902 -1.9331 -1.7246 -1.5605 -1.4354 -1.3451 -1.2843 -1.2471 -1.2266
 -1.2162
 -8.2420 -7.6336 -7.1227 -6.6897 -6.3196 -6.0010 -5.7274 -5.4932 -5.2930 -5.1210
 -4.9726 -4.8455 -4.7359 -4.6360 -4.5508 -4.3365 -4.0142 -3.6250 -3.2157
 [Fe/H] =  0.50 [alpha/Fe] = 0.40 BC value = F336W
 -9.1020 -9.0882 -8.9192 -8.6665 -8.3876 -8.1326 -7.9267 -7.8387 -7.7178 -7.5885
 -7.4556 -7.3342 -7.2278 -7.1328 -7.0388 -6.7279 -6.1904 -5.4746 -4.7767
 -8.5016 -8.4969 -8.4415 -8.3029 -8.1368 -7.9460 -7.7331 -7.5218 -7.3746 -7.2345
 -7.1033 -6.9860 -6.8799 -6.7805 -6.6814 -6.3595 -5.8314 -5.1485 -4.4897 -3.9304
 -7.9509 -7.9547 -7.9201 -7.8663 -7.7697 -7.6346 -7.4556 -7.2307 -7.0552 -6.9091
 -6.7779 -6.6638 -6.5602 -6.4609 -6.3602 -6.0452 -5.5506 -4.9137 -4.2758 -3.7414
 -3.3209
 -7.4300 -7.4444 -7.4381 -7.4058 -7.3423 -7.2445 -7.1118 -6.9451 -6.7668 -6.6125
 -6.4799 -6.3666 -6.2655 -6.1684 -6.0687 -5.7679 -5.3136 -4.7285 -4.1221 -3.5974
 -3.1817 -2.8609
 -6.9732 -6.9928 -6.9972 -6.9813 -6.9413 -6.8738 -6.7771 -6.6511 -6.4980 -6.3455
 -6.2106 -6.0951 -5.9941 -5.8984 -5.8012 -5.5155 -5.1007 -4.5670 -3.9980 -3.4846
 -3.0695 -2.7475 -2.5014 -2.3146
 -6.5772 -6.5928 -6.6009 -6.5954 -6.5714 -6.5260 -6.4568 -6.3628 -6.2422 -6.1020
 -5.9680 -5.8493 -5.7460 -5.6504 -5.5547 -5.2820 -4.9027 -4.4165 -3.8892 -3.3932
 -2.9781 -2.6517 -2.4003 -2.2091 -2.0650 -1.9578 -1.8800 -1.8229 -1.7728 -1.7239
 -6.2991 -6.2763 -6.2634 -6.2558 -6.2392 -6.2079 -6.1579 -6.0874 -5.9951 -5.8787
 -5.7504 -5.6302 -5.5230 -5.4252 -5.3299 -5.0666 -4.7170 -4.2727 -3.7873 -3.3157
 -2.9041 -2.5718 -2.3131 -2.1145 -1.9640 -1.8518 -1.7707 -1.7134 -1.6719 -1.6337
 -1.5935
 -6.3232 -6.1855 -6.0848 -6.0159 -5.9686 -5.9314 -5.8899 -5.8351 -5.7629 -5.6711
 -5.5584 -5.4401 -5.3292 -5.2278 -5.1309 -4.8732 -4.5471 -4.1369 -3.6891 -3.2460
 -2.8435 -2.5070 -2.2400 -2.0321 -1.8735 -1.7540 -1.6676 -1.6071 -1.5656 -1.5359
 -1.5072
 -6.5508 -6.3015 -6.1032 -5.9574 -5.8509 -5.7639 -5.6856 -5.6158 -5.5508 -5.4777
 -5.3856 -5.2769 -5.1655 -5.0605 -4.9610 -4.7052 -4.3954 -4.0119 -3.5927 -3.1765
 -2.7882 -2.4512 -2.1766 -1.9598 -1.7918 -1.6639 -1.5707 -1.5062 -1.4626 -1.4332
 -1.4128
 -6.8565 -6.5379 -6.2619 -6.0294 -5.8398 -5.6901 -5.5713 -5.4732 -5.3839 -5.3034
 -5.2282 -5.1374 -5.0332 -4.9279 -4.8256 -4.5693 -4.2723 -3.9110 -3.5138 -3.1201
 -2.7482 -2.4147 -2.1337 -1.9067 -1.7277 -1.5895 -1.4867 -1.4140 -1.3659 -1.3352
 -1.3157
 -7.2583 -6.8571 -6.5094 -6.2079 -5.9493 -5.7317 -5.5506 -5.3990 -5.2708 -5.1609
 -5.0668 -4.9869 -4.9032 -4.8101 -4.7130 -4.4618 -4.1751 -3.8319 -3.4513 -3.0732
 -2.7160 -2.3894 -2.1052 -1.8690 -1.6788 -1.5292 -1.4157 -1.3335 -1.2780 -1.2430
 -1.2222
 -7.8629 -7.3298 -6.8804 -6.4962 -6.1654 -5.8809 -5.6380 -5.4319 -5.2564 -5.1050
 -4.9736 -4.8620 -4.7646 -4.6757 -4.6232 -4.3827 -4.1038 -3.7746 -3.4052
