 [Fe/H] = -4.00 [alpha/Fe] = 0.40 BC value = F182M
 -1.0935 -2.1968 -3.7891 -3.9231 -1.9221 -0.0226 -1.6181 -3.1808 -3.7102 -3.4423
 -3.3759 -3.2588 -2.7069 -2.1038 -1.7444 -1.9007
 -1.3932 -1.7954 -2.4822 -2.5766 -1.7744 -0.8548 -1.4306 -2.0695 -2.3915 -2.4272
 -2.4870 -2.4589 -2.2215 -1.9529 -1.8036 -1.9473 -2.1122 -2.2719 -2.4359
 -1.6640 -1.6958 -1.8491 -1.8926 -1.7527 -1.4609 -1.4970 -1.6039 -1.7336 -1.8545
 -1.9383 -1.9561 -1.9120 -1.8582 -1.8442 -1.9770 -2.1224 -2.2805 -2.4402 -2.5940
 -2.7417
 -1.9059 -1.8980 -1.8898 -1.8711 -1.8572 -1.8408 -1.8173 -1.7839 -1.7365 -1.7241
 -1.7297 -1.7505 -1.7785 -1.8197 -1.8662 -1.9898 -2.1386 -2.2943 -2.4490 -2.5983
 -2.7442 -2.8861 -3.0249
 -2.0560 -2.0124 -1.9788 -1.9518 -1.9341 -1.9195 -1.9036 -1.8831 -1.8574 -1.8336
 -1.8233 -1.8299 -1.8485 -1.8789 -1.9192 -2.0340 -2.1640 -2.3068 -2.4559 -2.6038
 -2.7478 -2.8876 -3.0234 -3.1557 -3.2847
 -2.2323 -2.1585 -2.1008 -2.0586 -2.0295 -2.0091 -1.9930 -1.9773 -1.9602 -1.9411
 -1.9239 -1.9166 -1.9242 -1.9429 -1.9738 -2.0768 -2.1936 -2.3244 -2.4658 -2.6102
 -2.7521 -2.8900 -3.0236 -3.1535 -3.2799 -3.4033
 -2.4348 -2.3363 -2.2558 -2.1915 -2.1434 -2.1096 -2.0855 -2.0665 -2.0496 -2.0333
 -2.0173 -2.0049 -2.0012 -2.0087 -2.0300 -2.1182 -2.2274 -2.3471 -2.4787 -2.6175
 -2.7571 -2.8933 -3.0254 -3.1534 -3.2778 -3.3989 -3.5171 -3.6329 -3.7461 -3.8548
 -2.6634 -2.5458 -2.4438 -2.3559 -2.2843 -2.2298 -2.1898 -2.1607 -2.1379 -2.1187
 -2.1014 -2.0869 -2.0773 -2.0765 -2.0867 -2.1580 -2.2601 -2.3735 -2.4954 -2.6266
 -2.7622 -2.8970 -3.0280 -3.1549 -3.2777 -3.3971 -3.5133 -3.6267 -3.7380 -3.8470
 -3.9520
 -2.8976 -2.7739 -2.6584 -2.5505 -2.4556 -2.3766 -2.3145 -2.2677 -2.2329 -2.2059
 -2.1835 -2.1650 -2.1506 -2.1428 -2.1446 -2.1960 -2.2899 -2.3992 -2.5154 -2.6385
 -2.7682 -2.9004 -3.0306 -3.1569 -3.2790 -3.3972 -3.5121 -3.6239 -3.7330 -3.8399
 -3.9450
 -3.1245 -3.0047 -2.8858 -2.7679 -2.6549 -2.5528 -2.4663 -2.3965 -2.3427 -2.3016
 -2.2695 -2.2437 -2.2234 -2.2091 -2.2044 -2.2357 -2.3180 -2.4233 -2.5369 -2.6550
 -2.7784 -2.9063 -3.0351 -3.1614 -3.2836 -3.4017 -3.5161 -3.6269 -3.7347 -3.8400
 -3.9429
 -3.3376 -3.2252 -3.1091 -2.9898 -2.8671 -2.7500 -2.6427 -2.5496 -2.4730 -2.4127
 -2.3642 -2.3260 -2.2978 -2.2792 -2.2697 -2.2833 -2.3449 -2.4436 -2.5546 -2.6701
 -2.7886 -2.9109 -3.0358 -3.1607 -3.2830 -3.4015 -3.5160 -3.6267 -3.7339 -3.8381
 -3.9413
 -3.5463 -3.4354 -3.3210 -3.2037 -3.0809 -2.9579 -2.8374 -2.7265 -2.6282 -2.5461
 -2.4795 -2.4266 -2.3860 -2.3563 -2.3364 -2.3271 -2.3728 -2.4630 -2.5699 -2.6835
 -2.7996 -2.9179 -3.0382 -3.1598 -3.2807 -3.3992 -3.5143 -3.6255 -3.7332 -3.8374
 -3.9385
 -3.7506 -3.6352 -3.5215 -3.4096 -3.2963 -3.1765 -3.0383 -2.9170 -2.8044 -2.7055
 -2.6207 -2.5489 -2.4891 -2.4404 -2.4043 -2.3673 -2.4017 -2.4815 -2.5828
 [Fe/H] = -3.00 [alpha/Fe] = 0.40 BC value = F182M
 -1.9742 -1.9749 -1.9550 -1.8812 -1.7150 -1.5012 -1.6256 -1.6809 -1.6895 -1.7001
 -1.7769 -1.8492 -1.8213 -1.7623 -1.7541 -1.9238
 -1.9071 -1.9121 -1.9052 -1.8644 -1.7629 -1.6188 -1.6402 -1.6468 -1.6444 -1.6500
 -1.6872 -1.7293 -1.7406 -1.7452 -1.7747 -1.9403 -2.1083 -2.2718 -2.4317
 -1.8756 -1.8795 -1.8790 -1.8608 -1.8075 -1.7196 -1.6808 -1.6548 -1.6412 -1.6396
 -1.6496 -1.6709 -1.7030 -1.7457 -1.7986 -1.9598 -2.1204 -2.2807 -2.4383 -2.5918
 -2.7413
 -1.8797 -1.8771 -1.8764 -1.8704 -1.8488 -1.8036 -1.7474 -1.7049 -1.6800 -1.6689
 -1.6641 -1.6739 -1.7086 -1.7639 -1.8258 -1.9823 -2.1362 -2.2913 -2.4456 -2.5964
 -2.7428 -2.8854 -3.0236
 -1.9194 -1.9049 -1.8974 -1.8932 -1.8868 -1.8708 -1.8400 -1.7970 -1.7607 -1.7379
 -1.7307 -1.7384 -1.7573 -1.7997 -1.8563 -2.0078 -2.1557 -2.3036 -2.4537 -2.6019
 -2.7460 -2.8859 -3.0219 -3.1543 -3.2835
 -1.9947 -1.9629 -1.9420 -1.9292 -1.9215 -1.9135 -1.8999 -1.8773 -1.8490 -1.8229
 -1.8089 -1.8118 -1.8238 -1.8505 -1.8949 -2.0355 -2.1786 -2.3191 -2.4630 -2.6080
 -2.7500 -2.8880 -3.0218 -3.1518 -3.2785 -3.4021
 -2.1080 -2.0553 -2.0157 -1.9884 -1.9710 -1.9601 -1.9508 -1.9386 -1.9219 -1.9042
 -1.8918 -1.8898 -1.8994 -1.9154 -1.9481 -2.0672 -2.2038 -2.3382 -2.4746 -2.6148
 -2.7547 -2.8911 -3.0233 -3.1516 -3.2761 -3.3975 -3.5159 -3.6318 -3.7450 -3.8536
 -2.2560 -2.1824 -2.1223 -2.0762 -2.0434 -2.0222 -2.0084 -1.9980 -1.9868 -1.9741
 -1.9639 -1.9607 -1.9677 -1.9814 -2.0061 -2.1055 -2.2307 -2.3598 -2.4893 -2.6231
 -2.7595 -2.8946 -3.0258 -3.1528 -3.2759 -3.3954 -3.5120 -3.6256 -3.7368 -3.8459
 -3.9508
 -2.3666 -2.3183 -2.2607 -2.1947 -2.1433 -2.1065 -2.0817 -2.0656 -2.0540 -2.0435
 -2.0338 -2.0279 -2.0298 -2.0412 -2.0603 -2.1455 -2.2589 -2.3822 -2.5021 -2.6338
 -2.7638 -2.8978 -3.0282 -3.1548 -3.2770 -3.3955 -3.5105 -3.6226 -3.7321 -3.8392
 -3.9439
 -2.6193 -2.4995 -2.4084 -2.3429 -2.2732 -2.2178 -2.1772 -2.1492 -2.1305 -2.1173
 -2.1066 -2.0983 -2.0947 -2.0990 -2.1117 -2.1847 -2.2879 -2.4053 -2.5264 -2.6489
 -2.7745 -2.9035 -3.0326 -3.1591 -3.2816 -3.3999 -3.5144 -3.6254 -3.7333 -3.8386
 -3.9418
 -2.8020 -2.6863 -2.5911 -2.5145 -2.4292 -2.3576 -2.2991 -2.2549 -2.2234 -2.2017
 -2.1862 -2.1745 -2.1662 -2.1630 -2.1670 -2.2212 -2.3147 -2.4252 -2.5431 -2.6628
 -2.7838 -2.9075 -3.0332 -3.1584 -3.2809 -3.3996 -3.5143 -3.6252 -3.7325 -3.8368
 -3.9401
 -2.9889 -2.8785 -2.7760 -2.6807 -2.5872 -2.5005 -2.4259 -2.3865 -2.3382 -2.3027
 -2.2772 -2.2589 -2.2451 -2.2355 -2.2313 -2.2596 -2.3417 -2.4445 -2.5580 -2.6756
 -2.7942 -2.9140 -3.0352 -3.1574 -3.2787 -3.3973 -3.5126 -3.6240 -3.7318 -3.8361
 -3.9374
 -3.1799 -3.0763 -2.9632 -2.8416 -2.7472 -2.6464 -2.5948 -2.5189 -2.4560 -2.4258
 -2.3856 -2.3557 -2.3335 -2.3168 -2.3046 -2.2999 -2.3689 -2.4632 -2.5711
 [Fe/H] = -2.50 [alpha/Fe] = 0.40 BC value = F182M
 -2.0150 -1.8676 -1.6423 -1.5480 -1.6377 -1.6934 -1.5874 -1.4328 -1.3648 -1.4006
 -1.4741 -1.5601 -1.6282 -1.6828 -1.7479 -1.9212
 -1.9566 -1.8896 -1.7763 -1.7111 -1.7133 -1.7006 -1.6289 -1.5431 -1.4957 -1.4963
 -1.5249 -1.5759 -1.6358 -1.6976 -1.7646 -1.9359 -2.1053 -2.2701 -2.4298
 -1.9145 -1.8998 -1.8629 -1.8242 -1.7815 -1.7327 -1.6821 -1.6358 -1.6003 -1.5800
 -1.5798 -1.6047 -1.6535 -1.7161 -1.7830 -1.9518 -2.1173 -2.2790 -2.4366 -2.5902
 -2.7400
 -1.8887 -1.8982 -1.9021 -1.8873 -1.8423 -1.7897 -1.7470 -1.7109 -1.6786 -1.6517
 -1.6388 -1.6465 -1.6813 -1.7383 -1.8031 -1.9689 -2.1308 -2.2889 -2.4438 -2.5947
 -2.7413 -2.8839 -3.0228
 -1.8792 -1.8848 -1.8939 -1.9004 -1.8957 -1.8716 -1.8236 -1.7684 -1.7306 -1.7114
 -1.7019 -1.7013 -1.7192 -1.7642 -1.8249 -1.9872 -2.1458 -2.2998 -2.4514 -2.5999
 -2.7441 -2.8842 -3.0203 -3.1528 -3.2822
 -1.8981 -1.8929 -1.8950 -1.9008 -1.9058 -1.9033 -1.8877 -1.8575 -1.8158 -1.7776
 -1.7599 -1.7603 -1.7697 -1.7987 -1.8501 -2.0063 -2.1624 -2.3124 -2.4598 -2.6056
 -2.7479 -2.8860 -3.0200 -3.1502 -3.2771 -3.4008
 -1.9515 -1.9305 -1.9196 -1.9163 -1.9178 -1.9202 -1.9181 -1.9073 -1.8881 -1.8649
 -1.8431 -1.8325 -1.8363 -1.8516 -1.8873 -2.0272 -2.1801 -2.3270 -2.4697 -2.6118
 -2.7522 -2.8889 -3.0213 -3.1497 -3.2745 -3.3960 -3.5145 -3.6305 -3.7439 -3.8524
 -2.0429 -2.0026 -1.9744 -1.9567 -1.9477 -1.9449 -1.9447 -1.9425 -1.9356 -1.9248
 -1.9147 -1.9095 -1.9122 -1.9210 -1.9438 -2.0554 -2.1991 -2.3431 -2.4817 -2.6191
 -2.7567 -2.8921 -3.0235 -3.1507 -3.2740 -3.3938 -3.5105 -3.6242 -3.7356 -3.8446
 -3.9495
 -2.1699 -2.1104 -2.0630 -2.0273 -2.0033 -1.9892 -1.9826 -1.9799 -1.9776 -1.9737
 -1.9692 -1.9683 -1.9745 -1.9871 -2.0049 -2.0955 -2.2223 -2.3603 -2.4955 -2.6281
 -2.7616 -2.8951 -3.0258 -3.1525 -3.2749 -3.3936 -3.5089 -3.6210 -3.7304 -3.8375
 -3.9427
 -2.3203 -2.2473 -2.1833 -2.1294 -2.0879 -2.0585 -2.0403 -2.0304 -2.0259 -2.0236
 -2.0217 -2.0217 -2.0269 -2.0396 -2.0577 -2.1387 -2.2520 -2.3809 -2.5123 -2.6412
 -2.7701 -2.9003 -3.0300 -3.1568 -3.2794 -3.3978 -3.5126 -3.6238 -3.7319 -3.8373
 -3.9406
 -2.4812 -2.4041 -2.3294 -2.2608 -2.2022 -2.1563 -2.1229 -2.1012 -2.0887 -2.0824
 -2.0796 -2.0788 -2.0811 -2.0892 -2.1041 -2.1768 -2.2804 -2.4007 -2.5273 -2.6533
 -2.7781 -2.9037 -3.0302 -3.1559 -3.2787 -3.3975 -3.5124 -3.6234 -3.7310 -3.8354
 -3.9389
 -2.6498 -2.5696 -2.4898 -2.4135 -2.3432 -2.2818 -2.2328 -2.1963 -2.1715 -2.1562
 -2.1479 -2.1441 -2.1433 -2.1462 -2.1547 -2.2117 -2.3081 -2.4203 -2.5417 -2.6650
 -2.7874 -2.9094 -3.0318 -3.1546 -3.2763 -3.3952 -3.5106 -3.6222 -3.7301 -3.8347
 -3.9360
 -2.8262 -2.7438 -2.6562 -2.5792 -2.5022 -2.4311 -2.3688 -2.3173 -2.2780 -2.2501
 -2.2318 -2.2210 -2.2153 -2.2134 -2.2095 -2.2434 -2.3351 -2.4397 -2.5555
 [Fe/H] = -2.00 [alpha/Fe] = 0.40 BC value = F182M
 -1.7822 -1.7268 -1.6628 -1.5936 -1.5387 -1.4931 -1.4593 -1.4411 -1.4402 -1.4581
 -1.4948 -1.5461 -1.6051 -1.6709 -1.7428 -1.9173
 -1.8678 -1.8132 -1.7538 -1.6930 -1.6344 -1.5823 -1.5402 -1.5111 -1.4969 -1.4992
 -1.5210 -1.5634 -1.6214 -1.6875 -1.7574 -1.9309 -2.1016 -2.2673 -2.4281
 -1.9088 -1.8724 -1.8261 -1.7738 -1.7199 -1.6683 -1.6230 -1.5871 -1.5629 -1.5523
 -1.5597 -1.5895 -1.6406 -1.7042 -1.7722 -1.9442 -2.1128 -2.2761 -2.4345 -2.5883
 -2.7380
 -1.9052 -1.9044 -1.8797 -1.8360 -1.7951 -1.7512 -1.7077 -1.6691 -1.6382 -1.6174
 -1.6109 -1.6244 -1.6627 -1.7210 -1.7872 -1.9572 -2.1238 -2.2849 -2.4410 -2.5922
 -2.7390 -2.8817 -3.0209
 -1.8807 -1.9014 -1.9000 -1.8798 -1.8475 -1.8093 -1.7706 -1.7357 -1.7076 -1.6857
 -1.6723 -1.6720 -1.6928 -1.7400 -1.8024 -1.9699 -2.1346 -2.2937 -2.4476 -2.5968
 -2.7413 -2.8816 -3.0180 -3.1508 -3.2803
 -1.8620 -1.8707 -1.8839 -1.8849 -1.8731 -1.8524 -1.8257 -1.7958 -1.7647 -1.7377
 -1.7264 -1.7250 -1.7352 -1.7655 -1.8195 -1.9823 -2.1455 -2.3028 -2.4545 -2.6018
 -2.7446 -2.8830 -3.0172 -3.1477 -3.2748 -3.3987
 -1.8653 -1.8662 -1.8745 -1.8874 -1.9007 -1.9085 -1.9058 -1.8897 -1.8609 -1.8217
 -1.7895 -1.7785 -1.7826 -1.8022 -1.8424 -1.9953 -2.1566 -2.3122 -2.4618 -2.6070
 -2.7484 -2.8854 -3.0181 -3.1468 -3.2719 -3.3936 -3.5124 -3.6286 -3.7419 -3.8503
 -1.8956 -1.8846 -1.8833 -1.8892 -1.8998 -1.9113 -1.9198 -1.9208 -1.9132 -1.8990
 -1.8804 -1.8614 -1.8528 -1.8581 -1.8813 -2.0104 -2.1682 -2.3223 -2.4699 -2.6126
 -2.7521 -2.8882 -3.0200 -3.1475 -3.2710 -3.3911 -3.5081 -3.6221 -3.7336 -3.8426
 -3.9474
 -1.9597 -1.9328 -1.9177 -1.9120 -1.9134 -1.9200 -1.9290 -1.9371 -1.9411 -1.9403
 -1.9368 -1.9339 -1.9326 -1.9345 -1.9450 -2.0374 -2.1814 -2.3330 -2.4788 -2.6189
 -2.7559 -2.8906 -3.0219 -3.1489 -3.2716 -3.3906 -3.5062 -3.6186 -3.7282 -3.8355
 -3.9406
 -2.0617 -2.0137 -1.9824 -1.9619 -1.9508 -1.9471 -1.9494 -1.9555 -1.9628 -1.9692
 -1.9739 -1.9792 -1.9874 -1.9989 -2.0120 -2.0833 -2.2042 -2.3472 -2.4907 -2.6287
 -2.7627 -2.8952 -3.0257 -3.1529 -3.2758 -3.3945 -3.5096 -3.6211 -3.7295 -3.8351
 -3.9385
 -2.1908 -2.1286 -2.0800 -2.0431 -2.0167 -1.9996 -1.9908 -1.9889 -1.9923 -1.9989
 -2.0067 -2.0156 -2.0269 -2.0422 -2.0612 -2.1300 -2.2345 -2.3637 -2.5015 -2.6371
 -2.7683 -2.8973 -3.0254 -3.1517 -3.2749 -3.3940 -3.5092 -3.6205 -3.7284 -3.8331
 -3.9367
 -2.3351 -2.2675 -2.2055 -2.1536 -2.1119 -2.0799 -2.0578 -2.0445 -2.0393 -2.0403
 -2.0458 -2.0542 -2.0653 -2.0801 -2.0993 -2.1691 -2.2665 -2.3842 -2.5141 -2.6462
 -2.7752 -2.9013 -3.0260 -3.1500 -3.2722 -3.3915 -3.5072 -3.6191 -3.7273 -3.8321
 -3.9338
 -2.4922 -2.4176 -2.3493 -2.2872 -2.2327 -2.1871 -2.1513 -2.1251 -2.1084 -2.1002
 -2.0989 -2.1030 -2.1111 -2.1228 -2.1263 -2.2006 -2.3002 -2.4087 -2.5285
 [Fe/H] = -1.50 [alpha/Fe] = 0.40 BC value = F182M
 -1.7109 -1.6487 -1.5846 -1.5214 -1.4622 -1.4160 -1.3888 -1.3831 -1.3989 -1.4328
 -1.4826 -1.5415 -1.6043 -1.6705 -1.7389 -1.9133
 -1.7853 -1.7236 -1.6593 -1.5950 -1.5348 -1.4853 -1.4525 -1.4399 -1.4448 -1.4659
 -1.5037 -1.5565 -1.6191 -1.6860 -1.7547 -1.9276 -2.0981 -2.2644 -2.4262
 -1.8444 -1.7904 -1.7313 -1.6703 -1.6118 -1.5610 -1.5238 -1.5044 -1.4995 -1.5088
 -1.5341 -1.5771 -1.6348 -1.7001 -1.7683 -1.9400 -2.1085 -2.2723 -2.4312 -2.5853
 -2.7352
 -1.8882 -1.8491 -1.8006 -1.7473 -1.6933 -1.6432 -1.6027 -1.5766 -1.5630 -1.5615
 -1.5738 -1.6033 -1.6514 -1.7128 -1.7797 -1.9505 -2.1179 -2.2800 -2.4368 -2.5885
 -2.7355 -2.8785 -3.0178
 -1.8884 -1.8772 -1.8547 -1.8128 -1.7679 -1.7232 -1.6831 -1.6526 -1.6328 -1.6229
 -1.6240 -1.6393 -1.6732 -1.7262 -1.7901 -1.9593 -2.1259 -2.2870 -2.4423 -2.5922
 -2.7372 -2.8778 -3.0145 -3.1477 -3.2775
 -1.8637 -1.8737 -1.8732 -1.8614 -1.8371 -1.7996 -1.7539 -1.7197 -1.6975 -1.6847
 -1.6804 -1.6860 -1.7052 -1.7442 -1.8012 -1.9670 -2.1329 -2.2932 -2.4475 -2.5962
 -2.7397 -2.8786 -3.0131 -3.1440 -3.2714 -3.3956
 -1.8433 -1.8517 -1.8641 -1.8761 -1.8814 -1.8752 -1.8530 -1.8146 -1.7728 -1.7418
 -1.7299 -1.7325 -1.7461 -1.7720 -1.8165 -1.9743 -2.1393 -2.2988 -2.4523 -2.6000
 -2.7425 -2.8802 -3.0133 -3.1425 -3.2679 -3.3901 -3.5093 -3.6256 -3.7388 -3.8469
 -1.8391 -1.8424 -1.8518 -1.8660 -1.8813 -1.8928 -1.8958 -1.8886 -1.8717 -1.8452
 -1.8132 -1.7924 -1.7913 -1.8080 -1.8406 -1.9824 -2.1454 -2.3042 -2.4568 -2.6035
 -2.7452 -2.8822 -3.0145 -3.1425 -3.2665 -3.3870 -3.5044 -3.6188 -3.7305 -3.8393
 -3.9437
 -1.8523 -1.8479 -1.8512 -1.8613 -1.8761 -1.8927 -1.9073 -1.9160 -1.9173 -1.9124
 -1.9031 -1.8894 -1.8751 -1.8715 -1.8850 -1.9940 -2.1518 -2.3094 -2.4612 -2.6069
 -2.7465 -2.8838 -3.0158 -3.1433 -3.2665 -3.3859 -3.5020 -3.6149 -3.7248 -3.8322
 -3.9372
 -1.8931 -1.8737 -1.8669 -1.8696 -1.8790 -1.8930 -1.9091 -1.9247 -1.9371 -1.9449
 -1.9490 -1.9519 -1.9545 -1.9560 -1.9601 -2.0263 -2.1624 -2.3173 -2.4681 -2.6128
 -2.7520 -2.8873 -3.0191 -3.1468 -3.2702 -3.3894 -3.5049 -3.6169 -3.7257 -3.8317
 -3.9352
 -1.9638 -1.9291 -1.9075 -1.8989 -1.8990 -1.9058 -1.9172 -1.9315 -1.9470 -1.9618
 -1.9748 -1.9866 -1.9989 -2.0127 -2.0272 -2.0790 -2.1838 -2.3249 -2.4731 -2.6164
 -2.7542 -2.8876 -3.0178 -3.1452 -3.2689 -3.3885 -3.5041 -3.6158 -3.7241 -3.8293
 -3.9333
 -2.0633 -2.0148 -1.9792 -1.9556 -1.9434 -1.9394 -1.9422 -1.9501 -1.9619 -1.9766
 -1.9927 -2.0096 -2.0274 -2.0469 -2.0686 -2.1315 -2.2197 -2.3408 -2.4801 -2.6210
 -2.7573 -2.8888 -3.0169 -3.1426 -3.2657 -3.3856 -3.5018 -3.6141 -3.7228 -3.8280
 -3.9300
 -2.1911 -2.1292 -2.0798 -2.0419 -2.0155 -1.9989 -1.9904 -1.9887 -1.9928 -2.0021
 -2.0153 -2.0320 -2.0512 -2.0729 -2.0843 -2.1838 -2.2701 -2.3650 -2.4891
 [Fe/H] = -1.00 [alpha/Fe] = 0.40 BC value = F182M
 -1.6021 -1.5380 -1.4751 -1.4169 -1.3595 -1.3199 -1.3070 -1.3198 -1.3587 -1.4172
 -1.4808 -1.5468 -1.6133 -1.6800 -1.7475 -1.9170
 -1.6723 -1.6062 -1.5404 -1.4776 -1.4200 -1.3759 -1.3540 -1.3594 -1.3889 -1.4354
 -1.4932 -1.5575 -1.6245 -1.6924 -1.7605 -1.9302 -2.0972 -2.2617 -2.4228
 -1.7402 -1.6769 -1.6120 -1.5480 -1.4896 -1.4413 -1.4113 -1.4080 -1.4261 -1.4617
 -1.5111 -1.5704 -1.6353 -1.7028 -1.7710 -1.9409 -2.1073 -2.2694 -2.4275 -2.5815
 -2.7314
 -1.8058 -1.7501 -1.6899 -1.6281 -1.5684 -1.5161 -1.4789 -1.4656 -1.4724 -1.4961
 -1.5345 -1.5855 -1.6457 -1.7112 -1.7790 -1.9491 -2.1152 -2.2761 -2.4322 -2.5838
 -2.7309 -2.8741 -3.0137
 -1.8571 -1.8148 -1.7642 -1.7087 -1.6521 -1.5988 -1.5554 -1.5319 -1.5279 -1.5400
 -1.5665 -1.6064 -1.6584 -1.7195 -1.7855 -1.9550 -2.1212 -2.2817 -2.4366 -2.5865
 -2.7317 -2.8727 -3.0097 -3.1431 -3.2732
 -1.8733 -1.8587 -1.8254 -1.7813 -1.7319 -1.6822 -1.6373 -1.6054 -1.5917 -1.5933
 -1.6083 -1.6363 -1.6772 -1.7302 -1.7921 -1.9595 -2.1257 -2.2861 -2.4405 -2.5893
 -2.7331 -2.8724 -3.0075 -3.1388 -3.2666 -3.3912
 -1.8445 -1.8531 -1.8555 -1.8434 -1.8128 -1.7672 -1.7192 -1.6806 -1.6585 -1.6520
 -1.6582 -1.6759 -1.7051 -1.7470 -1.8012 -1.9631 -2.1289 -2.2893 -2.4435 -2.5918
 -2.7348 -2.8730 -3.0066 -3.1363 -3.2623 -3.3850 -3.5046 -3.6213 -3.7344 -3.8421
 -1.8257 -1.8337 -1.8444 -1.8534 -1.8545 -1.8436 -1.8201 -1.7861 -1.7492 -1.7223
 -1.7124 -1.7198 -1.7407 -1.7726 -1.8162 -1.9669 -2.1314 -2.2917 -2.4458 -2.5938
 -2.7363 -2.8739 -3.0068 -3.1354 -3.2600 -3.3811 -3.4990 -3.6139 -3.7259 -3.8346
 -3.9384
 -1.8207 -1.8249 -1.8340 -1.8465 -1.8593 -1.8683 -1.8695 -1.8625 -1.8499 -1.8335
 -1.8141 -1.7973 -1.7938 -1.8088 -1.8406 -1.9722 -2.1336 -2.2934 -2.4473 -2.5950
 -2.7372 -2.8745 -3.0071 -3.1353 -3.2591 -3.3791 -3.4958 -3.6093 -3.7198 -3.8274
 -3.9339
 -1.8248 -1.8251 -1.8304 -1.8409 -1.8553 -1.8714 -1.8858 -1.8955 -1.8998 -1.9005
 -1.8994 -1.8969 -1.8917 -1.8883 -1.8963 -1.9857 -2.1383 -2.2970 -2.4506 -2.5981
 -2.7400 -2.8770 -3.0097 -3.1380 -3.2620 -3.3818 -3.4979 -3.6106 -3.7199 -3.8264
 -3.9301
 -1.8431 -1.8367 -1.8359 -1.8418 -1.8535 -1.8696 -1.8880 -1.9061 -1.9219 -1.9343
 -1.9441 -1.9531 -1.9624 -1.9714 -1.9793 -2.0263 -2.1444 -2.2985 -2.4511 -2.5980
 -2.7392 -2.8754 -3.0074 -3.1357 -3.2600 -3.3802 -3.4964 -3.6088 -3.7177 -3.8235
 -3.9263
 -1.8829 -1.8659 -1.8568 -1.8550 -1.8607 -1.8729 -1.8897 -1.9092 -1.9295 -1.9493
 -1.9675 -1.9845 -2.0014 -2.0194 -2.0386 -2.0886 -2.1726 -2.3031 -2.4523 -2.5983
 -2.7387 -2.8739 -3.0047 -3.1321 -3.2562 -3.3767 -3.4935 -3.6065 -3.7157 -3.8216
 -3.9241
 -1.9523 -1.9220 -1.9005 -1.8886 -1.8850 -1.8897 -1.9010 -1.9170 -1.9363 -1.9575
 -1.9795 -2.0019 -2.0245 -2.0479 -2.0742 -2.1726 -2.2229 -2.3108 -2.4542
 [Fe/H] = -0.75 [alpha/Fe] = 0.30 BC value = F182M
 -1.5511 -1.4887 -1.4281 -1.3730 -1.3192 -1.2847 -1.2798 -1.3029 -1.3515 -1.4173
 -1.4851 -1.5529 -1.6206 -1.6880 -1.7551 -1.9221
 -1.6182 -1.5527 -1.4883 -1.4282 -1.3740 -1.3346 -1.3193 -1.3337 -1.3736 -1.4292
 -1.4932 -1.5608 -1.6293 -1.6978 -1.7659 -1.9342 -2.0996 -2.2622 -2.4220
 -1.6859 -1.6219 -1.5573 -1.4950 -1.4393 -1.3948 -1.3700 -1.3742 -1.4021 -1.4480
 -1.5055 -1.5699 -1.6373 -1.7058 -1.7743 -1.9436 -2.1087 -2.2693 -2.4263 -2.5797
 -2.7292
 -1.7542 -1.6963 -1.6351 -1.5734 -1.5152 -1.4653 -1.4319 -1.4244 -1.4397 -1.4737
 -1.5220 -1.5802 -1.6446 -1.7120 -1.7803 -1.9503 -2.1157 -2.2756 -2.4307 -2.5816
 -2.7286 -2.8718 -3.0115
 -1.8121 -1.7653 -1.7118 -1.6549 -1.5978 -1.5452 -1.5039 -1.4846 -1.4874 -1.5088
 -1.5456 -1.5949 -1.6533 -1.7177 -1.7850 -1.9549 -2.1207 -2.2805 -2.4347 -2.5840
 -2.7289 -2.8699 -3.0072 -3.1410 -3.2712
 -1.8447 -1.8173 -1.7782 -1.7309 -1.6796 -1.6287 -1.5837 -1.5540 -1.5451 -1.5543
 -1.5789 -1.6170 -1.6666 -1.7252 -1.7895 -1.9580 -2.1241 -2.2841 -2.4379 -2.5863
 -2.7298 -2.8691 -3.0043 -3.1358 -3.2638 -3.3886
 -1.8288 -1.8337 -1.8266 -1.8010 -1.7589 -1.7104 -1.6646 -1.6287 -1.6101 -1.6088
 -1.6221 -1.6487 -1.6873 -1.7371 -1.7959 -1.9604 -2.1263 -2.2866 -2.4404 -2.5883
 -2.7310 -2.8692 -3.0030 -3.1328 -3.2591 -3.3821 -3.5019 -3.6187 -3.7319 -3.8394
 -1.8071 -1.8162 -1.8256 -1.8297 -1.8222 -1.8008 -1.7663 -1.7244 -1.6891 -1.6711
 -1.6718 -1.6882 -1.7170 -1.7566 -1.8068 -1.9628 -2.1278 -2.2881 -2.4420 -2.5898
 -2.7321 -2.8696 -3.0026 -3.1313 -3.2562 -3.3776 -3.4959 -3.6111 -3.7232 -3.8319
 -3.9356
 -1.7982 -1.8047 -1.8151 -1.8271 -1.8372 -1.8404 -1.8344 -1.8203 -1.8016 -1.7808
 -1.7615 -1.7519 -1.7596 -1.7853 -1.8252 -1.9663 -2.1288 -2.2888 -2.4428 -2.5905
 -2.7326 -2.8698 -3.0024 -3.1307 -3.2548 -3.3752 -3.4921 -3.6059 -3.7168 -3.8246
 -3.9293
 -1.7982 -1.8011 -1.8089 -1.8209 -1.8356 -1.8501 -1.8610 -1.8661 -1.8663 -1.8645
 -1.8621 -1.8584 -1.8535 -1.8543 -1.8694 -1.9755 -2.1319 -2.2912 -2.4452 -2.5929
 -2.7349 -2.8720 -3.0047 -3.1331 -3.2573 -3.3774 -3.4938 -3.6068 -3.7165 -3.8232
 -3.9271
 -1.8070 -1.8058 -1.8090 -1.8180 -1.8318 -1.8490 -1.8673 -1.8839 -1.8975 -1.9079
 -1.9169 -1.9261 -1.9358 -1.9445 -1.9524 -2.0069 -2.1348 -2.2911 -2.4444 -2.5917
 -2.7333 -2.8699 -3.0021 -3.1305 -3.2550 -3.3754 -3.4919 -3.6046 -3.7138 -3.8199
 -3.9230
 -1.8309 -1.8221 -1.8197 -1.8230 -1.8331 -1.8484 -1.8674 -1.8883 -1.9091 -1.9286
 -1.9465 -1.9636 -1.9812 -2.0001 -2.0196 -2.0689 -2.1564 -2.2929 -2.4440 -2.5907
 -2.7316 -2.8674 -2.9988 -3.1265 -3.2508 -3.3716 -3.4887 -3.6019 -3.7115 -3.8176
 -3.9205
 -1.8794 -1.8594 -1.8474 -1.8432 -1.8462 -1.8563 -1.8721 -1.8919 -1.9141 -1.9374
 -1.9608 -1.9842 -2.0076 -2.0320 -2.0710 -2.1615 -2.1967 -2.2966 -2.4440
 [Fe/H] = -0.50 [alpha/Fe] = 0.20 BC value = F182M
 -1.4986 -1.4386 -1.3810 -1.3292 -1.2794 -1.2514 -1.2564 -1.2902 -1.3501 -1.4188
 -1.4926 -1.5621 -1.6311 -1.6989 -1.7658 -1.9305
 -1.5614 -1.4972 -1.4351 -1.3782 -1.3281 -1.2946 -1.2879 -1.3134 -1.3641 -1.4277
 -1.4966 -1.5668 -1.6367 -1.7058 -1.7739 -1.9409 -2.1040 -2.2641 -2.4219
 -1.6275 -1.5636 -1.5003 -1.4405 -1.3885 -1.3490 -1.3313 -1.3447 -1.3835 -1.4390
 -1.5035 -1.5720 -1.6415 -1.7110 -1.7798 -1.9486 -2.1121 -2.2709 -2.4260 -2.5783
 -2.7272
 -1.6969 -1.6378 -1.5766 -1.5161 -1.4605 -1.4145 -1.3866 -1.3865 -1.4116 -1.4561
 -1.5133 -1.5777 -1.6455 -1.7145 -1.7835 -1.9536 -2.1180 -2.2766 -2.4301 -2.5800
 -2.7264 -2.8694 -3.0090
 -1.7589 -1.7091 -1.6542 -1.5970 -1.5410 -1.4905 -1.4530 -1.4394 -1.4504 -1.4819
 -1.5289 -1.5865 -1.6504 -1.7176 -1.7860 -1.9565 -2.1218 -2.2807 -2.4337 -2.5819
 -2.7263 -2.8670 -3.0041 -3.1378 -3.2681
 -1.8011 -1.7675 -1.7244 -1.6749 -1.6229 -1.5725 -1.5292 -1.5032 -1.5005 -1.5183
 -1.5532 -1.6012 -1.6585 -1.7218 -1.7884 -1.9581 -2.1240 -2.2834 -2.4364 -2.5838
 -2.7268 -2.8658 -3.0009 -3.1325 -3.2607 -3.3857
 -1.8062 -1.8032 -1.7829 -1.7458 -1.7004 -1.6532 -1.6094 -1.5755 -1.5608 -1.5658
 -1.5879 -1.6244 -1.6724 -1.7293 -1.7921 -1.9591 -2.1251 -2.2850 -2.4383 -2.5854
 -2.7275 -2.8653 -2.9991 -3.1290 -3.2555 -3.3787 -3.4988 -3.6157 -3.7289 -3.8363
 -1.7847 -1.7937 -1.8000 -1.7967 -1.7788 -1.7463 -1.7032 -1.6604 -1.6312 -1.6224
 -1.6322 -1.6573 -1.6947 -1.7426 -1.7991 -1.9602 -2.1255 -2.2856 -2.4393 -2.5865
 -2.7282 -2.8653 -2.9981 -3.1270 -3.2520 -3.3737 -3.4922 -3.6076 -3.7200 -3.8287
 -3.9323
 -1.7729 -1.7811 -1.7921 -1.8028 -1.8083 -1.8045 -1.7907 -1.7691 -1.7437 -1.7204
 -1.7059 -1.7076 -1.7280 -1.7643 -1.8119 -1.9619 -2.1255 -2.2855 -2.4394 -2.5868
 -2.7284 -2.8652 -2.9975 -3.1258 -3.2501 -3.3707 -3.4880 -3.6021 -3.7131 -3.8212
 -3.9260
 -1.7691 -1.7748 -1.7846 -1.7976 -1.8117 -1.8235 -1.8297 -1.8296 -1.8255 -1.8210
 -1.8169 -1.8126 -1.8106 -1.8191 -1.8438 -1.9678 -2.1273 -2.2869 -2.4410 -2.5887
 -2.7304 -2.8672 -2.9995 -3.1278 -3.2520 -3.3723 -3.4891 -3.6023 -3.7124 -3.8194
 -3.9236
 -1.7723 -1.7746 -1.7813 -1.7927 -1.8079 -1.8254 -1.8424 -1.8565 -1.8671 -1.8755
 -1.8839 -1.8937 -1.9038 -1.9125 -1.9221 -1.9890 -2.1278 -2.2854 -2.4390 -2.5866
 -2.7281 -2.8646 -2.9967 -3.1250 -3.2494 -3.3699 -3.4866 -3.5996 -3.7092 -3.8157
 -3.9191
 -1.7851 -1.7825 -1.7852 -1.7925 -1.8056 -1.8231 -1.8434 -1.8646 -1.8849 -1.9035
 -1.9208 -1.9383 -1.9571 -1.9772 -1.9970 -2.0477 -2.1417 -2.2850 -2.4371 -2.5842
 -2.7254 -2.8614 -2.9928 -3.1206 -3.2449 -3.3658 -3.4831 -3.5966 -3.7064 -3.8129
 -3.9162
 -1.8162 -1.8051 -1.8007 -1.8030 -1.8108 -1.8252 -1.8443 -1.8667 -1.8908 -1.9153
 -1.9395 -1.9635 -1.9879 -2.0135 -2.0685 -2.1439 -2.1690 -2.2857 -2.4353
 [Fe/H] = -0.25 [alpha/Fe] = 0.10 BC value = F182M
 -1.4438 -1.3869 -1.3330 -1.2855 -1.2416 -1.2218 -1.2383 -1.2854 -1.3540 -1.4272
 -1.5008 -1.5731 -1.6435 -1.7119 -1.7800 -1.9421
 -1.5016 -1.4397 -1.3808 -1.3280 -1.2833 -1.2573 -1.2611 -1.2995 -1.3605 -1.4306
 -1.5032 -1.5756 -1.6468 -1.7165 -1.7849 -1.9506 -2.1111 -2.2683 -2.4234
 -1.5648 -1.5022 -1.4413 -1.3850 -1.3376 -1.3047 -1.2962 -1.3211 -1.3712 -1.4353
 -1.5053 -1.5769 -1.6482 -1.7186 -1.7879 -1.9563 -2.1182 -2.2747 -2.4275 -2.5778
 -2.7258
 -1.6334 -1.5744 -1.5145 -1.4565 -1.4046 -1.3640 -1.3436 -1.3532 -1.3894 -1.4442
 -1.5090 -1.5783 -1.6488 -1.7192 -1.7890 -1.9592 -2.1227 -2.2796 -2.4312 -2.5793
 -2.7246 -2.8671 -3.0064
 -1.6971 -1.6460 -1.5910 -1.5350 -1.4814 -1.4350 -1.4033 -1.3974 -1.4183 -1.4606
 -1.5172 -1.5817 -1.6499 -1.7194 -1.7890 -1.9602 -2.1251 -2.2829 -2.4343 -2.5810
 -2.7242 -2.8644 -3.0012 -3.1348 -3.2652
 -1.7456 -1.7079 -1.6626 -1.6127 -1.5616 -1.5135 -1.4740 -1.4540 -1.4593 -1.4873
 -1.5327 -1.5897 -1.6534 -1.7205 -1.7891 -1.9600 -2.1258 -2.2846 -2.4364 -2.5824
 -2.7243 -2.8627 -2.9976 -3.1291 -3.2572 -3.3823
 -1.7706 -1.7557 -1.7236 -1.6827 -1.6382 -1.5929 -1.5515 -1.5214 -1.5126 -1.5259
 -1.5581 -1.6047 -1.6613 -1.7241 -1.7902 -1.9596 -2.1256 -2.2851 -2.4376 -2.5836
 -2.7247 -2.8618 -2.9952 -3.1251 -3.2515 -3.3748 -3.4950 -3.6122 -3.7253 -3.8327
 -1.7554 -1.7627 -1.7634 -1.7505 -1.7217 -1.6805 -1.6360 -1.5978 -1.5763 -1.5758
 -1.5946 -1.6292 -1.6760 -1.7319 -1.7938 -1.9592 -2.1249 -2.2849 -2.4380 -2.5843
 -2.7250 -2.8614 -2.9937 -3.1224 -3.2475 -3.3693 -3.4880 -3.6036 -3.7162 -3.8250
 -3.9284
 -1.7424 -1.7518 -1.7622 -1.7700 -1.7697 -1.7582 -1.7367 -1.7078 -1.6782 -1.6572
 -1.6524 -1.6676 -1.7005 -1.7465 -1.8014 -1.9594 -2.1240 -2.2840 -2.4375 -2.5842
 -2.7250 -2.8610 -2.9928 -3.1207 -3.2450 -3.3657 -3.4832 -3.5975 -3.7088 -3.8172
 -3.9221
 -1.7360 -1.7439 -1.7551 -1.7684 -1.7810 -1.7890 -1.7901 -1.7849 -1.7770 -1.7699
 -1.7643 -1.7613 -1.7662 -1.7857 -1.8222 -1.9627 -2.1246 -2.2845 -2.4384 -2.5857
 -2.7269 -2.8629 -2.9946 -3.1224 -3.2464 -3.3668 -3.4837 -3.5972 -3.7076 -3.8150
 -3.9194
 -1.7352 -1.7402 -1.7498 -1.7631 -1.7792 -1.7961 -1.8112 -1.8223 -1.8300 -1.8369
 -1.8454 -1.8557 -1.8660 -1.8758 -1.8896 -1.9744 -2.1232 -2.2818 -2.4355 -2.5829
 -2.7242 -2.8602 -2.9917 -3.1194 -3.2435 -3.3639 -3.4808 -3.5940 -3.7039 -3.8107
 -3.9144
 -1.7403 -1.7425 -1.7489 -1.7598 -1.7753 -1.7944 -1.8153 -1.8361 -1.8553 -1.8729
 -1.8902 -1.9088 -1.9292 -1.9505 -1.9707 -2.0261 -2.1300 -2.2794 -2.4322 -2.5795
 -2.7206 -2.8564 -2.9874 -3.1148 -3.2388 -3.3595 -3.4768 -3.5905 -3.7006 -3.8075
 -3.9111
 -1.7588 -1.7547 -1.7563 -1.7636 -1.7757 -1.7934 -1.8150 -1.8392 -1.8644 -1.8895
 -1.9142 -1.9390 -1.9649 -1.9923 -2.0655 -2.1178 -2.1450 -2.2773 -2.4285
 [Fe/H] =  0.00 [alpha/Fe] = 0.00 BC value = F182M
 -1.3989 -1.3458 -1.2952 -1.2526 -1.2250 -1.2185 -1.2381 -1.2874 -1.3624 -1.4390
 -1.5147 -1.5884 -1.6594 -1.7284 -1.7952 -1.9551
 -1.4375 -1.3791 -1.3244 -1.2769 -1.2413 -1.2247 -1.2400 -1.2926 -1.3626 -1.4375
 -1.5129 -1.5871 -1.6595 -1.7299 -1.7985 -1.9630 -2.1208 -2.2749 -2.4270
 -1.4963 -1.4365 -1.3793 -1.3278 -1.2866 -1.2622 -1.2660 -1.3044 -1.3654 -1.4364
 -1.5105 -1.5846 -1.6574 -1.7288 -1.7986 -1.9667 -2.1267 -2.2809 -2.4311 -2.5789
 -2.7253
 -1.5619 -1.5047 -1.4477 -1.3937 -1.3473 -1.3140 -1.3039 -1.3258 -1.3742 -1.4382
 -1.5091 -1.5819 -1.6546 -1.7264 -1.7969 -1.9675 -2.1299 -2.2851 -2.4345 -2.5803
 -2.7238 -2.8652 -3.0039
 -1.6243 -1.5740 -1.5208 -1.4678 -1.4185 -1.3782 -1.3550 -1.3597 -1.3925 -1.4459
 -1.5108 -1.5807 -1.6522 -1.7236 -1.7943 -1.9664 -2.1308 -2.2874 -2.4370 -2.5817
 -2.7233 -2.8623 -2.9985 -3.1317 -3.2622
 -1.6811 -1.6358 -1.5907 -1.5426 -1.4946 -1.4511 -1.4182 -1.4071 -1.4231 -1.4625
 -1.5182 -1.5828 -1.6515 -1.7217 -1.7919 -1.9643 -2.1301 -2.2881 -2.4385 -2.5828
 -2.7231 -2.8604 -2.9945 -3.1257 -3.2536 -3.3786
 -1.7147 -1.6877 -1.6509 -1.6109 -1.5686 -1.5267 -1.4900 -1.4668 -1.4669 -1.4909
 -1.5341 -1.5905 -1.6542 -1.7216 -1.7905 -1.9621 -2.1284 -2.2875 -2.4390 -2.5836
 -2.7231 -2.8591 -2.9918 -3.1212 -3.2475 -3.3706 -3.4909 -3.6083 -3.7212 -3.8284
 -1.7134 -1.7172 -1.7102 -1.6871 -1.6492 -1.6058 -1.5660 -1.5357 -1.5228 -1.5317
 -1.5609 -1.6061 -1.6622 -1.7248 -1.7909 -1.9603 -2.1265 -2.2862 -2.4386 -2.5838
 -2.7232 -2.8584 -2.9899 -3.1181 -3.2430 -3.3647 -3.4833 -3.5991 -3.7119 -3.8206
 -3.9239
 -1.7018 -1.7115 -1.7207 -1.7243 -1.7174 -1.6989 -1.6706 -1.6373 -1.6092 -1.5964
 -1.6046 -1.6335 -1.6780 -1.7329 -1.7942 -1.9590 -2.1245 -2.2844 -2.4375 -2.5834
 -2.7230 -2.8578 -2.9886 -3.1160 -3.2398 -3.3605 -3.4781 -3.5925 -3.7040 -3.8126
 -3.9174
 -1.6940 -1.7037 -1.7161 -1.7291 -1.7394 -1.7435 -1.7399 -1.7310 -1.7206 -1.7117
 -1.7066 -1.7090 -1.7248 -1.7577 -1.8060 -1.9601 -2.1242 -2.2842 -2.4379 -2.5846
 -2.7248 -2.8597 -2.9904 -3.1174 -3.2409 -3.3610 -3.4779 -3.5916 -3.7021 -3.8098
 -3.9145
 -1.6903 -1.6981 -1.7101 -1.7250 -1.7417 -1.7578 -1.7707 -1.7793 -1.7855 -1.7925
 -1.8018 -1.8126 -1.8238 -1.8371 -1.8578 -1.9645 -2.1212 -2.2806 -2.4343 -2.5814
 -2.7219 -2.8570 -2.9875 -3.1144 -3.2377 -3.3577 -3.4744 -3.5878 -3.6979 -3.8049
 -3.9090
 -1.6905 -1.6965 -1.7061 -1.7203 -1.7381 -1.7585 -1.7798 -1.8001 -1.8187 -1.8364
 -1.8549 -1.8756 -1.8980 -1.9202 -1.9412 -2.0053 -2.1225 -2.2767 -2.4299 -2.5771
 -2.7179 -2.8529 -2.9832 -3.1098 -3.2330 -3.3532 -3.4702 -3.5838 -3.6941 -3.8012
 -3.9051
 -1.7006 -1.7019 -1.7085 -1.7198 -1.7359 -1.7566 -1.7805 -1.8063 -1.8325 -1.8585
 -1.8843 -1.9109 -1.9391 -1.9688 -2.0562 -2.0825 -2.1281 -2.2725 -2.4247
 [Fe/H] =  0.25 [alpha/Fe] = 0.00 BC value = F182M
 -1.3394 -1.2877 -1.2416 -1.2138 -1.2120 -1.2325 -1.2599 -1.2939 -1.3738 -1.4529
 -1.5306 -1.6060 -1.6785 -1.7478 -1.8148 -1.9732
 -1.3863 -1.3286 -1.2764 -1.2361 -1.2134 -1.2128 -1.2378 -1.2911 -1.3683 -1.4471
 -1.5248 -1.6008 -1.6744 -1.7456 -1.8146 -1.9783 -2.1333 -2.2842 -2.4332
 -1.4434 -1.3830 -1.3269 -1.2783 -1.2418 -1.2253 -1.2410 -1.2938 -1.3648 -1.4412
 -1.5184 -1.5945 -1.6688 -1.7412 -1.8115 -1.9793 -2.1376 -2.2893 -2.4370 -2.5822
 -2.7260
 -1.5107 -1.4509 -1.3931 -1.3405 -1.2972 -1.2698 -1.2694 -1.3048 -1.3653 -1.4372
 -1.5126 -1.5882 -1.6628 -1.7357 -1.8069 -1.9777 -2.1391 -2.2924 -2.4399 -2.5834
 -2.7247 -2.8641 -3.0014
 -1.5787 -1.5234 -1.4673 -1.4133 -1.3654 -1.3287 -1.3125 -1.3280 -1.3737 -1.4375
 -1.5090 -1.5831 -1.6572 -1.7302 -1.8018 -1.9744 -2.1382 -2.2936 -2.4417 -2.5844
 -2.7240 -2.8613 -2.9962 -3.1286 -3.2583
 -1.6391 -1.5924 -1.5421 -1.4908 -1.4414 -1.3991 -1.3703 -1.3664 -1.3937 -1.4450
 -1.5098 -1.5806 -1.6531 -1.7255 -1.7970 -1.9705 -2.1359 -2.2930 -2.4423 -2.5851
 -2.7236 -2.8592 -2.9921 -3.1224 -3.2498 -3.3745
 -1.6834 -1.6498 -1.6101 -1.5657 -1.5198 -1.4762 -1.4401 -1.4205 -1.4283 -1.4633
 -1.5175 -1.5823 -1.6516 -1.7225 -1.7933 -1.9666 -2.1328 -2.2913 -2.4419 -2.5852
 -2.7232 -2.8577 -2.9891 -3.1176 -3.2433 -3.3660 -3.4862 -3.6035 -3.7161 -3.8231
 -1.7106 -1.6999 -1.6731 -1.6341 -1.5932 -1.5535 -1.5164 -1.4877 -1.4784 -1.4952
 -1.5351 -1.5905 -1.6543 -1.7222 -1.7914 -1.9634 -2.1297 -2.2890 -2.4407 -2.5849
 -2.7229 -2.8566 -2.9869 -3.1141 -3.2383 -3.3596 -3.4781 -3.5938 -3.7067 -3.8152
 -3.9184
 -1.7013 -1.7085 -1.7109 -1.7018 -1.6784 -1.6432 -1.6038 -1.5688 -1.5462 -1.5444
 -1.5664 -1.6081 -1.6631 -1.7256 -1.7918 -1.9611 -2.1269 -2.2865 -2.4389 -2.5840
 -2.7224 -2.8558 -2.9854 -3.1117 -3.2347 -3.3549 -3.4722 -3.5866 -3.6982 -3.8070
 -3.9117
 -1.6925 -1.7021 -1.7130 -1.7217 -1.7233 -1.7152 -1.6982 -1.6750 -1.6522 -1.6367
 -1.6356 -1.6526 -1.6880 -1.7381 -1.7975 -1.9610 -2.1261 -2.2859 -2.4390 -2.5850
 -2.7242 -2.8578 -2.9871 -3.1129 -3.2354 -3.3549 -3.4714 -3.5850 -3.6956 -3.8034
 -3.9084
 -1.6869 -1.6962 -1.7084 -1.7224 -1.7358 -1.7453 -1.7488 -1.7467 -1.7426 -1.7405
 -1.7428 -1.7508 -1.7653 -1.7890 -1.8243 -1.9607 -2.1225 -2.2819 -2.4353 -2.5818
 -2.7216 -2.8554 -2.9846 -3.1101 -3.2323 -3.3513 -3.4675 -3.5806 -3.6907 -3.7979
 -3.9023
 -1.6833 -1.6915 -1.7030 -1.7179 -1.7350 -1.7529 -1.7694 -1.7827 -1.7934 -1.8039
 -1.8173 -1.8348 -1.8551 -1.8770 -1.9006 -1.9840 -2.1200 -2.2771 -2.4304 -2.5773
 -2.7175 -2.8516 -2.9808 -3.1060 -3.2280 -3.3469 -3.4631 -3.5763 -3.6864 -3.7936
 -3.8978
 -1.6827 -1.6892 -1.6996 -1.7131 -1.7309 -1.7515 -1.7738 -1.7964 -1.8182 -1.8392
 -1.8607 -1.8845 -1.9113 -1.9403 -2.0264 -2.0309 -2.1186 -2.2715 -2.4243
 [Fe/H] =  0.50 [alpha/Fe] = 0.00 BC value = F182M
 -1.2970 -1.0878 -0.9821 -0.9687 -1.0293 -1.1241 -1.2222 -1.3051 -1.3884 -1.4696
 -1.5490 -1.6258 -1.6995 -1.7700 -1.8368 -1.9933
 -1.3388 -1.2284 -1.1591 -1.1268 -1.1279 -1.1590 -1.2173 -1.2962 -1.3782 -1.4597
 -1.5393 -1.6168 -1.6917 -1.7638 -1.8333 -1.9964 -2.1489 -2.2964 -2.4420
 -1.3937 -1.3322 -1.2793 -1.2347 -1.2026 -1.1951 -1.2243 -1.2912 -1.3695 -1.4497
 -1.5291 -1.6070 -1.6826 -1.7559 -1.8269 -1.9947 -2.1513 -2.3005 -2.4457 -2.5884
 -2.7293
 -1.4617 -1.3993 -1.3426 -1.2923 -1.2534 -1.2326 -1.2432 -1.2926 -1.3634 -1.4409
 -1.5194 -1.5972 -1.6733 -1.7473 -1.8193 -1.9906 -2.1508 -2.3024 -2.4478 -2.5890
 -2.7280 -2.8652 -3.0007
 -1.5335 -1.4743 -1.4163 -1.3626 -1.3170 -1.2851 -1.2770 -1.3049 -1.3632 -1.4352
 -1.5115 -1.5885 -1.6645 -1.7389 -1.8114 -1.9850 -2.1482 -2.3022 -2.4487 -2.5896
 -2.7269 -2.8620 -2.9951 -3.1262 -3.2550
 -1.6011 -1.5483 -1.4939 -1.4405 -1.3911 -1.3512 -1.3277 -1.3331 -1.3729 -1.4350
 -1.5068 -1.5818 -1.6571 -1.7314 -1.8041 -1.9789 -2.1441 -2.3004 -2.4485 -2.5897
 -2.7262 -2.8598 -2.9910 -3.1199 -3.2463 -3.3704
 -1.6571 -1.6152 -1.5685 -1.5195 -1.4711 -1.4273 -1.3934 -1.3796 -1.3970 -1.4438
 -1.5075 -1.5786 -1.6520 -1.7255 -1.7980 -1.9732 -2.1395 -2.2974 -2.4471 -2.5891
 -2.7255 -2.8581 -2.9879 -3.1151 -3.2397 -3.3617 -3.4813 -3.5980 -3.7103 -3.8171
 -1.6921 -1.6723 -1.6311 -1.5920 -1.5499 -1.5076 -1.4696 -1.4429 -1.4392 -1.4658
 -1.5165 -1.5805 -1.6503 -1.7220 -1.7937 -1.9684 -2.1351 -2.2939 -2.4449 -2.5881
 -2.7247 -2.8568 -2.9855 -3.1114 -3.2345 -3.3550 -3.4729 -3.5883 -3.7010 -3.8090
 -3.9121
 -1.7027 -1.7037 -1.6925 -1.6643 -1.6257 -1.5854 -1.5494 -1.5188 -1.5002 -1.5052
 -1.5377 -1.5901 -1.6534 -1.7216 -1.7915 -1.9648 -2.1313 -2.2905 -2.4424 -2.5866
 -2.7238 -2.8558 -2.9838 -3.1087 -3.2307 -3.3499 -3.4665 -3.5805 -3.6919 -3.8007
 -3.9052
 -1.6935 -1.7018 -1.7091 -1.7096 -1.6986 -1.6758 -1.6446 -1.6114 -1.5849 -1.5727
 -1.5828 -1.6160 -1.6666 -1.7275 -1.7936 -1.9638 -2.1301 -2.2896 -2.4421 -2.5874
 -2.7255 -2.8578 -2.9856 -3.1100 -3.2312 -3.3495 -3.4652 -3.5783 -3.6887 -3.7965
 -3.9015
 -1.6873 -1.6964 -1.7078 -1.7193 -1.7270 -1.7273 -1.7193 -1.7053 -1.6895 -1.6767
 -1.6735 -1.6848 -1.7111 -1.7513 -1.8034 -1.9614 -2.1262 -2.2857 -2.4385 -2.5843
 -2.7232 -2.8558 -2.9835 -3.1074 -3.2281 -3.3459 -3.4610 -3.5734 -3.6832 -3.7903
 -3.8947
 -1.6829 -1.6910 -1.7030 -1.7175 -1.7327 -1.7464 -1.7557 -1.7598 -1.7608 -1.7625
 -1.7684 -1.7808 -1.7997 -1.8250 -1.8570 -1.9698 -2.1221 -2.2808 -2.4338 -2.5801
 -2.7196 -2.8527 -2.9804 -3.1041 -3.2244 -3.3418 -3.4567 -3.5689 -3.6784 -3.7854
 -3.8895
 -1.6783 -1.6863 -1.6974 -1.7123 -1.7299 -1.7490 -1.7681 -1.7854 -1.8003 -1.8140
 -1.8293 -1.8488 -1.8732 -1.9011 -1.9544 -1.9890 -2.1178 -2.2749 -2.4280
 [Fe/H] =  0.75 [alpha/Fe] = 0.00 BC value = F182M
 -1.2563 -1.1361 -1.0811 -1.0948 -1.1551 -1.2256 -1.2800 -1.3201 -1.4059 -1.4891
 -1.5697 -1.6478 -1.7226 -1.7940 -1.8617 -2.0188
 -1.2946 -1.2135 -1.1648 -1.1453 -1.1521 -1.1827 -1.2348 -1.3063 -1.3916 -1.4752
 -1.5565 -1.6353 -1.7114 -1.7844 -1.8544 -2.0171 -2.1671 -2.3113 -2.4534
 -1.3478 -1.2870 -1.2368 -1.1971 -1.1727 -1.1755 -1.2167 -1.2951 -1.3784 -1.4613
 -1.5426 -1.6220 -1.6989 -1.7732 -1.8449 -2.0129 -2.1678 -2.3144 -2.4567 -2.5964
 -2.7344
 -1.4159 -1.3566 -1.2971 -1.2501 -1.2167 -1.2039 -1.2258 -1.2883 -1.3670 -1.4484
 -1.5294 -1.6088 -1.6863 -1.7614 -1.8342 -2.0062 -2.1654 -2.3150 -2.4582 -2.5971
 -2.7332 -2.8676 -3.0009
 -1.4909 -1.4285 -1.3696 -1.3172 -1.2750 -1.2490 -1.2501 -1.2906 -1.3597 -1.4378
 -1.5175 -1.5966 -1.6742 -1.7499 -1.8235 -1.9981 -2.1608 -2.3135 -2.4583 -2.5972
 -2.7323 -2.8648 -2.9956 -3.1248 -3.2523
 -1.5644 -1.5063 -1.4487 -1.3941 -1.3458 -1.3094 -1.2923 -1.3081 -1.3602 -1.4313
 -1.5083 -1.5863 -1.6636 -1.7394 -1.8134 -1.9898 -2.1549 -2.3103 -2.4571 -2.5967
 -2.7312 -2.8626 -2.9917 -3.1187 -3.2437 -3.3667
 -1.6296 -1.5799 -1.5277 -1.4753 -1.4256 -1.3826 -1.3523 -1.3456 -1.3739 -1.4319
 -1.5032 -1.5789 -1.6551 -1.7306 -1.8047 -1.9820 -2.1486 -2.3060 -2.4547 -2.5955
 -2.7302 -2.8608 -2.9886 -3.1140 -3.2371 -3.3579 -3.4767 -3.5928 -3.7039 -3.8104
 -1.6762 -1.6407 -1.5997 -1.5543 -1.5076 -1.4635 -1.4261 -1.4030 -1.4068 -1.4442
 -1.5049 -1.5757 -1.6497 -1.7241 -1.7978 -1.9753 -2.1427 -2.3012 -2.4515 -2.5937
 -2.7289 -2.8593 -2.9861 -3.1104 -3.2320 -3.3512 -3.4681 -3.5828 -3.6948 -3.8021
 -3.9050
 -1.7054 -1.6886 -1.6602 -1.6225 -1.5822 -1.5441 -1.5074 -1.4764 -1.4612 -1.4740
 -1.5170 -1.5786 -1.6482 -1.7205 -1.7931 -1.9701 -2.1378 -2.2968 -2.4481 -2.5916
 -2.7276 -2.8580 -2.9843 -3.1076 -3.2281 -3.3460 -3.4615 -3.5746 -3.6855 -3.7939
 -3.8978
 -1.6979 -1.7030 -1.7022 -1.6901 -1.6630 -1.6258 -1.5882 -1.5574 -1.5356 -1.5290
 -1.5486 -1.5939 -1.6544 -1.7222 -1.7925 -1.9680 -2.1358 -2.2953 -2.4472 -2.5918
 -2.7289 -2.8598 -2.9860 -3.1088 -3.2285 -3.3455 -3.4599 -3.5719 -3.6816 -3.7890
 -3.8939
 -1.6909 -1.6989 -1.7082 -1.7149 -1.7138 -1.7020 -1.6811 -1.6551 -1.6299 -1.6132
 -1.6125 -1.6341 -1.6759 -1.7314 -1.7946 -1.9643 -2.1318 -2.2915 -2.4438 -2.5888
 -2.7267 -2.8581 -2.9842 -3.1065 -3.2256 -3.3419 -3.4556 -3.5668 -3.6757 -3.7822
 -3.8865
 -1.6862 -1.6942 -1.7053 -1.7182 -1.7299 -1.7371 -1.7371 -1.7306 -1.7213 -1.7132
 -1.7104 -1.7187 -1.7409 -1.7760 -1.8213 -1.9649 -2.1271 -2.2869 -2.4396 -2.5852
 -2.7237 -2.8557 -2.9820 -3.1040 -3.2226 -3.3383 -3.4514 -3.5622 -3.6707 -3.7768
 -3.8807
 -1.6816 -1.6892 -1.7002 -1.7146 -1.7309 -1.7474 -1.7615 -1.7715 -1.7777 -1.7830
 -1.7907 -1.8042 -1.8247 -1.8523 -1.8726 -1.9698 -2.1217 -2.2815 -2.4346
 [Fe/H] =  1.00 [alpha/Fe] = 0.00 BC value = F182M
 -1.2198 -1.2241 -1.2596 -1.2636 -1.2651 -1.2733 -1.2962 -1.3389 -1.4257 -1.5105
 -1.5923 -1.6714 -1.7471 -1.8192 -1.8876 -2.0437
 -1.2548 -1.1865 -1.1486 -1.1382 -1.1524 -1.1888 -1.2454 -1.3202 -1.4078 -1.4933
 -1.5760 -1.6560 -1.7331 -1.8069 -1.8775 -2.0399 -2.1878 -2.3287 -2.4675
 -1.3064 -1.2081 -1.1478 -1.1217 -1.1265 -1.1590 -1.2187 -1.3041 -1.3907 -1.4758
 -1.5589 -1.6394 -1.7175 -1.7927 -1.8651 -2.0334 -2.1867 -2.3309 -2.4702 -2.6072
 -2.7422
 -1.3746 -1.2889 -1.2571 -1.2143 -1.1874 -1.1838 -1.2161 -1.2906 -1.3747 -1.4590
 -1.5420 -1.6229 -1.7016 -1.7779 -1.8515 -2.0242 -2.1825 -2.3301 -2.4710 -2.6075
 -2.7410 -2.8725 -3.0029
 -1.4521 -1.3872 -1.3281 -1.2779 -1.2403 -1.2211 -1.2320 -1.2842 -1.3618 -1.4441
 -1.5264 -1.6074 -1.6864 -1.7633 -1.8379 -2.0138 -2.1761 -2.3273 -2.4702 -2.6071
 -2.7399 -2.8699 -2.9981 -3.1250 -3.2505
 -1.5308 -1.4681 -1.4079 -1.3532 -1.3071 -1.2752 -1.2652 -1.2917 -1.3547 -1.4325
 -1.5131 -1.5936 -1.6725 -1.7497 -1.8249 -2.0031 -2.1683 -2.3227 -2.4680 -2.6060
 -2.7386 -2.8677 -2.9943 -3.1192 -3.2423 -3.3638
 -1.6040 -1.5476 -1.4906 -1.4355 -1.3854 -1.3444 -1.3184 -1.3194 -1.3588 -1.4264
 -1.5034 -1.5824 -1.6609 -1.7380 -1.8134 -1.9930 -2.1602 -2.3170 -2.4646 -2.6042
 -2.7372 -2.8658 -2.9915 -3.1147 -3.2358 -3.3552 -3.4728 -3.5872 -3.6971 -3.8030
 -1.6633 -1.6180 -1.5694 -1.5187 -1.4692 -1.4241 -1.3882 -1.3697 -1.3819 -1.4300
 -1.4990 -1.5748 -1.6519 -1.7285 -1.8038 -1.9842 -2.1526 -2.3110 -2.4605 -2.6017
 -2.7356 -2.8641 -2.9889 -3.1112 -3.2311 -3.3487 -3.4642 -3.5777 -3.6884 -3.7947
 -3.8971
 -1.7034 -1.6694 -1.6323 -1.5926 -1.5508 -1.5083 -1.4693 -1.4392 -1.4288 -1.4503
 -1.5033 -1.5724 -1.6466 -1.7219 -1.7966 -1.9770 -2.1463 -2.3055 -2.4562 -2.5988
 -2.7337 -2.8626 -2.9870 -3.1085 -3.2272 -3.3436 -3.4576 -3.5694 -3.6793 -3.7867
 -3.8898
 -1.7068 -1.7052 -1.6903 -1.6614 -1.6211 -1.5824 -1.5491 -1.5201 -1.4986 -1.4965
 -1.5250 -1.5800 -1.6479 -1.7203 -1.7937 -1.9734 -2.1432 -2.3030 -2.4545 -2.5983
 -2.7345 -2.8641 -2.9887 -3.1096 -3.2276 -3.3430 -3.4560 -3.5665 -3.6750 -3.7816
 -3.8858
 -1.6985 -1.7045 -1.7097 -1.7083 -1.6950 -1.6694 -1.6359 -1.6029 -1.5784 -1.5664
 -1.5721 -1.6045 -1.6581 -1.7226 -1.7919 -1.9687 -2.1387 -2.2991 -2.4509 -2.5952
 -2.7322 -2.8624 -2.9870 -3.1076 -3.2249 -3.3395 -3.4516 -3.5613 -3.6688 -3.7743
 -3.8780
 -1.6935 -1.7003 -1.7098 -1.7197 -1.7258 -1.7240 -1.7130 -1.6954 -1.6760 -1.6596
 -1.6532 -1.6635 -1.6950 -1.7438 -1.8024 -1.9660 -2.1338 -2.2948 -2.4473 -2.5921
 -2.7297 -2.8606 -2.9855 -3.1058 -3.2225 -3.3364 -3.4478 -3.5568 -3.6637 -3.7687
 -3.8716
 -1.6897 -1.6958 -1.7060 -1.7190 -1.7330 -1.7452 -1.7525 -1.7537 -1.7505 -1.7470
 -1.7467 -1.7532 -1.7708 -1.8015 -1.8252 -1.9653 -2.1285 -2.2901 -2.4437
