 [Fe/H] = -2.50 [alpha/Fe] = 0.40 BC value = F625W
 -4.6505 -4.3364 -4.1007 -3.8323 -3.5350 -3.2922 -3.1526 -3.0752 -2.9980 -2.8980
 -2.7862 -2.6655 -2.5461 -2.4369 -2.3341 -2.1151 -1.9523 -1.8427 -1.7626
 -4.3329 -3.9539 -3.6675 -3.4323 -3.2414 -3.0920 -2.9763 -2.8834 -2.8022 -2.7248
 -2.6456 -2.5594 -2.4644 -2.3669 -2.2749 -2.0824 -1.9418 -1.8468 -1.7823 -1.7420
 -4.1248 -3.7183 -3.4054 -3.1786 -3.0268 -2.9162 -2.8196 -2.7337 -2.6598 -2.5956
 -2.5339 -2.4696 -2.3957 -2.3124 -2.2307 -2.0592 -1.9353 -1.8520 -1.7984 -1.7633
 -1.7403
 -4.0262 -3.6296 -3.3144 -3.0712 -2.8912 -2.7648 -2.6825 -2.6261 -2.5708 -2.5104
 -2.4511 -2.3961 -2.3400 -2.2734 -2.2015 -2.0455 -1.9328 -1.8583 -1.8108 -1.7793
 -1.7580 -1.7439
 -3.9584 -3.5856 -3.2841 -3.0436 -2.8549 -2.7115 -2.6071 -2.5331 -2.4812 -2.4393
 -2.3926 -2.3403 -2.2908 -2.2385 -2.1783 -2.0364 -1.9314 -1.8629 -1.8211 -1.7937
 -1.7748 -1.7619 -1.7537 -1.7494
 -3.8782 -3.5397 -3.2624 -3.0362 -2.8514 -2.7014 -2.5833 -2.4941 -2.4273 -2.3752
 -2.3314 -2.2888 -2.2445 -2.2014 -2.1524 -2.0273 -1.9287 -1.8638 -1.8269 -1.8048
 -1.7896 -1.7791 -1.7723 -1.7686 -1.7675 -1.7692 -1.7742 -1.7867 -1.8085 -1.8345
 -3.7708 -3.4713 -3.2245 -3.0205 -2.8492 -2.7036 -2.5806 -2.4798 -2.4012 -2.3397
 -2.2888 -2.2435 -2.2003 -2.1613 -2.1212 -2.0138 -1.9231 -1.8606 -1.8265 -1.8098
 -1.8001 -1.7936 -1.7897 -1.7878 -1.7876 -1.7892 -1.7934 -1.8004 -1.8150 -1.8399
 -1.8699
 -3.6408 -3.3798 -3.1639 -2.9847 -2.8325 -2.6994 -2.5809 -2.4765 -2.3883 -2.3175
 -2.2606 -2.2121 -2.1680 -2.1267 -2.0899 -1.9950 -1.9136 -1.8539 -1.8206 -1.8075
 -1.8037 -1.8029 -1.8034 -1.8050 -1.8073 -1.8104 -1.8148 -1.8211 -1.8308 -1.8469
 -1.8749
 -3.4925 -3.2694 -3.0826 -2.9268 -2.7943 -2.6770 -2.5697 -2.4704 -2.3802 -2.3023
 -2.2383 -2.1860 -2.1409 -2.0997 -2.0627 -1.9744 -1.9001 -1.8444 -1.8111 -1.7990
 -1.7995 -1.8050 -1.8115 -1.8181 -1.8245 -1.8306 -1.8370 -1.8440 -1.8526 -1.8644
 -1.8830
 -3.3413 -3.1542 -2.9926 -2.8564 -2.7410 -2.6391 -2.5450 -2.4556 -2.3706 -2.2917
 -2.2223 -2.1644 -2.1168 -2.0759 -2.0394 -1.9565 -1.8864 -1.8343 -1.8012 -1.7878
 -1.7893 -1.7990 -1.8116 -1.8243 -1.8362 -1.8470 -1.8571 -1.8667 -1.8765 -1.8874
 -1.8995
 -3.1912 -3.0371 -2.8989 -2.7791 -2.6766 -2.5872 -2.5054 -2.4273 -2.3512 -2.2776
 -2.2082 -2.1463 -2.0941 -2.0515 -2.0155 -1.9392 -1.8730 -1.8234 -1.7914 -1.7767
 -1.7770 -1.7877 -1.8041 -1.8226 -1.8407 -1.8573 -1.8725 -1.8864 -1.8992 -1.9119
 -1.9255
 -3.0422 -2.9181 -2.8056 -2.7007 -2.6085 -2.5277 -2.4550 -2.3868 -2.3203 -2.2549
 -2.1907 -2.1299 -2.0748 -2.0283 -1.9910 -1.9225 -1.8599 -1.8117 -1.7817
 [Fe/H] = -2.00 [alpha/Fe] = 0.40 BC value = F625W
 -5.5828 -5.1102 -4.6926 -4.3295 -4.0189 -3.7475 -3.5017 -3.2736 -3.0711 -2.9019
 -2.7572 -2.6279 -2.5088 -2.4002 -2.2916 -2.0901 -1.9394 -1.8333 -1.7644
 -5.3068 -4.8240 -4.3924 -4.0207 -3.7100 -3.4537 -3.2398 -3.0516 -2.8901 -2.7553
 -2.6399 -2.5349 -2.4340 -2.3378 -2.2494 -2.0662 -1.9314 -1.8374 -1.7762 -1.7371
 -4.9695 -4.4812 -4.0740 -3.7900 -3.5077 -3.2688 -3.0705 -2.9045 -2.7656 -2.6509
 -2.5544 -2.4683 -2.3843 -2.2996 -2.2190 -2.0508 -1.9279 -1.8428 -1.7877 -1.7524
 -1.7291
 -4.7016 -4.2091 -3.8188 -3.5178 -3.2845 -3.0984 -2.9423 -2.8037 -2.6802 -2.5748
 -2.4875 -2.4135 -2.3450 -2.2733 -2.2004 -2.0439 -1.9289 -1.8495 -1.7989 -1.7670
 -1.7460 -1.7323
 -4.6020 -4.1044 -3.6946 -3.3748 -3.1301 -2.9436 -2.8008 -2.6896 -2.5997 -2.5205
 -2.4410 -2.3697 -2.3077 -2.2490 -2.1857 -2.0400 -1.9309 -1.8556 -1.8084 -1.7799
 -1.7615 -1.7493 -1.7418 -1.7383
 -4.5627 -4.0662 -3.6549 -3.3248 -3.0640 -2.8601 -2.7037 -2.5864 -2.5001 -2.4384
 -2.3868 -2.3318 -2.2759 -2.2225 -2.1687 -2.0353 -1.9313 -1.8590 -1.8145 -1.7897
 -1.7749 -1.7653 -1.7594 -1.7565 -1.7565 -1.7594 -1.7658 -1.7794 -1.8017 -1.8276
 -4.5193 -4.0457 -3.6453 -3.3203 -3.0601 -2.8527 -2.6877 -2.5583 -2.4592 -2.3832
 -2.3243 -2.2772 -2.2334 -2.1898 -2.1452 -2.0273 -1.9286 -1.8588 -1.8161 -1.7946
 -1.7843 -1.7788 -1.7757 -1.7748 -1.7757 -1.7785 -1.7840 -1.7923 -1.8078 -1.8331
 -1.8632
 -4.4466 -4.0059 -3.6300 -3.3202 -3.0684 -2.8645 -2.6978 -2.5611 -2.4508 -2.3637
 -2.2945 -2.2382 -2.1907 -2.1493 -2.1117 -2.0119 -1.9220 -1.8548 -1.8130 -1.7934
 -1.7877 -1.7873 -1.7887 -1.7912 -1.7946 -1.7988 -1.8045 -1.8121 -1.8230 -1.8401
 -1.8684
 -4.3295 -3.9296 -3.5872 -3.3005 -3.0653 -2.8718 -2.7106 -2.5739 -2.4579 -2.3611
 -2.2821 -2.2180 -2.1644 -2.1181 -2.0785 -1.9888 -1.9089 -1.8465 -1.8057 -1.7868
 -1.7841 -1.7892 -1.7963 -1.8037 -1.8110 -1.8182 -1.8258 -1.8341 -1.8440 -1.8570
 -1.8764
 -4.1776 -3.8337 -3.5285 -3.2676 -3.0504 -2.8701 -2.7179 -2.5866 -2.4713 -2.3702
 -2.2831 -2.2104 -2.1505 -2.0999 -2.0564 -1.9674 -1.8932 -1.8358 -1.7967 -1.7772
 -1.7750 -1.7835 -1.7962 -1.8096 -1.8223 -1.8340 -1.8452 -1.8561 -1.8671 -1.8794
 -1.8925
 -4.0039 -3.7147 -3.4508 -3.2188 -3.0213 -2.8547 -2.7129 -2.5893 -2.4790 -2.3793
 -2.2895 -2.2106 -2.1434 -2.0874 -2.0405 -1.9493 -1.8773 -1.8233 -1.7865 -1.7665
 -1.7633 -1.7726 -1.7889 -1.8078 -1.8265 -1.8440 -1.8602 -1.8752 -1.8892 -1.9032
 -1.9179
 -3.8111 -3.5753 -3.3589 -3.1609 -2.9834 -2.8290 -2.6974 -2.5817 -2.4775 -2.3823
 -2.2943 -2.2136 -2.1414 -2.0794 -2.0308 -1.9345 -1.8612 -1.8090 -1.7751
 [Fe/H] = -1.50 [alpha/Fe] = 0.40 BC value = F625W
 -6.4233 -6.0059 -5.6192 -5.2537 -4.9097 -4.5528 -4.1457 -3.6937 -3.3096 -3.0100
 -2.7828 -2.6099 -2.4740 -2.3622 -2.2661 -2.0725 -1.9274 -1.8222 -1.7520
 -6.1741 -5.7080 -5.2784 -4.8845 -4.5211 -4.1773 -3.8223 -3.4532 -3.1392 -2.8884
 -2.6928 -2.5401 -2.4179 -2.3159 -2.2277 -2.0499 -1.9188 -1.8251 -1.7621 -1.7220
 -5.9799 -5.5059 -5.0557 -4.6398 -4.2644 -3.9278 -3.6145 -3.3031 -3.0319 -2.8109
 -2.6355 -2.4968 -2.3845 -2.2898 -2.2071 -2.0404 -1.9181 -1.8312 -1.7729 -1.7360
 -1.7131
 -5.6444 -5.1783 -4.8035 -4.4354 -4.0820 -3.7553 -3.4641 -3.1955 -2.9557 -2.7555
 -2.5940 -2.4652 -2.3612 -2.2733 -2.1955 -2.0373 -1.9210 -1.8385 -1.7834 -1.7490
 -1.7280 -1.7150
 -5.3300 -4.8525 -4.4478 -4.1034 -3.8075 -3.5502 -3.3195 -3.0976 -2.8914 -2.7114
 -2.5610 -2.4390 -2.3407 -2.2593 -2.1868 -2.0361 -1.9246 -1.8453 -1.7927 -1.7604
 -1.7416 -1.7303 -1.7239 -1.7216
 -5.2237 -4.7005 -4.2500 -3.8731 -3.5621 -3.3053 -3.0951 -2.9243 -2.7800 -2.6501
 -2.5272 -2.4163 -2.3218 -2.2436 -2.1768 -2.0340 -1.9267 -1.8501 -1.7996 -1.7694
 -1.7533 -1.7445 -1.7398 -1.7383 -1.7397 -1.7443 -1.7526 -1.7678 -1.7910 -1.8168
 -5.2203 -4.6697 -4.1868 -3.7833 -3.4539 -3.1868 -2.9700 -2.7934 -2.6499 -2.5366
 -2.4482 -2.3717 -2.2976 -2.2271 -2.1635 -2.0295 -1.9261 -1.8519 -1.8031 -1.7748
 -1.7614 -1.7562 -1.7545 -1.7550 -1.7574 -1.7619 -1.7692 -1.7800 -1.7966 -1.8223
 -1.8520
 -5.2381 -4.6873 -4.1916 -3.7696 -3.4243 -3.1464 -2.9225 -2.7409 -2.5939 -2.4749
 -2.3795 -2.3046 -2.2452 -2.1923 -2.1415 -2.0212 -1.9222 -1.8504 -1.8028 -1.7759
 -1.7614 -1.7635 -1.7659 -1.7699 -1.7748 -1.7807 -1.7882 -1.7969 -1.8095 -1.8291
 -1.8576
 -5.2120 -4.6872 -4.2000 -3.7790 -3.4281 -3.1437 -2.9149 -2.7291 -2.5772 -2.4531
 -2.3519 -2.2697 -2.2029 -2.1485 -2.1032 -2.0034 -1.9133 -1.8444 -1.7982 -1.7722
 -1.7630 -1.7652 -1.7724 -1.7811 -1.7899 -1.7988 -1.8083 -1.8185 -1.8303 -1.8452
 -1.8657
 -5.1291 -4.6448 -4.1932 -3.7873 -3.4435 -3.1604 -2.9306 -2.7426 -2.5877 -2.4586
 -2.3507 -2.2613 -2.1875 -2.1262 -2.0752 -1.9793 -1.8992 -1.8358 -1.7911 -1.7651
 -1.7562 -1.7605 -1.7722 -1.7863 -1.8002 -1.8135 -1.8264 -1.8391 -1.8520 -1.8662
 -1.8812
 -4.9912 -4.5590 -4.1518 -3.7741 -3.4481 -3.1744 -2.9484 -2.7625 -2.6077 -2.4767
 -2.3644 -2.2683 -2.1870 -2.1189 -2.0620 -1.9577 -1.8817 -1.8227 -1.7812 -1.7557
 -1.7463 -1.7510 -1.7654 -1.7843 -1.8040 -1.8227 -1.8405 -1.8570 -1.8729 -1.8887
 -1.9052
 -4.7998 -4.4317 -4.0772 -3.7401 -3.4389 -3.1800 -2.9623 -2.7805 -2.6276 -2.4972
 -2.3839 -2.2845 -2.1973 -2.1222 -2.0636 -1.9386 -1.8608 -1.8051 -1.7685
 [Fe/H] = -1.00 [alpha/Fe] = 0.40 BC value = F625W
 -6.9082 -6.5857 -6.2943 -6.0264 -5.7995 -5.5092 -5.0388 -4.3698 -3.7376 -3.2370
 -2.8801 -2.6349 -2.4646 -2.3389 -2.2388 -2.0488 -1.9096 -1.8069 -1.7340
 -6.6639 -6.2934 -5.9606 -5.6611 -5.3821 -5.0841 -4.6713 -4.1115 -3.5846 -3.1505
 -2.8235 -2.5900 -2.4253 -2.3050 -2.2104 -2.0323 -1.9032 -1.8095 -1.7441 -1.7014
 -6.5196 -6.1082 -5.7322 -5.3923 -5.0831 -4.7820 -4.4214 -3.9508 -3.4969 -3.1093
 -2.8032 -2.5748 -2.4097 -2.2896 -2.1970 -2.0262 -1.9039 -1.8157 -1.7546 -1.7143
 -1.6899
 -6.3792 -5.9652 -5.5706 -5.2017 -4.8613 -4.5448 -4.2249 -3.8307 -3.4347 -3.0852
 -2.7982 -2.5745 -2.4073 -2.2845 -2.1916 -2.0250 -1.9073 -1.8228 -1.7646 -1.7262
 -1.7031 -1.6901
 -6.0282 -5.6804 -5.3509 -5.0220 -4.6889 -4.3642 -4.0520 -3.7237 -3.3797 -3.0647
 -2.7967 -2.5800 -2.4117 -2.2853 -2.1902 -2.0253 -1.9112 -1.8293 -1.7733 -1.7367
 -1.7149 -1.7033 -1.6978 -1.6970
 -5.7144 -5.3047 -4.9606 -4.6663 -4.4000 -4.1421 -3.8749 -3.5965 -3.3099 -3.0348
 -2.7905 -2.5848 -2.4183 -2.2891 -2.1908 -2.0253 -1.9139 -1.8343 -1.7800 -1.7451
 -1.7248 -1.7150 -1.7113 -1.7114 -1.7148 -1.7216 -1.7327 -1.7502 -1.7751 -1.8013
 -5.6122 -5.1356 -4.7232 -4.3760 -4.0834 -3.8266 -3.5905 -3.3667 -3.1481 -2.9418
 -2.7493 -2.5740 -2.4206 -2.2936 -2.1922 -2.0240 -1.9145 -1.8370 -1.7841 -1.7506
 -1.7321 -1.7244 -1.7232 -1.7255 -1.7301 -1.7369 -1.7465 -1.7601 -1.7794 -1.8065
 -1.8359
 -5.6467 -5.1255 -4.6573 -4.2539 -3.9147 -3.6306 -3.3859 -3.1672 -2.9656 -2.7829
 -2.6276 -2.4989 -2.3868 -2.2842 -2.1914 -2.0213 -1.9126 -1.8368 -1.7851 -1.7528
 -1.7358 -1.7304 -1.7324 -1.7379 -1.7451 -1.7534 -1.7636 -1.7758 -1.7920 -1.8123
 -1.8405
 -5.7195 -5.1859 -4.6868 -4.2407 -3.8588 -3.5410 -3.2770 -3.0535 -2.8591 -2.6875
 -2.5377 -2.4121 -2.3119 -2.2320 -2.1629 -2.0149 -1.9070 -1.8328 -1.7824 -1.7511
 -1.7356 -1.7323 -1.7375 -1.7471 -1.7580 -1.7693 -1.7814 -1.7943 -1.8089 -1.8265
 -1.8492
 -5.7681 -5.2518 -4.7495 -4.2858 -3.8769 -3.5305 -3.2443 -3.0087 -2.8116 -2.6440
 -2.4998 -2.3765 -2.2734 -2.1894 -2.1224 -1.9984 -1.8995 -1.8267 -1.7773 -1.7465
 -1.7316 -1.7297 -1.7376 -1.7512 -1.7667 -1.7822 -1.7976 -1.8127 -1.8284 -1.8454
 -1.8648
 -5.7498 -5.2618 -4.7866 -4.3297 -3.9157 -3.5558 -3.2545 -3.0064 -2.8022 -2.6324
 -2.4888 -2.3664 -2.2621 -2.1744 -2.1018 -1.9741 -1.8854 -1.8172 -1.7693 -1.7391
 -1.7243 -1.7231 -1.7327 -1.7496 -1.7697 -1.7901 -1.8099 -1.8289 -1.8473 -1.8658
 -1.8850
 -5.6670 -5.2228 -4.7767 -4.3473 -3.9447 -3.5880 -3.2830 -3.0278 -2.8174 -2.6433
 -2.4975 -2.3734 -2.2669 -2.1758 -2.1011 -1.9420 -1.8647 -1.8043 -1.7584
 [Fe/H] = -0.75 [alpha/Fe] = 0.40 BC value = F625W
 -7.0044 -6.7228 -6.4763 -6.2630 -6.0401 -5.7449 -5.3219 -4.7264 -3.9973 -3.3938
 -2.9640 -2.6727 -2.4752 -2.3356 -2.2293 -2.0367 -1.8986 -1.7970 -1.7238
 -6.7658 -6.4389 -6.1551 -5.9122 -5.6962 -5.4599 -5.0819 -4.4788 -3.8600 -3.3262
 -2.9233 -2.6396 -2.4445 -2.3075 -2.2050 -2.0225 -1.8935 -1.7998 -1.7336 -1.6893
 -6.6299 -6.2587 -5.9292 -5.6431 -5.3947 -5.1523 -4.8250 -4.3198 -3.7875 -3.3073
 -2.9233 -2.6398 -2.4393 -2.2984 -2.1954 -2.0177 -1.8945 -1.8057 -1.7436 -1.7018
 -1.6759
 -6.5368 -6.1416 -5.7771 -5.4493 -5.1595 -4.8956 -4.6123 -4.1954 -3.7349 -3.3033
 -2.9400 -2.6575 -2.4496 -2.3012 -2.1942 -2.0174 -1.8980 -1.8123 -1.7530 -1.7132
 -1.6884 -1.6747
 -6.3325 -5.9794 -5.6330 -5.3001 -4.9863 -4.6936 -4.4149 -4.0789 -3.6832 -3.2977
 -2.9588 -2.6823 -2.4691 -2.3121 -2.1985 -2.0187 -1.9019 -1.8186 -1.7612 -1.7231
 -1.6994 -1.6867 -1.6813 -1.6804
 -5.9328 -5.5962 -5.3123 -5.0538 -4.7956 -4.5247 -4.2416 -3.9526 -3.6203 -3.2812
 -2.9706 -2.7059 -2.4923 -2.3283 -2.2070 -2.0200 -1.9049 -1.8235 -1.7676 -1.7309
 -1.7086 -1.6972 -1.6933 -1.6941 -1.6985 -1.7066 -1.7194 -1.7385 -1.7641 -1.7909
 -5.7290 -5.3124 -4.9644 -4.6809 -4.4410 -4.2212 -4.0016 -3.7623 -3.5010 -3.2262
 -2.9592 -2.7184 -2.5132 -2.3470 -2.2187 -2.0211 -1.9060 -1.8264 -1.7717 -1.7363
 -1.7154 -1.7056 -1.7038 -1.7066 -1.7123 -1.7205 -1.7319 -1.7469 -1.7678 -1.7957
 -1.8254
 -5.7137 -5.2369 -4.8189 -4.4667 -4.1759 -3.9302 -3.7087 -3.4943 -3.2744 -3.0558
 -2.8556 -2.6735 -2.5068 -2.3579 -2.2315 -2.0221 -1.9052 -1.8268 -1.7731 -1.7387
 -1.7192 -1.7112 -1.7118 -1.7173 -1.7256 -1.7354 -1.7470 -1.7610 -1.7782 -1.8009
 -1.8310
 -5.7950 -5.2871 -4.8195 -4.4078 -4.0588 -3.7674 -3.5202 -3.3008 -3.0949 -2.8964
 -2.7129 -2.5551 -2.4257 -2.3166 -2.2192 -2.0218 -1.9012 -1.8235 -1.7710 -1.7376
 -1.7195 -1.7134 -1.7165 -1.7255 -1.7372 -1.7499 -1.7634 -1.7780 -1.7943 -1.8136
 -1.8380
 -5.8964 -5.3868 -4.8989 -4.4505 -4.0552 -3.7185 -3.4372 -3.1997 -2.9931 -2.8073
 -2.6381 -2.4875 -2.3596 -2.2560 -2.1732 -2.0151 -1.8968 -1.8186 -1.7669 -1.7340
 -1.7166 -1.7119 -1.7171 -1.7293 -1.7449 -1.7614 -1.7782 -1.7950 -1.8123 -1.8313
 -1.8522
 -5.9437 -5.4571 -4.9802 -4.5212 -4.1035 -3.7362 -3.4248 -3.1647 -2.9470 -2.7613
 -2.5994 -2.4571 -2.3331 -2.2283 -2.1419 -1.9918 -1.8878 -1.8112 -1.7599 -1.7276
 -1.7106 -1.7068 -1.7135 -1.7282 -1.7476 -1.7684 -1.7894 -1.8098 -1.8297 -1.8499
 -1.8736
 -5.9369 -5.4696 -5.0159 -4.5752 -4.1567 -3.7796 -3.4512 -3.1736 -2.9428 -2.7504
 -2.5877 -2.4480 -2.3270 -2.2226 -2.1253 -1.9519 -1.8742 -1.8013 -1.7500
 [Fe/H] = -0.50 [alpha/Fe] = 0.40 BC value = F625W
 -7.0398 -6.7938 -6.5939 -6.4303 -6.2639 -6.0195 -5.6270 -5.0295 -4.2563 -3.5729
 -3.0728 -2.7307 -2.5005 -2.3412 -2.2246 -2.0244 -1.8868 -1.7860 -1.7121
 -6.8042 -6.5185 -6.2811 -6.0920 -5.9347 -5.7569 -5.4282 -4.8140 -4.1406 -3.5223
 -3.0461 -2.7091 -2.4784 -2.3191 -2.2043 -2.0123 -1.8823 -1.7885 -1.7218 -1.6760
 -6.6695 -6.3373 -6.0530 -5.8199 -5.6312 -5.4495 -5.1714 -4.6657 -4.0842 -3.5249
 -3.0654 -2.7247 -2.4845 -2.3176 -2.1993 -2.0089 -1.8835 -1.7939 -1.7310 -1.6880
 -1.6606
 -6.5984 -6.2305 -5.9011 -5.6183 -5.3839 -5.1807 -4.9478 -4.5418 -4.0441 -3.5415
 -3.1043 -2.7610 -2.5087 -2.3299 -2.2038 -2.0097 -1.8872 -1.8001 -1.7397 -1.6987
 -1.6724 -1.6576
 -6.4978 -6.1328 -5.7899 -5.4768 -5.1996 -4.9582 -4.7320 -4.4176 -3.9971 -3.5533
 -3.1445 -2.8057 -2.5443 -2.3527 -2.2156 -2.0124 -1.8912 -1.8061 -1.7473 -1.7080
 -1.6827 -1.6686 -1.6628 -1.6624
 -6.1681 -5.8762 -5.5968 -5.3214 -5.0506 -4.7888 -4.5393 -4.2792 -3.9333 -3.5476
 -3.1750 -2.8492 -2.5850 -2.3826 -2.2338 -2.0160 -1.8946 -1.8111 -1.7533 -1.7152
 -1.6912 -1.6780 -1.6733 -1.6744 -1.6798 -1.6893 -1.7036 -1.7247 -1.7517 -1.7793
 -5.8393 -5.4874 -5.2065 -4.9791 -4.7779 -4.5789 -4.3613 -4.1165 -3.8391 -3.5158
 -3.1861 -2.8832 -2.6245 -2.4167 -2.2574 -2.0205 -1.8966 -1.8143 -1.7575 -1.7203
 -1.6976 -1.6857 -1.6825 -1.6852 -1.6918 -1.7014 -1.7144 -1.7312 -1.7542 -1.7834
 -1.8138
 -5.7423 -5.3167 -4.9559 -4.6645 -4.4318 -4.2366 -4.0548 -3.8646 -3.6417 -3.3936
 -3.1355 -2.8827 -2.6499 -2.4487 -2.2845 -2.0267 -1.8969 -1.8151 -1.7593 -1.7229
 -1.7014 -1.6911 -1.6897 -1.6946 -1.7034 -1.7145 -1.7278 -1.7433 -1.7626 -1.7873
 -1.8189
 -5.7939 -5.3206 -4.8962 -4.5337 -4.2348 -3.9908 -3.7829 -3.5901 -3.3921 -3.1783
 -2.9648 -2.7694 -2.5951 -2.4381 -2.2966 -2.0336 -1.8949 -1.8127 -1.7579 -1.7224
 -1.7021 -1.6935 -1.6941 -1.7017 -1.7134 -1.7270 -1.7422 -1.7597 -1.7794 -1.8010
 -1.8245
 -5.9204 -5.4259 -4.9639 -4.5475 -4.1882 -3.8864 -3.6348 -3.4181 -3.2198 -3.0261
 -2.8339 -2.6537 -2.4966 -2.3660 -2.2568 -2.0403 -1.8940 -1.8091 -1.7546 -1.7196
 -1.7001 -1.6929 -1.6953 -1.7053 -1.7200 -1.7371 -1.7551 -1.7736 -1.7929 -1.8140
 -1.8369
 -6.0222 -5.5423 -5.0717 -4.6312 -4.2311 -3.8826 -3.5862 -3.3367 -3.1223 -2.9313
 -2.7547 -2.5904 -2.4419 -2.3142 -2.2088 -2.0225 -1.8918 -1.8036 -1.7487 -1.7142
 -1.6951 -1.6888 -1.6928 -1.7048 -1.7225 -1.7431 -1.7650 -1.7868 -1.8086 -1.8307
 -1.8561
 -6.0630 -5.6084 -5.1576 -4.7186 -4.3035 -3.9301 -3.6021 -3.3225 -3.0866 -2.8858
 -2.7112 -2.5559 -2.4171 -2.2945 -2.1526 -1.9802 -1.8883 -1.7962 -1.7402
 [Fe/H] = -0.25 [alpha/Fe] = 0.40 BC value = F625W
 -7.0296 -6.8280 -6.7962 -6.8087 -6.7428 -6.4996 -5.9994 -5.2518 -4.4878 -3.7706
 -3.2061 -2.8117 -2.5433 -2.3586 -2.2269 -2.0135 -1.8735 -1.7732 -1.6996
 -6.7966 -6.5535 -6.3655 -6.2281 -6.1269 -5.9956 -5.7100 -5.0897 -4.3943 -3.7302
 -3.1909 -2.8003 -2.5296 -2.3430 -2.2108 -2.0029 -1.8699 -1.7754 -1.7083 -1.6615
 -6.6588 -6.3677 -6.1304 -5.9502 -5.8168 -5.6883 -5.4569 -4.9633 -4.3580 -3.7486
 -3.2267 -2.8305 -2.5475 -2.3502 -2.2115 -2.0009 -1.8714 -1.7803 -1.7166 -1.6727
 -1.6439
 -6.5933 -6.2581 -5.9688 -5.7343 -5.5549 -5.4087 -5.2246 -4.8459 -4.3323 -3.7842
 -3.2847 -2.8840 -2.5862 -2.3735 -2.2235 -2.0035 -1.8752 -1.7862 -1.7245 -1.6826
 -1.6550 -1.6389
 -6.5463 -6.1916 -5.8680 -5.5860 -5.3529 -5.1663 -4.9943 -4.7156 -4.2934 -3.8118
 -3.3451 -2.9477 -2.6381 -2.4091 -2.2448 -2.0086 -1.8797 -1.7920 -1.7315 -1.6910
 -1.6646 -1.6491 -1.6426 -1.6421
 -6.2976 -6.0561 -5.7529 -5.4675 -5.2076 -4.9785 -4.7794 -4.5622 -4.2282 -3.8172
 -3.3936 -3.0106 -2.6963 -2.4537 -2.2745 -2.0157 -1.8839 -1.7972 -1.7373 -1.6977
 -1.6725 -1.6579 -1.6520 -1.6528 -1.6583 -1.6690 -1.6856 -1.7085 -1.7366 -1.7652
 -5.9703 -5.6856 -5.4522 -5.2407 -5.0327 -4.8209 -4.6054 -4.3914 -4.1315 -3.7920
 -3.4200 -3.0632 -2.7537 -2.5035 -2.3110 -2.0254 -1.8871 -1.8008 -1.7416 -1.7026
 -1.6785 -1.6650 -1.6602 -1.6622 -1.6690 -1.6796 -1.6937 -1.7127 -1.7379 -1.7683
 -1.7996
 -5.7656 -5.3953 -5.0954 -4.8641 -4.6827 -4.5273 -4.3740 -4.1991 -3.9821 -3.7170
 -3.4098 -3.0941 -2.8025 -2.5532 -2.3522 -2.0385 -1.8894 -1.8025 -1.7440 -1.7054
 -1.6822 -1.6701 -1.6667 -1.6703 -1.6788 -1.6906 -1.7053 -1.7226 -1.7440 -1.7710
 -1.8037
 -5.7556 -5.3233 -4.9491 -4.6408 -4.3975 -4.2063 -4.0459 -3.8951 -3.7242 -3.5137
 -3.2784 -3.0372 -2.8012 -2.5812 -2.3878 -2.0541 -1.8901 -1.8010 -1.7433 -1.7055
 -1.6831 -1.6726 -1.6709 -1.6764 -1.6872 -1.7013 -1.7176 -1.7353 -1.7556 -1.7796
 -1.8082
 -5.8674 -5.3964 -4.9738 -4.5996 -4.2865 -4.0319 -3.8247 -3.6464 -3.4764 -3.2940
 -3.0920 -2.8876 -2.6983 -2.5293 -2.3787 -2.0752 -1.8937 -1.7988 -1.7409 -1.7036
 -1.6819 -1.6725 -1.6724 -1.6798 -1.6929 -1.7097 -1.7285 -1.7486 -1.7699 -1.7921
 -1.8182
 -6.0060 -5.5366 -5.0854 -4.6699 -4.3022 -3.9885 -3.7266 -3.5070 -3.3154 -3.1357
 -2.9554 -2.7739 -2.6011 -2.4477 -2.3172 -2.0715 -1.8991 -1.7957 -1.7361 -1.6990
 -1.6778 -1.6692 -1.6706 -1.6798 -1.6951 -1.7147 -1.7368 -1.7598 -1.7834 -1.8076
 -1.8337
 -6.0992 -5.6514 -5.2078 -4.7786 -4.3826 -4.0282 -3.7207 -3.4591 -3.2368 -3.0435
 -2.8674 -2.7017 -2.5452 -2.4019 -2.2033 -2.0430 -1.9063 -1.7917 -1.7289
 [Fe/H] =  0.00 [alpha/Fe] = 0.40 BC value = F625W
 -6.9815 -6.8294 -6.8621 -6.9253 -6.8811 -6.6394 -6.1330 -5.3784 -4.6799 -3.9756
 -3.3627 -2.9144 -2.6047 -2.3903 -2.2392 -2.0048 -1.8603 -1.7590 -1.6855
 -6.7507 -6.5581 -6.4216 -6.3355 -6.2769 -6.1923 -5.9372 -5.3007 -4.6138 -3.9396
 -3.3542 -2.9122 -2.5994 -2.3814 -2.2279 -1.9960 -1.8571 -1.7609 -1.6931 -1.6456
 -6.6074 -6.3633 -6.1776 -6.0514 -5.9692 -5.8863 -5.6953 -5.2206 -4.5961 -3.9665
 -3.4017 -2.9557 -2.6293 -2.3983 -2.2353 -1.9959 -1.8590 -1.7655 -1.7005 -1.6557
 -1.6259
 -6.5381 -6.2431 -6.0002 -5.8180 -5.6929 -5.5973 -5.4555 -5.1086 -4.5884 -4.0152
 -3.4734 -3.0248 -2.6822 -2.4337 -2.2564 -2.0011 -1.8634 -1.7712 -1.7077 -1.6647
 -1.6362 -1.6190
 -6.5138 -6.1835 -5.8921 -5.6514 -5.4683 -5.3356 -5.2117 -4.9705 -4.5594 -4.0568
 -3.5509 -3.1050 -2.7498 -2.4831 -2.2889 -2.0099 -1.8687 -1.7772 -1.7144 -1.6725
 -1.6451 -1.6285 -1.6211 -1.6212
 -6.4419 -6.1180 -5.8146 -5.5415 -5.3089 -5.1230 -4.9759 -4.8010 -4.4910 -4.0709
 -3.6131 -3.1846 -2.8245 -2.5427 -2.3311 -2.0224 -1.8742 -1.7827 -1.7202 -1.6788
 -1.6525 -1.6368 -1.6298 -1.6299 -1.6359 -1.6472 -1.6646 -1.6900 -1.7192 -1.7493
 -6.1289 -5.8802 -5.6390 -5.4026 -5.1763 -4.9665 -4.7795 -4.6114 -4.3832 -4.0489
 -3.6520 -3.2535 -2.8991 -2.6078 -2.3814 -2.0391 -1.8792 -1.7870 -1.7249 -1.6837
 -1.6582 -1.6436 -1.6375 -1.6382 -1.6446 -1.6551 -1.6704 -1.6917 -1.7193 -1.7509
 -1.7835
 -5.8012 -5.4936 -5.2559 -5.0722 -4.9164 -4.7659 -4.6071 -4.4325 -4.2395 -3.9819
 -3.6546 -3.2998 -2.9633 -2.6727 -2.4365 -2.0611 -1.8845 -1.7896 -1.7278 -1.6868
 -1.6619 -1.6485 -1.6436 -1.6454 -1.6529 -1.6647 -1.6802 -1.6993 -1.7227 -1.7522
 -1.7863
 -5.6989 -5.3248 -5.0037 -4.7517 -4.5623 -4.4176 -4.2962 -4.1744 -4.0277 -3.8348
 -3.5848 -3.2964 -2.9996 -2.7242 -2.4877 -2.0865 -1.8893 -1.7894 -1.7278 -1.6874
 -1.6630 -1.6508 -1.6475 -1.6509 -1.6600 -1.6734 -1.6902 -1.7097 -1.7318 -1.7580
 -1.7893
 -5.7769 -5.3407 -4.9604 -4.6343 -4.3708 -4.1662 -4.0062 -3.8690 -3.7332 -3.5806
 -3.3961 -3.1766 -2.9502 -2.7294 -2.5230 -2.1204 -1.8988 -1.7892 -1.7264 -1.6863
 -1.6623 -1.6509 -1.6489 -1.6540 -1.6649 -1.6803 -1.6992 -1.7203 -1.7433 -1.7687
 -1.7965
 -5.9243 -5.4710 -5.0477 -4.6655 -4.3375 -4.0662 -3.8469 -3.6677 -3.5119 -3.3604
 -3.1925 -3.0096 -2.8201 -2.6376 -2.4733 -2.1412 -1.9126 -1.7890 -1.7228 -1.6827
 -1.6590 -1.6482 -1.6474 -1.6542 -1.6669 -1.6845 -1.7059 -1.7295 -1.7544 -1.7807
 -1.8079
 -6.0594 -5.6180 -5.1841 -4.7764 -4.4052 -4.0802 -3.8052 -3.5754 -3.3817 -3.2107
 -3.0483 -2.8838 -2.7166 -2.5546 -2.3386 -2.1489 -1.9307 -1.7888 -1.7170
 [Fe/H] =  0.25 [alpha/Fe] = 0.40 BC value = F625W
 -6.8973 -6.7989 -6.7363 -6.6621 -6.5299 -6.3023 -5.9494 -5.4475 -4.8133 -4.1632
 -3.5332 -3.0379 -2.6852 -2.4387 -2.2639 -2.0007 -1.8476 -1.7440 -1.6701
 -6.6718 -6.5362 -6.5814 -6.6761 -6.6927 -6.5277 -6.0979 -5.4237 -4.7705 -4.1311
 -3.5289 -3.0438 -2.6886 -2.4368 -2.2579 -1.9938 -1.8454 -1.7459 -1.6768 -1.6285
 -6.5195 -6.3300 -6.2025 -6.1324 -6.0978 -6.0535 -5.8968 -5.4173 -4.7802 -4.1621
 -3.5824 -3.0984 -2.7302 -2.4640 -2.2733 -1.9964 -1.8480 -1.7504 -1.6835 -1.6376
 -1.6069
 -6.4404 -6.1936 -6.0049 -5.8796 -5.8084 -5.7573 -5.6521 -5.3351 -4.7978 -4.2169
 -3.6621 -3.1776 -2.7966 -2.5117 -2.3047 -2.0053 -1.8533 -1.7563 -1.6902 -1.6457
 -1.6163 -1.5982
 -6.4192 -6.1217 -5.8783 -5.6881 -5.5599 -5.4787 -5.3965 -5.1905 -4.7895 -4.2683
 -3.7462 -3.2699 -2.8784 -2.5750 -2.3492 -2.0194 -1.8600 -1.7627 -1.6968 -1.6529
 -1.6244 -1.6071 -1.5988 -1.5984
 -6.4118 -6.0925 -5.8091 -5.5662 -5.3753 -5.2397 -5.1420 -5.0049 -4.7208 -4.2969
 -3.8193 -3.3618 -2.9673 -2.6490 -2.4050 -2.0391 -1.8674 -1.7687 -1.7028 -1.6590
 -1.6313 -1.6148 -1.6069 -1.6063 -1.6119 -1.6236 -1.6422 -1.6694 -1.6994 -1.7313
 -6.2429 -5.9730 -5.7142 -5.4687 -5.2489 -5.0633 -4.9185 -4.7965 -4.6002 -4.2797
 -3.8691 -3.4435 -3.0546 -2.7282 -2.4692 -2.0650 -1.8755 -1.7738 -1.7079 -1.6640
 -1.6366 -1.6211 -1.6139 -1.6137 -1.6193 -1.6296 -1.6455 -1.6685 -1.6983 -1.7311
 -1.7654
 -5.8565 -5.6171 -5.4253 -5.2524 -5.0814 -4.9119 -4.7480 -4.5963 -4.4408 -4.2065
 -3.8791 -3.5026 -3.1338 -2.8069 -2.5380 -2.0977 -1.8850 -1.7777 -1.7115 -1.6674
 -1.6403 -1.6256 -1.6195 -1.6202 -1.6264 -1.6375 -1.6533 -1.6732 -1.6988 -1.7309
 -1.7664
 -5.6626 -5.3361 -5.0739 -4.8785 -4.7343 -4.6199 -4.5144 -4.4003 -4.2622 -4.0776
 -3.8276 -3.5151 -3.1829 -2.8711 -2.6011 -2.1337 -1.8956 -1.7792 -1.7121 -1.6685
 -1.6417 -1.6278 -1.6230 -1.6250 -1.6324 -1.6446 -1.6611 -1.6813 -1.7053 -1.7335
 -1.7676
 -5.6664 -5.2800 -4.9450 -4.6699 -4.4579 -4.3010 -4.1832 -4.0866 -3.9948 -3.8730
 -3.6937 -3.4619 -3.1942 -2.9194 -2.6624 -2.1792 -1.9128 -1.7818 -1.7117 -1.6681
 -1.6414 -1.6279 -1.6242 -1.6276 -1.6365 -1.6501 -1.6681 -1.6895 -1.7137 -1.7400
 -1.7720
 -5.7889 -5.3702 -4.9816 -4.6417 -4.3587 -4.1327 -3.9574 -3.8202 -3.7046 -3.5899
 -3.4556 -3.2833 -3.0824 -2.8713 -2.6642 -2.2227 -1.9356 -1.7859 -1.7096 -1.6653
 -1.6388 -1.6256 -1.6228 -1.6276 -1.6382 -1.6536 -1.6734 -1.6966 -1.7224 -1.7504
 -1.7804
 -5.9477 -5.5213 -5.1112 -4.7312 -4.3922 -4.1043 -3.8670 -3.6745 -3.5163 -3.3777
 -3.2421 -3.0948 -2.9303 -2.7562 -2.6065 -2.2642 -1.9640 -1.7915 -1.7058
 [Fe/H] =  0.50 [alpha/Fe] = 0.40 BC value = F625W
 -6.7771 -6.7365 -6.4187 -6.0190 -5.6892 -5.4884 -5.4487 -5.4621 -4.9112 -4.3314
 -3.7112 -3.1783 -2.7843 -2.5032 -2.3026 -2.0034 -1.8384 -1.7296 -1.6546
 -6.5599 -6.4878 -6.4803 -6.8462 -6.8939 -6.6541 -6.1540 -5.4848 -4.8882 -4.3016
 -3.7081 -3.1913 -2.7969 -2.5097 -2.3030 -1.9991 -1.8367 -1.7319 -1.6602 -1.6111
 -6.3951 -6.2678 -6.2122 -6.1979 -6.1989 -6.1935 -6.0642 -5.5330 -4.9136 -4.3329
 -3.7623 -3.2535 -2.8493 -2.5478 -2.3274 -2.0052 -1.8403 -1.7366 -1.6667 -1.6193
 -1.5871
 -6.3053 -6.1159 -5.9894 -5.9249 -5.9053 -5.8926 -5.8202 -5.5181 -4.9615 -4.3880
 -3.8389 -3.3417 -2.9274 -2.6085 -2.3700 -2.0192 -1.8471 -1.7428 -1.6732 -1.6266
 -1.5959 -1.5770
 -6.2749 -6.0285 -5.8350 -5.7041 -5.6336 -5.6005 -5.5547 -5.3817 -4.9746 -4.4528
 -3.9260 -3.4385 -3.0206 -2.6842 -2.4273 -2.0402 -1.8558 -1.7498 -1.6798 -1.6333
 -1.6034 -1.5851 -1.5760 -1.5752
 -6.2821 -5.9991 -5.7528 -5.5558 -5.4181 -5.3367 -5.2839 -5.1825 -4.9208 -4.4879
 -4.0081 -3.5366 -3.1197 -2.7713 -2.4963 -2.0689 -1.8662 -1.7567 -1.6861 -1.6393
 -1.6097 -1.5921 -1.5834 -1.5822 -1.5876 -1.5993 -1.6188 -1.6469 -1.6775 -1.7110
 -6.2268 -5.9516 -5.6977 -5.4670 -5.2746 -5.1305 -5.0349 -4.9557 -4.7903 -4.4797
 -4.0623 -3.6261 -3.2167 -2.8625 -2.5737 -2.1055 -1.8787 -1.7631 -1.6917 -1.6444
 -1.6148 -1.5978 -1.5898 -1.5889 -1.5939 -1.6043 -1.6207 -1.6440 -1.6753 -1.7090
 -1.7451
 -5.9242 -5.7271 -5.5311 -5.3377 -5.1531 -4.9842 -4.8407 -4.7299 -4.6122 -4.4033
 -4.0774 -3.6921 -3.3029 -2.9517 -2.6547 -2.1498 -1.8944 -1.7686 -1.6960 -1.6484
 -1.6185 -1.6020 -1.5949 -1.5946 -1.5999 -1.6102 -1.6257 -1.6464 -1.6731 -1.7073
 -1.7440
 -5.6229 -5.3594 -5.1595 -5.0123 -4.8925 -4.7796 -4.6627 -4.5413 -4.4206 -4.2630
 -4.0290 -3.7114 -3.3602 -3.0236 -2.7278 -2.1971 -1.9126 -1.7729 -1.6976 -1.6500
 -1.6201 -1.6040 -1.5979 -1.5987 -1.6049 -1.6158 -1.6316 -1.6516 -1.6763 -1.7068
 -1.7435
 -5.5497 -5.2164 -4.9350 -4.7151 -4.5527 -4.4379 -4.3527 -4.2802 -4.2049 -4.0946
 -3.9226 -3.6853 -3.3934 -3.0879 -2.8015 -2.2539 -1.9390 -1.7797 -1.6984 -1.6503
 -1.6204 -1.6044 -1.5989 -1.6009 -1.6083 -1.6203 -1.6369 -1.6577 -1.6824 -1.7111
 -1.7440
 -5.6270 -5.2467 -4.9052 -4.6137 -4.3782 -4.1980 -4.0654 -3.9665 -3.8876 -3.8096
 -3.7094 -3.5543 -3.3432 -3.0978 -2.8454 -2.3108 -1.9715 -1.7894 -1.6984 -1.6484
 -1.6185 -1.6025 -1.5975 -1.6006 -1.6094 -1.6229 -1.6409 -1.6629 -1.6886 -1.7175
 -1.7495
 -5.7809 -5.3816 -5.0037 -4.6594 -4.3616 -4.1144 -3.9176 -3.7642 -3.6429 -3.5393
 -3.4379 -3.3194 -3.1735 -2.9947 -2.8595 -2.3678 -2.0101 -1.8020 -1.6976
