 [Fe/H] = -4.00 [alpha/Fe] = 0.40 BC value = F606W
 -0.0200  1.8531  2.9494  1.7658 -1.4183 -5.6568 -4.7076 -2.9062 -1.7880 -1.6111
 -1.4422 -1.3536 -1.7330 -2.2154 -2.3727 -1.9693
 -2.9487 -2.0426 -1.3065 -1.5536 -2.6762 -4.5162 -4.0863 -3.2465 -2.5934 -2.3021
 -2.0775 -1.9603 -2.0717 -2.2426 -2.2717 -1.9277 -1.7048 -1.5741 -1.5700
 -4.1110 -3.7713 -3.3476 -3.1439 -3.1636 -3.5548 -3.4107 -3.1462 -2.8534 -2.5974
 -2.4020 -2.2846 -2.2406 -2.2186 -2.1624 -1.8830 -1.6925 -1.5733 -1.5208 -1.4799
 -1.3974
 -3.5069 -3.3330 -3.1739 -3.0051 -2.8804 -2.7727 -2.6808 -2.6053 -2.5679 -2.4967
 -2.4157 -2.3264 -2.2397 -2.1434 -2.0448 -1.8352 -1.6800 -1.5745 -1.5032 -1.4550
 -1.4196 -1.3930 -1.3714
 -3.2161 -3.0895 -2.9679 -2.8411 -2.7297 -2.6276 -2.5363 -2.4562 -2.3861 -2.3219
 -2.2568 -2.1869 -2.1155 -2.0419 -1.9663 -1.7951 -1.6681 -1.5801 -1.5183 -1.4737
 -1.4403 -1.4145 -1.3936 -1.3775 -1.3666
 -2.9382 -2.8506 -2.7620 -2.6705 -2.5786 -2.4897 -2.4066 -2.3302 -2.2608 -2.1977
 -2.1391 -2.0820 -2.0230 -1.9649 -1.9039 -1.7628 -1.6559 -1.5816 -1.5289 -1.4894
 -1.4591 -1.4351 -1.4156 -1.3996 -1.3868 -1.3782
 -2.6732 -2.6163 -2.5562 -2.4933 -2.4270 -2.3590 -2.2917 -2.2273 -2.1663 -2.1088
 -2.0551 -2.0044 -1.9554 -1.9076 -1.8576 -1.7383 -1.6434 -1.5790 -1.5350 -1.5021
 -1.4760 -1.4548 -1.4374 -1.4226 -1.4101 -1.4002 -1.3936 -1.3943 -1.4049 -1.4218
 -2.4211 -2.3866 -2.3505 -2.3130 -2.2722 -2.2277 -2.1805 -2.1325 -2.0847 -2.0375
 -1.9915 -1.9470 -1.9042 -1.8626 -1.8216 -1.7193 -1.6332 -1.5727 -1.5343 -1.5084
 -1.4883 -1.4716 -1.4575 -1.4453 -1.4344 -1.4250 -1.4167 -1.4129 -1.4175 -1.4321
 -1.4538
 -2.1932 -2.1743 -2.1558 -2.1378 -2.1179 -2.0950 -2.0685 -2.0386 -2.0063 -1.9721
 -1.9363 -1.8998 -1.8633 -1.8273 -1.7913 -1.7032 -1.6243 -1.5655 -1.5283 -1.5068
 -1.4932 -1.4827 -1.4736 -1.4653 -1.4577 -1.4505 -1.4445 -1.4391 -1.4381 -1.4454
 -1.4638
 -1.9879 -1.9833 -1.9794 -1.9761 -1.9718 -1.9656 -1.9565 -1.9437 -1.9269 -1.9062
 -1.8821 -1.8551 -1.8260 -1.7957 -1.7647 -1.6868 -1.6146 -1.5575 -1.5199 -1.4991
 -1.4897 -1.4856 -1.4830 -1.4804 -1.4775 -1.4740 -1.4707 -1.4679 -1.4666 -1.4698
 -1.4777
 -1.8058 -1.8146 -1.8224 -1.8293 -1.8362 -1.8418 -1.8455 -1.8466 -1.8441 -1.8368
 -1.8246 -1.8082 -1.7882 -1.7652 -1.7398 -1.6715 -1.6053 -1.5501 -1.5118 -1.4895
 -1.4806 -1.4804 -1.4839 -1.4880 -1.4912 -1.4931 -1.4942 -1.4947 -1.4954 -1.4972
 -1.5000
 -1.6557 -1.6682 -1.6822 -1.6976 -1.7129 -1.7267 -1.7395 -1.7504 -1.7586 -1.7624
 -1.7615 -1.7560 -1.7460 -1.7316 -1.7131 -1.6560 -1.5955 -1.5427 -1.5039 -1.4804
 -1.4701 -1.4702 -1.4772 -1.4870 -1.4968 -1.5053 -1.5122 -1.5176 -1.5221 -1.5264
 -1.5315
 -1.5374 -1.5440 -1.5588 -1.5810 -1.6019 -1.6203 -1.6402 -1.6580 -1.6735 -1.6853
 -1.6932 -1.6977 -1.6989 -1.6949 -1.6845 -1.6404 -1.5852 -1.5353 -1.4962
 [Fe/H] = -3.00 [alpha/Fe] = 0.40 BC value = F606W
 -3.8341 -3.4986 -3.2957 -3.2101 -3.2199 -3.5191 -3.2818 -3.0694 -2.9093 -2.7839
 -2.6151 -2.4461 -2.3725 -2.3485 -2.2842 -1.9704
 -3.7635 -3.4324 -3.2063 -3.0745 -3.0226 -3.1422 -3.0075 -2.8771 -2.7634 -2.6608
 -2.5405 -2.4190 -2.3315 -2.2625 -2.1773 -1.9097 -1.7094 -1.5735 -1.4833
 -3.6795 -3.3611 -3.1242 -2.9611 -2.8631 -2.8548 -2.7806 -2.7032 -2.6229 -2.5397
 -2.4540 -2.3658 -2.2754 -2.1828 -2.0881 -1.8592 -1.6888 -1.5711 -1.4913 -1.4367
 -1.3980
 -3.5821 -3.2847 -3.0494 -2.8699 -2.7413 -2.6569 -2.6011 -2.5477 -2.4877 -2.4208
 -2.3555 -2.2865 -2.2040 -2.1094 -2.0166 -1.8189 -1.6727 -1.5709 -1.5006 -1.4512
 -1.4152 -1.3882 -1.3666
 -3.4713 -3.2032 -2.9819 -2.8009 -2.6572 -2.5485 -2.4690 -2.4106 -2.3579 -2.3040
 -2.2450 -2.1810 -2.1174 -2.0424 -1.9628 -1.7888 -1.6611 -1.5729 -1.5112 -1.4665
 -1.4331 -1.4073 -1.3871 -1.3717 -1.3614
 -3.3471 -3.1166 -2.9217 -2.7541 -2.6108 -2.4925 -2.3991 -2.3261 -2.2667 -2.2143
 -2.1610 -2.1028 -2.0462 -1.9864 -1.9199 -1.7661 -1.6513 -1.5740 -1.5208 -1.4813
 -1.4509 -1.4270 -1.4079 -1.3925 -1.3805 -1.3723
 -3.2011 -3.0091 -2.8458 -2.7015 -2.5710 -2.4545 -2.3548 -2.2735 -2.2070 -2.1495
 -2.0959 -2.0428 -1.9886 -1.9390 -1.8829 -1.7478 -1.6419 -1.5716 -1.5261 -1.4930
 -1.4670 -1.4460 -1.4290 -1.4148 -1.4031 -1.3940 -1.3882 -1.3897 -1.4008 -1.4180
 -3.0401 -2.8821 -2.7489 -2.6309 -2.5208 -2.4165 -2.3195 -2.2345 -2.1632 -2.1029
 -2.0491 -1.9977 -1.9467 -1.8991 -1.8506 -1.7312 -1.6331 -1.5658 -1.5252 -1.4988
 -1.4788 -1.4623 -1.4486 -1.4369 -1.4268 -1.4184 -1.4123 -1.4089 -1.4132 -1.4283
 -1.4501
 -2.7639 -2.7111 -2.6362 -2.5416 -2.4530 -2.3667 -2.2810 -2.1993 -2.1264 -2.0639
 -2.0098 -1.9606 -1.9132 -1.8671 -1.8231 -1.7150 -1.6246 -1.5585 -1.5172 -1.4971
 -1.4800 -1.4731 -1.4643 -1.4567 -1.4498 -1.4434 -1.4382 -1.4372 -1.4409 -1.4486
 -1.4601
 -2.6743 -2.5712 -2.4936 -2.4389 -2.3684 -2.2997 -2.2299 -2.1589 -2.0899 -2.0270
 -1.9724 -1.9246 -1.8805 -1.8382 -1.7978 -1.6984 -1.6140 -1.5507 -1.5103 -1.4893
 -1.4801 -1.4762 -1.4738 -1.4717 -1.4694 -1.4668 -1.4642 -1.4621 -1.4616 -1.4643
 -1.4739
 -2.5169 -2.4349 -2.3738 -2.3314 -2.2752 -2.2202 -2.1655 -2.1083 -2.0493 -1.9911
 -1.9372 -1.8899 -1.8481 -1.8097 -1.7731 -1.6833 -1.6041 -1.5429 -1.5022 -1.4796
 -1.4712 -1.4713 -1.4751 -1.4795 -1.4833 -1.4858 -1.4876 -1.4888 -1.4901 -1.4926
 -1.4960
 -2.3406 -2.3021 -2.2603 -2.2157 -2.1774 -2.1410 -2.1025 -2.0453 -1.9985 -1.9497
 -1.9009 -1.8552 -1.8147 -1.7790 -1.7460 -1.6677 -1.5935 -1.5349 -1.4941 -1.4704
 -1.4606 -1.4614 -1.4688 -1.4790 -1.4892 -1.4982 -1.5057 -1.5118 -1.5168 -1.5217
 -1.5274
 -2.1454 -2.1728 -2.1533 -2.0917 -2.0749 -2.0622 -2.0210 -1.9892 -1.9535 -1.8990
 -1.8591 -1.8190 -1.7809 -1.7468 -1.7165 -1.6516 -1.5822 -1.5267 -1.4860
 [Fe/H] = -2.50 [alpha/Fe] = 0.40 BC value = F606W
 -4.8819 -4.6761 -4.5232 -4.2080 -3.7460 -3.3620 -3.1991 -3.1628 -3.0999 -2.9621
 -2.7954 -2.6219 -2.4681 -2.3432 -2.2208 -1.9461
 -4.4577 -4.1495 -3.9198 -3.6581 -3.3659 -3.1266 -2.9892 -2.9122 -2.8331 -2.7285
 -2.6106 -2.4833 -2.3562 -2.2393 -2.1283 -1.8878 -1.7015 -1.5684 -1.4678
 -4.1416 -3.7683 -3.4865 -3.2549 -3.0663 -2.9179 -2.8020 -2.7075 -2.6235 -2.5419
 -2.4571 -2.3638 -2.2605 -2.1544 -2.0541 -1.8416 -1.6805 -1.5652 -1.4824 -1.4259
 -1.3923
 -3.9336 -3.5325 -3.2233 -2.9984 -2.8472 -2.7359 -2.6375 -2.5487 -2.4711 -2.4023
 -2.3349 -2.2634 -2.1810 -2.0885 -1.9982 -1.8075 -1.6655 -1.5645 -1.4945 -1.4450
 -1.4088 -1.3819 -1.3620
 -3.8337 -3.4421 -3.1302 -2.8886 -2.7086 -2.5806 -2.4957 -2.4358 -2.3759 -2.3097
 -2.2440 -2.1821 -2.1177 -2.0416 -1.9606 -1.7855 -1.6565 -1.5663 -1.5041 -1.4594
 -1.4260 -1.4003 -1.3805 -1.3647 -1.3542
 -3.7637 -3.3955 -3.0969 -2.8579 -2.6692 -2.5244 -2.4172 -2.3392 -2.2825 -2.2351
 -2.1815 -2.1217 -2.0641 -2.0027 -1.9329 -1.7711 -1.6505 -1.5678 -1.5127 -1.4731
 -1.4430 -1.4193 -1.4005 -1.3856 -1.3743 -1.3668
 -3.6814 -3.3471 -3.0723 -2.8472 -2.6623 -2.5114 -2.3911 -2.2982 -2.2265 -2.1687
 -2.1185 -2.0688 -2.0165 -1.9647 -1.9062 -1.7598 -1.6452 -1.5669 -1.5175 -1.4839
 -1.4582 -1.4376 -1.4209 -1.4073 -1.3963 -1.3879 -1.3828 -1.3850 -1.3966 -1.4138
 -3.5720 -3.2766 -3.0319 -2.8286 -2.6571 -2.5107 -2.3859 -2.2823 -2.1993 -2.1323
 -2.0750 -2.0228 -1.9723 -1.9254 -1.8763 -1.7471 -1.6392 -1.5632 -1.5169 -1.4890
 -1.4692 -1.4532 -1.4400 -1.4288 -1.4194 -1.4117 -1.4064 -1.4038 -1.4087 -1.4241
 -1.4461
 -3.4402 -3.1829 -2.9691 -2.7905 -2.6379 -2.5037 -2.3837 -2.2771 -2.1856 -2.1101
 -2.0471 -1.9918 -1.9404 -1.8917 -1.8467 -1.7309 -1.6312 -1.5572 -1.5117 -1.4873
 -1.4735 -1.4635 -1.4552 -1.4481 -1.4418 -1.4362 -1.4317 -1.4292 -1.4299 -1.4370
 -1.4563
 -3.2901 -3.0700 -2.8852 -2.7302 -2.5974 -2.4791 -2.3702 -2.2690 -2.1762 -2.0946
 -2.0255 -1.9668 -1.9147 -1.8660 -1.8211 -1.7127 -1.6202 -1.5494 -1.5035 -1.4800
 -1.4702 -1.4665 -1.4645 -1.4629 -1.4611 -1.4591 -1.4573 -1.4561 -1.4563 -1.4598
 -1.4699
 -3.1371 -2.9521 -2.7921 -2.6568 -2.5415 -2.4388 -2.3435 -2.2522 -2.1649 -2.0831
 -2.0097 -1.9466 -1.8925 -1.8444 -1.8001 -1.6974 -1.6092 -1.5416 -1.4955 -1.4705
 -1.4615 -1.4617 -1.4658 -1.4706 -1.4748 -1.4780 -1.4805 -1.4825 -1.4845 -1.4877
 -1.4917
 -2.9851 -2.8318 -2.6946 -2.5756 -2.4735 -2.3839 -2.3012 -2.2216 -2.1435 -2.0674
 -1.9949 -1.9289 -1.8715 -1.8223 -1.7789 -1.6828 -1.5983 -1.5329 -1.4876 -1.4612
 -1.4509 -1.4520 -1.4597 -1.4702 -1.4808 -1.4903 -1.4984 -1.5052 -1.5110 -1.5165
 -1.5229
 -2.8342 -2.7091 -2.5966 -2.4922 -2.4005 -2.3200 -2.2470 -2.1779 -2.1099 -2.0424
 -1.9757 -1.9116 -1.8525 -1.8008 -1.7575 -1.6689 -1.5875 -1.5233 -1.4798
 [Fe/H] = -2.00 [alpha/Fe] = 0.40 BC value = F606W
 -5.5844 -5.1367 -4.7794 -4.5242 -4.2475 -3.9698 -3.6815 -3.4008 -3.1414 -2.9225
 -2.7349 -2.5709 -2.4259 -2.2969 -2.1499 -1.9062
 -5.3431 -4.8814 -4.4757 -4.1238 -3.8225 -3.5586 -3.3183 -3.0938 -2.8926 -2.7218
 -2.5730 -2.4375 -2.3107 -2.1941 -2.0781 -1.8573 -1.6868 -1.5601 -1.4709
 -5.0556 -4.5837 -4.1648 -3.8055 -3.5051 -3.2564 -3.0477 -2.8623 -2.7014 -2.5647
 -2.4449 -2.3333 -2.2241 -2.1191 -2.0222 -1.8202 -1.6679 -1.5561 -1.4774 -1.4224
 -1.3826
 -4.7219 -4.2436 -3.8467 -3.5693 -3.2952 -3.0632 -2.8697 -2.7063 -2.5678 -2.4512
 -2.3506 -2.2583 -2.1661 -2.0719 -1.9822 -1.7949 -1.6559 -1.5552 -1.4848 -1.4351
 -1.3984 -1.3722 -1.3533
 -4.4625 -3.9795 -3.5971 -3.3026 -3.0743 -2.8918 -2.7378 -2.5999 -2.4758 -2.3684
 -2.2774 -2.1979 -2.1217 -2.0405 -1.9581 -1.7814 -1.6508 -1.5574 -1.4931 -1.4481
 -1.4149 -1.3896 -1.3702 -1.3551 -1.3457
 -4.3668 -3.8793 -3.4779 -3.1645 -2.9243 -2.7404 -2.5985 -2.4864 -2.3942 -2.3113
 -2.2274 -2.1506 -2.0819 -2.0145 -1.9413 -1.7740 -1.6489 -1.5604 -1.5007 -1.4602
 -1.4305 -1.4074 -1.3892 -1.3751 -1.3647 -1.3581
 -4.3286 -3.8428 -3.4401 -3.1161 -2.8593 -2.6578 -2.5020 -2.3836 -2.2951 -2.2298
 -2.1734 -2.1123 -2.0494 -1.9881 -1.9249 -1.7686 -1.6475 -1.5620 -1.5057 -1.4696
 -1.4442 -1.4244 -1.4085 -1.3957 -1.3856 -1.3784 -1.3746 -1.3777 -1.3897 -1.4068
 -4.2860 -3.8230 -3.4310 -3.1119 -2.8554 -2.6499 -2.4856 -2.3555 -2.2541 -2.1746
 -2.1111 -2.0585 -2.0082 -1.9571 -1.9036 -1.7622 -1.6449 -1.5612 -1.5069 -1.4745
 -1.4541 -1.4389 -1.4265 -1.4162 -1.4078 -1.4011 -1.3970 -1.3957 -1.4015 -1.4172
 -1.4393
 -4.2148 -3.7843 -3.4163 -3.1119 -2.8633 -2.6610 -2.4947 -2.3574 -2.2454 -2.1552
 -2.0816 -2.0200 -1.9664 -1.9183 -1.8729 -1.7504 -1.6401 -1.5579 -1.5041 -1.4738
 -1.4581 -1.4484 -1.4409 -1.4347 -1.4293 -1.4247 -1.4215 -1.4201 -1.4220 -1.4300
 -1.4496
 -4.1003 -3.7093 -3.3742 -3.0926 -2.8602 -2.6678 -2.5065 -2.3691 -2.2516 -2.1523
 -2.0696 -2.0006 -1.9411 -1.8882 -1.8415 -1.7310 -1.6304 -1.5513 -1.4979 -1.4680
 -1.4553 -1.4511 -1.4496 -1.4487 -1.4478 -1.4468 -1.4462 -1.4462 -1.4477 -1.4523
 -1.4632
 -3.9520 -3.6146 -3.3154 -3.0593 -2.8448 -2.6655 -2.5131 -2.3807 -2.2639 -2.1607
 -2.0707 -1.9939 -1.9287 -1.8719 -1.8215 -1.7129 -1.6188 -1.5438 -1.4908 -1.4599
 -1.4474 -1.4466 -1.4507 -1.4561 -1.4610 -1.4651 -1.4686 -1.4718 -1.4751 -1.4795
 -1.4847
 -3.7830 -3.4972 -3.2372 -3.0089 -2.8140 -2.6489 -2.5071 -2.3826 -2.2707 -2.1689
 -2.0766 -1.9943 -1.9228 -1.8614 -1.8080 -1.6978 -1.6066 -1.5348 -1.4831 -1.4511
 -1.4374 -1.4372 -1.4448 -1.4557 -1.4669 -1.4771 -1.4861 -1.4940 -1.5009 -1.5077
 -1.5151
 -3.5958 -3.3601 -3.1447 -2.9485 -2.7731 -2.6202 -2.4892 -2.3732 -2.2679 -2.1707
 -2.0803 -1.9969 -1.9213 -1.8549 -1.8010 -1.6857 -1.5938 -1.5243 -1.4748
 [Fe/H] = -1.50 [alpha/Fe] = 0.40 BC value = F606W
 -6.4990 -6.1732 -5.8526 -5.5237 -5.2075 -4.8354 -4.3739 -3.8269 -3.3557 -2.9941
 -2.7238 -2.5205 -2.3613 -2.2300 -2.1168 -1.8847
 -6.1735 -5.7603 -5.3784 -5.0180 -4.6788 -4.3279 -3.9296 -3.4889 -3.1134 -2.8179
 -2.5900 -2.4125 -2.2696 -2.1497 -2.0456 -1.8339 -1.6719 -1.5490 -1.4605
 -5.9085 -5.4468 -5.0239 -4.6376 -4.2821 -3.9463 -3.6004 -3.2413 -2.9347 -2.6872
 -2.4909 -2.3337 -2.2041 -2.0934 -1.9964 -1.7998 -1.6527 -1.5435 -1.4646 -1.4090
 -1.3687
 -5.7040 -5.2327 -4.7891 -4.3825 -4.0173 -3.6905 -3.3863 -3.0841 -2.8196 -2.6020
 -2.4265 -2.2841 -2.1648 -2.0611 -1.9692 -1.7824 -1.6444 -1.5434 -1.4710 -1.4203
 -1.3840 -1.3570 -1.3378
 -5.3734 -4.9083 -4.5349 -4.1733 -3.8290 -3.5127 -3.2309 -2.9705 -2.7371 -2.5405
 -2.3796 -2.2482 -2.1384 -2.0419 -1.9546 -1.7749 -1.6424 -1.5464 -1.4786 -1.4315
 -1.3983 -1.3734 -1.3548 -1.3408 -1.3326
 -5.0693 -4.5934 -4.1918 -3.8518 -3.5612 -3.3102 -3.0862 -2.8705 -2.6693 -2.4923
 -2.3428 -2.2191 -2.1164 -2.0275 -1.9457 -1.7722 -1.6433 -1.5506 -1.4859 -1.4420
 -1.4118 -1.3895 -1.3722 -1.3592 -1.3499 -1.3453
 -4.9670 -4.4486 -4.0037 -3.6324 -3.3267 -3.0748 -2.8691 -2.7019 -2.5602 -2.4314
 -2.3080 -2.1950 -2.0967 -2.0126 -1.9373 -1.7709 -1.6447 -1.5540 -1.4916 -1.4504
 -1.4237 -1.4046 -1.3897 -1.3782 -1.3694 -1.3638 -1.3617 -1.3664 -1.3792 -1.3960
 -4.9631 -4.4195 -3.9447 -3.5485 -3.2250 -2.9626 -2.7496 -2.5757 -2.4337 -2.3207
 -2.2311 -2.1519 -2.0735 -1.9973 -1.9264 -1.7689 -1.6450 -1.5556 -1.4947 -1.4557
 -1.4322 -1.4171 -1.4059 -1.3970 -1.3900 -1.3849 -1.3826 -1.3836 -1.3904 -1.4064
 -1.4280
 -4.9806 -4.4373 -3.9509 -3.5374 -3.1987 -2.9255 -2.7050 -2.5255 -2.3795 -2.2603
 -2.1635 -2.0860 -2.0227 -1.9646 -1.9070 -1.7644 -1.6436 -1.5550 -1.4947 -1.4570
 -1.4329 -1.4253 -1.4187 -1.4138 -1.4099 -1.4069 -1.4055 -1.4051 -1.4085 -1.4190
 -1.4387
 -4.9564 -4.4390 -3.9611 -3.5487 -3.2046 -2.9249 -2.6990 -2.5148 -2.3636 -2.2391
 -2.1364 -2.0515 -1.9809 -1.9219 -1.8708 -1.7509 -1.6384 -1.5511 -1.4911 -1.4539
 -1.4348 -1.4278 -1.4263 -1.4266 -1.4271 -1.4277 -1.4288 -1.4306 -1.4340 -1.4403
 -1.4523
 -4.8780 -4.4004 -3.9569 -3.5593 -3.2220 -2.9432 -2.7160 -2.5291 -2.3744 -2.2446
 -2.1353 -2.0436 -1.9662 -1.9005 -1.8441 -1.7305 -1.6295 -1.5462 -1.4860 -1.4482
 -1.4291 -1.4242 -1.4273 -1.4332 -1.4393 -1.4448 -1.4500 -1.4549 -1.4600 -1.4663
 -1.4732
 -4.7473 -4.3200 -3.9191 -3.5484 -3.2283 -2.9587 -2.7350 -2.5498 -2.3947 -2.2627
 -2.1489 -2.0507 -1.9663 -1.8942 -1.8323 -1.7117 -1.6165 -1.5379 -1.4794 -1.4408
 -1.4208 -1.4161 -1.4218 -1.4326 -1.4446 -1.4560 -1.4666 -1.4759 -1.4846 -1.4931
 -1.5024
 -4.5659 -4.1995 -3.8484 -3.5161 -3.2197 -2.9646 -2.7492 -2.5683 -2.4150 -2.2834
 -2.1683 -2.0667 -1.9769 -1.8983 -1.8354 -1.6945 -1.5994 -1.5262 -1.4713
 [Fe/H] = -1.00 [alpha/Fe] = 0.40 BC value = F606W
 -7.0538 -6.7878 -6.5364 -6.2894 -6.1250 -5.8365 -5.2984 -4.5016 -3.8394 -3.1671
 -2.7770 -2.5133 -2.3278 -2.1855 -2.0698 -1.8465
 -6.6930 -6.3725 -6.0824 -5.8135 -5.5796 -5.2807 -4.8057 -4.1400 -3.5174 -3.0272
 -2.6756 -2.4299 -2.2550 -2.1224 -2.0147 -1.8066 -1.6518 -1.5336 -1.4443
 -6.4334 -6.0644 -5.7332 -5.4337 -5.1513 -4.8473 -4.4312 -3.8761 -3.3581 -2.9333
 -2.6116 -2.3780 -2.2087 -2.0812 -1.9784 -1.7809 -1.6360 -1.5280 -1.4482 -1.3907
 -1.3502
 -6.2750 -5.8635 -5.4888 -5.1500 -4.8402 -4.5364 -4.1749 -3.7099 -3.2644 -2.8854
 -2.5850 -2.3576 -2.1889 -2.0619 -1.9609 -1.7694 -1.6306 -1.5285 -1.4542 -1.4007
 -1.3630 -1.3357 -1.3171
 -6.1271 -5.7097 -5.3141 -4.9459 -4.6068 -4.2912 -3.9726 -3.5846 -3.1969 -2.8557
 -2.5747 -2.3533 -2.1840 -2.0553 -1.9542 -1.7658 -1.6305 -1.5320 -1.4612 -1.4107
 -1.3754 -1.3504 -1.3325 -1.3196 -1.3130
 -5.7772 -5.4240 -5.0902 -4.7587 -4.4256 -4.1032 -3.7951 -3.4731 -3.1373 -2.8304
 -2.5687 -2.3553 -2.1866 -2.0558 -1.9533 -1.7660 -1.6329 -1.5364 -1.4680 -1.4199
 -1.3869 -1.3641 -1.3476 -1.3359 -1.3279 -1.3252
 -5.4683 -5.0541 -4.7052 -4.4065 -4.1373 -3.8795 -3.6160 -3.3441 -3.0649 -2.7971
 -2.5589 -2.3570 -2.1916 -2.0597 -1.9554 -1.7678 -1.6359 -1.5406 -1.4737 -1.4276
 -1.3967 -1.3765 -1.3624 -1.3524 -1.3455 -1.3420 -1.3427 -1.3494 -1.3637 -1.3809
 -5.3668 -4.8879 -4.4735 -4.1242 -3.8297 -3.5725 -3.3383 -3.1189 -2.9065 -2.7058
 -2.5176 -2.3450 -2.1926 -2.0642 -1.9585 -1.7695 -1.6383 -1.5437 -1.4776 -1.4330
 -1.4042 -1.3866 -1.3758 -1.3685 -1.3635 -1.3607 -1.3606 -1.3643 -1.3735 -1.3909
 -1.4120
 -5.3977 -4.8756 -4.4083 -4.0061 -3.6680 -3.3850 -3.1424 -2.9270 -2.7297 -2.5514
 -2.3996 -2.2726 -2.1602 -2.0556 -1.9590 -1.7707 -1.6397 -1.5452 -1.4793 -1.4354
 -1.4083 -1.3934 -1.3862 -1.3827 -1.3809 -1.3802 -1.3813 -1.3844 -1.3914 -1.4024
 -1.4216
 -5.4679 -4.9327 -4.4356 -3.9932 -3.6152 -3.3007 -3.0396 -2.8190 -2.6277 -2.4591
 -2.3117 -2.1875 -2.0871 -2.0053 -1.9326 -1.7683 -1.6382 -1.5439 -1.4780 -1.4345
 -1.4086 -1.3960 -1.3923 -1.3933 -1.3958 -1.3987 -1.4023 -1.4067 -1.4128 -1.4218
 -1.4359
 -5.5172 -4.9984 -4.4977 -4.0383 -3.6348 -3.2932 -3.0108 -2.7781 -2.5834 -2.4178
 -2.2751 -2.1525 -2.0489 -1.9633 -1.8932 -1.7554 -1.6360 -1.5421 -1.4755 -1.4315
 -1.4058 -1.3944 -1.3936 -1.3989 -1.4063 -1.4139 -1.4214 -1.4287 -1.4365 -1.4456
 -1.4570
 -5.5031 -5.0124 -4.5379 -4.0847 -3.6759 -3.3212 -3.0241 -2.7789 -2.5767 -2.4080
 -2.2650 -2.1427 -2.0377 -1.9484 -1.8729 -1.7334 -1.6269 -1.5380 -1.4715 -1.4266
 -1.4002 -1.3892 -1.3899 -1.3986 -1.4108 -1.4237 -1.4362 -1.4479 -1.4590 -1.4702
 -1.4821
 -5.4262 -4.9794 -4.5335 -4.1067 -3.7086 -3.3566 -3.0556 -2.8032 -2.5943 -2.4208
 -2.2749 -2.1502 -2.0427 -1.9499 -1.8717 -1.7023 -1.6109 -1.5316 -1.4660
 [Fe/H] = -0.75 [alpha/Fe] = 0.30 BC value = F606W
 -7.1742 -6.9196 -6.6814 -6.4557 -6.3371 -6.0774 -5.5266 -4.6793 -3.9459 -3.2181
 -2.7957 -2.5134 -2.3168 -2.1703 -2.0520 -1.8287
 -6.8133 -6.5097 -6.2391 -5.9953 -5.7973 -5.5256 -5.0470 -4.3350 -3.6427 -3.0933
 -2.7047 -2.4378 -2.2510 -2.1127 -2.0022 -1.7932 -1.6398 -1.5237 -1.4353
 -6.5551 -6.2053 -5.8963 -5.6231 -5.3706 -5.0922 -4.6775 -4.0817 -3.4993 -3.0153
 -2.6530 -2.3949 -2.2117 -2.0767 -1.9703 -1.7705 -1.6257 -1.5184 -1.4388 -1.3808
 -1.3392
 -6.3996 -6.0064 -5.6530 -5.3391 -5.0569 -4.7771 -4.4181 -3.9194 -3.4191 -2.9841
 -2.6406 -2.3847 -2.1989 -2.0623 -1.9563 -1.7606 -1.6208 -1.5186 -1.4441 -1.3900
 -1.3517 -1.3245 -1.3064
 -6.2758 -5.8645 -5.4815 -5.1315 -4.8144 -4.5196 -4.2078 -3.7933 -3.3602 -2.9688
 -2.6445 -2.3917 -2.2018 -2.0607 -1.9527 -1.7584 -1.6211 -1.5217 -1.4504 -1.3991
 -1.3631 -1.3379 -1.3193 -1.3072 -1.3021
 -5.9936 -5.6437 -5.2991 -4.9599 -4.6296 -4.3173 -4.0167 -3.6773 -3.3041 -2.9538
 -2.6516 -2.4054 -2.2133 -2.0671 -1.9554 -1.7599 -1.6240 -1.5259 -1.4566 -1.4075
 -1.3735 -1.3502 -1.3340 -1.3227 -1.3161 -1.3144
 -5.6165 -5.2369 -4.9213 -4.6466 -4.3875 -4.1221 -3.8402 -3.5500 -3.2368 -2.9294
 -2.6530 -2.4185 -2.2279 -2.0780 -1.9620 -1.7630 -1.6276 -1.5302 -1.4619 -1.4146
 -1.3824 -1.3613 -1.3473 -1.3378 -1.3317 -1.3288 -1.3307 -1.3394 -1.3546 -1.3725
 -5.4602 -5.0064 -4.6197 -4.3002 -4.0307 -3.7902 -3.5633 -3.3354 -3.0977 -2.8579
 -2.6283 -2.4195 -2.2395 -2.0904 -1.9707 -1.7664 -1.6309 -1.5337 -1.4657 -1.4195
 -1.3892 -1.3704 -1.3592 -1.3524 -1.3483 -1.3466 -1.3479 -1.3527 -1.3636 -1.3818
 -1.4034
 -5.4637 -4.9586 -4.5107 -4.1286 -3.8105 -3.5431 -3.3084 -3.0912 -2.8821 -2.6856
 -2.5134 -2.3612 -2.2216 -2.0931 -1.9789 -1.7699 -1.6333 -1.5359 -1.4676 -1.4220
 -1.3931 -1.3765 -1.3684 -1.3651 -1.3642 -1.3647 -1.3670 -1.3715 -1.3791 -1.3924
 -1.4137
 -5.5380 -5.0074 -4.5195 -4.0890 -3.7221 -3.4167 -3.1606 -2.9393 -2.7403 -2.5577
 -2.3940 -2.2554 -2.1426 -2.0480 -1.9621 -1.7713 -1.6332 -1.5355 -1.4670 -1.4213
 -1.3935 -1.3789 -1.3739 -1.3747 -1.3778 -1.3818 -1.3866 -1.3924 -1.3998 -1.4105
 -1.4261
 -5.6109 -5.0895 -4.5865 -4.1286 -3.7265 -3.3860 -3.1034 -2.8681 -2.6681 -2.4934
 -2.3390 -2.2039 -2.0895 -1.9957 -1.9192 -1.7647 -1.6334 -1.5349 -1.4655 -1.4191
 -1.3912 -1.3778 -1.3752 -1.3797 -1.3873 -1.3958 -1.4044 -1.4131 -1.4223 -1.4329
 -1.4458
 -5.6293 -5.1320 -4.6469 -4.1852 -3.7691 -3.4073 -3.1027 -2.8509 -2.6421 -2.4662
 -2.3151 -2.1841 -2.0707 -1.9739 -1.8927 -1.7435 -1.6281 -1.5326 -1.4625 -1.4150
 -1.3865 -1.3733 -1.3721 -1.3795 -1.3914 -1.4048 -1.4182 -1.4311 -1.4435 -1.4561
 -1.4696
 -5.5858 -5.1227 -4.6649 -4.2247 -3.8130 -3.4466 -3.1321 -2.8680 -2.6495 -2.4680
 -2.3148 -2.1837 -2.0702 -1.9718 -1.8826 -1.7077 -1.6173 -1.5286 -1.4580
 [Fe/H] = -0.50 [alpha/Fe] = 0.20 BC value = F606W
 -7.2924 -7.0447 -6.8143 -6.6014 -6.5144 -6.2693 -5.7043 -4.9048 -4.0366 -3.3400
 -2.8147 -2.5144 -2.3064 -2.1534 -2.0343 -1.8108
 -6.9298 -6.6371 -6.3797 -6.1546 -5.9841 -5.7335 -5.2527 -4.5050 -3.7547 -3.1557
 -2.7333 -2.4464 -2.2475 -2.1024 -1.9891 -1.7783 -1.6264 -1.5123 -1.4255
 -6.6711 -6.3342 -6.0413 -5.7895 -5.5624 -5.3084 -4.8980 -4.2693 -3.6320 -3.0921
 -2.6930 -2.4121 -2.2151 -2.0722 -1.9614 -1.7581 -1.6133 -1.5069 -1.4280 -1.3696
 -1.3273
 -6.5163 -6.1360 -5.7991 -5.5061 -5.2493 -4.9940 -4.6402 -4.1169 -3.5671 -3.0782
 -2.6938 -2.4115 -2.2092 -2.0628 -1.9512 -1.7502 -1.6090 -1.5068 -1.4325 -1.3780
 -1.3391 -1.3119 -1.2935
 -6.4074 -6.0021 -5.6304 -5.2967 -5.0012 -4.7291 -4.4267 -3.9936 -3.5202 -3.0792
 -2.7124 -2.4293 -2.2197 -2.0664 -1.9512 -1.7495 -1.6099 -1.5096 -1.4380 -1.3862
 -1.3494 -1.3238 -1.3061 -1.2947 -1.2896
 -6.1948 -5.8290 -5.4729 -5.1329 -4.8119 -4.5155 -4.2278 -3.8755 -3.4700 -3.0767
 -2.7334 -2.4548 -2.2399 -2.0788 -1.9578 -1.7526 -1.6134 -1.5137 -1.4435 -1.3938
 -1.3588 -1.3349 -1.3187 -1.3078 -1.3019 -1.3012
 -5.7803 -5.4317 -5.1390 -4.8736 -4.6094 -4.3340 -4.0467 -3.7479 -3.4067 -3.0618
 -2.7469 -2.4795 -2.2639 -2.0965 -1.9690 -1.7574 -1.6179 -1.5182 -1.4485 -1.4002
 -1.3668 -1.3448 -1.3305 -1.3213 -1.3160 -1.3143 -1.3177 -1.3276 -1.3438 -1.3625
 -5.5628 -5.1315 -4.7729 -4.4817 -4.2362 -4.0141 -3.7942 -3.5556 -3.2902 -3.0105
 -2.7390 -2.4946 -2.2864 -2.1169 -1.9835 -1.7630 -1.6222 -1.5222 -1.4523 -1.4048
 -1.3729 -1.3528 -1.3409 -1.3343 -1.3309 -1.3303 -1.3329 -1.3393 -1.3517 -1.3710
 -1.3934
 -5.5316 -5.0412 -4.6128 -4.2534 -3.9573 -3.7083 -3.4855 -3.2713 -3.0537 -2.8404
 -2.6426 -2.4584 -2.2863 -2.1318 -1.9993 -1.7690 -1.6259 -1.5254 -1.4546 -1.4072
 -1.3766 -1.3583 -1.3491 -1.3456 -1.3452 -1.3467 -1.3504 -1.3563 -1.3657 -1.3806
 -1.4030
 -5.5974 -5.0736 -4.5967 -4.1795 -3.8279 -3.5356 -3.2890 -3.0704 -2.8655 -2.6696
 -2.4908 -2.3381 -2.2106 -2.0986 -1.9945 -1.7741 -1.6275 -1.5261 -1.4548 -1.4069
 -1.3771 -1.3606 -1.3540 -1.3540 -1.3573 -1.3622 -1.3683 -1.3756 -1.3848 -1.3969
 -1.4143
 -5.6876 -5.1610 -4.6612 -4.2076 -3.8111 -3.4767 -3.1986 -2.9646 -2.7611 -2.5780
 -2.4113 -2.2638 -2.1383 -2.0360 -1.9514 -1.7748 -1.6300 -1.5268 -1.4543 -1.4054
 -1.3755 -1.3600 -1.3553 -1.3584 -1.3658 -1.3748 -1.3846 -1.3947 -1.4054 -1.4177
 -1.4324
 -5.7331 -5.2277 -4.7365 -4.2694 -3.8500 -3.4854 -3.1790 -2.9248 -2.7121 -2.5306
 -2.3716 -2.2313 -2.1088 -2.0042 -1.9170 -1.7558 -1.6289 -1.5263 -1.4525 -1.4024
 -1.3715 -1.3561 -1.3528 -1.3583 -1.3694 -1.3829 -1.3972 -1.4112 -1.4251 -1.4394
 -1.4545
 -5.7181 -5.2426 -4.7739 -4.3241 -3.9011 -3.5257 -3.2019 -2.9305 -2.7054 -2.5178
 -2.3588 -2.2212 -2.1012 -1.9968 -1.8913 -1.7171 -1.6242 -1.5246 -1.4494
 [Fe/H] = -0.25 [alpha/Fe] = 0.10 BC value = F606W
 -7.4292 -7.1791 -6.9495 -6.7411 -6.6640 -6.4132 -5.8362 -4.9623 -4.1068 -3.3806
 -2.8787 -2.5430 -2.3157 -2.1498 -2.0153 -1.7909
 -7.0619 -6.7713 -6.5193 -6.3043 -6.1488 -5.9067 -5.4157 -4.6363 -3.8498 -3.2086
 -2.7590 -2.4544 -2.2440 -2.0925 -1.9752 -1.7618 -1.6112 -1.4989 -1.4138
 -6.7999 -6.4678 -6.1830 -5.9443 -5.7351 -5.4978 -5.0813 -4.4295 -3.7444 -3.1588
 -2.7280 -2.4274 -2.2182 -2.0671 -1.9518 -1.7442 -1.5990 -1.4934 -1.4155 -1.3571
 -1.3146
 -6.6432 -6.2686 -5.9406 -5.6611 -5.4229 -5.1864 -4.8330 -4.2910 -3.6984 -3.1607
 -2.7403 -2.4350 -2.2183 -2.0625 -1.9451 -1.7381 -1.5953 -1.4930 -1.4191 -1.3646
 -1.3250 -1.2974 -1.2790
 -6.5417 -6.1389 -5.7731 -5.4505 -5.1714 -4.9190 -4.6215 -4.1748 -3.6653 -3.1779
 -2.7721 -2.4624 -2.2357 -2.0712 -1.9488 -1.7391 -1.5967 -1.4955 -1.4237 -1.3718
 -1.3343 -1.3082 -1.2905 -1.2793 -1.2752
 -6.3782 -5.9955 -5.6311 -5.2913 -4.9794 -4.6974 -4.4209 -4.0585 -3.6244 -3.1902
 -2.8072 -2.4987 -2.2636 -2.0892 -1.9596 -1.7439 -1.6009 -1.4996 -1.4287 -1.3785
 -1.3427 -1.3182 -1.3017 -1.2912 -1.2859 -1.2861
 -5.9667 -5.6389 -5.3516 -5.0768 -4.7999 -4.5187 -4.2352 -3.9305 -3.5661 -3.1859
 -2.8337 -2.5348 -2.2965 -2.1136 -1.9753 -1.7507 -1.6064 -1.5043 -1.4333 -1.3842
 -1.3499 -1.3269 -1.3122 -1.3032 -1.2984 -1.2979 -1.3024 -1.3139 -1.3311 -1.3508
 -5.6857 -5.2730 -4.9377 -4.6692 -4.4428 -4.2330 -4.0129 -3.7599 -3.4686 -3.1515
 -2.8414 -2.5628 -2.3286 -2.1410 -1.9952 -1.7587 -1.6122 -1.5091 -1.4373 -1.3884
 -1.3555 -1.3340 -1.3213 -1.3145 -1.3115 -1.3118 -1.3154 -1.3236 -1.3379 -1.3582
 -1.3815
 -5.6168 -5.1370 -4.7230 -4.3835 -4.1083 -3.8775 -3.6678 -3.4590 -3.2353 -3.0039
 -2.7744 -2.5527 -2.3464 -2.1666 -2.0176 -1.7676 -1.6175 -1.5133 -1.4402 -1.3910
 -1.3589 -1.3391 -1.3284 -1.3243 -1.3240 -1.3264 -1.3312 -1.3385 -1.3498 -1.3666
 -1.3903
 -5.6673 -5.1471 -4.6770 -4.2722 -3.9349 -3.6569 -3.4210 -3.2068 -2.9976 -2.7911
 -2.6003 -2.4329 -2.2862 -2.1518 -2.0265 -1.7763 -1.6209 -1.5153 -1.4412 -1.3912
 -1.3596 -1.3413 -1.3328 -1.3315 -1.3347 -1.3401 -1.3472 -1.3560 -1.3669 -1.3809
 -1.4003
 -5.7664 -5.2325 -4.7334 -4.2829 -3.8931 -3.5664 -3.2949 -3.0641 -2.8584 -2.6673
 -2.4890 -2.3301 -2.1951 -2.0837 -1.9891 -1.7846 -1.6257 -1.5176 -1.4419 -1.3906
 -1.3585 -1.3410 -1.3342 -1.3356 -1.3420 -1.3512 -1.3618 -1.3732 -1.3856 -1.3997
 -1.4164
 -5.8306 -5.3159 -4.8139 -4.3449 -3.9232 -3.5589 -3.2532 -2.9989 -2.7843 -2.5979
 -2.4312 -2.2818 -2.1504 -2.0387 -1.9457 -1.7703 -1.6290 -1.5190 -1.4415 -1.3885
 -1.3553 -1.3378 -1.3322 -1.3356 -1.3452 -1.3583 -1.3729 -1.3881 -1.4035 -1.4195
 -1.4365
 -5.8405 -5.3508 -4.8707 -4.4095 -3.9779 -3.5947 -3.2659 -2.9899 -2.7607 -2.5687
 -2.4045 -2.2610 -2.1345 -2.0240 -1.8963 -1.7334 -1.6308 -1.5195 -1.4400
 [Fe/H] =  0.00 [alpha/Fe] = 0.00 BC value = F606W
 -7.6727 -7.4022 -7.1469 -6.8936 -6.5935 -6.1982 -5.6688 -4.9742 -4.1461 -3.4086
 -2.8903 -2.5424 -2.2981 -2.1341 -2.0046 -1.7692
 -7.2418 -6.9401 -6.6794 -6.4605 -6.2649 -6.0167 -5.5230 -4.7135 -3.9109 -3.2450
 -2.7764 -2.4592 -2.2410 -2.0825 -1.9621 -1.7454 -1.5950 -1.4841 -1.4004
 -6.9728 -6.6326 -6.3425 -6.1036 -5.8989 -5.6633 -5.2216 -4.5414 -3.8233 -3.2058
 -2.7529 -2.4379 -2.2189 -2.0615 -1.9418 -1.7299 -1.5837 -1.4783 -1.4012 -1.3432
 -1.3011
 -6.8115 -6.4305 -6.0990 -5.8203 -5.5885 -5.3576 -4.9893 -4.4245 -3.7952 -3.2203
 -2.7736 -2.4517 -2.2240 -2.0606 -1.9380 -1.7250 -1.5803 -1.4775 -1.4039 -1.3497
 -1.3098 -1.2817 -1.2632
 -6.7107 -6.3011 -5.9314 -5.6087 -5.3353 -5.0915 -4.7865 -4.3220 -3.7792 -3.2525
 -2.8158 -2.4862 -2.2467 -2.0734 -1.9449 -1.7273 -1.5819 -1.4797 -1.4078 -1.3558
 -1.3180 -1.2913 -1.2735 -1.2627 -1.2597
 -6.5064 -6.1734 -5.7977 -5.4524 -5.1427 -4.8666 -4.5917 -4.2135 -3.7517 -3.2799
 -2.8631 -2.5310 -2.2806 -2.0961 -1.9591 -1.7338 -1.5867 -1.4837 -1.4121 -1.3616
 -1.3254 -1.3001 -1.2835 -1.2731 -1.2677 -1.2693
 -6.1845 -5.8599 -5.5593 -5.2651 -4.9744 -4.6877 -4.4059 -4.0902 -3.7025 -3.2888
 -2.9025 -2.5771 -2.3205 -2.1255 -1.9790 -1.7426 -1.5933 -1.4888 -1.4165 -1.3667
 -1.3318 -1.3079 -1.2927 -1.2836 -1.2792 -1.2790 -1.2850 -1.2983 -1.3164 -1.3372
 -5.8453 -5.4409 -5.1185 -4.8625 -4.6447 -4.4347 -4.2057 -3.9366 -3.6201 -3.2696
 -2.9242 -2.6161 -2.3608 -2.1590 -2.0034 -1.7530 -1.6005 -1.4943 -1.4206 -1.3707
 -1.3368 -1.3143 -1.3007 -1.2934 -1.2906 -1.2910 -1.2957 -1.3057 -1.3219 -1.3434
 -1.3678
 -5.7401 -5.2591 -4.8527 -4.5245 -4.2628 -4.0443 -3.8449 -3.6406 -3.4096 -3.1555
 -2.8900 -2.6295 -2.3929 -2.1926 -2.0312 -1.7648 -1.6076 -1.4995 -1.4242 -1.3734
 -1.3401 -1.3189 -1.3070 -1.3019 -1.3014 -1.3040 -1.3097 -1.3186 -1.3314 -1.3504
 -1.3753
 -5.7740 -5.2462 -4.7760 -4.3757 -4.0472 -3.7788 -3.5501 -3.3384 -3.1256 -2.9124
 -2.7114 -2.5283 -2.3585 -2.1986 -2.0517 -1.7769 -1.6130 -1.5030 -1.4260 -1.3741
 -1.3409 -1.3210 -1.3109 -1.3081 -1.3104 -1.3159 -1.3237 -1.3338 -1.3463 -1.3623
 -1.3839
 -5.8728 -5.3263 -4.8201 -4.3668 -3.9787 -3.6564 -3.3892 -3.1598 -2.9510 -2.7519
 -2.5648 -2.3977 -2.2553 -2.1347 -2.0281 -1.7918 -1.6204 -1.5071 -1.4281 -1.3744
 -1.3404 -1.3210 -1.3123 -1.3116 -1.3167 -1.3254 -1.3364 -1.3488 -1.3628 -1.3791
 -1.3976
 -5.9481 -5.4168 -4.9013 -4.4237 -3.9962 -3.6298 -3.3240 -3.0694 -2.8527 -2.6613
 -2.4873 -2.3299 -2.1920 -2.0748 -1.9770 -1.7853 -1.6276 -1.5105 -1.4292 -1.3734
 -1.3380 -1.3184 -1.3106 -1.3117 -1.3194 -1.3314 -1.3460 -1.3619 -1.3787 -1.3964
 -1.4155
 -5.9721 -5.4659 -4.9690 -4.4919 -4.0504 -3.6583 -3.3234 -3.0441 -2.8117 -2.6162
 -2.4473 -2.2982 -2.1662 -2.0509 -1.8984 -1.7574 -1.6346 -1.5132 -1.4293
 [Fe/H] =  0.25 [alpha/Fe] = 0.00 BC value = F606W
 -7.6132 -7.3760 -7.1679 -6.9080 -6.4783 -5.8994 -5.4197 -5.0984 -4.3356 -3.5848
 -3.0029 -2.6091 -2.3396 -2.1373 -1.9992 -1.7582
 -7.2494 -6.9826 -6.7627 -6.5625 -6.3251 -5.9970 -5.5349 -4.9041 -4.1303 -3.4195
 -2.8903 -2.5269 -2.2770 -2.0996 -1.9651 -1.7360 -1.5820 -1.4708 -1.3872
 -6.9880 -6.6847 -6.4372 -6.2470 -6.0934 -5.8981 -5.4865 -4.7883 -4.0579 -3.3891
 -2.8750 -2.5130 -2.2612 -2.0821 -1.9491 -1.7232 -1.5727 -1.4650 -1.3867 -1.3284
 -1.2849
 -6.8290 -6.4823 -6.1914 -5.9615 -5.7831 -5.6028 -5.2745 -4.7019 -4.0429 -3.4156
 -2.9089 -2.5377 -2.2749 -2.0873 -1.9492 -1.7200 -1.5699 -1.4642 -1.3888 -1.3337
 -1.2920 -1.2620 -1.2431
 -6.7387 -6.3555 -6.0191 -5.7393 -5.5180 -5.3285 -5.0689 -4.6132 -4.0434 -3.4629
 -2.9668 -2.5857 -2.3083 -2.1080 -1.9612 -1.7239 -1.5722 -1.4664 -1.3922 -1.3391
 -1.3001 -1.2722 -1.2537 -1.2429 -1.2396
 -6.6604 -6.2640 -5.9014 -5.5810 -5.3124 -5.0869 -4.8608 -4.5072 -4.0285 -3.5079
 -3.0310 -2.6458 -2.3547 -2.1402 -1.9823 -1.7323 -1.5778 -1.4707 -1.3963 -1.3443
 -1.3068 -1.2802 -1.2626 -1.2521 -1.2475 -1.2496
 -6.4374 -6.0925 -5.7588 -5.4441 -5.1541 -4.8935 -4.6579 -4.3746 -3.9848 -3.5315
 -3.0875 -2.7088 -2.4083 -2.1806 -2.0105 -1.7438 -1.5854 -1.4763 -1.4009 -1.3490
 -1.3128 -1.2874 -1.2709 -1.2613 -1.2569 -1.2576 -1.2644 -1.2793 -1.2983 -1.3205
 -6.0012 -5.6747 -5.4026 -5.1716 -4.9470 -4.7173 -4.4783 -4.2225 -3.9059 -3.5235
 -3.1258 -2.7640 -2.4631 -2.2261 -2.0445 -1.7578 -1.5939 -1.4827 -1.4055 -1.3531
 -1.3175 -1.2934 -1.2782 -1.2699 -1.2667 -1.2677 -1.2733 -1.2843 -1.3024 -1.3249
 -1.3506
 -5.7913 -5.3657 -5.0219 -4.7561 -4.5487 -4.3741 -4.2058 -4.0136 -3.7676 -3.4664
 -3.1316 -2.8026 -2.5121 -2.2724 -2.0822 -1.7746 -1.6028 -1.4892 -1.4100 -1.3563
 -1.3209 -1.2979 -1.2840 -1.2774 -1.2759 -1.2784 -1.2845 -1.2946 -1.3092 -1.3304
 -1.3565
 -5.7714 -5.2843 -4.8623 -4.5172 -4.2436 -4.0257 -3.8401 -3.6634 -3.4723 -3.2525
 -3.0136 -2.7680 -2.5271 -2.3064 -2.1173 -1.7925 -1.6106 -1.4941 -1.4130 -1.3578
 -1.3221 -1.2999 -1.2876 -1.2828 -1.2835 -1.2882 -1.2962 -1.3071 -1.3213 -1.3395
 -1.3635
 -5.8638 -5.3441 -4.8698 -4.4576 -4.1143 -3.8344 -3.6041 -3.4027 -3.2090 -3.0083
 -2.8063 -2.6130 -2.4363 -2.2749 -2.1259 -1.8162 -1.6212 -1.4999 -1.4166 -1.3593
 -1.3224 -1.3004 -1.2892 -1.2860 -1.2889 -1.2961 -1.3068 -1.3198 -1.3352 -1.3531
 -1.3743
 -5.9755 -5.4535 -4.9564 -4.5032 -4.1057 -3.7689 -3.4888 -3.2534 -3.0467 -2.8537
 -2.6667 -2.4891 -2.3285 -2.1892 -2.0695 -1.8250 -1.6336 -1.5055 -1.4194 -1.3599
 -1.3213 -1.2987 -1.2881 -1.2864 -1.2912 -1.3011 -1.3148 -1.3308 -1.3486 -1.3680
 -1.3894
 -6.0505 -5.5450 -5.0554 -4.5859 -4.1607 -3.7837 -3.4617 -3.1913 -2.9624 -2.7641
 -2.5854 -2.4211 -2.2712 -2.1380 -1.9481 -1.8189 -1.6478 -1.5109 -1.4214
 [Fe/H] =  0.50 [alpha/Fe] = 0.00 BC value = F606W
 -7.5505 -8.5723 -8.8985 -8.5769 -7.6701 -6.6043 -5.7326 -5.1749 -4.5039 -3.7701
 -3.1403 -2.6985 -2.3945 -2.1744 -2.0000 -1.7431
 -7.2080 -7.3935 -7.3823 -7.1950 -6.8492 -6.3608 -5.7435 -5.0357 -4.3268 -3.6105
 -3.0285 -2.6165 -2.3320 -2.1296 -1.9807 -1.7316 -1.5725 -1.4588 -1.3745
 -6.9591 -6.7004 -6.5000 -6.3601 -6.2740 -6.0949 -5.6680 -4.9670 -4.2636 -3.5815
 -3.0184 -2.6097 -2.3219 -2.1173 -1.9672 -1.7213 -1.5643 -1.4530 -1.3706 -1.3100
 -1.2667
 -6.8038 -6.4933 -6.2515 -6.0723 -5.9444 -5.8067 -5.5061 -4.9269 -4.2620 -3.6145
 -3.0626 -2.6445 -2.3442 -2.1289 -1.9717 -1.7198 -1.5621 -1.4521 -1.3741 -1.3175
 -1.2747 -1.2438 -1.2244
 -6.7182 -6.3679 -6.0707 -5.8374 -5.6676 -5.5266 -5.3037 -4.8621 -4.2755 -3.6717
 -3.1307 -2.7045 -2.3881 -2.1579 -1.9895 -1.7253 -1.5650 -1.4545 -1.3772 -1.3222
 -1.2821 -1.2530 -1.2335 -1.2225 -1.2199
 -6.6680 -6.2905 -5.9526 -5.6666 -5.4451 -5.2692 -5.0862 -4.7623 -4.2759 -3.7270
 -3.2080 -2.7780 -2.4466 -2.2001 -2.0180 -1.7361 -1.5712 -1.4590 -1.3812 -1.3269
 -1.2881 -1.2602 -1.2415 -1.2304 -1.2260 -1.2289
 -6.5616 -6.1960 -5.8540 -5.5441 -5.2754 -5.0543 -4.8671 -4.6194 -4.2398 -3.7642
 -3.2803 -2.8547 -2.5137 -2.2519 -2.0554 -1.7510 -1.5798 -1.4651 -1.3858 -1.3314
 -1.2935 -1.2668 -1.2490 -1.2385 -1.2340 -1.2349 -1.2427 -1.2580 -1.2784 -1.3021
 -6.2101 -5.8672 -5.6404 -5.3782 -5.1259 -4.8884 -4.6709 -4.4532 -4.1584 -3.7666
 -3.3333 -2.9260 -2.5820 -2.3093 -2.0997 -1.7698 -1.5898 -1.4722 -1.3909 -1.3355
 -1.2980 -1.2725 -1.2557 -1.2462 -1.2424 -1.2432 -1.2492 -1.2613 -1.2810 -1.3045
 -1.3316
 -5.8531 -5.4915 -5.2120 -4.9984 -4.8220 -4.6556 -4.4786 -4.2791 -4.0365 -3.7234
 -3.3533 -2.9793 -2.6446 -2.3682 -2.1482 -1.7927 -1.6008 -1.4799 -1.3962 -1.3391
 -1.3014 -1.2767 -1.2612 -1.2529 -1.2503 -1.2521 -1.2583 -1.2690 -1.2851 -1.3082
 -1.3354
 -5.7535 -5.3123 -4.9453 -4.6572 -4.4383 -4.2686 -4.1259 -3.9868 -3.8181 -3.5904
 -3.3067 -2.9921 -2.6862 -2.4169 -2.1938 -1.8173 -1.6114 -1.4860 -1.4003 -1.3414
 -1.3029 -1.2787 -1.2644 -1.2577 -1.2567 -1.2602 -1.2677 -1.2790 -1.2942 -1.3143
 -1.3407
 -5.8128 -5.3241 -4.8896 -4.5245 -4.2309 -4.0001 -3.8148 -3.6538 -3.4955 -3.3182
 -3.1129 -2.8890 -2.6599 -2.4382 -2.2342 -1.8492 -1.6262 -1.4936 -1.4052 -1.3441
 -1.3039 -1.2794 -1.2660 -1.2606 -1.2613 -1.2667 -1.2763 -1.2892 -1.3053 -1.3248
 -1.3482
 -5.9382 -5.4297 -4.9576 -4.5360 -4.1770 -3.8807 -3.6394 -3.4382 -3.2585 -3.0822
 -2.8979 -2.7096 -2.5266 -2.3570 -2.2021 -1.8760 -1.6440 -1.5018 -1.4096 -1.3461
 -1.3039 -1.2784 -1.2653 -1.2610 -1.2634 -1.2709 -1.2829 -1.2981 -1.3162 -1.3368
 -1.3601
 -6.0479 -5.5511 -5.0687 -4.6215 -4.2186 -3.8702 -3.5763 -3.3307 -3.1217 -2.9351
 -2.7583 -2.5858 -2.4202 -2.2682 -2.0975 -1.8977 -1.6648 -1.5106 -1.4135
 [Fe/H] =  0.75 [alpha/Fe] = 0.00 BC value = F606W
 -7.4365 -7.8585 -7.8346 -7.3427 -6.5605 -5.8352 -5.4061 -5.2137 -4.6304 -3.9560
 -3.2958 -2.8063 -2.4654 -2.2260 -2.0383 -1.7471
 -7.1198 -7.1485 -7.0524 -6.8445 -6.5363 -6.1378 -5.6579 -5.1044 -4.4801 -3.8011
 -3.1872 -2.7279 -2.4053 -2.1769 -2.0081 -1.7330 -1.5661 -1.4491 -1.3626
 -6.8859 -6.6772 -6.5353 -6.4499 -6.3761 -6.1855 -5.7531 -5.0769 -4.4300 -3.7731
 -3.1824 -2.7282 -2.4022 -2.1689 -1.9986 -1.7262 -1.5592 -1.4435 -1.3600 -1.2987
 -1.2526
 -6.7348 -6.4448 -6.2834 -6.1589 -6.0798 -5.9784 -5.6918 -5.0884 -4.4401 -3.8066
 -3.2308 -2.7720 -2.4331 -2.1876 -2.0081 -1.7267 -1.5582 -1.4428 -1.3612 -1.3024
 -1.2592 -1.2278 -1.2071
 -6.6513 -6.3420 -6.0917 -5.9108 -5.7931 -5.6948 -5.5061 -5.0715 -4.4698 -3.8674
 -3.3053 -2.8420 -2.4871 -2.2251 -2.0323 -1.7342 -1.5617 -1.4452 -1.3639 -1.3064
 -1.2645 -1.2344 -1.2138 -1.2023 -1.2001
 -6.6142 -6.2674 -5.9657 -5.7230 -5.5522 -5.4242 -5.2792 -4.9812 -4.4874 -3.9278
 -3.3901 -2.9257 -2.5572 -2.2774 -2.0689 -1.7478 -1.5687 -1.4499 -1.3678 -1.3105
 -1.2699 -1.2407 -1.2208 -1.2088 -1.2044 -1.2080
 -6.5703 -6.2124 -5.8841 -5.5967 -5.3626 -5.1876 -5.0452 -4.8300 -4.4646 -3.9765
 -3.4698 -3.0132 -2.6361 -2.3406 -2.1160 -1.7670 -1.5783 -1.4564 -1.3726 -1.3148
 -1.2748 -1.2466 -1.2274 -1.2160 -1.2110 -1.2120 -1.2206 -1.2370 -1.2571 -1.2821
 -6.3664 -6.0575 -5.7618 -5.4810 -5.2260 -5.0064 -4.8274 -4.6483 -4.3798 -3.9886
 -3.5337 -3.0942 -2.7152 -2.4097 -2.1708 -1.7917 -1.5899 -1.4642 -1.3780 -1.3190
 -1.2790 -1.2517 -1.2335 -1.2228 -1.2181 -1.2188 -1.2249 -1.2378 -1.2582 -1.2824
 -1.3110
 -5.9394 -5.6587 -5.4216 -5.2199 -5.0309 -4.8379 -4.6477 -4.4635 -4.2477 -3.9478
 -3.5634 -3.1589 -2.7911 -2.4799 -2.2300 -1.8219 -1.6037 -1.4727 -1.3840 -1.3230
 -1.2824 -1.2556 -1.2385 -1.2287 -1.2249 -1.2260 -1.2319 -1.2428 -1.2599 -1.2844
 -1.3124
 -5.7367 -5.3514 -5.0458 -4.8124 -4.6406 -4.5058 -4.3827 -4.2485 -4.0778 -3.8441
 -3.5384 -3.1874 -2.8429 -2.5387 -2.2854 -1.8540 -1.6181 -1.4802 -1.3889 -1.3260
 -1.2842 -1.2576 -1.2414 -1.2329 -1.2303 -1.2326 -1.2394 -1.2504 -1.2662 -1.2876
 -1.3157
 -5.7381 -5.2896 -4.9028 -4.5882 -4.3460 -4.1630 -4.0209 -3.9010 -3.7821 -3.6331
 -3.4247 -3.1603 -2.8696 -2.5894 -2.3416 -1.8940 -1.6378 -1.4900 -1.3949 -1.3296
 -1.2859 -1.2586 -1.2429 -1.2355 -1.2343 -1.2381 -1.2463 -1.2584 -1.2746 -1.2953
 -1.3201
 -5.8490 -5.3689 -4.9285 -4.5457 -4.2296 -3.9775 -3.7789 -3.6173 -3.4745 -3.3318
 -3.1712 -2.9832 -2.7758 -2.5630 -2.3580 -1.9340 -1.6616 -1.5010 -1.4009 -1.3328
 -1.2870 -1.2583 -1.2425 -1.2359 -1.2361 -1.2415 -1.2515 -1.2655 -1.2830 -1.3041
 -1.3291
 -5.9854 -5.5001 -5.0373 -4.6140 -4.2415 -3.9272 -3.6689 -3.4572 -3.2783 -3.1169
 -2.9578 -2.7912 -2.6205 -2.4505 -2.3346 -1.9740 -1.6895 -1.5132 -1.4069
 [Fe/H] =  1.00 [alpha/Fe] = 0.00 BC value = F606W
 -7.2943 -6.4792 -5.5172 -5.1820 -5.1412 -5.3004 -5.4075 -5.2187 -4.7345 -4.1181
 -3.4618 -2.9269 -2.5482 -2.2799 -2.0856 -1.7556
 -6.9988 -7.0188 -6.9276 -6.7367 -6.4563 -6.0955 -5.6620 -5.1630 -4.6025 -3.9830
 -3.3587 -2.8578 -2.4965 -2.2383 -2.0491 -1.7445 -1.5627 -1.4419 -1.3512
 -6.7748 -7.0896 -7.1853 -7.0844 -6.8068 -6.3697 -5.7947 -5.1532 -4.5637 -3.9547
 -3.3573 -2.8664 -2.5019 -2.2378 -2.0443 -1.7402 -1.5592 -1.4369 -1.3504 -1.2863
 -1.2394
 -6.6223 -6.6915 -6.2903 -6.2252 -6.1924 -6.1231 -5.8055 -5.1893 -4.5809 -3.9821
 -3.4077 -2.9182 -2.5420 -2.2644 -2.0601 -1.7427 -1.5598 -1.4374 -1.3515 -1.2896
 -1.2444 -1.2115 -1.1900
 -6.5364 -6.2770 -6.0829 -5.9611 -5.8965 -5.8373 -5.6757 -5.2313 -4.6286 -4.0415
 -3.4845 -2.9963 -2.6057 -2.3111 -2.0917 -1.7531 -1.5642 -1.4400 -1.3540 -1.2930
 -1.2491 -1.2172 -1.1954 -1.1833 -1.1812
 -6.5050 -6.1981 -5.9425 -5.7527 -5.6368 -5.5557 -5.4441 -5.1673 -4.6676 -4.1063
 -3.5683 -3.0851 -2.6857 -2.3735 -2.1371 -1.7703 -1.5721 -1.4450 -1.3577 -1.2968
 -1.2536 -1.2227 -1.2014 -1.1884 -1.1837 -1.1879
 -6.4932 -6.1603 -5.8618 -5.6120 -5.4243 -5.2994 -5.1984 -5.0121 -4.6583 -4.1634
 -3.6516 -3.1786 -2.7738 -2.4472 -2.1941 -1.7946 -1.5830 -1.4518 -1.3624 -1.3007
 -1.2579 -1.2278 -1.2073 -1.1945 -1.1884 -1.1899 -1.1993 -1.2149 -1.2351 -1.2612
 -6.4055 -6.0858 -5.7884 -5.5152 -5.2802 -5.0948 -4.9601 -4.8173 -4.5725 -4.1839
 -3.7201 -3.2664 -2.8615 -2.5270 -2.2593 -1.8261 -1.5970 -1.4601 -1.3681 -1.3049
 -1.2618 -1.2322 -1.2125 -1.2003 -1.1942 -1.1944 -1.2012 -1.2148 -1.2349 -1.2594
 -1.2892
 -6.0488 -5.8133 -5.5824 -5.3569 -5.1411 -4.9401 -4.7636 -4.6142 -4.4275 -4.1459
 -3.7576 -3.3359 -2.9440 -2.6066 -2.3285 -1.8645 -1.6143 -1.4697 -1.3745 -1.3092
 -1.2651 -1.2359 -1.2168 -1.2055 -1.2005 -1.2009 -1.2062 -1.2172 -1.2350 -1.2596
 -1.2882
 -5.7273 -5.4065 -5.1641 -4.9816 -4.8383 -4.7056 -4.5667 -4.4191 -4.2537 -4.0370
 -3.7366 -3.3716 -3.0039 -2.6730 -2.3927 -1.9048 -1.6334 -1.4787 -1.3800 -1.3125
 -1.2671 -1.2377 -1.2194 -1.2090 -1.2050 -1.2062 -1.2122 -1.2226 -1.2384 -1.2606
 -1.2895
 -5.6517 -5.2548 -4.9210 -4.6609 -4.4689 -4.3285 -4.2222 -4.1298 -4.0283 -3.8830
 -3.6619 -3.3707 -3.0468 -2.7348 -2.4582 -1.9532 -1.6591 -1.4910 -1.3871 -1.3169
 -1.2694 -1.2390 -1.2208 -1.2113 -1.2083 -1.2106 -1.2176 -1.2287 -1.2443 -1.2652
 -1.2911
 -5.7265 -5.2838 -4.8850 -4.5479 -4.2782 -4.0709 -3.9137 -3.7908 -3.6861 -3.5818
 -3.4519 -3.2648 -3.0227 -2.7580 -2.5032 -2.0021 -1.6893 -1.5057 -1.3946 -1.3211
 -1.2713 -1.2392 -1.2206 -1.2116 -1.2097 -1.2132 -1.2216 -1.2340 -1.2505 -1.2714
 -1.2965
 -5.8673 -5.4065 -4.9729 -4.5807 -4.2444 -3.9688 -3.7484 -3.5728 -3.4284 -3.2993
 -3.1715 -3.0295 -2.8623 -2.6737 -2.5277 -2.0515 -1.7240 -1.5228 -1.4025
