 [Fe/H] = -2.50 [alpha/Fe] = 0.40 BC value = F390M
-10.4668-10.3617-10.3213-10.2258-10.0443 -9.8594 -9.7590 -9.7184 -9.6393 -9.4620
 -9.2154 -8.9163 -8.5883 -8.2555 -7.9200 -7.0671 -6.2215 -5.5210 -4.9488
-10.1963 -9.9515 -9.7680 -9.6094 -9.4678 -9.3427 -9.2295 -9.1160 -8.9845 -8.8195
 -8.6090 -8.3474 -8.0422 -7.7234 -7.4122 -6.6591 -5.9352 -5.3214 -4.8426 -4.4855
-10.0493 -9.7103 -9.4257 -9.1982 -9.0303 -8.8942 -8.7563 -8.6073 -8.4495 -8.2820
 -8.0876 -7.8560 -7.5816 -7.2846 -6.9966 -6.3282 -5.7072 -5.1690 -4.7571 -4.4474
 -4.2045
-10.0258 -9.6381 -9.2944 -8.9922 -8.7318 -8.5139 -8.3394 -8.1923 -8.0343 -7.8495
 -7.6512 -7.4421 -7.2065 -6.9391 -6.6732 -6.0744 -5.5375 -5.0638 -4.6922 -4.4130
 -4.1947 -4.0156
-10.0849 -9.6603 -9.2780 -8.9326 -8.6218 -8.3448 -8.1009 -7.8885 -7.7052 -7.5352
 -7.3481 -7.1408 -6.9273 -6.6937 -6.4477 -5.8980 -5.4224 -4.9997 -4.6575 -4.3994
 -4.1994 -4.0359 -3.8971 -3.7762
-10.2180 -9.7629 -9.3470 -8.9673 -8.6213 -8.3060 -8.0199 -7.7621 -7.5306 -7.3224
 -7.1320 -6.9441 -6.7473 -6.5394 -6.3130 -5.7911 -5.3552 -4.9697 -4.6474 -4.4016
 -4.2141 -4.0627 -3.9348 -3.8239 -3.7256 -3.6374 -3.5580 -3.4842 -3.4160 -3.3626
-10.4098 -9.9341 -9.4914 -9.0811 -8.7033 -8.3571 -8.0400 -7.7489 -7.4836 -7.2421
 -7.0221 -6.8196 -6.6280 -6.4412 -6.2406 -5.7425 -5.3261 -4.9659 -4.6565 -4.4155
 -4.2345 -4.0921 -3.9738 -3.8718 -3.7819 -3.7015 -3.6293 -3.5636 -3.5055 -3.4564
 -3.4176
-10.6442-10.1546 -9.6940 -9.2607 -8.8555 -8.4806 -8.1349 -7.8166 -7.5233 -7.2542
 -7.0076 -6.7819 -6.5753 -6.3835 -6.1962 -5.7329 -5.3237 -4.9792 -4.6795 -4.4383
 -4.2578 -4.1206 -4.0102 -3.9168 -3.8354 -3.7629 -3.6980 -3.6396 -3.5875 -3.5432
 -3.5113
-10.8987-10.4026 -9.9298 -9.4823 -9.0574 -8.6579 -8.2863 -7.9423 -7.6246 -7.3311
 -7.0602 -6.8113 -6.5836 -6.3755 -6.1808 -5.7327 -5.3358 -4.9968 -4.7063 -4.4648
 -4.2812 -4.1449 -4.0401 -3.9548 -3.8820 -3.8180 -3.7611 -3.7100 -3.6644 -3.6248
 -3.5935
-11.1657-10.6812-10.1985 -9.7394 -9.3015 -8.8849 -8.4924 -8.1252 -7.7837 -7.4673
 -7.1741 -6.9026 -6.6525 -6.4237 -6.2130 -5.7500 -5.3606 -5.0233 -4.7372 -4.4972
 -4.3090 -4.1690 -4.0654 -3.9858 -3.9211 -3.8657 -3.8173 -3.7742 -3.7360 -3.7026
 -3.6720
-11.4444-10.9585-10.4788-10.0124 -9.5645 -9.1386 -8.7327 -8.3478 -7.9859 -7.6477
 -7.3327 -7.0400 -6.7683 -6.5174 -6.2860 -5.7874 -5.3910 -5.0541 -4.7678 -4.5281
 -4.3366 -4.1918 -4.0852 -4.0072 -3.9484 -3.9014 -3.8621 -3.8277 -3.7976 -3.7714
 -3.7495
-11.7349-11.2345-10.7437-10.2815 -9.8314 -9.4003 -8.9883 -8.5941 -8.2182 -7.8629
 -7.5286 -7.2155 -6.9229 -6.6507 -6.3998 -5.8449 -5.4270 -5.0892 -4.7981
 [Fe/H] = -2.00 [alpha/Fe] = 0.40 BC value = F390M
 -9.8338 -9.7654 -9.7278 -9.7065 -9.6888 -9.6631 -9.6194 -9.5491 -9.4424 -9.2876
 -9.0768 -8.8087 -8.5012 -8.1884 -7.8872 -7.1409 -6.3895 -5.6880 -5.1286
 -9.4880 -9.3479 -9.2528 -9.1913 -9.1469 -9.1025 -9.0455 -8.9656 -8.8546 -8.7045
 -8.5076 -8.2590 -7.9674 -7.6650 -7.3746 -6.7014 -6.0586 -5.4616 -4.9729 -4.5970
 -9.3151 -9.0863 -8.9195 -8.8023 -8.7022 -8.6178 -8.5370 -8.4445 -8.3298 -8.1866
 -8.0088 -7.7907 -7.5295 -7.2458 -6.9722 -6.3582 -5.8015 -5.2889 -4.8585 -4.5240
 -4.2590
 -9.3063 -9.0007 -8.7592 -8.5728 -8.4244 -8.2972 -8.1776 -8.0547 -7.9223 -7.7770
 -7.6111 -7.4199 -7.1956 -6.9380 -6.6800 -6.1113 -5.6182 -5.1699 -4.7854 -4.4816
 -4.2447 -4.0531
 -9.4404 -9.0883 -8.7820 -8.5288 -8.3186 -8.1382 -7.9767 -7.8250 -7.6755 -7.5193
 -7.3451 -7.1603 -6.9610 -6.7350 -6.4913 -5.9501 -5.4990 -5.0967 -4.7460 -4.4637
 -4.2440 -4.0678 -3.9206 -3.7935
 -9.6739 -9.2683 -8.9120 -8.5976 -8.3199 -8.0754 -7.8599 -7.6690 -7.4990 -7.3469
 -7.1920 -7.0140 -6.8214 -6.6156 -6.3900 -5.8605 -5.4321 -5.0600 -4.7333 -4.4647
 -4.2560 -4.0910 -3.9547 -3.8377 -3.7351 -3.6438 -3.5624 -3.4870 -3.4169 -3.3613
-10.0201 -9.5518 -9.1387 -8.7727 -8.4466 -8.1553 -7.8944 -7.6600 -7.4482 -7.2541
 -7.0755 -6.9079 -6.7375 -6.5541 -6.3492 -5.8280 -5.4057 -5.0512 -4.7404 -4.4800
 -4.2766 -4.1191 -3.9915 -3.8834 -3.7892 -3.7059 -3.6318 -3.5654 -3.5062 -3.4550
 -3.4146
-10.4592 -9.9376 -9.4651 -9.0407 -8.6606 -8.3203 -8.0147 -7.7391 -7.4893 -7.2613
 -7.0504 -6.8547 -6.6728 -6.5014 -6.3242 -5.8377 -5.4102 -5.0622 -4.7616 -4.5054
 -4.3030 -4.1488 -4.0277 -3.9275 -3.8414 -3.7658 -3.6992 -3.6399 -3.5874 -3.5424
 -3.5089
-10.9535-10.3816 -9.8639 -9.3873 -8.9528 -8.5594 -8.2053 -7.8868 -7.5988 -7.3367
 -7.0960 -6.8734 -6.6670 -6.4767 -6.2986 -5.8514 -5.4338 -5.0835 -4.7882 -4.5348
 -4.3305 -4.1762 -4.0591 -3.9658 -3.8877 -3.8203 -3.7614 -3.7094 -3.6636 -3.6236
 -3.5917
-11.4484-10.8660-10.3147 -9.7981 -9.3174 -8.8743 -8.4702 -8.1051 -7.7761 -7.4787
 -7.2074 -6.9578 -6.7269 -6.5136 -6.3165 -5.8681 -5.4695 -5.1180 -4.8232 -4.5713
 -4.3638 -4.2051 -4.0878 -3.9989 -3.9279 -3.8684 -3.8175 -3.7733 -3.7347 -3.7011
 -3.6703
-11.8948-11.3378-10.7757-10.2355 -9.7221 -9.2398 -8.7930 -8.3827 -8.0111 -7.6753
 -7.3713 -7.0939 -6.8386 -6.6022 -6.3830 -5.8999 -5.5037 -5.1574 -4.8598 -4.6082
 -4.3982 -4.2337 -4.1122 -4.0238 -3.9576 -3.9056 -3.8631 -3.8271 -3.7961 -3.7697
 -3.7475
-12.2828-11.7503-11.2120-10.6715-10.1409 -9.6324 -9.1542 -8.7084 -8.2978 -7.9235
 -7.5842 -7.2762 -6.9948 -6.7355 -6.4981 -5.9468 -5.5364 -5.2017 -4.8980
 [Fe/H] = -1.50 [alpha/Fe] = 0.40 BC value = F390M
 -9.5044 -9.5161 -9.5326 -9.5472 -9.5545 -9.5470 -9.5173 -9.4593 -9.3652 -9.2259
 -9.0339 -8.7892 -8.5074 -8.2157 -7.9305 -7.2608 -6.6062 -5.9462 -5.3574
 -9.0153 -9.0025 -9.0037 -9.0081 -9.0071 -8.9930 -8.9589 -8.8982 -8.8050 -8.6720
 -8.4920 -8.2611 -7.9900 -7.7062 -7.4312 -6.8047 -6.2253 -5.6659 -5.1620 -4.7515
 -8.6846 -8.6060 -8.5643 -8.5431 -8.5266 -8.5029 -8.4630 -8.4009 -8.3117 -8.1903
 -8.0310 -7.8284 -7.5827 -7.3149 -7.0526 -6.4667 -5.9484 -5.4627 -5.0244 -4.6590
 -4.3680
 -8.6325 -8.4548 -8.3162 -8.2291 -8.1683 -8.1219 -8.0716 -8.0059 -7.9195 -7.8084
 -7.6683 -7.4945 -7.2819 -7.0366 -6.7867 -6.2305 -5.7560 -5.3232 -4.9326 -4.6017
 -4.3358 -4.1222
 -8.7892 -8.5184 -8.3014 -8.1306 -7.9992 -7.9013 -7.8264 -7.7482 -7.6550 -7.5434
 -7.4114 -7.2564 -7.0733 -6.8555 -6.6183 -6.0787 -5.6313 -5.2351 -4.8782 -4.5726
 -4.3246 -4.1267 -3.9646 -3.8273
 -9.0508 -8.7201 -8.4347 -8.1922 -7.9912 -7.8261 -7.6955 -7.5946 -7.5026 -7.3979
 -7.2667 -7.1132 -6.9424 -6.7498 -6.5290 -5.9947 -5.5592 -5.1864 -4.8532 -4.5657
 -4.3302 -4.1430 -3.9918 -3.8652 -3.7557 -3.6589 -3.5731 -3.4940 -3.4204 -3.3610
 -9.4102 -9.0115 -8.6671 -8.3686 -8.1105 -7.8898 -7.7024 -7.5420 -7.4020 -7.2786
 -7.1629 -7.0338 -6.8770 -6.6974 -6.4967 -5.9651 -5.5280 -5.1672 -4.8504 -4.5755
 -4.3483 -4.1680 -4.0246 -3.9064 -3.8055 -3.7172 -3.6394 -3.5702 -3.5085 -3.4541
 -3.4101
 -9.9090 -9.4199 -8.9990 -8.6359 -8.3207 -8.0458 -7.8057 -7.5960 -7.4110 -7.2441
 -7.0900 -6.9465 -6.8082 -6.6590 -6.4860 -5.9797 -5.5297 -5.1705 -4.8636 -4.5974
 -4.3883 -4.1984 -4.0599 -3.9485 -3.8551 -3.7744 -3.7041 -3.6416 -3.5872 -3.5415
 -3.5050
-10.5529 -9.9626 -9.4498 -9.0064 -8.6211 -8.2844 -7.9885 -7.7278 -7.4963 -7.2887
 -7.0991 -6.9227 -6.7573 -6.6024 -6.4494 -6.0076 -5.5560 -5.1887 -4.8854 -4.6248
 -4.4054 -4.2294 -4.0934 -3.9871 -3.9005 -3.8274 -3.7646 -3.7100 -3.6626 -3.6219
 -3.5888
-11.2684-10.6133-10.0216 -9.4969 -9.0319 -8.6220 -8.2607 -7.9424 -7.6600 -7.4080
 -7.1805 -6.9722 -6.7787 -6.5983 -6.4295 -6.0203 -5.6053 -5.2288 -4.9217 -4.6624
 -4.4430 -4.2647 -4.1272 -4.0232 -3.9419 -3.8756 -3.8202 -3.7730 -3.7326 -3.6983
 -3.6676
-11.9639-11.2943-10.6621-10.0699 -9.5345 -9.0518 -8.6205 -8.2370 -7.8971 -7.5955
 -7.3258 -7.0822 -6.8592 -6.6532 -6.4615 -6.0287 -5.6428 -5.2806 -4.9666 -4.7047
 -4.4834 -4.3008 -4.1587 -4.0532 -3.9749 -3.9146 -3.8666 -3.8268 -3.7937 -3.7663
 -3.7437
-12.5629-11.9317-11.3004-10.6772-10.0909 -9.5494 -9.0555 -8.6083 -8.2077 -7.8512
 -7.5340 -7.2508 -6.9952 -6.7615 -6.5454 -6.0328 -5.6685 -5.3441 -5.0201
 [Fe/H] = -1.00 [alpha/Fe] = 0.40 BC value = F390M
 -9.4481 -9.4817 -9.5097 -9.5280 -9.5340 -9.5212 -9.4830 -9.4146 -9.3132 -9.1784
 -9.0126 -8.8166 -8.5934 -8.3504 -8.0988 -7.4813 -6.8862 -6.2761 -5.6762
 -8.9126 -8.9410 -8.9666 -8.9849 -8.9914 -8.9823 -8.9525 -8.8955 -8.8080 -8.6865
 -8.5293 -8.3367 -8.1129 -7.8699 -7.6216 -7.0289 -6.4792 -5.9505 -5.4447 -4.9981
 -8.4678 -8.4789 -8.4949 -8.5088 -8.5144 -8.5072 -8.4823 -8.4346 -8.3602 -8.2552
 -8.1162 -7.9412 -7.7320 -7.4995 -7.2597 -6.6940 -6.1872 -5.7145 -5.2700 -4.8756
 -4.5462
 -8.1885 -8.1467 -8.1322 -8.1300 -8.1284 -8.1195 -8.0971 -8.0561 -7.9928 -7.9033
 -7.7841 -7.6320 -7.4450 -7.2289 -6.9996 -6.4552 -5.9798 -5.5482 -5.1473 -4.7914
 -4.4912 -4.2458
 -8.2186 -8.0583 -7.9538 -7.8903 -7.8559 -7.8336 -7.8078 -7.7690 -7.7126 -7.6349
 -7.5323 -7.4014 -7.2382 -7.0427 -6.8256 -6.2947 -5.8389 -5.4364 -5.0670 -4.7389
 -4.4612 -4.2332 -4.0473 -3.8919
 -8.4755 -8.2200 -8.0130 -7.8552 -7.7431 -7.6697 -7.6214 -7.5793 -7.5233 -7.4495
 -7.3559 -7.2397 -7.0971 -6.9236 -6.7216 -6.1988 -5.7512 -5.3676 -5.0213 -4.7133
 -4.4521 -4.2368 -4.0623 -3.9185 -3.7965 -3.6904 -3.5967 -3.5110 -3.4315 -3.3663
 -8.8103 -8.4914 -8.2162 -7.9840 -7.7953 -7.6467 -7.5334 -7.4529 -7.3950 -7.3338
 -7.2508 -7.1423 -7.0103 -6.8532 -6.6710 -6.1560 -5.7062 -5.3322 -5.0028 -4.7096
 -4.4602 -4.2540 -4.0871 -3.9515 -3.8385 -3.7417 -3.6574 -3.5831 -3.5169 -3.4578
 -3.4079
 -9.2328 -8.8399 -8.5009 -8.2082 -7.9573 -7.7474 -7.5748 -7.4350 -7.3228 -7.2306
 -7.1479 -7.0609 -6.9533 -6.8168 -6.6531 -6.1579 -5.6973 -5.3233 -5.0044 -4.7223
 -4.4810 -4.2811 -4.1190 -3.9889 -3.8828 -3.7936 -3.7175 -3.6511 -3.5935 -3.5439
 -3.4997
 -9.8165 -9.3040 -8.8792 -8.5161 -8.2039 -7.9355 -7.7067 -7.5136 -7.3510 -7.2124
 -7.0898 -6.9760 -6.8660 -6.7525 -6.6216 -6.1885 -5.7165 -5.3336 -5.0180 -4.7440
 -4.5082 -4.3120 -4.1529 -4.0265 -3.9257 -3.8433 -3.7745 -3.7155 -3.6649 -3.6219
 -3.5867
-10.5748 -9.9531 -9.4116 -8.9503 -8.5572 -8.2204 -7.9308 -7.6810 -7.4656 -7.2793
 -7.1152 -6.9665 -6.8271 -6.6935 -6.5632 -6.2060 -5.7707 -5.3711 -5.0500 -4.7789
 -4.5455 -4.3500 -4.1912 -4.0657 -3.9681 -3.8909 -3.8285 -3.7765 -3.7327 -3.6962
 -3.6661
-11.4644-10.7497-10.1085 -9.5375 -9.0432 -8.6187 -8.2534 -7.9378 -7.6633 -7.4241
 -7.2135 -7.0257 -6.8546 -6.6949 -6.5434 -6.1871 -5.8182 -5.4306 -5.0964 -4.8215
 -4.5875 -4.3904 -4.2292 -4.1021 -4.0053 -3.9320 -3.8752 -3.8298 -3.7929 -3.7630
 -3.7387
-12.3242-11.5959-10.8895-10.2403 -9.6536 -9.1377 -8.6870 -8.2934 -7.9503 -7.6503
 -7.3869 -7.1538 -6.9450 -6.7552 -6.5622 -6.1318 -5.8590 -5.5121 -5.1572
 [Fe/H] = -0.75 [alpha/Fe] = 0.40 BC value = F390M
 -9.4991 -9.5344 -9.5612 -9.5761 -9.5756 -9.5540 -9.5061 -9.4275 -9.3176 -9.1847
 -9.0343 -8.8660 -8.6764 -8.4652 -8.2373 -7.6476 -7.0621 -6.4760 -5.8907
 -8.9527 -8.9867 -9.0145 -9.0323 -9.0368 -9.0243 -8.9908 -8.9293 -8.8391 -8.7212
 -8.5770 -8.4080 -8.2143 -7.9991 -7.7703 -7.1968 -6.6514 -6.1273 -5.6233 -5.1615
 -8.4827 -8.5085 -8.5330 -8.5512 -8.5588 -8.5526 -8.5287 -8.4820 -8.4095 -8.3091
 -8.1801 -8.0230 -7.8386 -7.6310 -7.4094 -6.8587 -6.3501 -5.8756 -5.4274 -5.0200
 -4.6704
 -8.1354 -8.1351 -8.1454 -8.1572 -8.1640 -8.1607 -8.1434 -8.1074 -8.0492 -7.9658
 -7.8550 -7.7157 -7.5475 -7.3534 -7.1418 -6.6110 -6.1308 -5.6938 -5.2867 -4.9184
 -4.6008 -4.3365
 -8.0179 -7.9296 -7.8857 -7.8690 -7.8633 -7.8566 -7.8412 -7.8117 -7.7640 -7.6946
 -7.6007 -7.4802 -7.3311 -7.1536 -6.9539 -6.4381 -5.9760 -5.5668 -5.1905 -4.8506
 -4.5576 -4.3126 -4.1109 -3.9432
 -8.2119 -8.0030 -7.8508 -7.7488 -7.6849 -7.6480 -7.6244 -7.5947 -7.5518 -7.4917
 -7.4110 -7.3070 -7.1767 -7.0177 -6.8323 -6.3284 -5.8747 -5.4836 -5.1308 -4.8119
 -4.5370 -4.3068 -4.1173 -3.9612 -3.8297 -3.7165 -3.6168 -3.5261 -3.4425 -3.3735
 -8.5354 -8.2507 -8.0113 -7.8192 -7.6719 -7.5641 -7.4912 -7.4467 -7.4080 -7.3544
 -7.2812 -7.1877 -7.0721 -6.9312 -6.7626 -6.2722 -5.8184 -5.4366 -5.1008 -4.7980
 -4.5359 -4.3164 -4.1356 -3.9879 -3.8658 -3.7623 -3.6734 -3.5950 -3.5255 -3.4631
 -3.4101
 -8.9256 -8.5740 -8.2702 -8.0102 -7.7934 -7.6177 -7.4784 -7.3715 -7.2958 -7.2385
 -7.1801 -7.1055 -7.0057 -6.8802 -6.7294 -6.2611 -5.8007 -5.4190 -5.0935 -4.8033
 -4.5510 -4.3381 -4.1633 -4.0215 -3.9058 -3.8102 -3.7293 -3.6598 -3.5995 -3.5478
 -3.5041
 -9.4295 -8.9868 -8.6078 -8.2828 -8.0040 -7.7676 -7.5708 -7.4096 -7.2796 -7.1755
 -7.0869 -7.0048 -6.9203 -6.8224 -6.7001 -6.2813 -5.8131 -5.4235 -5.1008 -4.8194
 -4.5731 -4.3656 -4.1949 -4.0567 -3.9463 -3.8570 -3.7836 -3.7215 -3.6686 -3.6238
 -3.5871
-10.1392 -9.5683 -9.0795 -8.6653 -8.3128 -8.0125 -7.7565 -7.5401 -7.3583 -7.2061
 -7.0760 -6.9598 -6.8501 -6.7428 -6.6337 -6.3022 -5.8622 -5.4572 -5.1290 -4.8508
 -4.6084 -4.4024 -4.2330 -4.0963 -3.9884 -3.9036 -3.8361 -3.7807 -3.7347 -3.6964
 -3.6651
-11.0386-10.3508 -9.7386 -9.2044 -8.7508 -8.3661 -8.0394 -7.7607 -7.5223 -7.3181
 -7.1421 -6.9874 -6.8467 -6.7141 -6.5862 -6.2743 -5.9162 -5.5150 -5.1732 -4.8912
 -4.6495 -4.4429 -4.2723 -4.1349 -4.0276 -3.9455 -3.8827 -3.8332 -3.7936 -3.7619
 -3.7381
-12.1277-11.2465-10.5485 -9.9127 -9.3469 -8.8583 -8.4406 -8.0838 -7.7782 -7.5147
 -7.2861 -7.0861 -6.9081 -6.7460 -6.5576 -6.1976 -5.9751 -5.5969 -5.2334
 [Fe/H] = -0.50 [alpha/Fe] = 0.40 BC value = F390M
 -9.6053 -9.6393 -9.6595 -9.6655 -9.6509 -9.6117 -9.5455 -9.4505 -9.3294 -9.1974
 -9.0607 -8.9167 -8.7606 -8.5854 -8.3893 -7.8428 -7.2748 -6.7000 -6.1013
 -9.0453 -9.0796 -9.1046 -9.1171 -9.1140 -9.0921 -9.0478 -8.9742 -8.8760 -8.7591
 -8.6276 -8.4816 -8.3191 -8.1367 -7.9351 -7.3948 -6.8562 -6.3318 -5.8264 -5.3528
 -8.5537 -8.5856 -8.6117 -8.6285 -8.6328 -8.6218 -8.5925 -8.5396 -8.4626 -8.3636
 -8.2442 -8.1058 -7.9481 -7.7700 -7.5735 -7.0514 -6.5442 -6.0640 -5.6094 -5.1899
 -4.8207
 -8.1637 -8.1826 -8.2033 -8.2200 -8.2282 -8.2244 -8.2059 -8.1685 -8.1091 -8.0272
 -7.9231 -7.7976 -7.6506 -7.4821 -7.2944 -6.7916 -6.3105 -5.8659 -5.4503 -5.0695
 -4.7347 -4.4504
 -7.9257 -7.8998 -7.8962 -7.9015 -7.9064 -7.9049 -7.8925 -7.8655 -7.8198 -7.7532
 -7.6646 -7.5540 -7.4207 -7.2648 -7.0877 -6.6016 -6.1385 -5.7214 -5.3367 -4.9852
 -4.6763 -4.4134 -4.1938 -4.0104
 -7.9896 -7.8453 -7.7531 -7.7008 -7.6766 -7.6650 -7.6518 -7.6292 -7.5925 -7.5380
 -7.4635 -7.3677 -7.2495 -7.1078 -6.9430 -6.4730 -6.0196 -5.6209 -5.2609 -4.9316
 -4.6420 -4.3957 -4.1897 -4.0185 -3.8750 -3.7521 -3.6446 -3.5467 -3.4569 -3.3823
 -8.2832 -8.0353 -7.8392 -7.6941 -7.5928 -7.5256 -7.4840 -7.4576 -7.4243 -7.3770
 -7.3129 -7.2300 -7.1264 -6.9999 -6.8493 -6.3980 -5.9475 -5.5586 -5.2163 -4.9049
 -4.6294 -4.3952 -4.1996 -4.0374 -3.9036 -3.7914 -3.6956 -3.6119 -3.5376 -3.4705
 -3.4132
 -8.6487 -8.3341 -8.0640 -7.8391 -7.6589 -7.5191 -7.4134 -7.3388 -7.2936 -7.2545
 -7.2030 -7.1326 -7.0416 -6.9295 -6.7944 -6.3679 -5.9170 -5.5291 -5.1972 -4.8998
 -4.6348 -4.4088 -4.2207 -4.0652 -3.9382 -3.8338 -3.7468 -3.6725 -3.6087 -3.5539
 -3.5067
 -9.0932 -8.7023 -8.3656 -8.0758 -7.8295 -7.6251 -7.4592 -7.3264 -7.2244 -7.1509
 -7.0911 -7.0320 -6.9627 -6.8733 -6.7591 -6.3697 -5.9194 -5.5254 -5.1959 -4.9076
 -4.6507 -4.4303 -4.2474 -4.0970 -3.9752 -3.8770 -3.7973 -3.7302 -3.6738 -3.6269
 -3.5888
 -9.7073 -9.2024 -8.7739 -8.4079 -8.0949 -7.8280 -7.6029 -7.4159 -7.2628 -7.1396
 -7.0395 -6.9526 -6.8704 -6.7873 -6.6966 -6.3883 -5.9586 -5.5536 -5.2186 -4.9332
 -4.6816 -4.4639 -4.2830 -4.1351 -4.0162 -3.9220 -3.8477 -3.7878 -3.7387 -3.6981
 -3.6650
-10.5475 -9.9079 -9.3506 -8.8766 -8.4736 -8.1318 -7.8417 -7.5960 -7.3889 -7.2158
 -7.0708 -6.9466 -6.8348 -6.7289 -6.6254 -6.3590 -6.0134 -5.6069 -5.2596 -4.9703
 -4.7203 -4.5033 -4.3218 -4.1742 -4.0563 -3.9643 -3.8939 -3.8392 -3.7961 -3.7619
 -3.7353
-11.5403-10.8058-10.1333 -9.5344 -9.0132 -8.5705 -8.1951 -7.8771 -7.6074 -7.3779
 -7.1822 -7.0139 -6.8661 -6.7319 -6.5455 -6.2818 -6.0838 -5.6853 -5.3189
 [Fe/H] = -0.25 [alpha/Fe] = 0.40 BC value = F390M
 -9.7640 -9.7924 -9.8072 -9.8021 -9.7707 -9.7080 -9.6101 -9.4824 -9.3535 -9.2255
 -9.0997 -8.9753 -8.8474 -8.7070 -8.5467 -8.0633 -7.5150 -6.9502 -6.3533
 -9.1888 -9.2216 -9.2393 -9.2421 -9.2260 -9.1884 -9.1257 -9.0326 -8.9228 -8.8072
 -8.6867 -8.5607 -8.4260 -8.2769 -8.1077 -7.6165 -7.0903 -6.5646 -6.0552 -5.5725
 -8.6742 -8.7073 -8.7309 -8.7420 -8.7381 -8.7168 -8.6757 -8.6098 -8.5227 -8.4225
 -8.3121 -8.1914 -8.0588 -7.9110 -7.7443 -7.2660 -6.7661 -6.2800 -5.8171 -5.3864
 -4.9994
 -8.2476 -8.2757 -8.2998 -8.3159 -8.3204 -8.3110 -8.2856 -8.2404 -8.1734 -8.0891
 -7.9904 -7.8786 -7.7528 -7.6110 -7.4510 -6.9915 -6.5165 -6.0645 -5.6390 -5.2460
 -4.8950 -4.5906
 -7.9367 -7.9430 -7.9567 -7.9701 -7.9774 -7.9750 -7.9600 -7.9295 -7.8797 -7.8106
 -7.7245 -7.6232 -7.5066 -7.3733 -7.2219 -6.7813 -6.3253 -5.9008 -5.5069 -5.1432
 -4.8191 -4.5382 -4.2997 -4.0989
 -7.8758 -7.7632 -7.7266 -7.7149 -7.7125 -7.7091 -7.6984 -7.6764 -7.6394 -7.5842
 -7.5110 -7.4213 -7.3153 -7.1920 -7.0504 -6.6287 -6.1854 -5.7808 -5.4127 -5.0731
 -4.7691 -4.5061 -4.2829 -4.0948 -3.9366 -3.8013 -3.6828 -3.5758 -3.4787 -3.3972
 -8.0552 -7.8550 -7.7138 -7.6186 -7.5570 -7.5213 -7.5014 -7.4806 -7.4503 -7.4057
 -7.3443 -7.2663 -7.1717 -7.0597 -6.9290 -6.5289 -6.0935 -5.6999 -5.3509 -5.0314
 -4.7428 -4.4929 -4.2814 -4.1037 -3.9558 -3.8320 -3.7270 -3.6362 -3.5555 -3.4827
 -3.4202
 -8.3991 -8.1177 -7.8831 -7.6979 -7.5584 -7.4569 -7.3849 -7.3365 -7.3059 -7.2690
 -7.2177 -7.1506 -7.0674 -6.9672 -6.8484 -6.4737 -6.0457 -5.6550 -5.3172 -5.0129
 -4.7369 -4.4963 -4.2935 -4.1238 -3.9833 -3.8679 -3.7725 -3.6918 -3.6229 -3.5638
 -3.5120
 -8.8009 -8.4523 -8.1506 -7.8935 -7.6808 -7.5101 -7.3754 -7.2700 -7.1946 -7.1462
 -7.1034 -7.0525 -6.9864 -6.9015 -6.7968 -6.4513 -6.0330 -5.6398 -5.3043 -5.0097
 -4.7436 -4.5099 -4.3132 -4.1497 -4.0153 -3.9062 -3.8180 -3.7451 -3.6846 -3.6344
 -3.5929
 -9.3246 -8.8860 -8.5072 -8.1820 -7.9034 -7.6682 -7.4736 -7.3146 -7.1864 -7.0872
 -7.0126 -6.9497 -6.8887 -6.8222 -6.7426 -6.4558 -6.0571 -5.6594 -5.3191 -5.0272
 -4.7677 -4.5384 -4.3444 -4.1844 -4.0538 -3.9488 -3.8656 -3.7993 -3.7458 -3.7004
 -3.6662
-10.0581 -9.4885 -8.9998 -8.5830 -8.2274 -7.9242 -7.6670 -7.4511 -7.2719 -7.1250
 -7.0059 -6.9077 -6.8215 -6.7402 -6.6594 -6.4321 -6.1025 -5.7051 -5.3549 -5.0590
 -4.8016 -4.5747 -4.3812 -4.2220 -4.0932 -3.9906 -3.9107 -3.8491 -3.8012 -3.7638
 -3.7320
-11.0015-10.3191 -9.6989 -9.1570 -8.6949 -8.3020 -7.9686 -7.6867 -7.4489 -7.2493
 -7.0825 -6.9426 -6.8222 -6.7137 -6.5472 -6.3802 -6.1692 -5.7769 -5.4117
 [Fe/H] =  0.00 [alpha/Fe] = 0.40 BC value = F390M
 -9.9615 -9.9848 -9.9774 -9.9385 -9.8702 -9.7736 -9.6562 -9.5066 -9.3851 -9.2641
 -9.1469 -9.0361 -8.9291 -8.8182 -8.6940 -8.2893 -7.7769 -7.2217 -6.6246
 -9.3784 -9.4060 -9.4165 -9.4059 -9.3709 -9.3090 -9.2177 -9.0956 -8.9761 -8.8613
 -8.7496 -8.6392 -8.5268 -8.4072 -8.2723 -7.8488 -7.3463 -6.8217 -6.3076 -5.8171
 -8.8399 -8.8716 -8.8897 -8.8914 -8.8742 -8.8362 -8.7756 -8.6894 -8.5877 -8.4845
 -8.3809 -8.2753 -8.1641 -8.0438 -7.9083 -7.4909 -7.0099 -6.5212 -6.0504 -5.6086
 -5.2058
 -8.3776 -8.4097 -8.4330 -8.4441 -8.4404 -8.4200 -8.3814 -8.3217 -8.2413 -8.1510
 -8.0560 -7.9566 -7.8500 -7.7333 -7.6020 -7.2008 -6.7434 -6.2876 -5.8530 -5.4480
 -5.0822 -4.7580
 -8.0126 -8.0344 -8.0553 -8.0700 -8.0746 -8.0662 -8.0431 -8.0032 -7.9431 -7.8667
 -7.7808 -7.6879 -7.5871 -7.4758 -7.3506 -6.9683 -6.5318 -6.1041 -5.7011 -5.3259
 -4.9873 -4.6886 -4.4305 -4.2090
 -7.7904 -7.7695 -7.7685 -7.7744 -7.7784 -7.7752 -7.7613 -7.7343 -7.6912 -7.6296
 -7.5539 -7.4686 -7.3744 -7.2696 -7.1512 -6.7888 -6.3692 -5.9626 -5.5867 -5.2370
 -4.9194 -4.6398 -4.3991 -4.1931 -4.0175 -3.8667 -3.7349 -3.6154 -3.5083 -3.4176
 -7.8687 -7.7317 -7.6417 -7.5892 -7.5637 -7.5507 -7.5375 -7.5164 -7.4841 -7.4363
 -7.3720 -7.2955 -7.2088 -7.1111 -7.0004 -6.6590 -6.2536 -5.8610 -5.5054 -5.1774
 -4.8770 -4.6115 -4.3839 -4.1902 -4.0264 -3.8885 -3.7714 -3.6701 -3.5806 -3.5002
 -3.4309
 -8.1718 -7.9261 -7.7346 -7.5965 -7.4994 -7.4304 -7.3819 -7.3506 -7.3215 -7.2829
 -7.2298 -7.1627 -7.0842 -6.9946 -6.8923 -6.5739 -6.1836 -5.7975 -5.4542 -5.1433
 -4.8574 -4.6025 -4.3842 -4.1997 -4.0450 -3.9160 -3.8092 -3.7197 -3.6436 -3.5786
 -3.5209
 -8.5439 -8.2307 -7.9612 -7.7380 -7.5615 -7.4262 -7.3238 -7.2507 -7.1979 -7.1558
 -7.1143 -7.0599 -6.9920 -6.9115 -6.8180 -6.5232 -6.1502 -5.7668 -5.4270 -5.1264
 -4.8523 -4.6059 -4.3946 -4.2174 -4.0698 -3.9480 -3.8489 -3.7680 -3.7010 -3.6455
 -3.6001
 -9.0043 -8.6148 -8.2766 -7.9853 -7.7386 -7.5354 -7.3714 -7.2416 -7.1404 -7.0623
 -7.0029 -6.9549 -6.9026 -6.8407 -6.7646 -6.5034 -6.1533 -5.7738 -5.4310 -5.1333
 -4.8670 -4.6271 -4.4197 -4.2464 -4.1035 -3.9865 -3.8925 -3.8177 -3.7579 -3.7095
 -3.6709
 -9.6253 -9.1261 -8.6987 -8.3308 -8.0144 -7.7449 -7.5185 -7.3313 -7.1777 -7.0531
 -6.9557 -6.8779 -6.8116 -6.7494 -6.6851 -6.4843 -6.1788 -5.8078 -5.4592 -5.1577
 -4.8938 -4.6583 -4.4528 -4.2808 -4.1401 -4.0261 -3.9356 -3.8650 -3.8105 -3.7685
 -3.7333
-10.4837 -9.8484 -9.2950 -8.8202 -8.4134 -8.0660 -7.7703 -7.5207 -7.3118 -7.1385
 -6.9958 -6.8788 -6.7809 -6.6948 -6.5795 -6.4659 -6.2267 -5.8688 -5.5116
 [Fe/H] =  0.25 [alpha/Fe] = 0.40 BC value = F390M
-10.1944-10.2144-10.1633-10.0626 -9.9328 -9.7909 -9.6507 -9.5237 -9.4135 -9.3046
 -9.1953 -9.0933 -8.9995 -8.9106 -8.8165 -8.5004 -8.0404 -7.5006 -6.9083
 -9.5980 -9.6221 -9.6219 -9.5934 -9.5323 -9.4353 -9.3002 -9.1436 -9.0235 -8.9140
 -8.8100 -8.7109 -8.6144 -8.5178 -8.4133 -8.0719 -7.6113 -7.0939 -6.5764 -6.0802
 -9.0397 -9.0694 -9.0808 -9.0704 -9.0349 -8.9729 -8.8837 -8.7667 -8.6491 -8.5441
 -8.4460 -8.3521 -8.2576 -8.1596 -8.0525 -7.7098 -7.2652 -6.7806 -6.3031 -5.8519
 -5.4353
 -8.5448 -8.5783 -8.5983 -8.6014 -8.5853 -8.5482 -8.4895 -8.4079 -8.3085 -8.2107
 -8.1183 -8.0285 -7.9383 -7.8426 -7.7374 -7.4055 -6.9825 -6.5304 -6.0884 -5.6726
 -5.2927 -4.9507
 -8.1330 -8.1646 -8.1865 -8.1984 -8.1958 -8.1767 -8.1400 -8.0845 -8.0084 -7.9207
 -7.8336 -7.7477 -7.6611 -7.5691 -7.4677 -7.1515 -6.7507 -6.3274 -5.9173 -5.5316
 -5.1792 -4.8641 -4.5861 -4.3442
 -7.8274 -7.8393 -7.8539 -7.8657 -7.8691 -7.8609 -7.8388 -7.8016 -7.7470 -7.6742
 -7.5934 -7.5113 -7.4280 -7.3400 -7.2431 -6.9444 -6.5646 -6.1649 -5.7826 -5.4233
 -5.0929 -4.7979 -4.5393 -4.3151 -4.1209 -3.9521 -3.8034 -3.6681 -3.5482 -3.4456
 -7.7474 -7.6714 -7.6304 -7.6168 -7.6117 -7.6047 -7.5895 -7.5632 -7.5238 -7.4678
 -7.3967 -7.3194 -7.2395 -7.1555 -7.0637 -6.7828 -6.4231 -6.0408 -5.6807 -5.3449
 -5.0331 -4.7532 -4.5090 -4.2990 -4.1185 -3.9643 -3.8318 -3.7167 -3.6153 -3.5250
 -3.4468
 -7.9668 -7.7689 -7.6321 -7.5375 -7.4707 -7.4269 -7.3986 -7.3740 -7.3419 -7.2986
 -7.2400 -7.1698 -7.0942 -7.0143 -6.9277 -6.6653 -6.3260 -5.9563 -5.6104 -5.2929
 -4.9978 -4.7300 -4.4960 -4.2966 -4.1267 -3.9823 -3.8611 -3.7592 -3.6733 -3.6000
 -3.5347
 -8.3168 -8.0334 -7.7976 -7.6131 -7.4768 -7.3782 -7.3043 -7.2455 -7.2025 -7.1636
 -7.1161 -7.0554 -6.9857 -6.9104 -6.8289 -6.5843 -6.2662 -5.9063 -5.5665 -5.2606
 -4.9792 -4.7216 -4.4957 -4.3039 -4.1424 -4.0065 -3.8939 -3.8013 -3.7252 -3.6626
 -3.6118
 -8.7328 -8.3818 -8.0764 -7.8162 -7.6019 -7.4316 -7.2986 -7.1946 -7.1128 -7.0520
 -7.0076 -6.9602 -6.9031 -6.8369 -6.7626 -6.5370 -6.2426 -5.8956 -5.5569 -5.2549
 -4.9826 -4.7336 -4.5131 -4.3257 -4.1692 -4.0391 -3.9325 -3.8464 -3.7775 -3.7211
 -3.6802
 -9.2628 -8.8249 -8.4449 -8.1157 -7.8326 -7.5942 -7.3981 -7.2387 -7.1092 -7.0054
 -6.9247 -6.8641 -6.8105 -6.7561 -6.6971 -6.5090 -6.2420 -5.9119 -5.5738 -5.2694
 -5.0003 -4.7573 -4.5407 -4.3553 -4.2012 -4.0746 -3.9720 -3.8905 -3.8269 -3.7784
 -3.7411
 -9.9985 -9.4365 -8.9512 -8.5330 -8.1730 -7.8640 -7.6018 -7.3822 -7.2005 -7.0509
 -6.9284 -6.8295 -6.7495 -6.6804 -6.6324 -6.5003 -6.2644 -5.9552 -5.6172
 [Fe/H] =  0.50 [alpha/Fe] = 0.40 BC value = F390M
-10.4627-10.4811-10.3649-10.1745 -9.9588 -9.7600 -9.5936 -9.5327 -9.4412 -9.3442
 -9.2412 -9.1434 -9.0575 -8.9818 -8.9083 -8.6756 -8.2896 -7.7715 -7.2178
 -9.8476 -9.8699 -9.8441 -9.7547 -9.6385 -9.4980 -9.3358 -9.1726 -9.0637 -8.9623
 -8.8645 -8.7723 -8.6862 -8.6046 -8.5230 -8.2648 -7.8670 -7.3671 -6.8505 -6.3498
 -9.2736 -9.3007 -9.2910 -9.2673 -9.2080 -9.1165 -8.9890 -8.8254 -8.6998 -8.5981
 -8.5044 -8.4183 -8.3357 -8.2537 -8.1687 -7.9038 -7.5165 -7.0472 -6.5644 -6.1067
 -5.6795
 -8.7364 -8.7709 -8.7870 -8.7808 -8.7487 -8.6893 -8.6031 -8.4910 -8.3694 -8.2655
 -8.1746 -8.0925 -8.0142 -7.9348 -7.8502 -7.5895 -7.2209 -6.7844 -6.3376 -5.9128
 -5.5206 -5.1630
 -8.2849 -8.3207 -8.3441 -8.3509 -8.3379 -8.3035 -8.2473 -8.1698 -8.0717 -7.9725
 -7.8830 -7.8022 -7.7266 -7.6502 -7.5685 -7.3176 -6.9704 -6.5642 -6.1508 -5.7558
 -5.3909 -5.0605 -4.7641 -4.5012
 -7.9232 -7.9487 -7.9707 -7.9833 -7.9821 -7.9646 -7.9296 -7.8769 -7.8054 -7.7178
 -7.6313 -7.5511 -7.4765 -7.4027 -7.3242 -7.0859 -6.7611 -6.3811 -5.9972 -5.6300
 -5.2878 -4.9781 -4.7023 -4.4595 -4.2465 -4.0587 -3.8907 -3.7368 -3.6010 -3.4833
 -7.7053 -7.6875 -7.6830 -7.6874 -7.6878 -7.6786 -7.6565 -7.6202 -7.5691 -7.5004
 -7.4201 -7.3413 -7.2669 -7.1946 -7.1194 -6.8948 -6.5923 -6.2348 -5.8751 -5.5325
 -5.2107 -4.9172 -4.6571 -4.4300 -4.2325 -4.0602 -3.9102 -3.7791 -3.6623 -3.5592
 -3.4699
 -7.8011 -7.6645 -7.5696 -7.5107 -7.4768 -7.4563 -7.4361 -7.4082 -7.3692 -7.3173
 -7.2494 -7.1741 -7.1001 -7.0287 -6.9563 -6.7453 -6.4649 -6.1263 -5.7842 -5.4615
 -5.1582 -4.8785 -4.6300 -4.4143 -4.2291 -4.0690 -3.9317 -3.8145 -3.7151 -3.6303
 -3.5551
 -8.1110 -7.8601 -7.6652 -7.5268 -7.4307 -7.3576 -7.2974 -7.2496 -7.2103 -7.1681
 -7.1135 -7.0460 -6.9738 -6.9031 -6.8327 -6.6342 -6.3745 -6.0532 -5.7214 -5.4118
 -5.1237 -4.8562 -4.6167 -4.4100 -4.2339 -4.0836 -3.9562 -3.8495 -3.7610 -3.6883
 -3.6296
 -8.4990 -8.1791 -7.9034 -7.6753 -7.4950 -7.3592 -7.2577 -7.1794 -7.1125 -7.0567
 -7.0090 -6.9520 -6.8853 -6.8161 -6.7469 -6.5592 -6.3204 -6.0189 -5.6947 -5.3912
 -5.1136 -4.8567 -4.6244 -4.4227 -4.2522 -4.1086 -3.9883 -3.8886 -3.8079 -3.7435
 -3.6927
 -8.9662 -8.5741 -8.2310 -7.9333 -7.6803 -7.4725 -7.3062 -7.1740 -7.0688 -6.9845
 -6.9174 -6.8645 -6.8105 -6.7501 -6.6861 -6.5108 -6.2911 -6.0112 -5.6958 -5.3932
 -5.1199 -4.8707 -4.6443 -4.4457 -4.2779 -4.1380 -4.0227 -3.9285 -3.8535 -3.7952
 -3.7508
 -9.5929 -9.0958 -8.6664 -8.2940 -7.9715 -7.6953 -7.4634 -7.2721 -7.1159 -6.9881
 -6.8837 -6.8009 -6.7331 -6.6739 -6.6503 -6.4890 -6.2866 -6.0301 -5.7247
