 [Fe/H] = -4.00 [alpha/Fe] = 0.40 BC value = F218W
-13.3491-12.1762-10.8169-10.6185-12.1472-14.5871-13.5187-11.6487-10.5069-10.4603
-10.3802-10.3390-10.8551-11.4415-11.8066-11.2053
-13.3346-12.8236-12.1523-11.9752-12.5266-13.6160-13.2003-12.4205-11.8397-11.6354
-11.4611-11.3715-11.5389-11.7352-11.7886-11.1910-10.6557-10.2356 -9.5994
-13.1383-12.9918-12.7511-12.6081-12.6233-12.8731-12.7904-12.6141-12.4004-12.1896
-12.0142-11.9028-11.8555-11.8028-11.6807-11.1015-10.5126-10.0348 -9.4870 -8.9396
 -8.6565
-12.7603-12.6808-12.6133-12.5172-12.4374-12.3585-12.2890-12.2295-12.1890-12.1230
-12.0394-11.9331-11.8050-11.6443-11.4829-10.9368-10.4383 -9.9074 -9.3194 -8.7221
 -8.1964 -7.7682 -7.4303
-12.5578-12.5160-12.4698-12.4016-12.3258-12.2402-12.1510-12.0636-11.9806-11.8995
-11.8117-11.7088-11.5884-11.4471-11.2889-10.8331-10.3264 -9.7070 -8.9962 -8.3399
 -7.8095 -7.4007 -7.0903 -6.8538 -6.6704
-12.3646-12.3492-12.3195-12.2720-12.2050-12.1208-12.0232-11.9194-11.8152-11.7131
-11.6117-11.5062-11.3898-11.2600-11.1166-10.7204-10.2227 -9.5474 -8.7535 -8.0471
 -7.5035 -7.1020 -6.8072 -6.5887 -6.4237 -6.2960
-12.1805-12.1804-12.1624-12.1284-12.0750-12.0003-11.9056-11.7969-11.6815-11.5652
-11.4508-11.3373-11.2214-11.0991-10.9660-10.5987-10.1272 -9.4286 -8.5913 -7.8437
 -7.2784 -6.8721 -6.5810 -6.3694 -6.2128 -6.0937 -5.9979 -5.9243 -5.8669 -5.7984
-12.0056-12.0096-11.9985-11.9739-11.9326-11.8711-11.7877-11.6849-11.5684-11.4459
-11.3230-11.2015-11.0814-10.9594-10.8319-10.4767-10.0154 -9.3469 -8.5159 -7.7466
 -7.1501 -6.7223 -6.4195 -6.2021 -6.0426 -5.9228 -5.8268 -5.7510 -5.6949 -5.6518
 -5.5986
-11.8424-11.8450-11.8358-11.8159-11.7826-11.7331-11.6642-11.5745-11.4662-11.3456
-11.2188-11.0912-10.9648-10.8389-10.7097-10.3575 -9.9046 -9.2739 -8.5049 -7.7449
 -7.1211 -6.6577 -6.3272 -6.0906 -5.9176 -5.7881 -5.6890 -5.6084 -5.5436 -5.4944
 -5.4603
-11.6939-11.6917-11.6810-11.6627-11.6338-11.5924-11.5355-11.4605-11.3660-11.2534
-11.1284-10.9972-10.8638-10.7307-10.5969-10.2401 -9.8051 -9.2170 -8.5109 -7.7956
 -7.1652 -6.6679 -6.2994 -6.0321 -5.8362 -5.6896 -5.5776 -5.4899 -5.4191 -5.3610
 -5.3139
-11.5581-11.5526-11.5392-11.5187-11.4912-11.4540-11.4052-11.3422-11.2621-11.1626
-11.0447-10.9143-10.7774-10.6392-10.5026-10.1461 -9.7251 -9.1974 -8.5507 -7.8802
 -7.2661 -6.7494 -6.3438 -6.0378 -5.8100 -5.6385 -5.5071 -5.4042 -5.3219 -5.2546
 -5.1943
-11.4349-11.4277-11.4119-11.3883-11.3595-11.3229-11.2779-11.2217-11.1515-11.0599
-10.9498-10.8265-10.6945-10.5576-10.4185-10.0540 -9.6510 -9.1825 -8.6045 -7.9752
 -7.3807 -6.8631 -6.4347 -6.0947 -5.8320 -5.6307 -5.4752 -5.3532 -5.2556 -5.1760
 -5.1101
-11.3245-11.3171-11.2991-11.2715-11.2387-11.1991-11.1574-11.1033-11.0373-10.9552
-10.8573-10.7447-10.6189-10.4859-10.3444 -9.9639 -9.5828 -9.1723 -8.6723
 [Fe/H] = -3.00 [alpha/Fe] = 0.40 BC value = F218W
-12.6526-12.5804-12.5478-12.5727-12.6765-12.9267-12.7903-12.6317-12.5064-12.4093
-12.2650-12.1216-12.0897-12.0772-11.9859-11.4734
-12.6720-12.5889-12.5299-12.5073-12.5366-12.6552-12.5907-12.5055-12.4209-12.3358
-12.2224-12.0988-12.0062-11.9115-11.7755-11.2865-10.7768-10.3089 -9.8644
-12.6678-12.5803-12.5040-12.4466-12.4187-12.4373-12.4065-12.3609-12.2999-12.2227
-12.1288-12.0179-11.8896-11.7439-11.5808-11.1159-10.6334-10.1504 -9.6456 -9.1395
 -8.6536
-12.6400-12.5546-12.4701-12.3906-12.3228-12.2730-12.2377-12.1980-12.1432-12.0699
-11.9843-11.8788-11.7399-11.5746-11.4018-10.9616-10.4999 -9.9835 -9.3997 -8.8076
 -8.2840 -7.8519 -7.5182
-12.5886-12.5118-12.4282-12.3393-12.2489-12.1623-12.0843-12.0168-11.9509-11.8774
-11.7888-11.6816-11.5571-11.4035-11.2385-10.8236-10.3763 -9.8082 -9.1266 -8.4682
 -7.9236 -7.4994 -7.1746 -6.9250 -6.7281
-12.5136-12.4519-12.3783-12.2927-12.1970-12.0954-11.9923-11.8925-11.7983-11.7081
-11.6132-11.5069-11.3894-11.2520-11.0987-10.7045-10.2607 -9.6442 -8.8818 -8.1713
 -7.6126 -7.1958 -6.8873 -6.6567 -6.4812 -6.3437
-12.4163-12.3713-12.3128-12.2385-12.1486-12.0452-11.9326-11.8156-11.6994-11.5862
-11.4750-11.3630-11.2460-11.1202-10.9782-10.5978-10.1513 -9.5104 -8.7083 -7.9599
 -7.3809 -6.9602 -6.6563 -6.4334 -6.2669 -6.1394 -6.0365 -5.9566 -5.8933 -5.8195
-12.3046-12.2738-12.2304-12.1713-12.0938-11.9984-11.8872-11.7650-11.6370-11.5084
-11.3814-11.2563-11.1311-11.0043-10.8670-10.4936-10.0429 -9.4149 -8.6192 -7.8534
 -7.2458 -6.8045 -6.4898 -6.2618 -6.0931 -5.9655 -5.8662 -5.7839 -5.7204 -5.6725
 -5.6148
-12.2120-12.1770-12.1367-12.0916-12.0290-11.9472-11.8455-11.7271-11.5968-11.4598
-11.3206-11.1825-11.0459-10.9097-10.7681-10.3934 -9.9422 -9.3444 -8.6130 -7.8435
 -7.2374 -6.7346 -6.3925 -6.1458 -5.9642 -5.8276 -5.7225 -5.6376 -5.5694 -5.5162
 -5.4767
-12.0579-12.0678-12.0490-12.0045-11.9547-11.8872-11.7996-11.6921-11.5668-11.4285
-11.2824-11.1335-10.9847-10.8371-10.6871-10.3006 -9.8601 -9.2939 -8.6067 -7.8901
 -7.2499 -6.7400 -6.3600 -6.0828 -5.8788 -5.7255 -5.6082 -5.5160 -5.4413 -5.3794
 -5.3297
-11.9501-11.9612-11.9490-11.9159-11.8775-11.8217-11.7490-11.6561-11.5429-11.4113
-11.2655-11.1109-10.9525-10.7936-10.6346-10.2324 -9.8049 -9.2833 -8.6486 -7.9760
 -7.3492 -6.8190 -6.4010 -6.0850 -5.8492 -5.6712 -5.5348 -5.4279 -5.3423 -5.2720
 -5.2091
-11.8474-11.8574-11.8532-11.8360-11.8078-11.7664-11.7078-11.6134-11.5151-11.3962
-11.2579-11.1044-10.9410-10.7731-10.6042-10.1837 -9.7589 -9.2832 -8.7066 -8.0729
 -7.4655 -6.9321 -6.4904 -6.1394 -5.8684 -5.6606 -5.5004 -5.3746 -5.2739 -5.1919
 -5.1237
-11.7498-11.7564-11.7613-11.7647-11.7457-11.7213-11.6429-11.5785-11.4945-11.3749
-11.2496-11.1043-10.9425-10.7701-10.5959-10.1545 -9.7221 -9.2936 -8.7807
 [Fe/H] = -2.50 [alpha/Fe] = 0.40 BC value = F218W
-12.6553-12.7212-12.8504-12.8845-12.7770-12.6584-12.6658-12.7489-12.7705-12.6788
-12.5452-12.3973-12.2599-12.1247-11.9641-11.4978
-12.6212-12.6010-12.6248-12.6181-12.5615-12.5041-12.4944-12.5096-12.4946-12.4257
-12.3237-12.1943-12.0482-11.8936-11.7274-11.2837-10.8129-10.3556 -9.9536
-12.5965-12.5181-12.4673-12.4245-12.3878-12.3580-12.3317-12.3022-12.2610-12.2013
-12.1166-12.0008-11.8537-11.6890-11.5199-11.0949-10.6632-10.2136 -9.7430 -9.2546
 -8.7518
-12.5812-12.4725-12.3779-12.3037-12.2559-12.2201-12.1777-12.1267-12.0697-12.0056
-11.9239-11.8168-11.6764-11.5109-11.3416-10.9314-10.5229-10.0583 -9.5076 -8.9232
 -8.3939 -7.9458 -7.5831
-12.5753-12.4642-12.3566-12.2557-12.1658-12.0904-12.0324-11.9831-11.9207-11.8386
-11.7456-11.6423-11.5163-11.3593-11.1925-10.7932-10.3920 -9.8897 -9.2474 -8.5914
 -8.0332 -7.5936 -7.2553 -6.9930 -6.7877
-12.5573-12.4548-12.3489-12.2415-12.1355-12.0344-11.9408-11.8559-11.7793-11.7026
-11.6087-11.4979-11.3784-11.2371-11.0759-10.6788-10.2653 -9.7176 -9.0020 -8.2940
 -7.7204 -7.2878 -6.9657 -6.7237 -6.5384 -6.3922
-12.5190-12.4321-12.3369-12.2339-12.1251-12.0132-11.9014-11.7926-11.6880-11.5870
-11.4876-11.3821-11.2656-11.1360-10.9843-10.5813-10.1428 -9.5629 -8.8154 -8.0756
 -7.4843 -7.0485 -6.7314 -6.4978 -6.3221 -6.1862 -6.0759 -5.9894 -5.9201 -5.8408
-12.4586-12.3910-12.3121-12.2212-12.1186-12.0065-11.8877-11.7653-11.6431-11.5222
-11.4026-11.2836-11.1629-11.0392-10.8983-10.4966-10.0343 -9.4457 -8.7072 -7.9585
 -7.3431 -6.8885 -6.5613 -6.3230 -6.1458 -6.0105 -5.9042 -5.8158 -5.7469 -5.6939
 -5.6312
-12.3800-12.3313-12.2708-12.1966-12.1071-12.0029-11.8858-11.7590-11.6264-11.4917
-11.3564-11.2212-11.0863-10.9516-10.8113-10.4184 -9.9492 -9.3723 -8.6713 -7.9364
 -7.3005 -6.8140 -6.4603 -6.2038 -6.0142 -5.8704 -5.7589 -5.6696 -5.5957 -5.5355
 -5.4935
-12.2889-12.2568-12.2132-12.1564-12.0834-11.9927-11.8847-11.7615-11.6266-11.4840
-11.3373-11.1888-11.0398-10.8907-10.7400-10.3417 -9.8878 -9.3304 -8.6753 -7.9753
 -7.3341 -6.8150 -6.4246 -6.1380 -5.9261 -5.7659 -5.6425 -5.5449 -5.4656 -5.3997
 -5.3464
-12.1927-12.1746-12.1452-12.1038-12.0477-11.9737-11.8808-11.7686-11.6394-11.4969
-11.3450-11.1876-11.0273-10.8662-10.7040-10.2888 -9.8513 -9.3312 -8.7179 -8.0594
 -7.4306 -6.8912 -6.4630 -6.1379 -5.8941 -5.7093 -5.5670 -5.4550 -5.3651 -5.2912
 -5.2252
-12.0932-12.0866-12.0696-12.0407-11.9986-11.9414-11.8656-11.7694-11.6532-11.5186
-11.3688-11.2083-11.0409-10.8699-10.6968-10.2604 -9.8244 -9.3447 -8.7788 -8.1566
 -7.5473 -7.0046 -6.5517 -6.1910 -5.9117 -5.6969 -5.5307 -5.3999 -5.2951 -5.2097
 -5.1388
-11.9903-11.9928-11.9882-11.9696-11.9394-11.8959-11.8362-11.7578-11.6586-11.5385
-11.3988-11.2425-11.0736-10.8965-10.7184-10.2565 -9.8071 -9.3709 -8.8580
 [Fe/H] = -2.00 [alpha/Fe] = 0.40 BC value = F218W
-12.9381-12.8925-12.8660-12.8510-12.8280-12.7982-12.7549-12.6976-12.6228-12.5324
-12.4238-12.2992-12.1638-12.0215-11.8891-11.4735
-12.7574-12.6994-12.6571-12.6254-12.5997-12.5725-12.5371-12.4882-12.4236-12.3420
-12.2388-12.1110-11.9624-11.8051-11.6516-11.2472-10.8327-10.4090-10.0139
-12.6345-12.5516-12.4885-12.4415-12.4045-12.3711-12.3350-12.2888-12.2297-12.1546
-12.0580-11.9340-11.7825-11.6171-11.4517-11.0551-10.6726-10.2804 -9.8524 -9.3797
 -8.9164
-12.5694-12.4491-12.3602-12.2993-12.2425-12.1939-12.1486-12.0994-12.0411-11.9702
-11.8814-11.7682-11.6241-11.4575-11.2894-10.8972-10.5304-10.1392 -9.6562 -9.0975
 -8.5683 -8.0883 -7.6931
-12.5541-12.4084-12.2930-12.2037-12.1321-12.0700-12.0107-11.9487-11.8807-11.8062
-11.7207-11.6189-11.4913-11.3327-11.1647-10.7735-10.4061 -9.9854 -9.4253 -8.7864
 -8.2067 -7.7399 -7.3785 -7.0975 -6.8766
-12.5721-12.4294-12.2948-12.1808-12.0848-12.0007-11.9234-11.8488-11.7733-11.6921
-11.5976-11.4949-11.3796-11.2384-11.0741-10.6767-10.2883 -9.8151 -9.1849 -8.4935
 -7.8950 -7.4333 -7.0878 -6.8271 -6.6262 -6.4656
-12.5881-12.4519-12.3178-12.1881-12.0655-11.9525-11.8498-11.7572-11.6730-11.5954
-11.5110-11.4076-11.2919-11.1623-11.0085-10.5971-10.1732 -9.6476 -8.9793 -8.2654
 -7.6544 -7.1910 -6.8508 -6.5988 -6.4080 -6.2593 -6.1378 -6.0408 -5.9613 -5.8732
-12.5893-12.4690-12.3438-12.2170-12.0906-11.9669-11.8476-11.7343-11.6271-11.5239
-11.4234-11.3234-11.2157-11.0951-10.9524-10.5317-10.0712 -9.5143 -8.8409 -8.1290
 -7.5048 -7.0267 -6.6772 -6.4210 -6.2293 -6.0818 -5.9648 -5.8668 -5.7888 -5.7272
 -5.6570
-12.5670-12.4695-12.3615-12.2457-12.1241-11.9987-11.8715-11.7444-11.6196-11.4977
-11.3770-11.2570-11.1373-11.0179-10.8877-10.4814 -9.9984 -9.4337 -8.7778 -8.0842
 -7.4509 -6.9466 -6.5728 -6.2988 -6.0950 -5.9394 -5.8178 -5.7194 -5.6372 -5.5697
 -5.5207
-12.5148-12.4421-12.3579-12.2611-12.1526-12.0341-11.9073-11.7745-11.6384-11.5014
-11.3644-11.2274-11.0899-10.9530-10.8160-10.4261 -9.9554 -9.3969 -8.7688 -8.1037
 -7.4718 -6.9414 -6.5333 -6.2300 -6.0041 -5.8324 -5.6993 -5.5933 -5.5064 -5.4335
 -5.3741
-12.4396-12.3918-12.3315-12.2573-12.1687-12.0655-11.9481-11.8184-11.6794-11.5342
-11.3854-11.2346-11.0826-10.9299-10.7772-10.3779 -9.9366 -9.4070 -8.8093 -8.1777
 -7.5595 -7.0126 -6.5691 -6.2277 -5.9699 -5.7737 -5.6219 -5.5018 -5.4046 -5.3243
 -5.2527
-12.3498-12.3207-12.2818-12.2294-12.1625-12.0797-11.9795-11.8619-11.7289-11.5838
-11.4299-11.2702-11.1070-10.9415-10.7747-10.3497 -9.9176 -9.4326 -8.8711 -8.2710
 -7.6731 -7.1240 -6.6563 -6.2796 -5.9862 -5.7597 -5.5838 -5.4449 -5.3331 -5.2417
 -5.1655
-12.2470-12.2368-12.2144-12.1806-12.1334-12.0710-11.9915-11.8929-11.7748-11.6388
-11.4881-11.3263-11.1568-10.9823-10.8085-10.3415 -9.8984 -9.4737 -8.9542
 [Fe/H] = -1.50 [alpha/Fe] = 0.40 BC value = F218W
-13.2083-13.1569-13.1095-13.0617-13.0183-12.9577-12.8690-12.7519-12.6272-12.5008
-12.3679-12.2293-12.0875-11.9429-11.7968-11.4298
-12.9832-12.9212-12.8688-12.8206-12.7744-12.7190-12.6425-12.5417-12.4332-12.3181
-12.1909-12.0484-11.8937-11.7353-11.5791-11.2055-10.8427-10.4771-10.1103
-12.8040-12.7249-12.6604-12.6052-12.5536-12.4994-12.4318-12.3446-12.2493-12.1451
-12.0267-11.8884-11.7309-11.5652-11.4021-11.0237-10.6744-10.3322 -9.9695 -9.5551
 -9.1204
-12.6707-12.5680-12.4843-12.4155-12.3559-12.2990-12.2369-12.1606-12.0755-11.9818
-11.8753-11.7493-11.5991-11.4326-11.2658-10.8844-10.5421-10.2056 -9.8200 -9.3350
 -8.8012 -8.3155 -7.9003
-12.6017-12.4653-12.3534-12.2678-12.1937-12.1284-12.0653-11.9958-11.9184-11.8336
-11.7386-11.6281-11.4942-11.3356-11.1685-10.7829-10.4386-10.0849 -9.6436 -9.0765
 -8.4851 -7.9748 -7.5716 -7.2574 -7.0103
-12.5930-12.4290-12.2899-12.1735-12.0779-12.0014-11.9381-11.8701-11.7941-11.7115
-11.6219-11.5225-11.4066-11.2645-11.1021-10.7100-10.3530 -9.9597 -9.4447 -8.8117
 -8.1885 -7.6756 -7.2842 -6.9888 -6.7608 -6.5799
-12.6272-12.4563-12.2965-12.1519-12.0265-11.9206-11.8347-11.7664-11.7028-11.6304
-11.5413-11.4410-11.3319-11.2073-11.0568-10.6571-10.2770 -9.8342 -9.2551 -8.5856
 -7.9500 -7.4350 -7.0481 -6.7606 -6.5428 -6.3722 -6.2327 -6.1194 -6.0236 -5.9209
-12.6703-12.5021-12.3391-12.1851-12.0429-11.9157-11.8042-11.7069-11.6204-11.5428
-11.4683-11.3824-11.2775-11.1580-11.0216-10.6186-10.2094 -9.7258 -9.1117 -8.4313
 -7.7918 -7.2686 -6.8739 -6.5819 -6.3629 -6.1937 -6.0587 -5.9467 -5.8531 -5.7770
 -5.6944
-12.7085-12.5527-12.3953-12.2403-12.0917-11.9517-11.8220-11.7035-11.5954-11.4949
-11.3988-11.3058-11.2121-11.1074-10.9838-10.5930-10.1555 -9.6493 -9.0302 -8.3579
 -7.7731 -7.1825 -6.7675 -6.4583 -6.2270 -6.0499 -5.9107 -5.7955 -5.6999 -5.6223
 -5.5612
-12.7149-12.5887-12.4475-12.3021-12.1554-12.0109-11.8707-11.7364-11.6089-11.4882
-11.3724-11.2590-11.1467-11.0357-10.9210-10.5636-10.1180 -9.6028 -8.9990 -8.3475
 -7.7182 -7.1665 -6.7239 -6.3873 -6.1341 -5.9408 -5.7904 -5.6700 -5.5709 -5.4869
 -5.4173
-12.6851-12.5911-12.4793-12.3556-12.2225-12.0836-11.9420-11.7999-11.6591-11.5212
-11.3866-11.2548-11.1242-10.9943-10.8651-10.5187-10.1031 -9.5967 -9.0188 -8.3975
 -7.7845 -7.2254 -6.7545 -6.3830 -6.0986 -5.8807 -5.7117 -5.5775 -5.4687 -5.3782
 -5.2974
-12.6225-12.5578-12.4764-12.3803-12.2711-12.1494-12.0176-11.8777-11.7325-11.5845
-11.4355-11.2870-11.1393-10.9923-10.8457-10.4732-10.0782 -9.6110 -9.0627 -8.4735
 -7.8824 -7.3260 -6.8368 -6.4330 -6.1140 -5.8659 -5.6727 -5.5198 -5.3966 -5.2955
 -5.2106
-12.5297-12.4902-12.4367-12.3698-12.2878-12.1908-12.0789-11.9527-11.8141-11.6657
-11.5104-11.3511-11.1897-11.0274-10.8628-10.4271-10.0433 -9.6457 -9.1307
 [Fe/H] = -1.00 [alpha/Fe] = 0.40 BC value = F218W
-13.6222-13.5743-13.5210-13.4565-13.3881-13.2799-13.1067-12.8808-12.6710-12.4725
-12.3087-12.1582-12.0154-11.8735-11.7326-11.3882
-13.3470-13.2926-13.2391-13.1795-13.1111-13.0150-12.8710-12.6788-12.4885-12.3162
-12.1563-12.0010-11.8467-11.6932-11.5423-11.1861-10.8568-10.5283-10.1935
-13.1098-13.0434-12.9837-12.9237-12.8561-12.7711-12.6525-12.4916-12.3278-12.1716
-12.0199-11.8668-11.7092-11.5497-11.3923-11.0270-10.6978-10.3845-10.0675 -9.7265
 -9.3314
-12.9106-12.8267-12.7548-12.6891-12.6230-12.5483-12.4512-12.3192-12.1782-12.0387
-11.8995-11.7556-11.6029-11.4430-11.2826-10.9109-10.5829-10.2734 -9.9536 -9.5818
 -9.1233 -8.6418 -8.1875
-12.7634-12.6557-12.5649-12.4865-12.4149-12.3439-12.2637-12.1577-12.0379-11.9154
-11.7910-11.6610-11.5198-11.3663-11.2066-10.8294-10.4989-10.1859 -9.8456 -9.4189
 -8.8904 -8.3511 -7.8863 -7.5136 -7.2179
-12.6758-12.5387-12.4260-12.3298-12.2456-12.1693-12.0947-12.0092-11.9086-11.8019
-11.6920-11.5767-11.4506-11.3094-11.1553-10.7739-10.4375-10.1150 -9.7398 -9.2462
 -8.6578 -8.0897 -7.6207 -7.2573 -6.9752 -6.7537
-12.6751-12.5000-12.3462-12.2174-12.1134-12.0298-11.9567-11.8832-11.7976-11.7031
-11.6040-11.5004-11.3888-11.2630-11.1197-10.7378-10.3921-10.0560 -9.6415 -9.0879
 -8.4577 -7.8721 -7.3987 -7.0377 -6.7639 -6.5510 -6.3798 -6.2388 -6.1180 -5.9934
-12.7150-12.5276-12.3519-12.1926-12.0543-11.9377-11.8412-11.7630-11.6949-11.6222
-11.5366-11.4398-11.3349-11.2207-11.0919-10.7162-10.3578-10.0055 -9.5601 -8.9673
 -8.3139 -7.7163 -7.2328 -6.8649 -6.5878 -6.3753 -6.2063 -6.0677 -5.9517 -5.8530
 -5.7503
-12.7729-12.5832-12.3999-12.2268-12.0674-11.9261-11.8037-11.6990-11.6087-11.5291
-11.4557-11.3800-11.2908-11.1852-11.0658-10.7060-10.3326 -9.9618 -9.4992 -8.8936
 -8.2334 -7.6276 -7.1293 -6.7449 -6.4547 -6.2332 -6.0601 -5.9198 -5.8020 -5.7033
 -5.6163
-12.8366-12.6526-12.4704-12.2923-12.1227-11.9651-11.8222-11.6952-11.5832-11.4833
-11.3916-11.3046-11.2195-11.1303-11.0275-10.6984-10.3118 -9.9211 -9.4520 -8.8561
 -8.2041 -7.5948 -7.0806 -6.6737 -6.3625 -6.1247 -5.9404 -5.7931 -5.6721 -5.5699
 -5.4836
-12.8794-12.7212-12.5525-12.3802-12.2089-12.0434-11.8871-11.7421-11.6090-11.4878
-11.3761-11.2708-11.1686-11.0674-10.9655-10.6747-10.3055 -9.8955 -9.4288 -8.8599
 -8.2318 -7.6274 -7.0994 -6.6666 -6.3273 -6.0655 -5.8625 -5.7015 -5.5711 -5.4630
 -5.3710
-12.8762-12.7533-12.6152-12.4642-12.3046-12.1422-11.9815-11.8259-11.6771-11.5364
-11.4036-11.2777-11.1568-11.0382-10.9202-10.6209-10.2850 -9.8831 -9.4194 -8.8813
 -8.2865 -7.6976 -7.1641 -6.7100 -6.3416 -6.0513 -5.8242 -5.6445 -5.5000 -5.3815
 -5.2821
-12.8240-12.7344-12.6319-12.5147-12.3813-12.2368-12.0853-11.9304-11.7753-11.6221
-11.4723-11.3268-11.1856-11.0479-10.8916-10.5370-10.2503 -9.8839 -9.4238
 [Fe/H] = -0.75 [alpha/Fe] = 0.30 BC value = F218W
-13.7917-13.7456-13.6919-13.6223-13.5432-13.4136-13.2048-12.9330-12.6898-12.4693
-12.2988-12.1462-12.0040-11.8661-11.7291-11.3938
-13.5049-13.4533-13.4004-13.3378-13.2611-13.1482-12.9761-12.7459-12.5219-12.3288
-12.1594-12.0020-11.8500-11.7010-11.5544-11.2074-10.8841-10.5679-10.2450
-13.2548-13.1919-13.1339-13.0729-12.9997-12.9025-12.7627-12.5713-12.3773-12.1998
-12.0363-11.8797-11.7243-11.5694-11.4166-11.0602-10.7377-10.4309-10.1217 -9.7982
 -9.4306
-13.0414-12.9614-12.8924-12.8276-12.7590-12.6766-12.5646-12.4092-12.2427-12.0823
-11.9295-11.7793-11.6269-11.4713-11.3157-10.9522-10.6297-10.3262-10.0178 -9.6796
 -9.2714 -8.8049 -8.3453
-12.8776-12.7747-12.6878-12.6119-12.5406-12.4659-12.3765-12.2537-12.1134-11.9721
-11.8333-11.6944-11.5506-11.3997-11.2447-10.8758-10.5508-10.2464 -9.9295 -9.5583
 -9.0902 -8.5678 -8.0978 -7.6992 -7.3663
-12.7685-12.6426-12.5340-12.4401-12.3571-12.2801-12.2014-12.1055-11.9897-11.8675
-11.7442-11.6189-11.4874-11.3460-11.1957-10.8234-10.4931-10.1853 -9.8532 -9.4371
 -8.9079 -8.3414 -7.8386 -7.4352 -7.1203 -6.8712
-12.7327-12.5646-12.4226-12.3067-12.2121-12.1294-12.0518-11.9711-11.8756-11.7704
-11.6613-11.5493-11.4313-11.3027-11.1612-10.7891-10.4511-10.1377 -9.7880 -9.3276
 -8.7476 -8.1489 -7.6316 -7.2246 -6.9125 -6.6687 -6.4748 -6.3173 -6.1807 -6.0431
-12.7610-12.5724-12.3986-12.2452-12.1143-12.0048-11.9152-11.8416-11.7697-11.6860
-11.5906-11.4881-11.3802-11.2641-11.1346-10.7689-10.4212-10.0991 -9.7343 -9.2411
 -8.6279 -8.0079 -7.4753 -7.0577 -6.7402 -6.4965 -6.3045 -6.1469 -6.0166 -5.9046
 -5.7904
-12.8145-12.6198-12.4336-12.2597-12.1025-11.9648-11.8465-11.7457-11.6598-11.5835
-11.5105-11.4309-11.3369-11.2295-11.1107-10.7600-10.4013-10.0670 -9.6901 -9.1825
 -8.5563 -7.9242 -7.3762 -6.9416 -6.6098 -6.3566 -6.1592 -6.0005 -5.8683 -5.7573
 -5.6642
-12.8793-12.6869-12.4979-12.3156-12.1438-11.9861-11.8450-11.7212-11.6130-11.5172
-11.4299-11.3480-11.2676-11.1804-11.0781-10.7555-10.3868-10.0359 -9.6493 -9.1427
 -8.5218 -7.8879 -7.3273 -6.8721 -6.5196 -6.2496 -6.0408 -5.8749 -5.7388 -5.6249
 -5.5284
-12.9376-12.7631-12.5818-12.4008-12.2236-12.0547-11.8973-11.7533-11.6235-11.5069
-11.4008-11.3017-11.2063-11.1128-11.0181-10.7406-10.3862-10.0160 -9.6216 -9.1301
 -8.5333 -7.9102 -7.3418 -6.8651 -6.4864 -6.1925 -5.9646 -5.7847 -5.6395 -5.5192
 -5.4172
-12.9560-12.8120-12.6570-12.4913-12.3214-12.1514-11.9860-11.8285-11.6808-11.5435
-11.4163-11.2975-11.1845-11.0743-10.9653-10.6908-10.3767-10.0053 -9.6012 -9.1278
 -8.5650 -7.9650 -7.3989 -6.9067 -6.5019 -6.1804 -5.9283 -5.7292 -5.5695 -5.4389
 -5.3297
-12.9242-12.8135-12.6918-12.5572-12.4093-12.2528-12.0922-11.9313-11.7738-11.6215
-11.4755-11.3362-11.2031-11.0745-10.9197-10.6061-10.3583-10.0038 -9.5881
 [Fe/H] = -0.50 [alpha/Fe] = 0.20 BC value = F218W
-13.9745-13.9305-13.8764-13.8014-13.7076-13.5505-13.3007-12.9882-12.7065-12.4817
-12.2926-12.1392-11.9978-11.8626-11.7315-11.4086
-13.6804-13.6306-13.5774-13.5106-13.4229-13.2895-13.0849-12.8129-12.5551-12.3436
-12.1661-12.0079-11.8589-11.7145-11.5735-11.2375-10.9234-10.6162-10.3027
-13.4204-13.3593-13.3015-13.2378-13.1571-13.0453-12.8807-12.6547-12.4290-12.2296
-12.0559-11.8971-11.7449-11.5954-11.4482-11.1020-10.7865-10.4856-10.1831 -9.8703
 -9.5271
-13.1945-13.1166-13.0487-12.9830-12.9101-12.8180-12.6881-12.5061-12.3108-12.1281
-11.9620-11.8068-11.6558-11.5053-11.3556-11.0021-10.6854-10.3871-10.0865 -9.7696
 -9.4080 -8.9830 -8.5342
-13.0153-12.9150-12.8303-12.7552-12.6823-12.6021-12.5011-12.3588-12.1949-12.0320
-11.8780-11.7308-11.5854-11.4380-11.2887-10.9303-10.6108-10.3129-10.0095 -9.6779
 -9.2764 -8.7980 -8.3108 -7.8788 -7.5210
-12.8910-12.7673-12.6606-12.5683-12.4857-12.4067-12.3219-12.2129-12.0790-11.9380
-11.7993-11.6636-11.5273-11.3867-11.2410-10.8796-10.5555-10.2565 -9.9486 -9.5957
 -9.1487 -8.6197 -8.0996 -7.6558 -7.2996 -7.0157
-12.8121-12.6552-12.5275-12.4226-12.3300-12.2442-12.1619-12.0735-11.9658-11.8462
-11.7238-11.6011-11.4762-11.3453-11.2063-10.8458-10.5148-10.2131 -9.9004 -9.5255
 -9.0363 -8.4652 -7.9176 -7.4608 -7.1015 -6.8199 -6.5963 -6.4146 -6.2577 -6.1038
-12.8205-12.6319-12.4629-12.3181-12.1969-12.0968-12.0135-11.9393-11.8574-11.7601
-11.6534-11.5429-11.4291-11.3093-11.1798-10.8253-10.4859-10.1789 -9.8618 -9.4694
 -8.9490 -8.3482 -7.7781 -7.3051 -6.9362 -6.6516 -6.4280 -6.2464 -6.0968 -5.9676
 -5.8396
-12.8659-12.6663-12.4783-12.3059-12.1527-12.0205-11.9075-11.8116-11.7298-11.6540
-11.5759-11.4875-11.3866-11.2765-11.1573-10.8155-10.4675-10.1518 -9.8292 -9.4266
 -8.8913 -8.2747 -7.6876 -7.1960 -6.8112 -6.5154 -6.2857 -6.1013 -5.9501 -5.8236
 -5.7161
-12.9293-12.7280-12.5328-12.3472-12.1747-12.0187-11.8809-11.7608-11.6561-11.5635
-11.4792-11.4006-11.3215-11.2328-11.1288-10.8110-10.4560-10.1268 -9.7963 -9.3901
 -8.8541 -8.2355 -7.6385 -7.1293 -6.7246 -6.4116 -6.1695 -5.9781 -5.8226 -5.6927
 -5.5835
-12.9981-12.8071-12.6148-12.4258-12.2438-12.0728-11.9158-11.7742-11.6480-11.5356
-11.4339-11.3394-11.2496-11.1620-11.0726-10.8030-10.4585-10.1131 -9.7719 -9.3686
 -8.8488 -8.2442 -7.6465 -7.1219 -6.6941 -6.3577 -6.0964 -5.8907 -5.7253 -5.5891
 -5.4743
-13.0352-12.8713-12.6990-12.5193-12.3392-12.1625-11.9940-11.8362-11.6906-11.5575
-11.4358-11.3231-11.2165-11.1135-11.0125-10.7585-10.4587-10.1071 -9.7509 -9.3510
 -8.8557 -8.2780 -7.6913 -7.1589 -6.7104 -6.3485 -6.0632 -5.8379 -5.6578 -5.5110
 -5.3890
-13.0230-12.8916-12.7504-12.5984-12.4348-12.2668-12.0978-11.9326-11.7741-11.6239
-11.4825-11.3496-11.2239-11.1034-10.9485-10.6775-10.4566-10.1088 -9.7333
 [Fe/H] = -0.25 [alpha/Fe] = 0.10 BC value = F218W
-14.1660-14.1235-14.0683-13.9880-13.8718-13.6776-13.3844-13.0125-12.7210-12.4848
-12.2996-12.1421-12.0007-11.8653-11.7379-11.4264
-13.8693-13.8200-13.7656-13.6938-13.5914-13.4317-13.1893-12.8738-12.5881-12.3604
-12.1772-12.0190-11.8731-11.7339-11.5979-11.2729-10.9687-10.6704-10.3655
-13.6040-13.5427-13.4837-13.4158-13.3257-13.1959-13.0005-12.7377-12.4798-12.2612
-12.0791-11.9193-11.7708-11.6268-11.4856-11.1505-10.8423-10.5474-10.2513 -9.9461
 -9.6244
-13.3701-13.2916-13.2226-13.1540-13.0747-12.9701-12.8180-12.6059-12.3803-12.1750
-11.9970-11.8383-11.6895-11.5444-11.4010-11.0592-10.7485-10.4554-10.1610 -9.8569
 -9.5292 -9.1493 -8.7330
-13.1797-13.0789-12.9934-12.9167-12.8399-12.7518-12.6355-12.4702-12.2795-12.0935
-11.9245-11.7703-11.6244-11.4810-11.3378-10.9918-10.6786-10.3860-10.0908 -9.7817
 -9.4346 -9.0189 -8.5574 -8.1178 -7.7268
-13.0422-12.9172-12.8101-12.7171-12.6328-12.5492-12.4550-12.3296-12.1741-12.0118
-11.8564-11.7105-11.5704-11.4314-11.2907-10.9425-10.6253-10.3326-10.0368 -9.7202
 -9.3498 -8.8929 -8.3905 -7.9192 -7.5200 -7.1947
-12.9251-12.7819-12.6651-12.5619-12.4660-12.3760-12.2880-12.1890-12.0655-11.9282
-11.7897-11.6552-11.5236-11.3913-11.2552-10.9078-10.5848-10.2908 -9.9953 -9.6711
 -9.2776 -8.7833 -8.2449 -7.7495 -7.3385 -7.0105 -6.7481 -6.5359 -6.3528 -6.1783
-12.9025-12.7151-12.5532-12.4188-12.3086-12.2170-12.1343-12.0526-11.9570-11.8443
-11.7239-11.6025-11.4809-11.3571-11.2280-10.8855-10.5555-10.2575 -9.9624 -9.6326
 -9.2203 -8.6974 -8.1306 -7.6121 -7.1858 -6.8500 -6.5844 -6.3714 -6.1967 -6.0454
 -5.9000
-12.9361-12.7311-12.5413-12.3715-12.2242-12.0984-11.9914-11.9008-11.8211-11.7405
-11.6509-11.5504-11.4411-11.3266-11.2059-10.8737-10.5368-10.2315 -9.9349 -9.6018
 -9.1782 -8.6393 -8.0531 -7.5144 -7.0700 -6.7206 -6.4478 -6.2298 -6.0527 -5.9057
 -5.7799
-12.9953-12.7843-12.5828-12.3942-12.2219-12.0685-11.9345-11.8178-11.7160-11.6252
-11.5426-11.4639-11.3816-11.2881-11.1812-10.8672-10.5253-10.2086 -9.9064 -9.5705
 -9.1427 -8.5998 -8.0056 -7.4520 -6.9889 -6.6218 -6.3357 -6.1102 -5.9281 -5.7772
 -5.6514
-13.0691-12.8622-12.6595-12.4630-12.2769-12.1045-11.9485-11.8093-11.6862-11.5766
-11.4774-11.3861-11.3003-11.2169-11.1303-10.8636-10.5281-10.1983 -9.8868 -9.5491
 -9.1267 -8.5941 -8.0045 -7.4428 -6.9613 -6.5727 -6.2672 -6.0267 -5.8344 -5.6771
 -5.5452
-13.1203-12.9365-12.7468-12.5551-12.3659-12.1839-12.0129-11.8551-11.7116-11.5819
-11.4642-11.3560-11.2544-11.1573-11.0633-10.8256-10.5340-10.1960 -9.8701 -9.5281
 -9.1158 -8.6041 -8.0316 -7.4713 -6.9766 -6.5665 -6.2382 -5.9780 -5.7704 -5.6022
 -5.4630
-13.1256-12.9726-12.8116-12.6420-12.4645-12.2858-12.1100-11.9414-11.7825-11.6344
-11.4970-11.3695-11.2499-11.1361-10.9802-10.7532-10.5430-10.2017 -9.8563
 [Fe/H] =  0.00 [alpha/Fe] = 0.00 BC value = F218W
-14.3623-14.3176-14.2600-14.1169-13.8965-13.6261-13.3287-13.0232-12.7319-12.4911
-12.3038-12.1468-12.0017-11.8746-11.7481-11.4354
-14.0769-14.0238-13.9649-13.8849-13.7628-13.5646-13.2753-12.9201-12.6165-12.3791
-12.1927-12.0355-11.8939-11.7585-11.6280-11.3131-11.0165-10.7277-10.4325
-13.8116-13.7453-13.6810-13.6055-13.5020-13.3481-13.1130-12.8106-12.5261-12.2932
-12.1057-11.9461-11.8012-11.6629-11.5276-11.2037-10.9019-10.6133-10.3246-10.0268
 -9.7238
-13.5760-13.4913-13.4164-13.3407-13.2508-13.1286-12.9471-12.7004-12.4450-12.2209
-12.0340-11.8734-11.7273-11.5876-11.4505-11.1208-10.8161-10.5283-10.2405 -9.9455
 -9.6388 -9.3032 -8.9257
-13.3814-13.2736-13.1818-13.0984-13.0133-12.9126-12.7750-12.5812-12.3618-12.1538
-11.9718-11.8125-11.6671-11.5280-11.3909-11.0581-10.7514-10.4638-10.1756 -9.8786
 -9.5652 -9.2085 -8.7981 -8.3629 -7.9539
-13.2154-13.1034-12.9901-12.8911-12.8001-12.7073-12.5987-12.4511-12.2705-12.0855
-11.9141-11.7595-11.6169-11.4800-11.3444-11.0103-10.7008-10.4135-10.1257 -9.8260
 -9.5037 -9.1244 -8.6792 -8.2122 -7.7816 -7.4120
-13.0880-12.9543-12.8377-12.7280-12.6250-12.5274-12.4296-12.3148-12.1710-12.0127
-11.8571-11.7112-11.5737-11.4407-11.3081-10.9747-10.6610-10.3732-10.0871 -9.7853
 -9.4539 -9.0529 -8.5751 -8.0773 -7.6252 -7.2460 -6.9369 -6.6866 -6.4706 -6.2703
-13.0221-12.8350-12.6796-12.5548-12.4535-12.3638-12.2745-12.1796-12.0667-11.9358
-11.7992-11.6651-11.5354-11.4080-11.2797-10.9501-10.6309-10.3402-10.0559 -9.7537
 -9.4143 -8.9959 -8.4915 -7.9662 -7.4926 -7.1014 -6.7846 -6.5292 -6.3217 -6.1421
 -5.9747
-13.0385-12.8255-12.6332-12.4654-12.3229-12.2029-12.1017-12.0151-11.9324-11.8400
-11.7341-11.6189-11.5000-11.3800-11.2576-10.9351-10.6106-10.3136-10.0298 -9.7284
 -9.3831 -8.9530 -8.4313 -7.8852 -7.3909 -6.9817 -6.6556 -6.3946 -6.1825 -6.0084
 -5.8588
-13.0907-12.8673-12.6577-12.4649-12.2921-12.1406-12.0093-11.8951-11.7949-11.7050
-11.6212-11.5383-11.4485-11.3473-11.2359-10.9258-10.5974-10.2909-10.0028 -9.7010
 -9.3523 -8.9166 -8.3877 -7.8293 -7.3181 -6.8911 -6.5500 -6.2796 -6.0622 -5.8836
 -5.7359
-13.1656-12.9416-12.7262-12.5212-12.3300-12.1558-12.0000-11.8622-11.7405-11.6320
-11.5338-11.4443-11.3609-11.2792-11.1922-10.9237-10.5985-10.2812 -9.9854 -9.6824
 -9.3342 -8.9013 -8.3771 -7.8166 -7.2931 -6.8477 -6.4877 -6.2020 -5.9736 -5.7862
 -5.6338
-13.2257-13.0204-12.8120-12.6076-12.4092-12.2215-12.0479-11.8898-11.7475-11.6198
-11.5043-11.3986-11.3004-11.2081-11.1198-10.8932-10.6059-10.2802 -9.9720 -9.6637
 -9.3172 -8.8934 -8.3836 -7.8316 -7.3038 -6.8433 -6.4637 -6.1588 -5.9148 -5.7178
 -5.5560
-13.2431-13.0673-12.8850-12.6966-12.5054-12.3164-12.1344-11.9627-11.8034-11.6568
-11.5224-11.3986-11.2834-11.1749-11.0187-10.8343-10.6196-10.2879 -9.9626
 [Fe/H] =  0.25 [alpha/Fe] = 0.00 BC value = F218W
-14.5473-14.5264-14.4929-14.2573-13.8779-13.5048-13.2355-13.0581-12.7643-12.5120
-12.3120-12.1516-12.0125-11.8757-11.7550-11.4599
-14.2659-14.2366-14.1996-14.0800-13.8798-13.6205-13.3202-12.9939-12.6694-12.4094
-12.2104-12.0495-11.9094-11.7802-11.6537-11.3505-11.0605-10.7821-10.5002
-14.0019-13.9587-13.9141-13.8521-13.7495-13.5698-13.2879-12.9219-12.5963-12.3349
-12.1322-11.9679-11.8250-11.6926-11.5644-11.2538-10.9586-10.6762-10.3978-10.1130
 -9.8202
-13.7553-13.6927-13.6364-13.5737-13.4871-13.3529-13.1387-12.8379-12.5325-12.2744
-12.0689-11.9011-11.7562-11.6223-11.4928-11.1780-10.8800-10.5977-10.3199-10.0362
 -9.7451 -9.4372 -9.1029
-13.5390-13.4526-13.3792-13.3096-13.2310-13.1257-12.9684-12.7347-12.4670-12.2197
-12.0147-11.8449-11.6984-11.5641-11.4347-11.1188-10.8194-10.5377-10.2597 -9.9747
 -9.6830 -9.3715 -9.0211 -8.6268 -8.2145
-13.3650-13.2519-13.1563-13.0724-12.9916-12.9007-12.7824-12.6098-12.3890-12.1640
-11.9648-11.7957-11.6489-11.5150-11.3865-11.0713-10.7708-10.4897-10.2128 -9.9265
 -9.6314 -9.3123 -8.9437 -8.5242 -8.0884 -7.6816
-13.2270-13.0978-12.9808-12.8771-12.7832-12.6925-12.5936-12.4659-12.2946-12.1009
-11.9152-11.7513-11.6059-11.4732-11.3463-11.0334-10.7310-10.4501-10.1755 -9.8891
 -9.5905 -9.2634 -8.8777 -8.4325 -7.9719 -7.5463 -7.1820 -6.8812 -6.6210 -6.3859
-13.0853-12.9328-12.8099-12.7094-12.6131-12.5165-12.4197-12.3159-12.1857-12.0278
-11.8632-11.7087-11.5679-11.4378-11.3133-11.0045-10.6996-10.4167-10.1444 -9.8601
 -9.5584 -9.2238 -8.8237 -8.3561 -7.8714 -7.4266 -7.0488 -6.7385 -6.4851 -6.2664
 -6.0687
-13.0644-12.8633-12.6893-12.5451-12.4277-12.3306-12.2446-12.1586-12.0619-11.9421
-11.8054-11.6662-11.5334-11.4077-11.2864-10.9840-10.6771-10.3894-10.1176 -9.8364
 -9.5331 -9.1923 -8.7814 -8.2976 -7.7930 -7.3289 -6.9368 -6.6166 -6.3559 -6.1430
 -5.9600
-13.1008-12.8805-12.6772-12.4950-12.3365-12.2011-12.0847-11.9849-11.8948-11.8064
-11.7105-11.6058-11.4938-11.3787-11.2629-10.9684-10.6612-10.3659-10.0901 -9.8101
 -9.5061 -9.1604 -8.7436 -8.2505 -7.7319 -7.2514 -6.8441 -6.5124 -6.2444 -6.0255
 -5.8456
-13.1744-12.9463-12.7290-12.5258-12.3397-12.1735-12.0274-11.8992-11.7858-11.6838
-11.5900-11.5018-11.4161-11.3280-11.2331-10.9619-10.6583-10.3554-10.0723 -9.7918
 -9.4892 -9.1426 -8.7257 -8.2325 -7.7082 -7.2150 -6.7913 -6.4444 -6.1646 -5.9379
 -5.7509
-13.2572-13.0352-12.8155-12.6036-12.4021-12.2150-12.0446-11.8919-11.7561-11.6349
-11.5253-11.4253-11.3335-11.2479-11.1653-10.9429-10.6624-10.3538-10.0598 -9.7742
 -9.4717 -9.1265 -8.7141 -8.2290 -7.7079 -7.2085 -6.7715 -6.4082 -6.1136 -5.8754
 -5.6803
-13.3120-13.1128-12.9095-12.7024-12.4996-12.3027-12.1166-11.9443-11.7873-11.6455
-11.5174-11.4011-11.2943-11.1953-11.0595-10.9114-10.6735-10.3611-10.0526
 [Fe/H] =  0.50 [alpha/Fe] = 0.00 BC value = F218W
-14.6734-14.8689-14.7783-14.4626-14.0745-13.6968-13.3643-13.0852-12.8023-12.5419
-12.3309-12.1656-12.0268-11.8992-11.7668-11.4763
-14.4131-14.4759-14.4361-14.3043-14.0900-13.8014-13.4456-13.0557-12.7270-12.4506
-12.2380-12.0714-11.9320-11.8061-11.6868-11.3945-11.1133-10.8407-10.5676
-14.1592-14.1458-14.1244-14.0835-13.9729-13.7628-13.4342-13.0185-12.6692-12.3853
-12.1670-11.9965-11.8539-11.7260-11.6045-11.3091-11.0220-10.7436-10.4707-10.1973
 -9.9181
-13.9117-13.8787-13.8433-13.8001-13.7233-13.5810-13.3301-12.9714-12.6231-12.3352
-12.1110-11.9348-11.7888-11.6591-11.5366-11.2390-10.9496-10.6714-10.4015-10.1282
 -9.8547 -9.5706 -9.2637
-13.6840-13.6231-13.5726-13.5218-13.4543-13.3475-13.1693-12.8924-12.5752-12.2921
-12.0633-11.8823-11.7329-11.6016-11.4789-11.1817-10.8924-10.6154-10.3458-10.0715
 -9.7925 -9.5055 -9.1968 -8.8535 -8.4714
-13.4884-13.3997-13.3264-13.2613-13.1939-13.1067-12.9786-12.7788-12.5141-12.2479
-12.0204-11.8363-11.6838-11.5510-11.4284-11.1332-10.8447-10.5695-10.3013-10.0263
 -9.7452 -9.4556 -9.1410 -8.7857 -8.3883 -7.9748
-13.3351-13.2186-13.1194-13.0337-12.9550-12.8733-12.7735-12.6311-12.4291-12.1962
-11.9787-11.7946-11.6406-11.5065-11.3840-11.0918-10.8040-10.5303-10.2647 -9.9908
 -9.7073 -9.4142 -9.0937 -8.7260 -8.3107 -7.8778 -7.4708 -7.1154 -6.8048 -6.5282
-13.1848-13.0402-12.9550-12.8531-12.7575-12.6667-12.5745-12.4658-12.3184-12.1302
-11.9338-11.7560-11.6024-11.4681-11.3459-11.0574-10.7704-10.4962-10.2333 -9.9625
 -9.6779 -9.3807 -9.0539 -8.6755 -8.2430 -7.7907 -7.3660 -6.9966 -6.6884 -6.4219
 -6.1867
-13.0904-12.9139-12.7718-12.6622-12.5721-12.4877-12.3980-12.3015-12.1898-12.0468
-11.8810-11.7170-11.5682-11.4356-11.3141-11.0298-10.7442-10.4678-10.2055 -9.9385
 -9.6548 -9.3536 -9.0216 -8.6342 -8.1882 -7.7188 -7.2793 -6.8944 -6.5749 -6.3127
 -6.0878
-13.1018-12.8919-12.7034-12.5413-12.4065-12.2948-12.2007-12.1165-12.0312-11.9310
-11.8072-11.6696-11.5334-11.4058-11.2865-11.0067-10.7235-10.4425-10.1772 -9.9121
 -9.6296 -9.3249 -8.9880 -8.5949 -8.1400 -7.6577 -7.2020 -6.8059 -6.4765 -6.2064
 -5.9849
-13.1638-12.9390-12.7275-12.5334-12.3605-12.2101-12.0803-11.9669-11.8664-11.7742
-11.6812-11.5825-11.4788-11.3720-11.2636-10.9929-10.7142-10.4296-10.1582 -9.8929
 -9.6136 -9.3089 -8.9694 -8.5745 -8.1169 -7.6274 -7.1605 -6.7509 -6.4097 -6.1300
 -5.9002
-13.2544-13.0246-12.8027-12.5915-12.3948-12.2155-12.0554-11.9137-11.7881-11.6752
-11.5718-11.4758-11.3849-11.2976-11.2108-10.9790-10.7115-10.4250-10.1450 -9.8748
 -9.5964 -9.2931 -8.9532 -8.5596 -8.1051 -7.6162 -7.1432 -6.7226 -6.3686 -6.0778
 -5.8392
-13.3375-13.1229-12.9042-12.6893-12.4809-12.2839-12.1011-11.9347-11.7851-11.6509
-11.5298-11.4195-11.3185-11.2255-11.1281-10.9650-10.7154-10.4287-10.1376
 [Fe/H] =  0.75 [alpha/Fe] = 0.00 BC value = F218W
-14.7605-14.4856-14.0416-13.5512-13.2615-13.1632-13.1542-13.1104-12.8366-12.5788
-12.3575-12.1858-12.0460-11.9251-11.8047-11.5250
-14.5201-14.4375-14.3072-14.1343-13.9234-13.6783-13.4025-13.0990-12.7816-12.4986
-12.2740-12.1003-11.9594-11.8370-11.7222-11.4418-11.1694-10.9011-10.6348
-14.2782-14.2903-14.3010-14.2853-14.1508-13.8902-13.5196-13.0907-12.7398-12.4429
-12.2106-12.0317-11.8872-11.7621-11.6466-11.3674-11.0888-10.8146-10.5492-10.2847
-10.0126
-14.0348-14.0440-14.0231-14.0041-13.9438-13.7989-13.5055-13.0832-12.7101-12.4021
-12.1604-11.9744-11.8252-11.6977-11.5809-11.3018-11.0235-10.7492-10.4842-10.2200
 -9.9514 -9.6780 -9.3930
-13.8025-13.7702-13.7468-13.7195-13.6688-13.5656-13.3693-13.0450-12.6812-12.3693
-12.1189-11.9255-11.7708-11.6404-11.5227-11.2449-10.9687-10.6972-10.4332-10.1682
 -9.8997 -9.6257 -9.3415 -9.0338 -8.6918
-13.5943-13.5333-13.4860-13.4438-13.3939-13.3143-13.1785-12.9497-12.6391-12.3358
-12.0827-11.8825-11.7225-11.5886-11.4698-11.1942-10.9209-10.6530-10.3913-10.1265
 -9.8553 -9.5807 -9.2947 -8.9849 -8.6393 -8.2555
-13.4204-13.3293-13.2547-13.1915-13.1311-13.0607-12.9612-12.8036-12.5690-12.2962
-12.0473-11.8437-11.6793-11.5419-11.4217-11.1483-10.8782-10.6135-10.3554-10.0926
 -9.8202 -9.5428 -9.2542 -8.9403 -8.5881 -8.1918 -7.7809 -7.3856 -7.0226 -6.6996
-13.2790-13.1672-13.0678-12.9797-12.9008-12.8245-12.7394-12.6261-12.4600-12.2395
-12.0094-11.8074-11.6403-11.5006-11.3787-11.1076-10.8409-10.5781-10.3234-10.0645
 -9.7923 -9.5120 -9.2198 -8.9017 -8.5427 -8.1375 -7.7090 -7.2976 -6.9327 -6.6118
 -6.3324
-13.1236-12.9927-12.8861-12.7988-12.7161-12.6277-12.5378-12.4421-12.3216-12.1581
-11.9623-11.7718-11.6067-11.4654-11.3420-11.0725-10.8098-10.5475-10.2946-10.0397
 -9.7700 -9.4873 -9.1911 -8.8688 -8.5036 -8.0889 -7.6471 -7.2206 -6.8423 -6.5222
 -6.2474
-13.0974-12.9062-12.7433-12.6103-12.5069-12.4241-12.3480-12.2649-12.1680-12.0480
-11.8962-11.7295-11.5722-11.4331-11.3099-11.0414-10.7829-10.5200-10.2652-10.0124
 -9.7454 -9.4606 -9.1598 -8.8331 -8.4634 -8.0418 -7.5904 -7.1525 -6.7621 -6.4321
 -6.1588
-13.1408-12.9268-12.7280-12.5501-12.3975-12.2696-12.1617-12.0689-11.9848-11.8983
-11.7951-11.6700-11.5356-11.4060-11.2861-11.0196-10.7655-10.5031-10.2446 -9.9917
 -9.7288 -9.4457 -9.1426 -8.8127 -8.4407 -8.0162 -7.5594 -7.1125 -6.7116 -6.3710
 -6.0883
-13.2232-12.9990-12.7833-12.5805-12.3946-12.2291-12.0846-11.9585-11.8467-11.7457
-11.6510-11.5552-11.4552-11.3532-11.2514-11.0028-10.7539-10.4932-10.2296 -9.9724
 -9.7108 -9.4305 -9.1268 -8.7950 -8.4223 -7.9988 -7.5424 -7.0913 -6.6822 -6.3319
 -6.0405
-13.3218-13.1007-12.8797-12.6653-12.4607-12.2701-12.0962-11.9403-11.8014-11.6770
-11.5639-11.4596-11.3623-11.2704-11.2058-10.9910-10.7481-10.4903-10.2202
 [Fe/H] =  1.00 [alpha/Fe] = 0.00 BC value = F218W
-14.8222-13.5963-12.4817-12.1639-12.3018-12.7932-13.2681-13.1549-12.8733-12.6152
-12.3892-12.2092-12.0668-11.9464-11.8383-11.5634
-14.5966-14.5078-14.3724-14.1955-13.9814-13.7339-13.4565-13.1521-12.8348-12.5508
-12.3151-12.1334-11.9896-11.8681-11.7578-11.4919-11.2264-10.9621-10.7018
-14.3633-14.7760-14.9349-14.8662-14.5926-14.1343-13.5764-13.1559-12.8087-12.5052
-12.2596-12.0714-11.9232-11.7992-11.6877-11.4250-11.1554-10.8867-10.6243-10.3674
-10.1051
-14.1223-14.4009-14.1693-14.1760-14.1355-13.9943-13.6278-13.1663-12.7926-12.4726
-12.2162-12.0190-11.8645-11.7370-11.6243-11.3627-11.0973-10.8278-10.5658-10.3081
-10.0485 -9.7833 -9.5098
-13.8875-13.8859-13.8916-13.8906-13.8606-13.7666-13.5553-13.1766-12.7813-12.4489
-12.1813-11.9742-11.8121-11.6801-11.5656-11.3057-11.0450-10.7803-10.5196-10.2605
-10.0009 -9.7386 -9.4676 -9.1804 -8.8673
-13.6721-13.6410-13.6224-13.6065-13.5783-13.5105-13.3707-13.1144-12.7597-12.4258
-12.1506-11.9343-11.7651-11.6278-11.5106-11.2521-10.9965-10.7379-10.4809-10.2241
 -9.9615 -9.6964 -9.4266 -9.1418 -8.8329 -8.4900
-13.4844-13.4219-13.3749-13.3373-13.2987-13.2432-13.1468-12.9755-12.7073-12.3976
-12.1218-11.8988-11.7225-11.5800-11.4596-11.2015-10.9511-10.6980-10.4463-10.1922
 -9.9294 -9.6620 -9.3899 -9.1043 -8.7956 -8.4530 -8.0721 -7.6684 -7.2681 -6.8994
-13.3339-13.2409-13.1635-13.0994-13.0425-12.9832-12.9069-12.7901-12.6048-12.3511
-12.0899-11.8656-11.6836-11.5367-11.4129-11.1544-10.9092-10.6606-10.4141-10.1645
 -9.9034 -9.6337 -9.3590 -9.0708 -8.7571 -8.4111 -8.0282 -7.6151 -7.2100 -6.8358
 -6.5079
-13.1725-13.0818-12.9943-12.9101-12.8303-12.7548-12.6777-12.5870-12.4588-12.2745
-12.0490-11.8322-11.6493-11.4988-11.3718-11.1120-10.8719-10.6273-10.3841-10.1394
 -9.8819 -9.6117 -9.3329 -9.0416 -8.7282 -8.3802 -7.9852 -7.5648 -7.1489 -6.7720
 -6.4413
-13.0875-12.9250-12.7986-12.7038-12.6323-12.5634-12.4840-12.3939-12.2918-12.1596
-11.9858-11.7929-11.6152-11.4639-11.3354-11.0733-10.8375-10.5959-10.3536-10.1114
 -9.8577 -9.5871 -9.3045 -9.0087 -8.6919 -8.3409 -7.9455 -7.5155 -7.0898 -6.7037
 -6.3721
-13.1077-12.9097-12.7300-12.5762-12.4514-12.3519-12.2716-12.2002-12.1227-12.0258
-11.9003-11.7453-11.5840-11.4370-11.3082-11.0437-10.8110-10.5735-10.3309-10.0896
 -9.8404 -9.5731 -9.2892 -8.9902 -8.6706 -8.3172 -7.9203 -7.4890 -7.0567 -6.6651
 -6.3195
-13.1759-12.9626-12.7586-12.5694-12.4004-12.2548-12.1314-12.0257-11.9331-11.8480
-11.7604-11.6564-11.5325-11.4034-11.2816-11.0208-10.7898-10.5560-10.3128-10.0689
 -9.8213 -9.5578 -9.2748 -8.9734 -8.6511 -8.2966 -7.9011 -7.4709 -7.0374 -6.6358
 -6.2862
-13.2748-13.0564-12.8412-12.6337-12.4386-12.2599-12.1004-11.9600-11.8363-11.7251
-11.6234-11.5276-11.4312-11.3316-11.2556-11.0046-10.7739-10.5434-10.2993
