 [Fe/H] = -2.50 [alpha/Fe] = 0.00 BC value = F430M
  0.2814  0.2063  0.1418  0.0801  0.0291 -0.0096 -0.0163 -0.0458 -0.0852 -0.1390
 -0.2074 -0.2789 -0.3685 -0.4468 -0.5189 -0.7000 -0.8788 -1.0417 -1.2002
  0.3652  0.2880  0.2101  0.1317  0.0566 -0.0077 -0.0617 -0.1090 -0.1538 -0.2002
 -0.2548 -0.3202 -0.3924 -0.4671 -0.5423 -0.7268 -0.9029 -1.0705 -1.2362 -1.3953
  0.3577  0.2852  0.2119  0.1389  0.0670 -0.0042 -0.0738 -0.1360 -0.1913 -0.2432
 -0.2943 -0.3510 -0.4171 -0.4889 -0.5625 -0.7450 -0.9204 -1.0880 -1.2534 -1.4123
 -1.5638
  0.3350  0.2688  0.2007  0.1313  0.0617 -0.0068 -0.0737 -0.1401 -0.2059 -0.2679
 -0.3270 -0.3826 -0.4417 -0.5079 -0.5785 -0.7579 -0.9328 -1.1010 -1.2661 -1.4248
 -1.5760 -1.7205
  0.2958  0.2380  0.1770  0.1131  0.0471 -0.0196 -0.0857 -0.1504 -0.2146 -0.2794
 -0.3440 -0.4066 -0.4663 -0.5286 -0.5942 -0.7676 -0.9409 -1.1096 -1.2751 -1.4339
 -1.5851 -1.7293 -1.8672 -1.9996
  0.2396  0.1907  0.1389  0.0830  0.0231 -0.0397 -0.1037 -0.1675 -0.2308 -0.2937
 -0.3571 -0.4213 -0.4835 -0.5462 -0.6106 -0.7767 -0.9462 -1.1141 -1.2803 -1.4402
 -1.5918 -1.7360 -1.8737 -2.0057 -2.1326 -2.2551 -2.3737 -2.4889 -2.6012 -2.7108
  0.1710  0.1273  0.0847  0.0385 -0.0129 -0.0692 -0.1286 -0.1897 -0.2514 -0.3130
 -0.3745 -0.4366 -0.4984 -0.5601 -0.6234 -0.7859 -0.9507 -1.1156 -1.2814 -1.4431
 -1.5961 -1.7409 -1.8787 -2.0106 -2.1371 -2.2589 -2.3765 -2.4905 -2.6013 -2.7093
 -2.8152
  0.0912  0.0521  0.0152 -0.0222 -0.0636 -0.1109 -0.1631 -0.2190 -0.2772 -0.3363
 -0.3960 -0.4560 -0.5160 -0.5756 -0.6366 -0.7940 -0.9551 -1.1164 -1.2793 -1.4419
 -1.5973 -1.7437 -1.8822 -2.0143 -2.1408 -2.2622 -2.3791 -2.4922 -2.6019 -2.7087
 -2.8129
  0.0056 -0.0314 -0.0660 -0.0984 -0.1310 -0.1683 -0.2113 -0.2596 -0.3118 -0.3666
 -0.4230 -0.4804 -0.5383 -0.5960 -0.6544 -0.8049 -0.9610 -1.1193 -1.2787 -1.4398
 -1.5973 -1.7464 -1.8866 -2.0196 -2.1465 -2.2680 -2.3850 -2.4980 -2.6072 -2.7130
 -2.8155
 -0.0858 -0.1232 -0.1518 -0.1830 -0.2116 -0.2405 -0.2737 -0.3126 -0.3564 -0.4044
 -0.4554 -0.5087 -0.5633 -0.6186 -0.6745 -0.8177 -0.9666 -1.1202 -1.2760 -1.4335
 -1.5905 -1.7420 -1.8849 -2.0196 -2.1475 -2.2695 -2.3865 -2.4991 -2.6103 -2.7154
 -2.8168
 -0.1830 -0.2233 -0.2422 -0.2697 -0.3000 -0.3263 -0.3519 -0.3812 -0.4156 -0.4548
 -0.4981 -0.5450 -0.5945 -0.6459 -0.6985 -0.8348 -0.9757 -1.1232 -1.2748 -1.4284
 -1.5825 -1.7340 -1.8795 -2.0170 -2.1467 -2.2700 -2.3877 -2.5005 -2.6090 -2.7138
 -2.8153
 -0.2861 -0.3317 -0.3372 -0.3573 -0.3900 -0.4180 -0.4419 -0.4650 -0.4907 -0.5204
 -0.5544 -0.5927 -0.6349 -0.6803 -0.7264 -0.8562 -0.9883 -1.1283 -1.2751
 [Fe/H] = -2.00 [alpha/Fe] = 0.00 BC value = F430M
  0.2987  0.2320  0.1732  0.1180  0.0680  0.0223 -0.0140 -0.0597 -0.1093 -0.1649
 -0.2283 -0.2968 -0.3747 -0.4503 -0.5241 -0.7066 -0.8840 -1.0495 -1.2078
  0.3421  0.2566  0.1732  0.0998  0.0365 -0.0186 -0.0671 -0.1119 -0.1576 -0.2074
 -0.2645 -0.3306 -0.4030 -0.4773 -0.5518 -0.7345 -0.9090 -1.0747 -1.2350 -1.3917
  0.3591  0.2786  0.1984  0.1196  0.0419 -0.0296 -0.0910 -0.1449 -0.1945 -0.2427
 -0.2947 -0.3545 -0.4234 -0.4968 -0.5710 -0.7531 -0.9273 -1.0925 -1.2527 -1.4101
 -1.5614
  0.3617  0.2856  0.2089  0.1329  0.0590 -0.0120 -0.0820 -0.1497 -0.2108 -0.2672
 -0.3210 -0.3769 -0.4397 -0.5103 -0.5833 -0.7654 -0.9400 -1.1055 -1.2656 -1.4225
 -1.5734 -1.7178
  0.3501  0.2796  0.2077  0.1350  0.0628 -0.0078 -0.0757 -0.1413 -0.2078 -0.2740
 -0.3373 -0.3967 -0.4566 -0.5221 -0.5928 -0.7731 -0.9480 -1.1143 -1.2748 -1.4315
 -1.5823 -1.7264 -1.8644 -1.9969
  0.3222  0.2593  0.1940  0.1266  0.0577 -0.0114 -0.0795 -0.1456 -0.2101 -0.2747
 -0.3412 -0.4076 -0.4709 -0.5350 -0.6019 -0.7779 -0.9523 -1.1193 -1.2806 -1.4376
 -1.5887 -1.7329 -1.8706 -2.0027 -2.1298 -2.2525 -2.3716 -2.4871 -2.5994 -2.7088
  0.2764  0.2225  0.1657  0.1056  0.0425 -0.0227 -0.0890 -0.1550 -0.2200 -0.2838
 -0.3478 -0.4132 -0.4788 -0.5442 -0.6110 -0.7818 -0.9542 -1.1210 -1.2827 -1.4407
 -1.5927 -1.7375 -1.8754 -2.0074 -2.1341 -2.2561 -2.3741 -2.4884 -2.5994 -2.7074
 -2.8135
  0.2156  0.1687  0.1208  0.0699  0.0147 -0.0443 -0.1062 -0.1696 -0.2337 -0.2973
 -0.3603 -0.4235 -0.4870 -0.5515 -0.6175 -0.7860 -0.9550 -1.1205 -1.2817 -1.4403
 -1.5940 -1.7401 -1.8787 -2.0109 -2.1375 -2.2592 -2.3766 -2.4901 -2.6000 -2.7068
 -2.8111
  0.1445  0.1009  0.0597  0.0176 -0.0285 -0.0794 -0.1347 -0.1932 -0.2540 -0.3158
 -0.3778 -0.4398 -0.5015 -0.5635 -0.6269 -0.7913 -0.9576 -1.1213 -1.2812 -1.4392
 -1.5944 -1.7428 -1.8829 -2.0160 -2.1430 -2.2647 -2.3819 -2.4950 -2.6044 -2.7104
 -2.8136
  0.0708  0.0266 -0.0124 -0.0487 -0.0863 -0.1283 -0.1751 -0.2263 -0.2814 -0.3391
 -0.3983 -0.4582 -0.5183 -0.5784 -0.6391 -0.7965 -0.9583 -1.1195 -1.2775 -1.4335
 -1.5884 -1.7387 -1.8812 -2.0159 -2.1437 -2.2659 -2.3832 -2.4960 -2.6049 -2.7104
 -2.8149
 -0.0016 -0.0490 -0.0903 -0.1255 -0.1581 -0.1920 -0.2303 -0.2731 -0.3205 -0.3717
 -0.4260 -0.4823 -0.5398 -0.5978 -0.6562 -0.8062 -0.9615 -1.1188 -1.2745 -1.4281
 -1.5808 -1.7313 -1.8760 -2.0132 -2.1429 -2.2662 -2.3841 -2.4972 -2.6060 -2.7111
 -2.8129
 -0.0691 -0.1225 -0.1678 -0.2061 -0.2390 -0.2687 -0.2999 -0.3347 -0.3739 -0.4171
 -0.4643 -0.5149 -0.5658 -0.6203 -0.6782 -0.8204 -0.9672 -1.1192 -1.2722
 [Fe/H] = -1.50 [alpha/Fe] = 0.00 BC value = F430M
  0.3196  0.2579  0.2019  0.1493  0.0979  0.0454 -0.0100 -0.0687 -0.1279 -0.1877
 -0.2496 -0.3153 -0.3847 -0.4568 -0.5298 -0.7110 -0.8866 -1.0535 -1.2120
  0.3085  0.2342  0.1678  0.1080  0.0525 -0.0008 -0.0548 -0.1099 -0.1654 -0.2215
 -0.2802 -0.3444 -0.4141 -0.4869 -0.5602 -0.7408 -0.9141 -1.0795 -1.2365 -1.3906
  0.3402  0.2548  0.1710  0.0950  0.0284 -0.0312 -0.0863 -0.1402 -0.1937 -0.2473
 -0.3030 -0.3640 -0.4322 -0.5049 -0.5786 -0.7596 -0.9330 -1.0977 -1.2543 -1.4078
 -1.5579
  0.3631  0.2817  0.2007  0.1208  0.0425 -0.0325 -0.0993 -0.1586 -0.2142 -0.2684
 -0.3229 -0.3805 -0.4448 -0.5160 -0.5896 -0.7713 -0.9456 -1.1105 -1.2673 -1.4203
 -1.5697 -1.7139
  0.3723  0.2944  0.2157  0.1375  0.0617 -0.0118 -0.0833 -0.1527 -0.2192 -0.2801
 -0.3379 -0.3958 -0.4565 -0.5240 -0.5963 -0.7781 -0.9532 -1.1191 -1.2765 -1.4292
 -1.5783 -1.7221 -1.8601 -1.9929
  0.3694  0.2958  0.2207  0.1451  0.0701 -0.0031 -0.0736 -0.1411 -0.2077 -0.2757
 -0.3426 -0.4061 -0.4680 -0.5321 -0.6012 -0.7815 -0.9572 -1.1241 -1.2825 -1.4354
 -1.5843 -1.7282 -1.8660 -1.9983 -2.1257 -2.2490 -2.3684 -2.4843 -2.5968 -2.7061
  0.3527  0.2851  0.2152  0.1438  0.0716 -0.0005 -0.0714 -0.1400 -0.2065 -0.2720
 -0.3387 -0.4068 -0.4738 -0.5398 -0.6071 -0.7830 -0.9585 -1.1261 -1.2855 -1.4389
 -1.5882 -1.7324 -1.8704 -2.0025 -2.1295 -2.2518 -2.3703 -2.4852 -2.5965 -2.7046
 -2.8105
  0.3197  0.2599  0.1970  0.1315  0.0641 -0.0046 -0.0738 -0.1425 -0.2101 -0.2762
 -0.3416 -0.4076 -0.4747 -0.5423 -0.6108 -0.7840 -0.9580 -1.1258 -1.2858 -1.4399
 -1.5898 -1.7347 -1.8732 -2.0057 -2.1325 -2.2545 -2.3724 -2.4864 -2.5968 -2.7039
 -2.8082
  0.2699  0.2181  0.1631  0.1051  0.0442 -0.0191 -0.0844 -0.1509 -0.2178 -0.2843
 -0.3499 -0.4152 -0.4805 -0.5465 -0.6138 -0.7863 -0.9584 -1.1259 -1.2862 -1.4406
 -1.5913 -1.7375 -1.8772 -2.0103 -2.1376 -2.2596 -2.3772 -2.4908 -2.6007 -2.7072
 -2.8106
  0.2087  0.1619  0.1143  0.0645  0.0115 -0.0447 -0.1039 -0.1658 -0.2296 -0.2944
 -0.3594 -0.4241 -0.4884 -0.5528 -0.6178 -0.7858 -0.9557 -1.1222 -1.2823 -1.4364
 -1.5869 -1.7341 -1.8755 -2.0100 -2.1380 -2.2605 -2.3781 -2.4914 -2.6008 -2.7067
 -2.8116
  0.1423  0.0958  0.0524  0.0093 -0.0360 -0.0843 -0.1361 -0.1914 -0.2499 -0.3109
 -0.3733 -0.4365 -0.4998 -0.5628 -0.6261 -0.7878 -0.9537 -1.1182 -1.2777 -1.4312
 -1.5807 -1.7279 -1.8708 -2.0073 -2.1369 -2.2604 -2.3786 -2.4921 -2.6014 -2.7070
 -2.8091
  0.0753  0.0262 -0.0174 -0.0570 -0.0966 -0.1380 -0.1822 -0.2301 -0.2817 -0.3367
 -0.3945 -0.4544 -0.5156 -0.5769 -0.6387 -0.7923 -0.9524 -1.1139 -1.2724
 [Fe/H] = -1.00 [alpha/Fe] = 0.00 BC value = F430M
  0.3441  0.2841  0.2279  0.1739  0.1185  0.0596 -0.0043 -0.0728 -0.1410 -0.2074
 -0.2713 -0.3343 -0.3986 -0.4662 -0.5361 -0.7131 -0.8867 -1.0539 -1.2129
  0.3160  0.2508  0.1906  0.1341  0.0788  0.0218 -0.0402 -0.1054 -0.1709 -0.2351
 -0.2978 -0.3606 -0.4261 -0.4951 -0.5662 -0.7442 -0.9164 -1.0819 -1.2388 -1.3891
  0.3109  0.2365  0.1696  0.1087  0.0516 -0.0047 -0.0637 -0.1260 -0.1892 -0.2519
 -0.3138 -0.3763 -0.4420 -0.5117 -0.5835 -0.7627 -0.9356 -1.1007 -1.2568 -1.4066
 -1.5535
  0.3447  0.2590  0.1763  0.1014  0.0354 -0.0243 -0.0823 -0.1421 -0.2033 -0.2645
 -0.3255 -0.3873 -0.4522 -0.5215 -0.5936 -0.7737 -0.9477 -1.1131 -1.2695 -1.4191
 -1.5653 -1.7082
  0.3708  0.2881  0.2075  0.1287  0.0517 -0.0226 -0.0907 -0.1532 -0.2142 -0.2750
 -0.3356 -0.3968 -0.4601 -0.5279 -0.5993 -0.7800 -0.9548 -1.1210 -1.2781 -1.4280
 -1.5737 -1.7160 -1.8538 -1.9868
  0.3827  0.3047  0.2261  0.1477  0.0718 -0.0017 -0.0735 -0.1443 -0.2138 -0.2798
 -0.3427 -0.4049 -0.4677 -0.5332 -0.6029 -0.7832 -0.9586 -1.1256 -1.2837 -1.4340
 -1.5795 -1.7216 -1.8591 -1.9915 -2.1193 -2.2430 -2.3632 -2.4799 -2.5930 -2.7022
  0.3842  0.3097  0.2340  0.1576  0.0813  0.0066 -0.0655 -0.1347 -0.2026 -0.2709
 -0.3401 -0.4080 -0.4738 -0.5390 -0.6063 -0.7844 -0.9600 -1.1278 -1.2868 -1.4378
 -1.5834 -1.7253 -1.8627 -1.9951 -2.1224 -2.2454 -2.3645 -2.4801 -2.5922 -2.7007
 -2.8061
  0.3761  0.3057  0.2337  0.1603  0.0860  0.0118 -0.0611 -0.1319 -0.2005 -0.2676
 -0.3347 -0.4031 -0.4726 -0.5416 -0.6101 -0.7844 -0.9597 -1.1279 -1.2877 -1.4395
 -1.5854 -1.7274 -1.8650 -1.9975 -2.1247 -2.2473 -2.3658 -2.4806 -2.5918 -2.6996
 -2.8039
  0.3551  0.2905  0.2235  0.1542  0.0832  0.0113 -0.0607 -0.1319 -0.2018 -0.2701
 -0.3373 -0.4043 -0.4720 -0.5408 -0.6107 -0.7860 -0.9602 -1.1288 -1.2892 -1.4417
 -1.5881 -1.7304 -1.8685 -2.0015 -2.1291 -2.2517 -2.3700 -2.4843 -2.5950 -2.7022
 -2.8061
  0.3203  0.2623  0.2021  0.1385  0.0725  0.0047 -0.0643 -0.1338 -0.2033 -0.2721
 -0.3400 -0.4072 -0.4740 -0.5411 -0.6091 -0.7830 -0.9567 -1.1255 -1.2862 -1.4391
 -1.5858 -1.7283 -1.8670 -2.0008 -2.1290 -2.2519 -2.3702 -2.4841 -2.5943 -2.7011
 -2.8045
  0.2721  0.2202  0.1667  0.1097  0.0502 -0.0120 -0.0763 -0.1421 -0.2092 -0.2768
 -0.3443 -0.4115 -0.4782 -0.5445 -0.6110 -0.7801 -0.9519 -1.1205 -1.2819 -1.4350
 -1.5817 -1.7243 -1.8635 -1.9984 -2.1277 -2.2514 -2.3701 -2.4842 -2.5942 -2.7005
 -2.8035
  0.2148  0.1669  0.1184  0.0677  0.0146 -0.0411 -0.0992 -0.1597 -0.2224 -0.2868
 -0.3523 -0.4183 -0.4843 -0.5501 -0.6164 -0.7773 -0.9458 -1.1138 -1.2763
 [Fe/H] = -0.75 [alpha/Fe] = 0.00 BC value = F430M
  0.3577  0.2973  0.2399  0.1837  0.1254  0.0634 -0.0034 -0.0745 -0.1456 -0.2147
 -0.2805 -0.3440 -0.4070 -0.4720 -0.5395 -0.7133 -0.8858 -1.0527 -1.2121
  0.3271  0.2628  0.2025  0.1451  0.0883  0.0291 -0.0353 -0.1037 -0.1730 -0.2410
 -0.3063 -0.3697 -0.4335 -0.5000 -0.5690 -0.7448 -0.9163 -1.0815 -1.2393 -1.3890
  0.3128  0.2435  0.1797  0.1203  0.0636  0.0066 -0.0544 -0.1199 -0.1873 -0.2543
 -0.3198 -0.3838 -0.4484 -0.5158 -0.5858 -0.7632 -0.9357 -1.1010 -1.2575 -1.4067
 -1.5517
  0.3279  0.2449  0.1710  0.1052  0.0453 -0.0116 -0.0696 -0.1319 -0.1967 -0.2624
 -0.3276 -0.3921 -0.4574 -0.5251 -0.5955 -0.7740 -0.9476 -1.1134 -1.2701 -1.4192
 -1.5636 -1.7051
  0.3532  0.2729  0.1977  0.1178  0.0435 -0.0225 -0.0824 -0.1428 -0.2054 -0.2693
 -0.3336 -0.3980 -0.4632 -0.5308 -0.6011 -0.7802 -0.9546 -1.1210 -1.2785 -1.4279
 -1.5720 -1.7129 -1.8500 -1.9830
  0.3765  0.3032  0.2236  0.1449  0.0687 -0.0047 -0.0760 -0.1449 -0.2109 -0.2751
 -0.3390 -0.4033 -0.4681 -0.5348 -0.6044 -0.7834 -0.9583 -1.1255 -1.2838 -1.4338
 -1.5778 -1.7183 -1.8550 -1.9874 -2.1153 -2.2394 -2.3599 -2.4770 -2.5905 -2.6998
  0.3898  0.3135  0.2365  0.1593  0.0830  0.0089 -0.0624 -0.1316 -0.2009 -0.2711
 -0.3402 -0.4071 -0.4727 -0.5388 -0.6068 -0.7846 -0.9598 -1.1275 -1.2867 -1.4374
 -1.5816 -1.7218 -1.8583 -1.9905 -2.1180 -2.2412 -2.3607 -2.4767 -2.5893 -2.6982
 -2.8035
  0.3883  0.3152  0.2412  0.1662  0.0908  0.0161 -0.0569 -0.1274 -0.1960 -0.2639
 -0.3326 -0.4027 -0.4729 -0.5418 -0.6099 -0.7845 -0.9597 -1.1278 -1.2876 -1.4391
 -1.5837 -1.7239 -1.8603 -1.9925 -2.1199 -2.2427 -2.3616 -2.4768 -2.5885 -2.6967
 -2.8013
  0.3779  0.3087  0.2381  0.1660  0.0927  0.0189 -0.0544 -0.1264 -0.1966 -0.2652
 -0.3330 -0.4010 -0.4701 -0.5403 -0.6109 -0.7860 -0.9604 -1.1290 -1.2894 -1.4416
 -1.5867 -1.7271 -1.8637 -1.9962 -2.1238 -2.2466 -2.3653 -2.4800 -2.5911 -2.6990
 -2.8033
  0.3573  0.2928  0.2273  0.1593  0.0894  0.0182 -0.0536 -0.1252 -0.1961 -0.2658
 -0.3343 -0.4021 -0.4698 -0.5381 -0.6074 -0.7832 -0.9574 -1.1261 -1.2868 -1.4395
 -1.5851 -1.7257 -1.8625 -1.9954 -2.1234 -2.2465 -2.3650 -2.4794 -2.5900 -2.6973
 -2.8012
  0.3234  0.2650  0.2048  0.1426  0.0774  0.0102 -0.0585 -0.1280 -0.1978 -0.2674
 -0.3363 -0.4045 -0.4721 -0.5395 -0.6071 -0.7788 -0.9523 -1.1218 -1.2831 -1.4361
 -1.5821 -1.7228 -1.8598 -1.9932 -2.1220 -2.2457 -2.3646 -2.4790 -2.5894 -2.6962
 -2.7996
  0.2769  0.2241  0.1699  0.1135  0.0542 -0.0076 -0.0716 -0.1373 -0.2044 -0.2721
 -0.3401 -0.4080 -0.4754 -0.5425 -0.6100 -0.7728 -0.9451 -1.1161 -1.2783
 [Fe/H] = -0.50 [alpha/Fe] = 0.00 BC value = F430M
  0.3706  0.3095  0.2505  0.1918  0.1304  0.0652 -0.0043 -0.0773 -0.1500 -0.2205
 -0.2881 -0.3528 -0.4155 -0.4787 -0.5437 -0.7132 -0.8841 -1.0504 -1.2105
  0.3388  0.2746  0.2136  0.1546  0.0954  0.0338 -0.0328 -0.1038 -0.1758 -0.2464
 -0.3139 -0.3785 -0.4415 -0.5056 -0.5722 -0.7447 -0.9153 -1.0808 -1.2389 -1.3886
  0.3209  0.2536  0.1907  0.1312  0.0735  0.0152 -0.0476 -0.1159 -0.1866 -0.2572
 -0.3256 -0.3913 -0.4556 -0.5208 -0.5885 -0.7629 -0.9347 -1.1003 -1.2575 -1.4065
 -1.5503
  0.3185  0.2443  0.1767  0.1147  0.0566  0.0001 -0.0587 -0.1233 -0.1916 -0.2613
 -0.3303 -0.3974 -0.4632 -0.5296 -0.5979 -0.7737 -0.9465 -1.1126 -1.2699 -1.4190
 -1.5623 -1.7022
  0.3520  0.2656  0.1838  0.1102  0.0452 -0.0136 -0.0704 -0.1310 -0.1961 -0.2637
 -0.3321 -0.4000 -0.4671 -0.5345 -0.6033 -0.7799 -0.9535 -1.1201 -1.2781 -1.4276
 -1.5707 -1.7099 -1.8460 -1.9786
  0.3801  0.2984  0.2172  0.1380  0.0617 -0.0105 -0.0765 -0.1385 -0.2018 -0.2672
 -0.3340 -0.4015 -0.4691 -0.5371 -0.6062 -0.7831 -0.9572 -1.1244 -1.2831 -1.4332
 -1.5764 -1.7152 -1.8507 -1.9827 -2.1106 -2.2348 -2.3557 -2.4734 -2.5874 -2.6971
  0.3923  0.3144  0.2362  0.1586  0.0827  0.0097 -0.0605 -0.1295 -0.1992 -0.2684
 -0.3363 -0.4035 -0.4710 -0.5388 -0.6078 -0.7844 -0.9589 -1.1264 -1.2858 -1.4366
 -1.5801 -1.7187 -1.8538 -1.9854 -2.1129 -2.2363 -2.3561 -2.4726 -2.5858 -2.6953
 -2.8007
  0.3952  0.3202  0.2449  0.1691  0.0936  0.0194 -0.0524 -0.1218 -0.1904 -0.2597
 -0.3306 -0.4019 -0.4721 -0.5409 -0.6093 -0.7845 -0.9590 -1.1269 -1.2867 -1.4382
 -1.5821 -1.7208 -1.8557 -1.9870 -2.1143 -2.2374 -2.3566 -2.4722 -2.5845 -2.6933
 -2.7984
  0.3908  0.3187  0.2460  0.1725  0.0983  0.0241 -0.0492 -0.1207 -0.1905 -0.2593
 -0.3281 -0.3978 -0.4686 -0.5401 -0.6111 -0.7857 -0.9599 -1.1282 -1.2886 -1.4407
 -1.5853 -1.7242 -1.8591 -1.9905 -2.1178 -2.2408 -2.3597 -2.4749 -2.5865 -2.6949
 -2.7998
  0.3807  0.3113  0.2422  0.1715  0.0996  0.0268 -0.0463 -0.1187 -0.1899 -0.2598
 -0.3287 -0.3973 -0.4662 -0.5359 -0.6064 -0.7836 -0.9574 -1.1257 -1.2864 -1.4390
 -1.5841 -1.7233 -1.8582 -1.9897 -2.1172 -2.2403 -2.3590 -2.4737 -2.5848 -2.6926
 -2.7971
  0.3606  0.2958  0.2302  0.1637  0.0950  0.0247 -0.0467 -0.1183 -0.1897 -0.2603
 -0.3299 -0.3987 -0.4671 -0.5355 -0.6042 -0.7782 -0.9528 -1.1222 -1.2832 -1.4362
 -1.5817 -1.7212 -1.8563 -1.9879 -2.1158 -2.2392 -2.3582 -2.4728 -2.5836 -2.6909
 -2.7949
  0.3281  0.2689  0.2085  0.1463  0.0823  0.0157 -0.0525 -0.1219 -0.1919 -0.2619
 -0.3315 -0.4005 -0.4690 -0.5369 -0.6045 -0.7695 -0.9461 -1.1177 -1.2790
 [Fe/H] = -0.25 [alpha/Fe] = 0.00 BC value = F430M
  0.3813  0.3191  0.2581  0.1964  0.1317  0.0635 -0.0082 -0.0825 -0.1559 -0.2268
 -0.2953 -0.3612 -0.4245 -0.4867 -0.5495 -0.7135 -0.8822 -1.0478 -1.2083
  0.3490  0.2844  0.2222  0.1612  0.0993  0.0350 -0.0341 -0.1072 -0.1810 -0.2529
 -0.3218 -0.3876 -0.4508 -0.5133 -0.5773 -0.7450 -0.9142 -1.0794 -1.2380 -1.3883
  0.3299  0.2634  0.2003  0.1399  0.0806  0.0201 -0.0449 -0.1156 -0.1890 -0.2620
 -0.3325 -0.3997 -0.4642 -0.5279 -0.5930 -0.7631 -0.9337 -1.0994 -1.2573 -1.4066
 -1.5497
  0.3205  0.2505  0.1854  0.1242  0.0660  0.0085 -0.0518 -0.1185 -0.1899 -0.2629
 -0.3348 -0.4040 -0.4706 -0.5360 -0.6022 -0.7739 -0.9456 -1.1117 -1.2697 -1.4191
 -1.5618 -1.7003
  0.3344  0.2528  0.1796  0.1136  0.0532 -0.0036 -0.0602 -0.1220 -0.1897 -0.2609
 -0.3330 -0.4038 -0.4726 -0.5399 -0.6074 -0.7802 -0.9526 -1.1191 -1.2776 -1.4275
 -1.5702 -1.7081 -1.8427 -1.9744
  0.3730  0.2886  0.2053  0.1257  0.0527 -0.0119 -0.0702 -0.1285 -0.1920 -0.2600
 -0.3305 -0.4017 -0.4719 -0.5410 -0.6097 -0.7837 -0.9565 -1.1234 -1.2824 -1.4329
 -1.5758 -1.7134 -1.8475 -1.9785 -2.1061 -2.2303 -2.3513 -2.4694 -2.5837 -2.6937
  0.3922  0.3126  0.2331  0.1548  0.0790  0.0062 -0.0634 -0.1295 -0.1950 -0.2616
 -0.3301 -0.4000 -0.4703 -0.5404 -0.6101 -0.7851 -0.9584 -1.1255 -1.2850 -1.4361
 -1.5794 -1.7169 -1.8506 -1.9810 -2.1080 -2.2314 -2.3514 -2.4681 -2.5817 -2.6917
 -2.7975
  0.3991  0.3227  0.2461  0.1697  0.0944  0.0214 -0.0489 -0.1170 -0.1856 -0.2562
 -0.3279 -0.3992 -0.4697 -0.5397 -0.6097 -0.7852 -0.9587 -1.1261 -1.2859 -1.4376
 -1.5814 -1.7191 -1.8524 -1.9825 -2.1091 -2.2320 -2.3514 -2.4672 -2.5798 -2.6892
 -2.7949
  0.3985  0.3243  0.2503  0.1759  0.1015  0.0277 -0.0445 -0.1145 -0.1833 -0.2523
 -0.3227 -0.3946 -0.4674 -0.5398 -0.6110 -0.7862 -0.9599 -1.1277 -1.2879 -1.4402
 -1.5847 -1.7227 -1.8560 -1.9859 -2.1123 -2.2350 -2.3540 -2.4694 -2.5814 -2.6902
 -2.7957
  0.3939  0.3219  0.2503  0.1782  0.1055  0.0322 -0.0408 -0.1126 -0.1831 -0.2526
 -0.3220 -0.3919 -0.4625 -0.5340 -0.6060 -0.7842 -0.9576 -1.1255 -1.2860 -1.4386
 -1.5837 -1.7222 -1.8556 -1.9853 -2.1116 -2.2341 -2.3528 -2.4677 -2.5791 -2.6873
 -2.7924
  0.3840  0.3145  0.2453  0.1759  0.1053  0.0336 -0.0388 -0.1111 -0.1828 -0.2535
 -0.3233 -0.3928 -0.4622 -0.5318 -0.6019 -0.7786 -0.9538 -1.1224 -1.2832 -1.4362
 -1.5817 -1.7206 -1.8543 -1.9840 -2.1103 -2.2330 -2.3516 -2.4663 -2.5773 -2.6850
 -2.7895
  0.3650  0.2996  0.2339  0.1673  0.0999  0.0306 -0.0400 -0.1113 -0.1828 -0.2539
 -0.3243 -0.3941 -0.4633 -0.5321 -0.5987 -0.7694 -0.9485 -1.1184 -1.2795
 [Fe/H] =  0.00 [alpha/Fe] = 0.00 BC value = F430M
  0.3914  0.3283  0.2651  0.2006  0.1341  0.0637 -0.0100 -0.0854 -0.1591 -0.2298
 -0.2985 -0.3655 -0.4303 -0.4926 -0.5543 -0.7128 -0.8785 -1.0433 -1.2038
  0.3587  0.2936  0.2302  0.1671  0.1033  0.0367 -0.0346 -0.1095 -0.1843 -0.2564
 -0.3259 -0.3927 -0.4568 -0.5191 -0.5814 -0.7436 -0.9108 -1.0755 -1.2346 -1.3858
  0.3392  0.2732  0.2098  0.1485  0.0876  0.0252 -0.0419 -0.1149 -0.1903 -0.2646
 -0.3361 -0.4044 -0.4697 -0.5331 -0.5964 -0.7613 -0.9301 -1.0955 -1.2542 -1.4043
 -1.5474
  0.3270  0.2592  0.1953  0.1345  0.0758  0.0171 -0.0449 -0.1138 -0.1879 -0.2632
 -0.3369 -0.4076 -0.4751 -0.5404 -0.6051 -0.7720 -0.9419 -1.1078 -1.2665 -1.4166
 -1.5594 -1.6970
  0.3342  0.2526  0.1851  0.1226  0.0640  0.0075 -0.0498 -0.1130 -0.1834 -0.2578
 -0.3326 -0.4056 -0.4756 -0.5433 -0.6098 -0.7785 -0.9491 -1.1152 -1.2742 -1.4247
 -1.5675 -1.7047 -1.8382 -1.9690
  0.3588  0.2721  0.1915  0.1193  0.0549 -0.0034 -0.0588 -0.1164 -0.1814 -0.2524
 -0.3264 -0.4005 -0.4728 -0.5429 -0.6114 -0.7822 -0.9533 -1.1195 -1.2787 -1.4298
 -1.5729 -1.7099 -1.8428 -1.9727 -2.0999 -2.2241 -2.3454 -2.4639 -2.5788 -2.6893
  0.3887  0.3070  0.2257  0.1463  0.0702 -0.0006 -0.0645 -0.1231 -0.1840 -0.2506
 -0.3217 -0.3950 -0.4683 -0.5403 -0.6107 -0.7839 -0.9555 -1.1219 -1.2812 -1.4327
 -1.5762 -1.7133 -1.8458 -1.9751 -2.1015 -2.2248 -2.3449 -2.4621 -2.5763 -2.6869
 -2.7933
  0.4006  0.3229  0.2451  0.1681  0.0930  0.0208 -0.0485 -0.1153 -0.1817 -0.2498
 -0.3199 -0.3916 -0.4642 -0.5368 -0.6085 -0.7841 -0.9562 -1.1228 -1.2823 -1.4341
 -1.5781 -1.7153 -1.8476 -1.9764 -2.1022 -2.2249 -2.3444 -2.4606 -2.5737 -2.6837
 -2.7903
  0.4029  0.3276  0.2525  0.1774  0.1030  0.0301 -0.0403 -0.1083 -0.1756 -0.2445
 -0.3159 -0.3891 -0.4627 -0.5357 -0.6078 -0.7849 -0.9578 -1.1248 -1.2846 -1.4368
 -1.5814 -1.7190 -1.8513 -1.9798 -2.1051 -2.2274 -2.3464 -2.4621 -2.5746 -2.6840
 -2.7903
  0.4011  0.3279  0.2549  0.1819  0.1087  0.0357 -0.0362 -0.1063 -0.1751 -0.2436
 -0.3133 -0.3845 -0.4570 -0.5302 -0.6035 -0.7825 -0.9558 -1.1231 -1.2831 -1.4356
 -1.5806 -1.7187 -1.8511 -1.9794 -2.1043 -2.2261 -2.3446 -2.4597 -2.5715 -2.6802
 -2.7861
  0.3967  0.3246  0.2536  0.1824  0.1109  0.0389 -0.0334 -0.1050 -0.1756 -0.2455
 -0.3150 -0.3850 -0.4556 -0.5268 -0.5983 -0.7775 -0.9527 -1.1205 -1.2808 -1.4336
 -1.5789 -1.7175 -1.8502 -1.9785 -2.1032 -2.2248 -2.3430 -2.4577 -2.5690 -2.6772
 -2.7824
  0.3878  0.3178  0.2485  0.1794  0.1098  0.0393 -0.0321 -0.1039 -0.1755 -0.2465
 -0.3168 -0.3867 -0.4565 -0.5264 -0.5922 -0.7699 -0.9485 -1.1170 -1.2777
 [Fe/H] =  0.25 [alpha/Fe] = 0.00 BC value = F430M
  0.3985  0.3341  0.2683  0.2006  0.1310  0.0595 -0.0136 -0.0884 -0.1633 -0.2339
 -0.3022 -0.3696 -0.4353 -0.4989 -0.5600 -0.7134 -0.8750 -1.0390 -1.1993
  0.3656  0.2997  0.2345  0.1692  0.1033  0.0346 -0.0379 -0.1139 -0.1893 -0.2613
 -0.3305 -0.3977 -0.4627 -0.5256 -0.5870 -0.7438 -0.9077 -1.0715 -1.2310 -1.3832
  0.3464  0.2804  0.2162  0.1534  0.0909  0.0267 -0.0424 -0.1174 -0.1941 -0.2689
 -0.3405 -0.4093 -0.4754 -0.5391 -0.6015 -0.7610 -0.9268 -1.0915 -1.2507 -1.4018
 -1.5453
  0.3334  0.2669  0.2033  0.1421  0.0825  0.0224 -0.0415 -0.1126 -0.1891 -0.2658
 -0.3404 -0.4118 -0.4800 -0.5456 -0.6096 -0.7716 -0.9386 -1.1038 -1.2630 -1.4140
 -1.5571 -1.6944
  0.3263  0.2572  0.1924  0.1312  0.0731  0.0161 -0.0425 -0.1076 -0.1807 -0.2576
 -0.3342 -0.4084 -0.4794 -0.5475 -0.6136 -0.7783 -0.9460 -1.1112 -1.2705 -1.4218
 -1.5651 -1.7020 -1.8345 -1.9642
  0.3390  0.2596  0.1878  0.1225  0.0626  0.0064 -0.0487 -0.1072 -0.1743 -0.2483
 -0.3250 -0.4012 -0.4749 -0.5458 -0.6144 -0.7822 -0.9506 -1.1158 -1.2750 -1.4266
 -1.5702 -1.7072 -1.8393 -1.9680 -2.0942 -2.2180 -2.3393 -2.4580 -2.5732 -2.6841
  0.3796  0.2944  0.2118  0.1329  0.0618 -0.0014 -0.0582 -0.1131 -0.1734 -0.2419
 -0.3162 -0.3925 -0.4680 -0.5413 -0.6124 -0.7840 -0.9533 -1.1185 -1.2776 -1.4295
 -1.5734 -1.7105 -1.8424 -1.9706 -2.0958 -2.2185 -2.3385 -2.4558 -2.5703 -2.6812
 -2.7882
  0.3991  0.3200  0.2410  0.1631  0.0876  0.0152 -0.0532 -0.1161 -0.1765 -0.2407
 -0.3108 -0.3849 -0.4605 -0.5353 -0.6084 -0.7841 -0.9545 -1.1199 -1.2790 -1.4309
 -1.5752 -1.7126 -1.8443 -1.9720 -2.0966 -2.2184 -2.3375 -2.4537 -2.5671 -2.6776
 -2.7847
  0.4050  0.3287  0.2527  0.1770  0.1027  0.0307 -0.0385 -0.1051 -0.1710 -0.2383
 -0.3086 -0.3818 -0.4563 -0.5311 -0.6052 -0.7844 -0.9563 -1.1223 -1.2816 -1.4337
 -1.5785 -1.7162 -1.8480 -1.9754 -2.0994 -2.2206 -2.3391 -2.4546 -2.5673 -2.6771
 -2.7840
  0.4054  0.3312  0.2573  0.1836  0.1102  0.0379 -0.0325 -0.1006 -0.1673 -0.2346
 -0.3040 -0.3763 -0.4504 -0.5252 -0.5997 -0.7811 -0.9546 -1.1211 -1.2806 -1.4328
 -1.5778 -1.7160 -1.8479 -1.9751 -2.0986 -2.2191 -2.3369 -2.4517 -2.5636 -2.6727
 -2.7791
  0.4030  0.3300  0.2580  0.1860  0.1139  0.0419 -0.0295 -0.0996 -0.1683 -0.2364
 -0.3051 -0.3755 -0.4475 -0.5205 -0.5938 -0.7760 -0.9516 -1.1189 -1.2788 -1.4312
 -1.5765 -1.7150 -1.8473 -1.9745 -2.0977 -2.2178 -2.3350 -2.4492 -2.5604 -2.6689
 -2.7746
  0.3992  0.3271  0.2560  0.1859  0.1151  0.0441 -0.0273 -0.0984 -0.1689 -0.2387
 -0.3081 -0.3778 -0.4482 -0.5193 -0.5875 -0.7691 -0.9473 -1.1157 -1.2762
 [Fe/H] =  0.50 [alpha/Fe] = 0.00 BC value = F430M
  0.4037  0.3450  0.2814  0.2135  0.1419  0.0669 -0.0111 -0.0907 -0.1673 -0.2380
 -0.3057 -0.3728 -0.4392 -0.5036 -0.5659 -0.7155 -0.8721 -1.0346 -1.1950
  0.3704  0.3035  0.2362  0.1687  0.1012  0.0320 -0.0409 -0.1178 -0.1940 -0.2660
 -0.3347 -0.4018 -0.4673 -0.5309 -0.5926 -0.7451 -0.9046 -1.0670 -1.2248 -1.3768
  0.3516  0.2853  0.2200  0.1556  0.0915  0.0259 -0.0446 -0.1208 -0.1983 -0.2730
 -0.3445 -0.4133 -0.4798 -0.5441 -0.6065 -0.7618 -0.9234 -1.0868 -1.2462 -1.3983
 -1.5423
  0.3386  0.2727  0.2090  0.1472  0.0865  0.0252 -0.0402 -0.1133 -0.1913 -0.2688
 -0.3434 -0.4152 -0.4839 -0.5500 -0.6140 -0.7721 -0.9351 -1.0989 -1.2583 -1.4102
 -1.5540 -1.6914
  0.3289  0.2623  0.1989  0.1384  0.0802  0.0225 -0.0374 -0.1044 -0.1798 -0.2584
 -0.3359 -0.4107 -0.4824 -0.5510 -0.6172 -0.7787 -0.9428 -1.1066 -1.2658 -1.4178
 -1.5618 -1.6989 -1.8310 -1.9597
  0.3284  0.2569  0.1906  0.1288  0.0708  0.0153 -0.0401 -0.1000 -0.1693 -0.2460
 -0.3246 -0.4020 -0.4766 -0.5481 -0.6170 -0.7827 -0.9478 -1.1115 -1.2704 -1.4225
 -1.5668 -1.7040 -1.8357 -1.9636 -2.0887 -2.2117 -2.3327 -2.4513 -2.5666 -2.6779
  0.3587  0.2805  0.1964  0.1259  0.0627  0.0053 -0.0487 -0.1031 -0.1645 -0.2355
 -0.3125 -0.3909 -0.4678 -0.5422 -0.6138 -0.7845 -0.9510 -1.1147 -1.2732 -1.4253
 -1.5699 -1.7073 -1.8389 -1.9663 -2.0905 -2.2122 -2.3317 -2.4488 -2.5634 -2.6747
 -2.7820
  0.3932  0.3123  0.2314  0.1520  0.0765  0.0069 -0.0552 -0.1112 -0.1673 -0.2307
 -0.3029 -0.3799 -0.4576 -0.5341 -0.6082 -0.7842 -0.9527 -1.1167 -1.2750 -1.4268
 -1.5716 -1.7093 -1.8409 -1.9679 -2.0913 -2.2121 -2.3305 -2.4464 -2.5597 -2.6706
 -2.7780
  0.4041  0.3271  0.2502  0.1740  0.0997  0.0281 -0.0409 -0.1068 -0.1695 -0.2320
 -0.2997 -0.3732 -0.4499 -0.5270 -0.6029 -0.7838 -0.9548 -1.1196 -1.2781 -1.4299
 -1.5748 -1.7129 -1.8446 -1.9714 -2.0943 -2.2142 -2.3318 -2.4468 -2.5594 -2.6694
 -2.7767
  0.4070  0.3323  0.2578  0.1836  0.1103  0.0388 -0.0301 -0.0965 -0.1617 -0.2272
 -0.2953 -0.3672 -0.4421 -0.5184 -0.5947 -0.7794 -0.9532 -1.1189 -1.2776 -1.4294
 -1.5743 -1.7126 -1.8445 -1.9712 -2.0936 -2.2128 -2.3294 -2.4435 -2.5552 -2.6644
 -2.7710
  0.4056  0.3327  0.2599  0.1874  0.1151  0.0435 -0.0266 -0.0948 -0.1613 -0.2273
 -0.2946 -0.3649 -0.4378 -0.5123 -0.5874 -0.7732 -0.9501 -1.1171 -1.2764 -1.4283
 -1.5733 -1.7118 -1.8439 -1.9706 -2.0928 -2.2115 -2.3275 -2.4408 -2.5515 -2.6598
 -2.7657
  0.4038  0.3311  0.2598  0.1886  0.1176  0.0464 -0.0243 -0.0942 -0.1629 -0.2306
 -0.2983 -0.3672 -0.4380 -0.5103 -0.5810 -0.7652 -0.9455 -1.1142 -1.2745
 [Fe/H] =  0.75 [alpha/Fe] = 0.00 BC value = F430M
  0.4071  0.3459  0.2805  0.2116  0.1395  0.0647 -0.0126 -0.0920 -0.1711 -0.2426
 -0.3098 -0.3763 -0.4426 -0.5080 -0.5711 -0.7189 -0.8715 -1.0309 -1.1910
  0.3734  0.3052  0.2358  0.1663  0.0990  0.0309 -0.0418 -0.1203 -0.1981 -0.2707
 -0.3390 -0.4055 -0.4710 -0.5352 -0.5976 -0.7481 -0.9021 -1.0624 -1.2217 -1.3753
  0.3539  0.2859  0.2215  0.1556  0.0899  0.0232 -0.0477 -0.1239 -0.2019 -0.2769
 -0.3483 -0.4167 -0.4833 -0.5481 -0.6109 -0.7637 -0.9204 -1.0816 -1.2410 -1.3939
 -1.5389
  0.3418  0.2764  0.2125  0.1499  0.0881  0.0256 -0.0410 -0.1152 -0.1938 -0.2716
 -0.3463 -0.4179 -0.4868 -0.5533 -0.6176 -0.7734 -0.9319 -1.0936 -1.2529 -1.4055
 -1.5501 -1.6880
  0.3310  0.2661  0.2035  0.1433  0.0849  0.0265 -0.0345 -0.1030 -0.1801 -0.2596
 -0.3375 -0.4125 -0.4845 -0.5535 -0.6200 -0.7797 -0.9397 -1.1014 -1.2602 -1.4128
 -1.5576 -1.6952 -1.8273 -1.9553
  0.3243  0.2574  0.1942  0.1344  0.0774  0.0222 -0.0336 -0.0948 -0.1662 -0.2448
 -0.3245 -0.4026 -0.4777 -0.5497 -0.6189 -0.7836 -0.9452 -1.1067 -1.2649 -1.4173
 -1.5623 -1.7001 -1.8318 -1.9593 -2.0835 -2.2056 -2.3259 -2.4442 -2.5592 -2.6708
  0.3373  0.2603  0.1902  0.1264  0.0678  0.0130 -0.0399 -0.0946 -0.1574 -0.2309
 -0.3100 -0.3897 -0.4674 -0.5425 -0.6146 -0.7851 -0.9489 -1.1105 -1.2681 -1.4202
 -1.5653 -1.7032 -1.8349 -1.9619 -2.0853 -2.2060 -2.3248 -2.4415 -2.5560 -2.6672
 -2.7749
  0.3804  0.2953  0.2140  0.1369  0.0668  0.0054 -0.0500 -0.1021 -0.1575 -0.2223
 -0.2969 -0.3760 -0.4552 -0.5327 -0.6076 -0.7842 -0.9509 -1.1131 -1.2704 -1.4220
 -1.5670 -1.7052 -1.8369 -1.9636 -2.0863 -2.2061 -2.3235 -2.4388 -2.5520 -2.6628
 -2.7704
  0.3995  0.3216  0.2437  0.1668  0.0920  0.0200 -0.0475 -0.1087 -0.1650 -0.2232
 -0.2905 -0.3660 -0.4447 -0.5234 -0.6004 -0.7828 -0.9533 -1.1167 -1.2741 -1.4254
 -1.5704 -1.7088 -1.8407 -1.9672 -2.0894 -2.2084 -2.3248 -2.4391 -2.5512 -2.6611
 -2.7686
  0.4057  0.3308  0.2558  0.1813  0.1083  0.0377 -0.0302 -0.0959 -0.1600 -0.2230
 -0.2873 -0.3576 -0.4335 -0.5119 -0.5900 -0.7772 -0.9515 -1.1165 -1.2744 -1.4255
 -1.5702 -1.7085 -1.8406 -1.9670 -2.0888 -2.2070 -2.3225 -2.4356 -2.5466 -2.6555
 -2.7623
  0.4058  0.3327  0.2598  0.1870  0.1148  0.0439 -0.0247 -0.0909 -0.1554 -0.2197
 -0.2854 -0.3543 -0.4271 -0.5028 -0.5797 -0.7697 -0.9480 -1.1150 -1.2737 -1.4250
 -1.5696 -1.7080 -1.8401 -1.9666 -2.0882 -2.2060 -2.3207 -2.4328 -2.5427 -2.6505
 -2.7563
  0.4040  0.3319  0.2606  0.1892  0.1180  0.0472 -0.0227 -0.0908 -0.1573 -0.2227
 -0.2883 -0.3561 -0.4265 -0.4995 -0.5695 -0.7603 -0.9428 -1.1122 -1.2720
 [Fe/H] =  1.00 [alpha/Fe] = 0.00 BC value = F430M
  0.4081  0.3465  0.2807  0.2112  0.1384  0.0628 -0.0153 -0.0956 -0.1758 -0.2486
 -0.3158 -0.3812 -0.4470 -0.5125 -0.5765 -0.7250 -0.8740 -1.0281 -1.1871
  0.3746  0.3002  0.2283  0.1586  0.0911  0.0255 -0.0422 -0.1228 -0.2022 -0.2756
 -0.3439 -0.4096 -0.4746 -0.5390 -0.6020 -0.7523 -0.9011 -1.0582 -1.2173 -1.3713
  0.3555  0.2836  0.2212  0.1538  0.0868  0.0193 -0.0492 -0.1256 -0.2051 -0.2806
 -0.3520 -0.4200 -0.4862 -0.5511 -0.6145 -0.7665 -0.9186 -1.0767 -1.2357 -1.3891
 -1.5351
  0.3433  0.2782  0.2139  0.1505  0.0876  0.0242 -0.0432 -0.1171 -0.1960 -0.2739
 -0.3487 -0.4204 -0.4890 -0.5556 -0.6203 -0.7753 -0.9296 -1.0884 -1.2470 -1.4001
 -1.5459 -1.6844
  0.3316  0.2680  0.2062  0.1459  0.0871  0.0282 -0.0335 -0.1031 -0.1808 -0.2606
 -0.3385 -0.4138 -0.4858 -0.5550 -0.6219 -0.7810 -0.9373 -1.0961 -1.2542 -1.4072
 -1.5528 -1.6911 -1.8234 -1.9511
  0.3215  0.2576  0.1966  0.1381  0.0818  0.0267 -0.0293 -0.0915 -0.1643 -0.2440
 -0.3242 -0.4025 -0.4781 -0.5503 -0.6199 -0.7844 -0.9430 -1.1018 -1.2590 -1.4115
 -1.5572 -1.6956 -1.8277 -1.9549 -2.0784 -2.1995 -2.3190 -2.4366 -2.5513 -2.6629
  0.3212  0.2522  0.1881  0.1284  0.0725  0.0193 -0.0329 -0.0879 -0.1521 -0.2274
 -0.3078 -0.3882 -0.4665 -0.5420 -0.6146 -0.7853 -0.9470 -1.1062 -1.2626 -1.4144
 -1.5600 -1.6985 -1.8305 -1.9574 -2.0803 -2.2002 -2.3180 -2.4341 -2.5481 -2.6590
 -2.7670
  0.3572  0.2714  0.1947  0.1261  0.0645  0.0088 -0.0428 -0.0934 -0.1490 -0.2154
 -0.2920 -0.3725 -0.4527 -0.5309 -0.6063 -0.7836 -0.9493 -1.1096 -1.2655 -1.4165
 -1.5618 -1.7004 -1.8324 -1.9590 -2.0813 -2.2003 -2.3169 -2.4314 -2.5440 -2.6545
 -2.7621
  0.3893  0.3103  0.2309  0.1526  0.0776  0.0092 -0.0511 -0.1049 -0.1564 -0.2138
 -0.2824 -0.3597 -0.4400 -0.5197 -0.5975 -0.7812 -0.9516 -1.1137 -1.2699 -1.4205
 -1.5653 -1.7040 -1.8362 -1.9627 -2.0845 -2.2028 -2.3184 -2.4317 -2.5430 -2.6524
 -2.7598
  0.4008  0.3256  0.2503  0.1757  0.1029  0.0327 -0.0351 -0.0999 -0.1605 -0.2179
 -0.2783 -0.3486 -0.4262 -0.5060 -0.5852 -0.7743 -0.9494 -1.1139 -1.2709 -1.4212
 -1.5655 -1.7039 -1.8361 -1.9626 -2.0841 -2.2016 -2.3162 -2.4282 -2.5383 -2.6465
 -2.7529
  0.4028  0.3300  0.2571  0.1843  0.1124  0.0426 -0.0245 -0.0890 -0.1522 -0.2152
 -0.2786 -0.3446 -0.4165 -0.4935 -0.5724 -0.7656 -0.9453 -1.1126 -1.2708 -1.4215
 -1.5656 -1.7037 -1.8358 -1.9623 -2.0836 -2.2007 -2.3145 -2.4255 -2.5343 -2.6412
 -2.7465
  0.4012  0.3300  0.2587  0.1876  0.1166  0.0463 -0.0222 -0.0883 -0.1523 -0.2155
 -0.2793 -0.3453 -0.4146 -0.4875 -0.5591 -0.7551 -0.9393 -1.1098 -1.2696
