 [Fe/H] = -4.00 [alpha/Fe] = 0.40 BC value = F814W
 -2.8768 -1.9863 -0.8351 -0.4519 -1.2625 -3.1260 -2.3774 -1.1652 -0.4426 -0.4158
 -0.3598 -0.3969 -0.8162 -1.3043 -1.5983 -1.5075
 -2.6615 -2.2743 -1.7081 -1.4657 -1.7048 -2.5177 -2.1881 -1.6494 -1.2606 -1.1332
 -1.0391 -1.0305 -1.2018 -1.4162 -1.5445 -1.4792 -1.4403 -1.4251 -1.4883
 -2.3309 -2.2275 -2.0333 -1.8990 -1.8566 -2.0384 -1.9507 -1.8108 -1.6650 -1.5420
 -1.4603 -1.4316 -1.4561 -1.4989 -1.5203 -1.4727 -1.4611 -1.4536 -1.4804 -1.5108
 -1.5170
 -1.8850 -1.8459 -1.8107 -1.7518 -1.7178 -1.6881 -1.6652 -1.6493 -1.6556 -1.6422
 -1.6234 -1.6003 -1.5792 -1.5522 -1.5257 -1.4880 -1.4677 -1.4699 -1.4856 -1.5105
 -1.5403 -1.5733 -1.6086
 -1.6921 -1.6862 -1.6785 -1.6582 -1.6416 -1.6235 -1.6064 -1.5920 -1.5810 -1.5724
 -1.5633 -1.5516 -1.5394 -1.5253 -1.5092 -1.4846 -1.4809 -1.4902 -1.5079 -1.5317
 -1.5599 -1.5913 -1.6250 -1.6616 -1.7015
 -1.5150 -1.5343 -1.5487 -1.5568 -1.5583 -1.5545 -1.5473 -1.5389 -1.5307 -1.5235
 -1.5175 -1.5123 -1.5059 -1.5004 -1.4924 -1.4788 -1.4854 -1.5018 -1.5234 -1.5485
 -1.5767 -1.6076 -1.6406 -1.6757 -1.7129 -1.7531
 -1.3538 -1.3902 -1.4213 -1.4476 -1.4678 -1.4811 -1.4879 -1.4900 -1.4893 -1.4870
 -1.4843 -1.4816 -1.4793 -1.4781 -1.4753 -1.4706 -1.4812 -1.5047 -1.5321 -1.5609
 -1.5907 -1.6222 -1.6553 -1.6898 -1.7257 -1.7637 -1.8042 -1.8496 -1.9010 -1.9548
 -1.2084 -1.2539 -1.2963 -1.3359 -1.3712 -1.4004 -1.4226 -1.4378 -1.4474 -1.4529
 -1.4558 -1.4571 -1.4576 -1.4580 -1.4587 -1.4604 -1.4724 -1.4986 -1.5319 -1.5663
 -1.6002 -1.6339 -1.6682 -1.7032 -1.7391 -1.7760 -1.8141 -1.8554 -1.9022 -1.9550
 -2.0108
 -1.0860 -1.1336 -1.1810 -1.2283 -1.2734 -1.3147 -1.3504 -1.3791 -1.4006 -1.4158
 -1.4261 -1.4330 -1.4377 -1.4409 -1.4432 -1.4495 -1.4620 -1.4872 -1.5231 -1.5630
 -1.6025 -1.6407 -1.6779 -1.7148 -1.7516 -1.7887 -1.8268 -1.8658 -1.9079 -1.9554
 -2.0097
 -0.9843 -1.0323 -1.0816 -1.1320 -1.1820 -1.2304 -1.2754 -1.3152 -1.3482 -1.3737
 -1.3926 -1.4063 -1.4162 -1.4234 -1.4285 -1.4379 -1.4516 -1.4749 -1.5098 -1.5523
 -1.5970 -1.6410 -1.6830 -1.7234 -1.7626 -1.8012 -1.8398 -1.8790 -1.9195 -1.9633
 -2.0106
 -0.9063 -0.9513 -0.9985 -1.0476 -1.0985 -1.1496 -1.1995 -1.2466 -1.2890 -1.3245
 -1.3527 -1.3745 -1.3911 -1.4034 -1.4124 -1.4271 -1.4411 -1.4633 -1.4957 -1.5369
 -1.5837 -1.6323 -1.6798 -1.7251 -1.7683 -1.8098 -1.8504 -1.8904 -1.9307 -1.9720
 -2.0156
 -0.8512 -0.8906 -0.9330 -0.9782 -1.0268 -1.0771 -1.1283 -1.1787 -1.2265 -1.2687
 -1.3049 -1.3353 -1.3600 -1.3794 -1.3938 -1.4159 -1.4317 -1.4528 -1.4830 -1.5221
 -1.5679 -1.6179 -1.6693 -1.7197 -1.7678 -1.8135 -1.8573 -1.8997 -1.9412 -1.9827
 -2.0250
 -0.8192 -0.8501 -0.8851 -0.9238 -0.9669 -1.0129 -1.0649 -1.1155 -1.1652 -1.2112
 -1.2530 -1.2910 -1.3254 -1.3514 -1.3726 -1.4043 -1.4234 -1.4434 -1.4717
 [Fe/H] = -3.00 [alpha/Fe] = 0.40 BC value = F814W
 -1.7627 -1.7028 -1.6757 -1.6863 -1.7446 -1.9740 -1.8953 -1.8016 -1.7265 -1.6693
 -1.5839 -1.5065 -1.5060 -1.5423 -1.5493 -1.4504
 -1.7959 -1.7371 -1.7018 -1.6933 -1.7183 -1.8406 -1.8159 -1.7772 -1.7392 -1.7032
 -1.6535 -1.6044 -1.5824 -1.5742 -1.5549 -1.4676 -1.4279 -1.4214 -1.4340
 -1.8035 -1.7499 -1.7118 -1.6912 -1.6923 -1.7387 -1.7445 -1.7404 -1.7282 -1.7094
 -1.6854 -1.6574 -1.6265 -1.5935 -1.5593 -1.4825 -1.4500 -1.4469 -1.4606 -1.4847
 -1.5150
 -1.7855 -1.7412 -1.7057 -1.6800 -1.6666 -1.6683 -1.6811 -1.6913 -1.6935 -1.6876
 -1.6795 -1.6655 -1.6384 -1.6003 -1.5625 -1.4951 -1.4681 -1.4684 -1.4834 -1.5068
 -1.5357 -1.5685 -1.6046
 -1.7419 -1.7110 -1.6835 -1.6597 -1.6411 -1.6294 -1.6257 -1.6298 -1.6352 -1.6380
 -1.6359 -1.6287 -1.6181 -1.5945 -1.5645 -1.5054 -1.4822 -1.4859 -1.5024 -1.5258
 -1.5539 -1.5854 -1.6197 -1.6569 -1.6975
 -1.6727 -1.6593 -1.6452 -1.6303 -1.6158 -1.6035 -1.5946 -1.5898 -1.5888 -1.5901
 -1.5896 -1.5856 -1.5822 -1.5744 -1.5576 -1.5110 -1.4907 -1.4975 -1.5171 -1.5417
 -1.5699 -1.6009 -1.6343 -1.6700 -1.7080 -1.7487
 -1.5812 -1.5850 -1.5866 -1.5846 -1.5796 -1.5729 -1.5658 -1.5597 -1.5556 -1.5528
 -1.5502 -1.5468 -1.5423 -1.5413 -1.5340 -1.5080 -1.4925 -1.5016 -1.5254 -1.5534
 -1.5832 -1.6149 -1.6484 -1.6835 -1.7202 -1.7589 -1.8001 -1.8462 -1.8981 -1.9520
 -1.4751 -1.4928 -1.5085 -1.5206 -1.5276 -1.5303 -1.5298 -1.5276 -1.5248 -1.5222
 -1.5197 -1.5165 -1.5120 -1.5099 -1.5065 -1.4937 -1.4869 -1.4980 -1.5254 -1.5585
 -1.5922 -1.6261 -1.6608 -1.6965 -1.7331 -1.7708 -1.8104 -1.8522 -1.8990 -1.9523
 -2.0081
 -1.3792 -1.3961 -1.4166 -1.4403 -1.4594 -1.4733 -1.4821 -1.4871 -1.4895 -1.4903
 -1.4899 -1.4889 -1.4868 -1.4842 -1.4826 -1.4754 -1.4753 -1.4883 -1.5176 -1.5554
 -1.5918 -1.6328 -1.6703 -1.7078 -1.7453 -1.7832 -1.8220 -1.8638 -1.9088 -1.9567
 -2.0071
 -1.2421 -1.2918 -1.3273 -1.3499 -1.3783 -1.4025 -1.4217 -1.4358 -1.4458 -1.4525
 -1.4568 -1.4594 -1.4607 -1.4609 -1.4614 -1.4580 -1.4612 -1.4761 -1.5053 -1.5454
 -1.5894 -1.6332 -1.6754 -1.7163 -1.7562 -1.7955 -1.8348 -1.8746 -1.9158 -1.9594
 -2.0079
 -1.1336 -1.1880 -1.2278 -1.2543 -1.2891 -1.3208 -1.3491 -1.3727 -1.3918 -1.4065
 -1.4174 -1.4255 -1.4314 -1.4357 -1.4391 -1.4423 -1.4475 -1.4632 -1.4914 -1.5306
 -1.5767 -1.6250 -1.6726 -1.7182 -1.7619 -1.8040 -1.8452 -1.8859 -1.9267 -1.9686
 -2.0127
 -1.0337 -1.0847 -1.1302 -1.1708 -1.2101 -1.2476 -1.2821 -1.2999 -1.3276 -1.3510
 -1.3701 -1.3853 -1.3973 -1.4066 -1.4141 -1.4270 -1.4347 -1.4511 -1.4784 -1.5159
 -1.5613 -1.6112 -1.6626 -1.7132 -1.7616 -1.8078 -1.8521 -1.8951 -1.9371 -1.9791
 -2.0219
 -0.9424 -0.9818 -1.0346 -1.0993 -1.1412 -1.1828 -1.1974 -1.2337 -1.2668 -1.2874
 -1.3146 -1.3378 -1.3570 -1.3728 -1.3864 -1.4121 -1.4228 -1.4398 -1.4663
 [Fe/H] = -2.50 [alpha/Fe] = 0.40 BC value = F814W
 -1.7349 -1.7792 -1.8888 -1.9360 -1.8843 -1.8265 -1.8502 -1.9167 -1.9409 -1.8922
 -1.8183 -1.7340 -1.6600 -1.6057 -1.5520 -1.4501
 -1.7486 -1.7370 -1.7720 -1.7912 -1.7785 -1.7680 -1.7891 -1.8234 -1.8367 -1.8160
 -1.7771 -1.7244 -1.6670 -1.6146 -1.5652 -1.4729 -1.4280 -1.4191 -1.4243
 -1.7585 -1.7115 -1.6961 -1.6929 -1.6988 -1.7129 -1.7308 -1.7464 -1.7545 -1.7522
 -1.7374 -1.7088 -1.6674 -1.6205 -1.5761 -1.4928 -1.4515 -1.4443 -1.4546 -1.4772
 -1.5103
 -1.7646 -1.7027 -1.6611 -1.6411 -1.6452 -1.6612 -1.6753 -1.6857 -1.6943 -1.7008
 -1.6992 -1.6872 -1.6612 -1.6234 -1.5847 -1.5098 -1.4717 -1.4657 -1.4789 -1.5018
 -1.5304 -1.5634 -1.6000
 -1.7669 -1.7106 -1.6670 -1.6358 -1.6177 -1.6129 -1.6226 -1.6413 -1.6561 -1.6618
 -1.6625 -1.6596 -1.6484 -1.6233 -1.5910 -1.5239 -1.4886 -1.4833 -1.4972 -1.5201
 -1.5481 -1.5796 -1.6143 -1.6515 -1.6921
 -1.7473 -1.7030 -1.6663 -1.6364 -1.6137 -1.5989 -1.5925 -1.5938 -1.6027 -1.6154
 -1.6232 -1.6249 -1.6242 -1.6139 -1.5913 -1.5332 -1.5005 -1.4958 -1.5111 -1.5352
 -1.5634 -1.5946 -1.6283 -1.6645 -1.7031 -1.7445
 -1.7008 -1.6719 -1.6471 -1.6249 -1.6051 -1.5889 -1.5773 -1.5707 -1.5686 -1.5701
 -1.5744 -1.5788 -1.5819 -1.5840 -1.5767 -1.5357 -1.5063 -1.5021 -1.5193 -1.5461
 -1.5760 -1.6080 -1.6418 -1.6775 -1.7148 -1.7542 -1.7961 -1.8428 -1.8950 -1.9489
 -1.6292 -1.6164 -1.6055 -1.5946 -1.5829 -1.5711 -1.5603 -1.5516 -1.5458 -1.5424
 -1.5403 -1.5393 -1.5389 -1.5419 -1.5425 -1.5261 -1.5053 -1.5021 -1.5204 -1.5509
 -1.5844 -1.6187 -1.6538 -1.6899 -1.7272 -1.7656 -1.8059 -1.8484 -1.8958 -1.9493
 -2.0052
 -1.5391 -1.5400 -1.5422 -1.5438 -1.5429 -1.5394 -1.5340 -1.5278 -1.5223 -1.5180
 -1.5146 -1.5116 -1.5088 -1.5071 -1.5081 -1.5024 -1.4953 -1.4959 -1.5149 -1.5482
 -1.5865 -1.6249 -1.6629 -1.7008 -1.7389 -1.7775 -1.8170 -1.8581 -1.9015 -1.9494
 -2.0043
 -1.4376 -1.4499 -1.4626 -1.4747 -1.4846 -1.4910 -1.4939 -1.4939 -1.4923 -1.4903
 -1.4883 -1.4863 -1.4841 -1.4816 -1.4812 -1.4776 -1.4777 -1.4845 -1.5045 -1.5394
 -1.5818 -1.6254 -1.6678 -1.7091 -1.7495 -1.7894 -1.8294 -1.8700 -1.9118 -1.9561
 -2.0050
 -1.3320 -1.3523 -1.3730 -1.3929 -1.4115 -1.4270 -1.4392 -1.4474 -1.4524 -1.4554
 -1.4570 -1.4580 -1.4584 -1.4582 -1.4582 -1.4569 -1.4594 -1.4702 -1.4914 -1.5258
 -1.5699 -1.6176 -1.6651 -1.7110 -1.7551 -1.7977 -1.8395 -1.8809 -1.9224 -1.9650
 -2.0096
 -1.2240 -1.2510 -1.2779 -1.3036 -1.3281 -1.3509 -1.3710 -1.3875 -1.4006 -1.4105
 -1.4179 -1.4237 -1.4282 -1.4316 -1.4344 -1.4389 -1.4430 -1.4557 -1.4782 -1.5117
 -1.5550 -1.6042 -1.6555 -1.7061 -1.7548 -1.8014 -1.8463 -1.8899 -1.9326 -1.9752
 -2.0186
 -1.1135 -1.1460 -1.1804 -1.2099 -1.2391 -1.2670 -1.2929 -1.3165 -1.3371 -1.3547
 -1.3692 -1.3812 -1.3913 -1.3997 -1.4098 -1.4236 -1.4285 -1.4410 -1.4649
 [Fe/H] = -2.00 [alpha/Fe] = 0.40 BC value = F814W
 -2.1153 -2.0721 -2.0444 -2.0295 -2.0151 -1.9997 -1.9772 -1.9463 -1.9068 -1.8601
 -1.8045 -1.7438 -1.6824 -1.6246 -1.5639 -1.4610
 -1.9583 -1.9159 -1.8911 -1.8785 -1.8743 -1.8727 -1.8685 -1.8578 -1.8397 -1.8139
 -1.7783 -1.7331 -1.6812 -1.6293 -1.5789 -1.4856 -1.4323 -1.4165 -1.4262
 -1.8593 -1.8067 -1.7771 -1.7650 -1.7643 -1.7698 -1.7767 -1.7798 -1.7773 -1.7678
 -1.7491 -1.7192 -1.6788 -1.6339 -1.5911 -1.5067 -1.4577 -1.4422 -1.4512 -1.4733
 -1.5031
 -1.8183 -1.7445 -1.7024 -1.6890 -1.6852 -1.6910 -1.7018 -1.7123 -1.7196 -1.7218
 -1.7169 -1.7021 -1.6752 -1.6384 -1.6005 -1.5243 -1.4792 -1.4640 -1.4724 -1.4940
 -1.5222 -1.5553 -1.5928
 -1.8150 -1.7278 -1.6721 -1.6437 -1.6352 -1.6392 -1.6499 -1.6620 -1.6713 -1.6780
 -1.6806 -1.6775 -1.6649 -1.6392 -1.6071 -1.5384 -1.4968 -1.4819 -1.4898 -1.5111
 -1.5389 -1.5708 -1.6059 -1.6438 -1.6853
 -1.8234 -1.7433 -1.6808 -1.6392 -1.6156 -1.6058 -1.6064 -1.6144 -1.6274 -1.6411
 -1.6472 -1.6484 -1.6446 -1.6323 -1.6083 -1.5477 -1.5095 -1.4955 -1.5031 -1.5249
 -1.5531 -1.5848 -1.6191 -1.6560 -1.6955 -1.7378
 -1.8166 -1.7449 -1.6874 -1.6423 -1.6086 -1.5859 -1.5733 -1.5696 -1.5737 -1.5857
 -1.6003 -1.6104 -1.6154 -1.6136 -1.6014 -1.5513 -1.5167 -1.5038 -1.5118 -1.5348
 -1.5646 -1.5972 -1.6317 -1.6681 -1.7064 -1.7468 -1.7898 -1.8374 -1.8899 -1.9437
 -1.7863 -1.7278 -1.6794 -1.6403 -1.6087 -1.5840 -1.5659 -1.5545 -1.5491 -1.5480
 -1.5510 -1.5579 -1.5664 -1.5743 -1.5765 -1.5485 -1.5183 -1.5068 -1.5152 -1.5398
 -1.5722 -1.6071 -1.6429 -1.6798 -1.7179 -1.7574 -1.7987 -1.8423 -1.8905 -1.9442
 -2.0002
 -1.7312 -1.6879 -1.6516 -1.6217 -1.5967 -1.5754 -1.5575 -1.5433 -1.5334 -1.5272
 -1.5236 -1.5219 -1.5226 -1.5270 -1.5334 -1.5316 -1.5138 -1.5046 -1.5133 -1.5388
 -1.5744 -1.6128 -1.6514 -1.6900 -1.7289 -1.7684 -1.8091 -1.8512 -1.8957 -1.9443
 -1.9995
 -1.6522 -1.6243 -1.6017 -1.5830 -1.5671 -1.5530 -1.5397 -1.5274 -1.5170 -1.5090
 -1.5031 -1.4987 -1.4953 -1.4935 -1.4955 -1.5000 -1.4991 -1.4971 -1.5069 -1.5327
 -1.5707 -1.6132 -1.6559 -1.6978 -1.7389 -1.7797 -1.8208 -1.8624 -1.9054 -1.9506
 -2.0001
 -1.5583 -1.5446 -1.5343 -1.5262 -1.5199 -1.5142 -1.5081 -1.5013 -1.4942 -1.4876
 -1.4820 -1.4776 -1.4740 -1.4709 -1.4694 -1.4710 -1.4761 -1.4834 -1.4965 -1.5221
 -1.5605 -1.6061 -1.6532 -1.6994 -1.7441 -1.7875 -1.8302 -1.8726 -1.9153 -1.9589
 -2.0044
 -1.4588 -1.4540 -1.4538 -1.4549 -1.4570 -1.4594 -1.4611 -1.4615 -1.4604 -1.4581
 -1.4554 -1.4531 -1.4512 -1.4496 -1.4483 -1.4485 -1.4537 -1.4657 -1.4834 -1.5096
 -1.5472 -1.5936 -1.6440 -1.6946 -1.7437 -1.7909 -1.8366 -1.8811 -1.9248 -1.9685
 -2.0128
 -1.3554 -1.3598 -1.3661 -1.3740 -1.3828 -1.3918 -1.4004 -1.4078 -1.4136 -1.4175
 -1.4200 -1.4217 -1.4232 -1.4246 -1.4322 -1.4325 -1.4319 -1.4440 -1.4676
 [Fe/H] = -1.50 [alpha/Fe] = 0.40 BC value = F814W
 -2.4382 -2.3803 -2.3294 -2.2800 -2.2343 -2.1783 -2.1061 -2.0177 -1.9385 -1.8704
 -1.8060 -1.7437 -1.6845 -1.6299 -1.5797 -1.4800
 -2.2620 -2.1997 -2.1508 -2.1099 -2.0745 -2.0370 -1.9894 -1.9313 -1.8797 -1.8334
 -1.7866 -1.7366 -1.6849 -1.6353 -1.5901 -1.5002 -1.4421 -1.4159 -1.4188
 -2.1254 -2.0571 -2.0070 -1.9701 -1.9417 -1.9173 -1.8891 -1.8545 -1.8238 -1.7950
 -1.7636 -1.7263 -1.6836 -1.6398 -1.5991 -1.5177 -1.4657 -1.4421 -1.4440 -1.4632
 -1.4923
 -2.0284 -1.9525 -1.8980 -1.8606 -1.8358 -1.8193 -1.8052 -1.7873 -1.7708 -1.7552
 -1.7370 -1.7128 -1.6806 -1.6434 -1.6067 -1.5325 -1.4853 -1.4635 -1.4646 -1.4826
 -1.5102 -1.5429 -1.5801
 -1.9665 -1.8747 -1.8110 -1.7746 -1.7512 -1.7382 -1.7312 -1.7249 -1.7185 -1.7124
 -1.7045 -1.6921 -1.6721 -1.6435 -1.6115 -1.5437 -1.5005 -1.4804 -1.4812 -1.4984
 -1.5254 -1.5575 -1.5933 -1.6322 -1.6748
 -1.9391 -1.8337 -1.7565 -1.7043 -1.6740 -1.6631 -1.6662 -1.6697 -1.6709 -1.6704
 -1.6685 -1.6640 -1.6549 -1.6374 -1.6120 -1.5510 -1.5114 -1.4931 -1.4941 -1.5110
 -1.5380 -1.5702 -1.6053 -1.6432 -1.6837 -1.7276
 -1.9391 -1.8326 -1.7466 -1.6808 -1.6349 -1.6069 -1.5961 -1.6008 -1.6134 -1.6260
 -1.6331 -1.6339 -1.6302 -1.6223 -1.6064 -1.5541 -1.5179 -1.5015 -1.5033 -1.5203
 -1.5481 -1.5811 -1.6165 -1.6540 -1.6936 -1.7354 -1.7800 -1.8289 -1.8822 -1.9356
 -1.9362 -1.8332 -1.7486 -1.6815 -1.6303 -1.5941 -1.5714 -1.5599 -1.5572 -1.5627
 -1.5750 -1.5883 -1.5965 -1.5977 -1.5917 -1.5526 -1.5203 -1.5057 -1.5084 -1.5261
 -1.5549 -1.5896 -1.6264 -1.6645 -1.7038 -1.7447 -1.7876 -1.8330 -1.8822 -1.9363
 -1.9918
 -1.9205 -1.8254 -1.7457 -1.6813 -1.6308 -1.5922 -1.5640 -1.5452 -1.5343 -1.5294
 -1.5290 -1.5332 -1.5419 -1.5516 -1.5583 -1.5455 -1.5184 -1.5060 -1.5095 -1.5276
 -1.5552 -1.5944 -1.6336 -1.6734 -1.7136 -1.7545 -1.7967 -1.8401 -1.8861 -1.9362
 -1.9914
 -1.8794 -1.8001 -1.7288 -1.6709 -1.6244 -1.5878 -1.5592 -1.5373 -1.5217 -1.5115
 -1.5054 -1.5021 -1.5014 -1.5043 -1.5106 -1.5210 -1.5111 -1.5020 -1.5066 -1.5251
 -1.5559 -1.5951 -1.6374 -1.6801 -1.7225 -1.7646 -1.8073 -1.8505 -1.8951 -1.9418
 -1.9922
 -1.8149 -1.7517 -1.6943 -1.6459 -1.6062 -1.5743 -1.5487 -1.5278 -1.5110 -1.4981
 -1.4888 -1.4824 -1.4780 -1.4754 -1.4754 -1.4844 -1.4920 -1.4933 -1.4999 -1.5184
 -1.5490 -1.5894 -1.6348 -1.6812 -1.7268 -1.7715 -1.8157 -1.8596 -1.9038 -1.9490
 -1.9961
 -1.7338 -1.6847 -1.6411 -1.6031 -1.5720 -1.5468 -1.5264 -1.5093 -1.4948 -1.4827
 -1.4727 -1.4650 -1.4594 -1.4553 -1.4527 -1.4541 -1.4641 -1.4764 -1.4893 -1.5086
 -1.5387 -1.5791 -1.6265 -1.6765 -1.7261 -1.7742 -1.8212 -1.8671 -1.9123 -1.9575
 -2.0033
 -1.6417 -1.6049 -1.5727 -1.5449 -1.5223 -1.5042 -1.4900 -1.4783 -1.4684 -1.4595
 -1.4517 -1.4452 -1.4401 -1.4363 -1.4425 -1.4301 -1.4274 -1.4513 -1.4748
 [Fe/H] = -1.00 [alpha/Fe] = 0.40 BC value = F814W
 -2.9487 -2.8856 -2.8188 -2.7410 -2.6561 -2.5387 -2.3726 -2.1676 -2.0125 -1.8808
 -1.7996 -1.7352 -1.6796 -1.6295 -1.5839 -1.4915
 -2.7073 -2.6423 -2.5819 -2.5186 -2.4485 -2.3578 -2.2321 -2.0766 -1.9471 -1.8553
 -1.7875 -1.7308 -1.6798 -1.6334 -1.5915 -1.5075 -1.4488 -1.4170 -1.4105
 -2.5135 -2.4422 -2.3826 -2.3277 -2.2702 -2.2023 -2.1114 -1.9972 -1.9003 -1.8282
 -1.7726 -1.7242 -1.6788 -1.6364 -1.5978 -1.5208 -1.4693 -1.4414 -1.4360 -1.4497
 -1.4762
 -2.3673 -2.2853 -2.2209 -2.1683 -2.1211 -2.0722 -2.0105 -1.9294 -1.8562 -1.7995
 -1.7549 -1.7154 -1.6766 -1.6385 -1.6028 -1.5314 -1.4846 -1.4599 -1.4555 -1.4681
 -1.4932 -1.5253 -1.5630
 -2.2603 -2.1678 -2.0952 -2.0389 -1.9944 -1.9562 -1.9167 -1.8631 -1.8096 -1.7662
 -1.7317 -1.7014 -1.6705 -1.6379 -1.6057 -1.5393 -1.4962 -1.4741 -1.4708 -1.4829
 -1.5070 -1.5387 -1.5750 -1.6147 -1.6588
 -2.1552 -2.0611 -1.9899 -1.9339 -1.8895 -1.8550 -1.8267 -1.7951 -1.7590 -1.7275
 -1.7023 -1.6805 -1.6583 -1.6330 -1.6054 -1.5443 -1.5045 -1.4846 -1.4824 -1.4946
 -1.5183 -1.5495 -1.5853 -1.6243 -1.6662 -1.7118
 -2.1039 -1.9867 -1.8945 -1.8270 -1.7820 -1.7551 -1.7382 -1.7239 -1.7050 -1.6852
 -1.6679 -1.6532 -1.6388 -1.6218 -1.6007 -1.5464 -1.5097 -1.4918 -1.4907 -1.5034
 -1.5270 -1.5585 -1.5944 -1.6332 -1.6743 -1.7181 -1.7649 -1.8158 -1.8705 -1.9242
 -2.0879 -1.9634 -1.8599 -1.7771 -1.7149 -1.6715 -1.6444 -1.6321 -1.6291 -1.6290
 -1.6270 -1.6218 -1.6136 -1.6033 -1.5898 -1.5453 -1.5118 -1.4960 -1.4960 -1.5092
 -1.5332 -1.5653 -1.6021 -1.6415 -1.6826 -1.7255 -1.7705 -1.8182 -1.8695 -1.9248
 -1.9797
 -2.0819 -1.9555 -1.8488 -1.7612 -1.6913 -1.6386 -1.6014 -1.5773 -1.5636 -1.5582
 -1.5604 -1.5674 -1.5738 -1.5754 -1.5707 -1.5404 -1.5109 -1.4971 -1.4980 -1.5118
 -1.5363 -1.5693 -1.6076 -1.6485 -1.6905 -1.7334 -1.7779 -1.8239 -1.8725 -1.9238
 -1.9796
 -2.0749 -1.9493 -1.8431 -1.7546 -1.6827 -1.6264 -1.5839 -1.5536 -1.5337 -1.5217
 -1.5155 -1.5141 -1.5174 -1.5241 -1.5306 -1.5284 -1.5061 -1.4948 -1.4970 -1.5115
 -1.5366 -1.5704 -1.6105 -1.6536 -1.6976 -1.7418 -1.7866 -1.8322 -1.8790 -1.9279
 -1.9800
 -2.0557 -1.9393 -1.8364 -1.7496 -1.6782 -1.6212 -1.5769 -1.5433 -1.5189 -1.5023
 -1.4917 -1.4854 -1.4821 -1.4817 -1.4843 -1.4969 -1.4965 -1.4891 -1.4928 -1.5076
 -1.5329 -1.5672 -1.6086 -1.6541 -1.7008 -1.7472 -1.7934 -1.8394 -1.8859 -1.9334
 -1.9827
 -2.0153 -1.9114 -1.8189 -1.7375 -1.6690 -1.6136 -1.5698 -1.5357 -1.5096 -1.4901
 -1.4761 -1.4666 -1.4603 -1.4564 -1.4543 -1.4593 -1.4714 -1.4787 -1.4852 -1.5008
 -1.5260 -1.5604 -1.6026 -1.6501 -1.6996 -1.7489 -1.7975 -1.8453 -1.8927 -1.9401
 -1.9881
 -1.9543 -1.8650 -1.7838 -1.7119 -1.6494 -1.5978 -1.5565 -1.5238 -1.4983 -1.4784
 -1.4630 -1.4515 -1.4432 -1.4376 -1.4406 -1.4156 -1.4308 -1.4636 -1.4742
 [Fe/H] = -0.75 [alpha/Fe] = 0.30 BC value = F814W
 -3.1484 -3.0864 -3.0171 -2.9319 -2.8307 -2.6853 -2.4769 -2.2205 -2.0295 -1.8803
 -1.7941 -1.7285 -1.6738 -1.6256 -1.5819 -1.4920
 -2.8905 -2.8255 -2.7622 -2.6918 -2.6079 -2.4939 -2.3336 -2.1349 -1.9709 -1.8600
 -1.7843 -1.7252 -1.6743 -1.6290 -1.5883 -1.5062 -1.4492 -1.4155 -1.4055
 -2.6796 -2.6071 -2.5443 -2.4830 -2.4142 -2.3278 -2.2094 -2.0597 -1.9313 -1.8389
 -1.7729 -1.7203 -1.6738 -1.6316 -1.5936 -1.5178 -1.4664 -1.4372 -1.4297 -1.4414
 -1.4659
 -2.5157 -2.4312 -2.3634 -2.3055 -2.2497 -2.1869 -2.1043 -1.9949 -1.8942 -1.8170
 -1.7599 -1.7138 -1.6723 -1.6334 -1.5978 -1.5268 -1.4797 -1.4540 -1.4481 -1.4592
 -1.4833 -1.5154 -1.5536
 -2.3946 -2.2970 -2.2198 -2.1585 -2.1074 -2.0594 -2.0050 -1.9297 -1.8529 -1.7902
 -1.7421 -1.7033 -1.6677 -1.6331 -1.6002 -1.5335 -1.4899 -1.4667 -1.4623 -1.4732
 -1.4964 -1.5278 -1.5640 -1.6046 -1.6499
 -2.2793 -2.1851 -2.1062 -2.0413 -1.9888 -1.9460 -1.9073 -1.8602 -1.8055 -1.7569
 -1.7182 -1.6869 -1.6582 -1.6292 -1.6001 -1.5378 -1.4972 -1.4762 -1.4730 -1.4842
 -1.5068 -1.5377 -1.5737 -1.6132 -1.6561 -1.7027
 -2.1886 -2.0725 -1.9844 -1.9207 -1.8760 -1.8421 -1.8137 -1.7861 -1.7518 -1.7173
 -1.6879 -1.6640 -1.6425 -1.6203 -1.5963 -1.5397 -1.5019 -1.4829 -1.4807 -1.4925
 -1.5150 -1.5457 -1.5817 -1.6210 -1.6630 -1.7076 -1.7556 -1.8078 -1.8633 -1.9176
 -2.1586 -2.0288 -1.9219 -1.8384 -1.7760 -1.7321 -1.7047 -1.6902 -1.6799 -1.6668
 -1.6515 -1.6357 -1.6205 -1.6050 -1.5873 -1.5389 -1.5040 -1.4869 -1.4856 -1.4978
 -1.5206 -1.5517 -1.5884 -1.6282 -1.6701 -1.7140 -1.7603 -1.8091 -1.8617 -1.9178
 -1.9731
 -2.1490 -2.0143 -1.9008 -1.8076 -1.7340 -1.6785 -1.6387 -1.6120 -1.5959 -1.5880
 -1.5871 -1.5889 -1.5881 -1.5822 -1.5717 -1.5347 -1.5033 -1.4881 -1.4877 -1.5004
 -1.5236 -1.5552 -1.5929 -1.6340 -1.6768 -1.7209 -1.7664 -1.8137 -1.8633 -1.9161
 -1.9729
 -2.1442 -2.0083 -1.8927 -1.7963 -1.7180 -1.6565 -1.6101 -1.5766 -1.5538 -1.5390
 -1.5306 -1.5280 -1.5307 -1.5357 -1.5388 -1.5251 -1.4991 -1.4861 -1.4871 -1.5002
 -1.5240 -1.5563 -1.5954 -1.6384 -1.6830 -1.7282 -1.7742 -1.8210 -1.8690 -1.9193
 -1.9726
 -2.1366 -2.0051 -1.8895 -1.7926 -1.7127 -1.6487 -1.5988 -1.5610 -1.5335 -1.5144
 -1.5017 -1.4937 -1.4893 -1.4883 -1.4907 -1.4993 -1.4913 -1.4812 -1.4835 -1.4969
 -1.5208 -1.5536 -1.5936 -1.6385 -1.6854 -1.7326 -1.7799 -1.8271 -1.8749 -1.9237
 -1.9742
 -2.1125 -1.9902 -1.8816 -1.7866 -1.7077 -1.6434 -1.5925 -1.5529 -1.5226 -1.5002
 -1.4840 -1.4728 -1.4652 -1.4602 -1.4573 -1.4612 -1.4704 -1.4724 -1.4768 -1.4909
 -1.5148 -1.5477 -1.5883 -1.6347 -1.6839 -1.7337 -1.7832 -1.8321 -1.8806 -1.9293
 -1.9786
 -2.0689 -1.9591 -1.8597 -1.7722 -1.6966 -1.6341 -1.5839 -1.5443 -1.5134 -1.4895
 -1.4711 -1.4574 -1.4476 -1.4406 -1.4386 -1.4108 -1.4364 -1.4597 -1.4670
 [Fe/H] = -0.50 [alpha/Fe] = 0.20 BC value = F814W
 -3.3508 -3.2924 -3.2239 -3.1337 -3.0135 -2.8345 -2.5790 -2.2816 -2.0411 -1.8870
 -1.7860 -1.7204 -1.6662 -1.6199 -1.5788 -1.4922
 -3.0823 -3.0187 -2.9543 -2.8780 -2.7790 -2.6383 -2.4381 -2.1908 -1.9907 -1.8616
 -1.7785 -1.7178 -1.6673 -1.6232 -1.5841 -1.5045 -1.4480 -1.4129 -1.3999
 -2.8587 -2.7855 -2.7202 -2.6528 -2.5721 -2.4649 -2.3141 -2.1235 -1.9605 -1.8465
 -1.7706 -1.7144 -1.6674 -1.6257 -1.5885 -1.5143 -1.4629 -1.4323 -1.4225 -1.4318
 -1.4545
 -2.6800 -2.5928 -2.5216 -2.4581 -2.3928 -2.3143 -2.2070 -2.0649 -1.9322 -1.8322
 -1.7623 -1.7102 -1.6665 -1.6274 -1.5920 -1.5216 -1.4743 -1.4471 -1.4395 -1.4489
 -1.4719 -1.5040 -1.5421
 -2.5450 -2.4423 -2.3604 -2.2938 -2.2351 -2.1757 -2.1033 -2.0029 -1.8989 -1.8135
 -1.7505 -1.7031 -1.6634 -1.6273 -1.5941 -1.5271 -1.4829 -1.4585 -1.4525 -1.4622
 -1.4843 -1.5153 -1.5521 -1.5932 -1.6388
 -2.4271 -2.3229 -2.2344 -2.1616 -2.1017 -2.0501 -1.9991 -1.9335 -1.8566 -1.7875
 -1.7332 -1.6915 -1.6566 -1.6245 -1.5940 -1.5308 -1.4893 -1.4670 -1.4623 -1.4724
 -1.4940 -1.5244 -1.5604 -1.6005 -1.6441 -1.6916
 -2.2934 -2.1817 -2.0988 -2.0363 -1.9846 -1.9392 -1.8984 -1.8567 -1.8051 -1.7530
 -1.7090 -1.6740 -1.6447 -1.6177 -1.5910 -1.5325 -1.4934 -1.4731 -1.4694 -1.4800
 -1.5015 -1.5315 -1.5674 -1.6071 -1.6498 -1.6955 -1.7449 -1.7983 -1.8547 -1.9096
 -2.2410 -2.1066 -1.9987 -1.9161 -1.8551 -1.8121 -1.7833 -1.7622 -1.7381 -1.7080
 -1.6772 -1.6502 -1.6270 -1.6056 -1.5840 -1.5318 -1.4953 -1.4768 -1.4740 -1.4850
 -1.5067 -1.5367 -1.5729 -1.6131 -1.6557 -1.7007 -1.7482 -1.7983 -1.8523 -1.9094
 -1.9652
 -2.2241 -2.0811 -1.9615 -1.8643 -1.7882 -1.7308 -1.6888 -1.6597 -1.6408 -1.6285
 -1.6204 -1.6123 -1.6013 -1.5874 -1.5715 -1.5283 -1.4947 -1.4781 -1.4762 -1.4874
 -1.5094 -1.5398 -1.5767 -1.6178 -1.6612 -1.7063 -1.7531 -1.8016 -1.8526 -1.9069
 -1.9646
 -2.2193 -2.0727 -1.9480 -1.8445 -1.7606 -1.6948 -1.6448 -1.6081 -1.5817 -1.5633
 -1.5519 -1.5472 -1.5476 -1.5486 -1.5460 -1.5204 -1.4912 -1.4765 -1.4759 -1.4876
 -1.5100 -1.5410 -1.5788 -1.6213 -1.6663 -1.7123 -1.7595 -1.8076 -1.8572 -1.9088
 -1.9635
 -2.2199 -2.0729 -1.9460 -1.8394 -1.7518 -1.6814 -1.6264 -1.5845 -1.5536 -1.5313
 -1.5156 -1.5052 -1.4992 -1.4973 -1.4988 -1.5007 -1.4846 -1.4722 -1.4728 -1.4848
 -1.5073 -1.5387 -1.5772 -1.6211 -1.6679 -1.7157 -1.7640 -1.8125 -1.8617 -1.9119
 -1.9639
 -2.2097 -2.0687 -1.9448 -1.8374 -1.7485 -1.6761 -1.6186 -1.5736 -1.5393 -1.5136
 -1.4949 -1.4815 -1.4719 -1.4654 -1.4616 -1.4636 -1.4683 -1.4646 -1.4668 -1.4796
 -1.5020 -1.5335 -1.5726 -1.6175 -1.6661 -1.7160 -1.7663 -1.8163 -1.8661 -1.9162
 -1.9671
 -2.1828 -2.0521 -1.9344 -1.8318 -1.7433 -1.6709 -1.6125 -1.5663 -1.5303 -1.5025
 -1.4811 -1.4651 -1.4534 -1.4448 -1.4344 -1.4091 -1.4423 -1.4537 -1.4579
 [Fe/H] = -0.25 [alpha/Fe] = 0.10 BC value = F814W
 -3.5527 -3.4981 -3.4323 -3.3391 -3.1931 -2.9714 -2.6664 -2.3007 -2.0465 -1.8804
 -1.7809 -1.7122 -1.6582 -1.6110 -1.5735 -1.4908
 -3.2805 -3.2180 -3.1533 -3.0721 -2.9552 -2.7823 -2.5363 -2.2375 -2.0056 -1.8599
 -1.7710 -1.7092 -1.6593 -1.6167 -1.5788 -1.5019 -1.4468 -1.4105 -1.3942
 -3.0501 -2.9754 -2.9074 -2.8339 -2.7402 -2.6089 -2.4188 -2.1838 -1.9848 -1.8508
 -1.7662 -1.7071 -1.6600 -1.6191 -1.5829 -1.5104 -1.4593 -1.4272 -1.4147 -1.4212
 -1.4428
 -2.8615 -2.7703 -2.6946 -2.6245 -2.5481 -2.4511 -2.3139 -2.1348 -1.9676 -1.8442
 -1.7621 -1.7049 -1.6597 -1.6206 -1.5858 -1.5163 -1.4687 -1.4400 -1.4301 -1.4374
 -1.4589 -1.4904 -1.5288
 -2.7159 -2.6065 -2.5183 -2.4447 -2.3768 -2.3034 -2.2090 -2.0791 -1.9442 -1.8343
 -1.7562 -1.7010 -1.6579 -1.6208 -1.5874 -1.5207 -1.4759 -1.4498 -1.4417 -1.4497
 -1.4706 -1.5011 -1.5380 -1.5796 -1.6262
 -2.5941 -2.4775 -2.3792 -2.2978 -2.2293 -2.1669 -2.1004 -2.0123 -1.9097 -1.8173
 -1.7460 -1.6939 -1.6535 -1.6188 -1.5875 -1.5236 -1.4813 -1.4573 -1.4506 -1.4591
 -1.4796 -1.5093 -1.5454 -1.5860 -1.6303 -1.6788
 -2.4272 -2.3207 -2.2389 -2.1687 -2.1047 -2.0466 -1.9931 -1.9348 -1.8627 -1.7901
 -1.7291 -1.6821 -1.6453 -1.6140 -1.5852 -1.5249 -1.4848 -1.4628 -1.4571 -1.4660
 -1.4865 -1.5157 -1.5514 -1.5915 -1.6349 -1.6816 -1.7320 -1.7870 -1.8444 -1.9001
 -2.3414 -2.2030 -2.0951 -2.0146 -1.9557 -1.9126 -1.8774 -1.8432 -1.8009 -1.7512
 -1.7038 -1.6643 -1.6323 -1.6050 -1.5798 -1.5244 -1.4864 -1.4663 -1.4615 -1.4707
 -1.4912 -1.5203 -1.5560 -1.5963 -1.6395 -1.6854 -1.7339 -1.7856 -1.8412 -1.8993
 -1.9559
 -2.3135 -2.1610 -2.0346 -1.9340 -1.8563 -1.7975 -1.7537 -1.7223 -1.6992 -1.6785
 -1.6576 -1.6355 -1.6127 -1.5909 -1.5701 -1.5213 -1.4859 -1.4675 -1.4638 -1.4732
 -1.4939 -1.5231 -1.5591 -1.5999 -1.6437 -1.6896 -1.7375 -1.7873 -1.8399 -1.8959
 -1.9547
 -2.3068 -2.1474 -2.0128 -1.9018 -1.8127 -1.7430 -1.6896 -1.6492 -1.6187 -1.5959
 -1.5806 -1.5721 -1.5672 -1.5613 -1.5514 -1.5147 -1.4826 -1.4661 -1.4637 -1.4736
 -1.4945 -1.5243 -1.5609 -1.6026 -1.6476 -1.6942 -1.7424 -1.7919 -1.8430 -1.8963
 -1.9526
 -2.3126 -2.1488 -2.0097 -1.8930 -1.7975 -1.7210 -1.6611 -1.6151 -1.5802 -1.5539
 -1.5343 -1.5206 -1.5125 -1.5091 -1.5085 -1.5004 -1.4770 -1.4623 -1.4611 -1.4715
 -1.4924 -1.5224 -1.5595 -1.6021 -1.6484 -1.6964 -1.7455 -1.7953 -1.8460 -1.8979
 -1.9515
 -2.3134 -2.1529 -2.0123 -1.8927 -1.7936 -1.7133 -1.6493 -1.5993 -1.5608 -1.5315
 -1.5094 -1.4929 -1.4809 -1.4724 -1.4674 -1.4664 -1.4646 -1.4556 -1.4558 -1.4668
 -1.4878 -1.5178 -1.5554 -1.5987 -1.6462 -1.6960 -1.7468 -1.7978 -1.8490 -1.9007
 -1.9532
 -2.3010 -2.1485 -2.0119 -1.8934 -1.7924 -1.7100 -1.6438 -1.5913 -1.5503 -1.5184
 -1.4939 -1.4751 -1.4610 -1.4502 -1.4281 -1.4127 -1.4454 -1.4460 -1.4478
 [Fe/H] =  0.00 [alpha/Fe] = 0.00 BC value = F814W
 -3.7589 -3.7025 -3.6362 -3.4692 -3.2164 -2.9169 -2.6031 -2.3016 -2.0432 -1.8712
 -1.7696 -1.7013 -1.6458 -1.6025 -1.5631 -1.4788
 -3.4910 -3.4250 -3.3569 -3.2689 -3.1358 -2.9167 -2.6117 -2.2656 -2.0113 -1.8547
 -1.7621 -1.6998 -1.6512 -1.6093 -1.5728 -1.4986 -1.4450 -1.4086 -1.3891
 -3.2590 -3.1783 -3.1044 -3.0224 -2.9126 -2.7514 -2.5124 -2.2300 -2.0001 -1.8506
 -1.7598 -1.6991 -1.6521 -1.6121 -1.5769 -1.5063 -1.4559 -1.4225 -1.4071 -1.4101
 -1.4304
 -3.0670 -2.9669 -2.8827 -2.8026 -2.7119 -2.5912 -2.4166 -2.1955 -1.9943 -1.8507
 -1.7593 -1.6985 -1.6525 -1.6137 -1.5794 -1.5113 -1.4636 -1.4331 -1.4204 -1.4251
 -1.4447 -1.4754 -1.5137
 -2.9165 -2.7953 -2.6962 -2.6116 -2.5306 -2.4388 -2.3159 -2.1510 -1.9829 -1.8496
 -1.7585 -1.6972 -1.6517 -1.6141 -1.5809 -1.5148 -1.4695 -1.4414 -1.4306 -1.4363
 -1.4555 -1.4852 -1.5221 -1.5643 -1.6122
 -2.7601 -2.6587 -2.5470 -2.4534 -2.3726 -2.2950 -2.2076 -2.0914 -1.9593 -1.8424
 -1.7551 -1.6941 -1.6493 -1.6129 -1.5810 -1.5170 -1.4739 -1.4479 -1.4384 -1.4448
 -1.4639 -1.4927 -1.5288 -1.5697 -1.6143 -1.6642
 -2.6003 -2.4939 -2.4031 -2.3182 -2.2391 -2.1665 -2.0970 -2.0172 -1.9205 -1.8247
 -1.7462 -1.6878 -1.6443 -1.6095 -1.5792 -1.5179 -1.4768 -1.4528 -1.4444 -1.4511
 -1.4701 -1.4985 -1.5340 -1.5743 -1.6183 -1.6656 -1.7173 -1.7740 -1.8323 -1.8889
 -2.4708 -2.3262 -2.2171 -2.1377 -2.0791 -2.0303 -1.9821 -1.9293 -1.8652 -1.7940
 -1.7288 -1.6764 -1.6359 -1.6033 -1.5750 -1.5171 -1.4780 -1.4560 -1.4486 -1.4554
 -1.4745 -1.5027 -1.5379 -1.5781 -1.6217 -1.6680 -1.7175 -1.7709 -1.8282 -1.8873
 -1.9447
 -2.4273 -2.2612 -2.1265 -2.0212 -1.9410 -1.8802 -1.8344 -1.7996 -1.7682 -1.7333
 -1.6946 -1.6563 -1.6222 -1.5932 -1.5678 -1.5144 -1.4772 -1.4571 -1.4510 -1.4580
 -1.4770 -1.5052 -1.5404 -1.5808 -1.6246 -1.6710 -1.7198 -1.7711 -1.8252 -1.8829
 -1.9428
 -2.4171 -2.2405 -2.0927 -1.9725 -1.8771 -1.8028 -1.7453 -1.7004 -1.6649 -1.6371
 -1.6164 -1.6013 -1.5878 -1.5724 -1.5544 -1.5086 -1.4740 -1.4556 -1.4511 -1.4588
 -1.4779 -1.5064 -1.5419 -1.5827 -1.6273 -1.6743 -1.7232 -1.7739 -1.8266 -1.8815
 -1.9397
 -2.4264 -2.2425 -2.0871 -1.9579 -1.8530 -1.7697 -1.7044 -1.6535 -1.6136 -1.5821
 -1.5577 -1.5404 -1.5295 -1.5236 -1.5191 -1.4982 -1.4689 -1.4520 -1.4489 -1.4572
 -1.4762 -1.5048 -1.5406 -1.5820 -1.6273 -1.6752 -1.7249 -1.7757 -1.8278 -1.8816
 -1.9369
 -2.4355 -2.2522 -2.0918 -1.9576 -1.8468 -1.7575 -1.6867 -1.6311 -1.5878 -1.5541
 -1.5277 -1.5074 -1.4922 -1.4816 -1.4751 -1.4693 -1.4594 -1.4460 -1.4441 -1.4532
 -1.4723 -1.5008 -1.5368 -1.5786 -1.6248 -1.6740 -1.7249 -1.7767 -1.8292 -1.8824
 -1.9368
 -2.4338 -2.2569 -2.0989 -1.9622 -1.8477 -1.7543 -1.6797 -1.6207 -1.5745 -1.5383
 -1.5100 -1.4879 -1.4706 -1.4572 -1.4224 -1.4219 -1.4455 -1.4376 -1.4367
 [Fe/H] =  0.25 [alpha/Fe] = 0.00 BC value = F814W
 -3.9165 -3.8902 -3.8573 -3.5793 -3.1406 -2.7468 -2.4886 -2.3424 -2.0705 -1.8766
 -1.7593 -1.6868 -1.6337 -1.5862 -1.5493 -1.4723
 -3.6635 -3.6277 -3.5906 -3.4588 -3.2392 -2.9629 -2.6559 -2.3398 -2.0506 -1.8620
 -1.7532 -1.6857 -1.6367 -1.5965 -1.5608 -1.4897 -1.4386 -1.4046 -1.3830
 -3.4390 -3.3874 -3.3411 -3.2814 -3.1801 -2.9905 -2.6974 -2.3358 -2.0511 -1.8639
 -1.7536 -1.6860 -1.6381 -1.5992 -1.5653 -1.4972 -1.4486 -1.4159 -1.3990 -1.3992
 -1.4159
 -3.2430 -3.1693 -3.1088 -3.0471 -2.9633 -2.8295 -2.6130 -2.3234 -2.0593 -1.8727
 -1.7578 -1.6872 -1.6389 -1.6007 -1.5677 -1.5017 -1.4551 -1.4246 -1.4102 -1.4121
 -1.4284 -1.4566 -1.4946
 -3.0821 -2.9829 -2.9034 -2.8339 -2.7597 -2.6605 -2.5100 -2.2927 -2.0644 -1.8833
 -1.7638 -1.6889 -1.6390 -1.6010 -1.5690 -1.5049 -1.4601 -1.4315 -1.4188 -1.4219
 -1.4390 -1.4671 -1.5036 -1.5461 -1.5941
 -2.9530 -2.8317 -2.7322 -2.6494 -2.5750 -2.4946 -2.3901 -2.2380 -2.0550 -1.8898
 -1.7695 -1.6906 -1.6383 -1.6002 -1.5689 -1.5069 -1.4640 -1.4371 -1.4256 -1.4295
 -1.4467 -1.4741 -1.5095 -1.5507 -1.5963 -1.6469
 -2.8061 -2.6933 -2.5892 -2.4970 -2.4158 -2.3407 -2.2616 -2.1588 -2.0245 -1.8852
 -1.7712 -1.6912 -1.6367 -1.5979 -1.5672 -1.5075 -1.4665 -1.4415 -1.4311 -1.4352
 -1.4525 -1.4796 -1.5142 -1.5544 -1.5988 -1.6470 -1.6998 -1.7582 -1.8173 -1.8750
 -2.5986 -2.4857 -2.3997 -2.3336 -2.2694 -2.2031 -2.1355 -2.0628 -1.9709 -1.8640
 -1.7648 -1.6880 -1.6332 -1.5939 -1.5636 -1.5065 -1.4674 -1.4444 -1.4352 -1.4395
 -1.4566 -1.4836 -1.5178 -1.5575 -1.6012 -1.6482 -1.6987 -1.7531 -1.8123 -1.8723
 -1.9309
 -2.5115 -2.3572 -2.2362 -2.1460 -2.0794 -2.0289 -1.9863 -1.9425 -1.8890 -1.8199
 -1.7447 -1.6778 -1.6260 -1.5874 -1.5578 -1.5036 -1.4665 -1.4455 -1.4377 -1.4423
 -1.4592 -1.4861 -1.5201 -1.5596 -1.6031 -1.6496 -1.6990 -1.7514 -1.8071 -1.8669
 -1.9279
 -2.4843 -2.3121 -2.1685 -2.0533 -1.9635 -1.8941 -1.8394 -1.7959 -1.7584 -1.7220
 -1.6833 -1.6444 -1.6076 -1.5754 -1.5484 -1.4980 -1.4633 -1.4440 -1.4381 -1.4435
 -1.4604 -1.4873 -1.5215 -1.5611 -1.6048 -1.6514 -1.7007 -1.7524 -1.8065 -1.8633
 -1.9236
 -2.4893 -2.3058 -2.1490 -2.0189 -1.9134 -1.8297 -1.7638 -1.7110 -1.6675 -1.6306
 -1.5998 -1.5749 -1.5558 -1.5406 -1.5266 -1.4898 -1.4585 -1.4406 -1.4362 -1.4427
 -1.4595 -1.4862 -1.5205 -1.5602 -1.6041 -1.6512 -1.7008 -1.7523 -1.8057 -1.8611
 -1.9185
 -2.5075 -2.3173 -2.1515 -2.0116 -1.8959 -1.8023 -1.7276 -1.6683 -1.6211 -1.5826
 -1.5509 -1.5253 -1.5059 -1.4924 -1.4835 -1.4691 -1.4506 -1.4350 -1.4319 -1.4395
 -1.4566 -1.4830 -1.5172 -1.5573 -1.6015 -1.6492 -1.6996 -1.7517 -1.8052 -1.8601
 -1.9163
 -2.5243 -2.3341 -2.1649 -2.0172 -1.8948 -1.7939 -1.7126 -1.6479 -1.5967 -1.5563
 -1.5239 -1.4980 -1.4774 -1.4617 -1.4191 -1.4359 -1.4396 -1.4272 -1.4252
 [Fe/H] =  0.50 [alpha/Fe] = 0.00 BC value = F814W
 -4.0126 -4.2651 -4.1843 -3.8440 -3.4301 -3.0281 -2.6681 -2.3752 -2.1026 -1.8879
 -1.7522 -1.6719 -1.6173 -1.5732 -1.5311 -1.4562
 -3.7799 -3.8598 -3.8289 -3.6987 -3.4793 -3.1795 -2.8073 -2.4041 -2.0960 -1.8774
 -1.7477 -1.6715 -1.6203 -1.5803 -1.5463 -1.4774 -1.4295 -1.3977 -1.3754
 -3.5668 -3.5496 -3.5348 -3.5070 -3.4043 -3.1937 -2.8560 -2.4316 -2.1080 -1.8849
 -1.7513 -1.6733 -1.6223 -1.5835 -1.5507 -1.4849 -1.4384 -1.4069 -1.3904 -1.3889
 -1.4018
 -3.3733 -3.3346 -3.3021 -3.2690 -3.2053 -3.0706 -2.8142 -2.4536 -2.1321 -1.9030
 -1.7610 -1.6770 -1.6239 -1.5853 -1.5533 -1.4895 -1.4440 -1.4139 -1.3984 -1.3980
 -1.4120 -1.4386 -1.4758
 -3.2086 -3.1388 -3.0876 -3.0433 -2.9871 -2.8910 -2.7174 -2.4458 -2.1549 -1.9260
 -1.7743 -1.6825 -1.6255 -1.5860 -1.5545 -1.4927 -1.4486 -1.4198 -1.4056 -1.4063
 -1.4211 -1.4477 -1.4834 -1.5261 -1.5752
 -3.0754 -2.9776 -2.9013 -2.8399 -2.7821 -2.7072 -2.5907 -2.4027 -2.1639 -1.9467
 -1.7898 -1.6899 -1.6274 -1.5858 -1.5544 -1.4947 -1.4522 -1.4248 -1.4116 -1.4128
 -1.4279 -1.4540 -1.4886 -1.5298 -1.5762 -1.6279
 -2.9547 -2.8423 -2.7467 -2.6669 -2.5979 -2.5297 -2.4462 -2.3215 -2.1461 -1.9577
 -1.8038 -1.6979 -1.6298 -1.5851 -1.5530 -1.4952 -1.4547 -1.4289 -1.4166 -1.4182
 -1.4332 -1.4591 -1.4929 -1.5330 -1.5777 -1.6266 -1.6806 -1.7396 -1.8000 -1.8592
 -2.7637 -2.6472 -2.5916 -2.5153 -2.4415 -2.3710 -2.2998 -2.2145 -2.0958 -1.9493
 -1.8105 -1.7043 -1.6318 -1.5838 -1.5504 -1.4940 -1.4556 -1.4317 -1.4207 -1.4224
 -1.4372 -1.4628 -1.4962 -1.5355 -1.5792 -1.6265 -1.6777 -1.7335 -1.7943 -1.8551
 -1.9150
 -2.5935 -2.4644 -2.3711 -2.3068 -2.2579 -2.2112 -2.1570 -2.0940 -2.0161 -1.9144
 -1.8024 -1.7046 -1.6318 -1.5815 -1.5465 -1.4909 -1.4547 -1.4328 -1.4234 -1.4254
 -1.4399 -1.4653 -1.4984 -1.5372 -1.5802 -1.6267 -1.6765 -1.7298 -1.7870 -1.8487
 -1.9106
 -2.5392 -2.3800 -2.2500 -2.1496 -2.0748 -2.0183 -1.9739 -1.9349 -1.8926 -1.8367
 -1.7649 -1.6895 -1.6247 -1.5757 -1.5403 -1.4853 -1.4513 -1.4313 -1.4239 -1.4271
 -1.4415 -1.4666 -1.4997 -1.5384 -1.5812 -1.6274 -1.6767 -1.7289 -1.7841 -1.8428
 -1.9051
 -2.5325 -2.3574 -2.2076 -2.0838 -1.9850 -1.9079 -1.8471 -1.7971 -1.7543 -1.7152
 -1.6750 -1.6332 -1.5934 -1.5584 -1.5292 -1.4782 -1.4464 -1.4281 -1.4223 -1.4268
 -1.4413 -1.4658 -1.4987 -1.5373 -1.5801 -1.6262 -1.6754 -1.7271 -1.7814 -1.8381
 -1.8976
 -2.5504 -2.3634 -2.2010 -2.0629 -1.9485 -1.8561 -1.7824 -1.7233 -1.6744 -1.6323
 -1.5950 -1.5622 -1.5346 -1.5127 -1.4955 -1.4644 -1.4391 -1.4227 -1.4184 -1.4243
 -1.4392 -1.4633 -1.4958 -1.5344 -1.5774 -1.6237 -1.6731 -1.7250 -1.7790 -1.8350
 -1.8929
 -2.5763 -2.3848 -2.2128 -2.0648 -1.9397 -1.8364 -1.7527 -1.6855 -1.6316 -1.5875
 -1.5505 -1.5191 -1.4930 -1.4725 -1.4392 -1.4439 -1.4294 -1.4151 -1.4122
 [Fe/H] =  0.75 [alpha/Fe] = 0.00 BC value = F814W
 -4.0704 -3.8102 -3.3546 -2.8307 -2.5103 -2.4026 -2.4105 -2.4063 -2.1329 -1.9062
 -1.7495 -1.6575 -1.5989 -1.5562 -1.5179 -1.4501
 -3.8536 -3.7765 -3.6507 -3.4814 -3.2731 -3.0298 -2.7550 -2.4519 -2.1419 -1.9005
 -1.7476 -1.6585 -1.6025 -1.5618 -1.5281 -1.4612 -1.4168 -1.3872 -1.3664
 -3.6496 -3.6614 -3.6838 -3.6889 -3.5756 -3.3271 -2.9518 -2.5067 -2.1675 -1.9153
 -1.7558 -1.6629 -1.6058 -1.5654 -1.5329 -1.4692 -1.4244 -1.3949 -1.3777 -1.3736
 -1.3844
 -3.4584 -3.4648 -3.4538 -3.4532 -3.4180 -3.2948 -3.0009 -2.5673 -2.2073 -1.9429
 -1.7715 -1.6701 -1.6091 -1.5680 -1.5360 -1.4741 -1.4298 -1.4006 -1.3848 -1.3825
 -1.3946 -1.4199 -1.4562
 -3.2897 -3.2531 -3.2349 -3.2223 -3.1932 -3.1118 -2.9260 -2.6000 -2.2498 -1.9781
 -1.7933 -1.6807 -1.6131 -1.5696 -1.5376 -1.4777 -1.4344 -1.4057 -1.3907 -1.3892
 -1.4019 -1.4268 -1.4616 -1.5046 -1.5549
 -3.1529 -3.0853 -3.0395 -3.0073 -2.9751 -2.9158 -2.7965 -2.5756 -2.2797 -2.0130
 -1.8193 -1.6947 -1.6186 -1.5709 -1.5380 -1.4799 -1.4383 -1.4105 -1.3959 -1.3948
 -1.4075 -1.4322 -1.4661 -1.5071 -1.5543 -1.6075
 -3.0405 -2.9474 -2.8745 -2.8186 -2.7718 -2.7199 -2.6397 -2.4973 -2.2802 -2.0408
 -1.8453 -1.7111 -1.6260 -1.5727 -1.5374 -1.4805 -1.4410 -1.4146 -1.4008 -1.3997
 -1.4122 -1.4365 -1.4697 -1.5097 -1.5549 -1.6046 -1.6599 -1.7204 -1.7806 -1.8413
 -2.8970 -2.8102 -2.7309 -2.6592 -2.5965 -2.5383 -2.4738 -2.3812 -2.2365 -2.0478
 -1.8659 -1.7273 -1.6343 -1.5749 -1.5363 -1.4793 -1.4420 -1.4175 -1.4049 -1.4041
 -1.4161 -1.4399 -1.4725 -1.5116 -1.5555 -1.6033 -1.6553 -1.7123 -1.7742 -1.8357
 -1.8970
 -2.6769 -2.5931 -2.5294 -2.4811 -2.4340 -2.3777 -2.3164 -2.2471 -2.1531 -2.0219
 -1.8712 -1.7390 -1.6426 -1.5775 -1.5349 -1.4761 -1.4411 -1.4187 -1.4078 -1.4075
 -1.4191 -1.4423 -1.4744 -1.5128 -1.5558 -1.6025 -1.6527 -1.7066 -1.7652 -1.8283
 -1.8910
 -2.5813 -2.4443 -2.3394 -2.2636 -2.2126 -2.1763 -2.1421 -2.0985 -2.0387 -1.9555
 -1.8481 -1.7367 -1.6445 -1.5777 -1.5322 -1.4707 -1.4376 -1.4174 -1.4086 -1.4096
 -1.4211 -1.4438 -1.4756 -1.5137 -1.5562 -1.6022 -1.6515 -1.7040 -1.7601 -1.8202
 -1.8843
 -2.5565 -2.3969 -2.2614 -2.1519 -2.0681 -2.0053 -1.9567 -1.9167 -1.8798 -1.8373
 -1.7797 -1.7074 -1.6343 -1.5735 -1.5282 -1.4644 -1.4325 -1.4141 -1.4072 -1.4099
 -1.4217 -1.4436 -1.4747 -1.5125 -1.5546 -1.6002 -1.6489 -1.7006 -1.7553 -1.8133
 -1.8743
 -2.5655 -2.3921 -2.2397 -2.1100 -2.0033 -1.9185 -1.8518 -1.7978 -1.7516 -1.7098
 -1.6695 -1.6274 -1.5840 -1.5438 -1.5099 -1.4550 -1.4254 -1.4088 -1.4035 -1.4078
 -1.4205 -1.4420 -1.4724 -1.5097 -1.5518 -1.5973 -1.6458 -1.6971 -1.7511 -1.8078
 -1.8672
 -2.5939 -2.4103 -2.2456 -2.1028 -1.9814 -1.8811 -1.7998 -1.7345 -1.6811 -1.6357
 -1.5951 -1.5581 -1.5249 -1.4960 -1.4773 -1.4425 -1.4163 -1.4015 -1.3975
 [Fe/H] =  1.00 [alpha/Fe] = 0.00 BC value = F814W
 -4.1070 -2.8254 -1.6384 -1.3136 -1.4796 -2.0244 -2.5463 -2.4574 -2.1683 -1.9280
 -1.7529 -1.6452 -1.5798 -1.5347 -1.5002 -1.4325
 -3.9010 -3.8375 -3.7207 -3.5562 -3.3490 -3.1034 -2.8232 -2.5120 -2.1909 -1.9323
 -1.7543 -1.6486 -1.5847 -1.5411 -1.5073 -1.4427 -1.4000 -1.3728 -1.3559
 -3.7004 -4.1673 -4.3637 -4.3174 -4.0528 -3.5912 -3.0186 -2.5782 -2.2310 -1.9556
 -1.7684 -1.6566 -1.5899 -1.5458 -1.5124 -1.4503 -1.4067 -1.3788 -1.3633 -1.3586
 -1.3678
 -3.5052 -3.8146 -3.5674 -3.5973 -3.5911 -3.4879 -3.1324 -2.6560 -2.2846 -1.9926
 -1.7918 -1.6689 -1.5959 -1.5497 -1.5162 -1.4553 -1.4123 -1.3842 -1.3689 -1.3656
 -1.3754 -1.3989 -1.4346
 -3.3297 -3.3281 -3.3441 -3.3639 -3.3647 -3.3063 -3.1188 -2.7376 -2.3456 -2.0395
 -1.8232 -1.6861 -1.6036 -1.5531 -1.5187 -1.4594 -1.4170 -1.3888 -1.3737 -1.3709
 -1.3811 -1.4043 -1.4385 -1.4817 -1.5330
 -3.1862 -3.1522 -3.1401 -3.1409 -3.1395 -3.1035 -2.9919 -2.7464 -2.3978 -2.0882
 -1.8592 -1.7076 -1.6141 -1.5570 -1.5202 -1.4620 -1.4213 -1.3935 -1.3784 -1.3755
 -1.3858 -1.4087 -1.4419 -1.4830 -1.5309 -1.5856
 -3.0733 -3.0083 -2.9654 -2.9401 -2.9226 -2.8948 -2.8273 -2.6756 -2.4192 -2.1320
 -1.8976 -1.7333 -1.6277 -1.5624 -1.5214 -1.4629 -1.4245 -1.3979 -1.3830 -1.3800
 -1.3899 -1.4122 -1.4447 -1.4845 -1.5299 -1.5810 -1.6380 -1.6985 -1.7593 -1.8213
 -2.9655 -2.8853 -2.8205 -2.7698 -2.7308 -2.6949 -2.6455 -2.5535 -2.3864 -2.1553
 -1.9316 -1.7602 -1.6435 -1.5695 -1.5228 -1.4618 -1.4259 -1.4012 -1.3873 -1.3843
 -1.3935 -1.4151 -1.4467 -1.4856 -1.5294 -1.5780 -1.6315 -1.6900 -1.7521 -1.8141
 -1.8769
 -2.7642 -2.7149 -2.6651 -2.6151 -2.5660 -2.5180 -2.4679 -2.4043 -2.3005 -2.1411
 -1.9510 -1.7830 -1.6602 -1.5780 -1.5249 -1.4590 -1.4251 -1.4027 -1.3905 -1.3882
 -1.3968 -1.4174 -1.4481 -1.4862 -1.5294 -1.5766 -1.6273 -1.6822 -1.7421 -1.8058
 -1.8692
 -2.6103 -2.5049 -2.4348 -2.3921 -2.3665 -2.3403 -2.3016 -2.2488 -2.1789 -2.0766
 -1.9386 -1.7925 -1.6715 -1.5847 -1.5266 -1.4543 -1.4216 -1.4016 -1.3916 -1.3907
 -1.3994 -1.4192 -1.4491 -1.4865 -1.5291 -1.5753 -1.6250 -1.6778 -1.7346 -1.7960
 -1.8613
 -2.5617 -2.4235 -2.3093 -2.2224 -2.1615 -2.1204 -2.0916 -2.0657 -2.0306 -1.9742
 -1.8889 -1.7808 -1.6749 -1.5898 -1.5286 -1.4492 -1.4164 -1.3985 -1.3906 -1.3915
 -1.4007 -1.4197 -1.4486 -1.4852 -1.5270 -1.5726 -1.6213 -1.6731 -1.7280 -1.7867
 -1.8491
 -2.5577 -2.4026 -2.2662 -2.1511 -2.0588 -1.9881 -1.9345 -1.8919 -1.8551 -1.8191
 -1.7768 -1.7196 -1.6490 -1.5798 -1.5233 -1.4429 -1.4094 -1.3931 -1.3871 -1.3899
 -1.4004 -1.4192 -1.4470 -1.4827 -1.5240 -1.5691 -1.6173 -1.6683 -1.7221 -1.7791
 -1.8393
 -2.5804 -2.4122 -2.2618 -2.1300 -2.0180 -1.9261 -1.8526 -1.7940 -1.7456 -1.7027
 -1.6622 -1.6221 -1.5801 -1.5370 -1.5107 -1.4354 -1.4006 -1.3854 -1.3811
