 [Fe/H] = -2.00 [alpha/Fe] =-0.40 BC value = F070W
 -1.9346 -1.8914 -2.0801 -2.0542 -1.9320 -1.7560 -1.5595 -1.4300 -1.3171 -1.1984
 -1.0846 -0.9786 -0.8809 -0.7941 -0.7194 -0.5636 -0.4726 -0.4053 -0.3820
 -1.9303 -1.8042 -1.7002 -1.6356 -1.6101 -1.5580 -1.4545 -1.3367 -1.2274 -1.1231
 -1.0226 -0.9283 -0.8422 -0.7652 -0.6968 -0.5608 -0.4709 -0.4205 -0.3969 -0.3896
 -1.7862 -1.6675 -1.5538 -1.4535 -1.3746 -1.3307 -1.3034 -1.2466 -1.1622 -1.0683
 -0.9783 -0.8932 -0.8150 -0.7448 -0.6825 -0.5589 -0.4780 -0.4338 -0.4139 -0.4079
 -0.4109
 -1.6617 -1.5617 -1.4576 -1.3559 -1.2639 -1.1860 -1.1278 -1.0939 -1.0618 -1.0093
 -0.9391 -0.8649 -0.7948 -0.7310 -0.6739 -0.5597 -0.4848 -0.4452 -0.4286 -0.4242
 -0.4272 -0.4361
 -1.5419 -1.4632 -1.3766 -1.2850 -1.1949 -1.1126 -1.0415 -0.9823 -0.9408 -0.9082
 -0.8728 -0.8258 -0.7715 -0.7165 -0.6652 -0.5597 -0.4891 -0.4530 -0.4397 -0.4380
 -0.4422 -0.4510 -0.4640 -0.4812
 -1.4255 -1.3626 -1.2952 -1.2197 -1.1397 -1.0604 -0.9880 -0.9248 -0.8714 -0.8276
 -0.7923 -0.7609 -0.7266 -0.6883 -0.6486 -0.5562 -0.4896 -0.4557 -0.4453 -0.4478
 -0.4549 -0.4651 -0.4784 -0.4947 -0.5140 -0.5369 -0.5640 -0.5958 -0.6327 -0.6747
 -1.3159 -1.2624 -1.2094 -1.1495 -1.0838 -1.0141 -0.9452 -0.8820 -0.8277 -0.7814
 -0.7413 -0.7063 -0.6756 -0.6464 -0.6168 -0.5448 -0.4852 -0.4513 -0.4441 -0.4515
 -0.4634 -0.4768 -0.4920 -0.5090 -0.5278 -0.5473 -0.5696 -0.5970 -0.6314 -0.6729
 -0.7175
 -1.2163 -1.1672 -1.1212 -1.0727 -1.0205 -0.9641 -0.9043 -0.8446 -0.7906 -0.7445
 -0.7052 -0.6705 -0.6387 -0.6101 -0.5835 -0.5239 -0.4750 -0.4436 -0.4367 -0.4478
 -0.4654 -0.4839 -0.5026 -0.5220 -0.5422 -0.5632 -0.5845 -0.6082 -0.6368 -0.6721
 -0.7154
 -1.1298 -1.0816 -1.0369 -0.9921 -0.9494 -0.9045 -0.8566 -0.8057 -0.7552 -0.7095
 -0.6709 -0.6382 -0.6089 -0.5816 -0.5560 -0.5009 -0.4593 -0.4327 -0.4253 -0.4378
 -0.4600 -0.4846 -0.5087 -0.5321 -0.5552 -0.5781 -0.6015 -0.6257 -0.6528 -0.6829
 -0.7158
 -1.0598 -1.0101 -0.9634 -0.9194 -0.8778 -0.8386 -0.8006 -0.7605 -0.7183 -0.6761
 -0.6380 -0.6061 -0.5791 -0.5543 -0.5313 -0.4812 -0.4429 -0.4196 -0.4126 -0.4239
 -0.4479 -0.4771 -0.5070 -0.5360 -0.5635 -0.5899 -0.6158 -0.6413 -0.6672 -0.6945
 -0.7235
 -1.0057 -0.9495 -0.8985 -0.8523 -0.8103 -0.7722 -0.7378 -0.7059 -0.6733 -0.6390
 -0.6046 -0.5735 -0.5474 -0.5257 -0.5065 -0.4630 -0.4275 -0.4063 -0.4006 -0.4101
 -0.4331 -0.4639 -0.4980 -0.5325 -0.5655 -0.5968 -0.6266 -0.6552 -0.6830 -0.7108
 -0.7396
 -0.9553 -0.8729 -0.8111 -0.7646 -0.7286 -0.6989 -0.6722 -0.6460 -0.6198 -0.5934
 -0.5666 -0.5398 -0.5150 -0.4944 -0.4775 -0.4429 -0.4129 -0.3933 -0.3883
 [Fe/H] = -1.50 [alpha/Fe] =-0.40 BC value = F070W
 -2.2362 -2.2067 -2.1371 -1.9755 -1.7869 -1.6078 -1.4601 -1.3415 -1.2354 -1.1343
 -1.0369 -0.9443 -0.8573 -0.7769 -0.7042 -0.5554 -0.4585 -0.3958 -0.3690
 -2.0202 -1.9010 -1.8428 -1.8162 -1.7109 -1.5558 -1.4063 -1.2841 -1.1813 -1.0859
 -0.9949 -0.9084 -0.8275 -0.7534 -0.6868 -0.5542 -0.4639 -0.4104 -0.3852 -0.3774
 -1.8971 -1.7627 -1.6453 -1.5590 -1.5240 -1.4774 -1.3686 -1.2463 -1.1421 -1.0519
 -0.9667 -0.8859 -0.8105 -0.7414 -0.6795 -0.5564 -0.4727 -0.4232 -0.4007 -0.3943
 -0.3975
 -1.8004 -1.6762 -1.5543 -1.4393 -1.3449 -1.2841 -1.2529 -1.1996 -1.1112 -1.0242
 -0.9442 -0.8689 -0.7984 -0.7338 -0.6758 -0.5603 -0.4812 -0.4342 -0.4136 -0.4088
 -0.4124 -0.4218
 -1.7121 -1.6027 -1.4913 -1.3808 -1.2773 -1.1849 -1.1119 -1.0628 -1.0311 -0.9841
 -0.9201 -0.8516 -0.7863 -0.7261 -0.6717 -0.5628 -0.4875 -0.4423 -0.4232 -0.4205
 -0.4256 -0.4354 -0.4492 -0.4681
 -1.6307 -1.5311 -1.4328 -1.3328 -1.2334 -1.1393 -1.0538 -0.9803 -0.9235 -0.8865
 -0.8563 -0.8168 -0.7672 -0.7143 -0.6642 -0.5620 -0.4902 -0.4465 -0.4286 -0.4286
 -0.4364 -0.4479 -0.4624 -0.4798 -0.4994 -0.5224 -0.5503 -0.5840 -0.6238 -0.6670
 -1.5477 -1.4580 -1.3710 -1.2838 -1.1946 -1.1058 -1.0213 -0.9441 -0.8765 -0.8211
 -0.7786 -0.7472 -0.7176 -0.6840 -0.6467 -0.5567 -0.4888 -0.4464 -0.4292 -0.4316
 -0.4434 -0.4581 -0.4746 -0.4928 -0.5130 -0.5347 -0.5593 -0.5882 -0.6227 -0.6635
 -0.7101
 -1.4718 -1.3836 -1.3071 -1.2289 -1.1514 -1.0724 -0.9937 -0.9185 -0.8498 -0.7894
 -0.7388 -0.6975 -0.6642 -0.6363 -0.6097 -0.5424 -0.4827 -0.4421 -0.4250 -0.4288
 -0.4447 -0.4640 -0.4841 -0.5047 -0.5261 -0.5472 -0.5696 -0.5954 -0.6263 -0.6636
 -0.7080
 -1.4092 -1.3163 -1.2412 -1.1698 -1.1000 -1.0314 -0.9622 -0.8928 -0.8264 -0.7658
 -0.7132 -0.6689 -0.6314 -0.5996 -0.5727 -0.5165 -0.4692 -0.4335 -0.4168 -0.4208
 -0.4396 -0.4641 -0.4892 -0.5138 -0.5381 -0.5624 -0.5874 -0.6145 -0.6437 -0.6749
 -0.7078
 -1.3683 -1.2645 -1.1823 -1.1106 -1.0463 -0.9843 -0.9241 -0.8637 -0.8034 -0.7453
 -0.6925 -0.6472 -0.6090 -0.5761 -0.5475 -0.4917 -0.4504 -0.4212 -0.4061 -0.4091
 -0.4285 -0.4566 -0.4871 -0.5170 -0.5456 -0.5733 -0.6006 -0.6277 -0.6552 -0.6840
 -0.7146
 -1.3609 -1.2299 -1.1330 -1.0559 -0.9930 -0.9339 -0.8789 -0.8263 -0.7743 -0.7222
 -0.6720 -0.6267 -0.5880 -0.5553 -0.5272 -0.4713 -0.4316 -0.4061 -0.3938 -0.3963
 -0.4144 -0.4437 -0.4779 -0.5131 -0.5471 -0.5796 -0.6107 -0.6407 -0.6700 -0.6993
 -0.7295
 -1.3812 -1.2125 -1.0932 -1.0066 -0.9403 -0.8833 -0.8313 -0.7826 -0.7369 -0.6923
 -0.6480 -0.6055 -0.5669 -0.5340 -0.5064 -0.4532 -0.4149 -0.3908 -0.3806
 [Fe/H] = -1.00 [alpha/Fe] =-0.40 BC value = F070W
 -2.4306 -2.3183 -2.1044 -1.8827 -1.6713 -1.4939 -1.3657 -1.2614 -1.1668 -1.0777
 -0.9927 -0.9113 -0.8338 -0.7606 -0.6922 -0.5488 -0.4472 -0.3837 -0.3520
 -2.1164 -2.0807 -2.0271 -1.8549 -1.6599 -1.4793 -1.3346 -1.2247 -1.1304 -1.0446
 -0.9634 -0.8860 -0.8125 -0.7434 -0.6793 -0.5469 -0.4546 -0.3972 -0.3683 -0.3593
 -1.9889 -1.8496 -1.7785 -1.7560 -1.6423 -1.4780 -1.3241 -1.2016 -1.1048 -1.0211
 -0.9434 -0.8699 -0.8002 -0.7348 -0.6743 -0.5498 -0.4634 -0.4095 -0.3823 -0.3743
 -0.3778
 -1.9191 -1.7653 -1.6311 -1.5342 -1.4930 -1.4431 -1.3231 -1.1938 -1.0874 -1.0025
 -0.9275 -0.8573 -0.7912 -0.7292 -0.6719 -0.5537 -0.4716 -0.4200 -0.3939 -0.3867
 -0.3908 -0.4012
 -1.8621 -1.7153 -1.5757 -1.4496 -1.3444 -1.2720 -1.2343 -1.1754 -1.0793 -0.9875
 -0.9127 -0.8453 -0.7822 -0.7233 -0.6689 -0.5565 -0.4779 -0.4282 -0.4029 -0.3966
 -0.4018 -0.4128 -0.4279 -0.4463
 -1.8099 -1.6712 -1.5395 -1.4136 -1.2957 -1.1922 -1.1093 -1.0519 -1.0148 -0.9640
 -0.8967 -0.8320 -0.7717 -0.7156 -0.6639 -0.5569 -0.4816 -0.4335 -0.4089 -0.4035
 -0.4104 -0.4232 -0.4390 -0.4579 -0.4791 -0.5040 -0.5339 -0.5701 -0.6119 -0.6546
 -1.7614 -1.6282 -1.5037 -1.3858 -1.2725 -1.1660 -1.0695 -0.9860 -0.9195 -0.8732
 -0.8388 -0.8012 -0.7547 -0.7043 -0.6557 -0.5540 -0.4820 -0.4355 -0.4116 -0.4068
 -0.4157 -0.4311 -0.4490 -0.4689 -0.4908 -0.5142 -0.5405 -0.5717 -0.6091 -0.6525
 -0.6978
 -1.7201 -1.5867 -1.4664 -1.3551 -1.2500 -1.1487 -1.0525 -0.9642 -0.8862 -0.8203
 -0.7686 -0.7320 -0.7028 -0.6723 -0.6373 -0.5474 -0.4789 -0.4341 -0.4105 -0.4062
 -0.4167 -0.4353 -0.4565 -0.4788 -0.5020 -0.5266 -0.5519 -0.5797 -0.6120 -0.6503
 -0.6957
 -1.6923 -1.5495 -1.4286 -1.3203 -1.2209 -1.1275 -1.0375 -0.9514 -0.8716 -0.8001
 -0.7387 -0.6889 -0.6506 -0.6206 -0.5948 -0.5307 -0.4710 -0.4285 -0.4057 -0.4013
 -0.4128 -0.4345 -0.4600 -0.4861 -0.5123 -0.5386 -0.5658 -0.5951 -0.6265 -0.6599
 -0.6949
 -1.6868 -1.5291 -1.3976 -1.2878 -1.1903 -1.1016 -1.0188 -0.9391 -0.8628 -0.7912
 -0.7266 -0.6710 -0.6253 -0.5885 -0.5585 -0.5023 -0.4562 -0.4196 -0.3978 -0.3929
 -0.4041 -0.4276 -0.4571 -0.4880 -0.5183 -0.5479 -0.5773 -0.6066 -0.6364 -0.6676
 -0.7015
 -1.7191 -1.5214 -1.3780 -1.2611 -1.1607 -1.0726 -0.9935 -0.9201 -0.8500 -0.7826
 -0.7190 -0.6615 -0.6120 -0.5710 -0.5373 -0.4762 -0.4351 -0.4053 -0.3869 -0.3821
 -0.3922 -0.4158 -0.4481 -0.4835 -0.5188 -0.5529 -0.5860 -0.6180 -0.6495 -0.6812
 -0.7136
 -1.8000 -1.5493 -1.3767 -1.2460 -1.1378 -1.0458 -0.9659 -0.8949 -0.8301 -0.7685
 -0.7094 -0.6537 -0.6031 -0.5594 -0.5230 -0.4572 -0.4150 -0.3879 -0.3730
 [Fe/H] = -0.75 [alpha/Fe] =-0.40 BC value = F070W
 -2.4876 -2.2977 -2.0544 -1.8310 -1.6246 -1.4498 -1.3232 -1.2245 -1.1374 -1.0522
 -0.9719 -0.8953 -0.8221 -0.7528 -0.6874 -0.5461 -0.4426 -0.3767 -0.3420
 -2.2016 -2.1849 -2.0340 -1.8211 -1.6209 -1.4399 -1.3004 -1.1947 -1.1063 -1.0239
 -0.9467 -0.8734 -0.8037 -0.7375 -0.6755 -0.5436 -0.4491 -0.3894 -0.3582 -0.3478
 -2.0227 -1.9113 -1.8945 -1.8035 -1.6245 -1.4487 -1.2946 -1.1767 -1.0843 -1.0034
 -0.9291 -0.8590 -0.7925 -0.7296 -0.6706 -0.5458 -0.4570 -0.4010 -0.3715 -0.3619
 -0.3652
 -1.9606 -1.7958 -1.6735 -1.6219 -1.5842 -1.4546 -1.3037 -1.1715 -1.0697 -0.9871
 -0.9147 -0.8475 -0.7840 -0.7241 -0.6680 -0.5491 -0.4645 -0.4109 -0.3826 -0.3734
 -0.3771 -0.3880
 -1.9208 -1.7535 -1.6030 -1.4791 -1.3948 -1.3556 -1.2933 -1.1781 -1.0649 -0.9746
 -0.9017 -0.8364 -0.7755 -0.7184 -0.6650 -0.5516 -0.4705 -0.4188 -0.3913 -0.3826
 -0.3871 -0.3985 -0.4142 -0.4335
 -1.8880 -1.7247 -1.5749 -1.4379 -1.3186 -1.2221 -1.1561 -1.1152 -1.0553 -0.9685
 -0.8898 -0.8250 -0.7659 -0.7112 -0.6602 -0.5520 -0.4742 -0.4241 -0.3975 -0.3893
 -0.3947 -0.4075 -0.4240 -0.4437 -0.4665 -0.4932 -0.5244 -0.5607 -0.6019 -0.6462
 -1.8599 -1.6995 -1.5535 -1.4194 -1.2954 -1.1839 -1.0878 -1.0103 -0.9555 -0.9160
 -0.8681 -0.8109 -0.7545 -0.7019 -0.6531 -0.5497 -0.4751 -0.4267 -0.4006 -0.3929
 -0.3993 -0.4141 -0.4327 -0.4534 -0.4763 -0.5017 -0.5301 -0.5624 -0.5999 -0.6439
 -0.6895
 -1.8400 -1.6765 -1.5324 -1.4023 -1.2826 -1.1712 -1.0689 -0.9783 -0.9011 -0.8389
 -0.7932 -0.7586 -0.7243 -0.6848 -0.6420 -0.5444 -0.4730 -0.4262 -0.4007 -0.3931
 -0.4003 -0.4173 -0.4388 -0.4619 -0.4862 -0.5119 -0.5387 -0.5681 -0.6018 -0.6412
 -0.6871
 -1.8341 -1.6590 -1.5112 -1.3821 -1.2663 -1.1599 -1.0603 -0.9676 -0.8841 -0.8111
 -0.7498 -0.7011 -0.6653 -0.6367 -0.6088 -0.5334 -0.4667 -0.4219 -0.3970 -0.3896
 -0.3973 -0.4163 -0.4413 -0.4681 -0.4952 -0.5228 -0.5513 -0.5809 -0.6122 -0.6472
 -0.6859
 -1.8491 -1.6567 -1.4991 -1.3652 -1.2494 -1.1462 -1.0517 -0.9629 -0.8798 -0.8037
 -0.7363 -0.6788 -0.6320 -0.5956 -0.5665 -0.5085 -0.4560 -0.4146 -0.3904 -0.3827
 -0.3901 -0.4101 -0.4381 -0.4691 -0.5003 -0.5310 -0.5617 -0.5924 -0.6237 -0.6563
 -0.6915
 -1.8994 -1.6716 -1.4994 -1.3562 -1.2341 -1.1299 -1.0378 -0.9538 -0.8752 -0.8010
 -0.7324 -0.6711 -0.6185 -0.5755 -0.5407 -0.4791 -0.4358 -0.4026 -0.3808 -0.3731
 -0.3798 -0.3997 -0.4296 -0.4644 -0.5001 -0.5352 -0.5694 -0.6027 -0.6356 -0.6687
 -0.7023
 -2.0056 -1.7164 -1.5165 -1.3594 -1.2274 -1.1162 -1.0218 -0.9392 -0.8647 -0.7950
 -0.7294 -0.6683 -0.6134 -0.5661 -0.5269 -0.4578 -0.4144 -0.3853 -0.3678
 [Fe/H] = -0.50 [alpha/Fe] =-0.40 BC value = F070W
 -2.5050 -2.2518 -2.0011 -1.7837 -1.5913 -1.4201 -1.2929 -1.1933 -1.1098 -1.0286
 -0.9521 -0.8793 -0.8100 -0.7441 -0.6817 -0.5438 -0.4387 -0.3691 -0.3310
 -2.3199 -2.2242 -2.0066 -1.7819 -1.5856 -1.4113 -1.2741 -1.1696 -1.0829 -1.0038
 -0.9299 -0.8600 -0.7935 -0.7303 -0.6705 -0.5405 -0.4435 -0.3807 -0.3469 -0.3348
 -2.0610 -2.0193 -1.9727 -1.7929 -1.5942 -1.4185 -1.2695 -1.1545 -1.0636 -0.9853
 -0.9138 -0.8468 -0.7832 -0.7228 -0.6657 -0.5417 -0.4501 -0.3912 -0.3595 -0.3480
 -0.3507
 -1.9882 -1.8258 -1.7488 -1.7293 -1.6044 -1.4338 -1.2790 -1.1502 -1.0507 -0.9706
 -0.9005 -0.8358 -0.7749 -0.7173 -0.6628 -0.5442 -0.4566 -0.4004 -0.3700 -0.3588
 -0.3616 -0.3728
 -1.9635 -1.7782 -1.6259 -1.5235 -1.4833 -1.4256 -1.2939 -1.1592 -1.0468 -0.9594
 -0.8884 -0.8252 -0.7666 -0.7115 -0.6595 -0.5462 -0.4621 -0.4078 -0.3784 -0.3676
 -0.3706 -0.3820 -0.3984 -0.4188
 -1.9514 -1.7629 -1.5973 -1.4556 -1.3444 -1.2711 -1.2295 -1.1603 -1.0544 -0.9556
 -0.8780 -0.8146 -0.7574 -0.7043 -0.6546 -0.5465 -0.4657 -0.4131 -0.3844 -0.3740
 -0.3774 -0.3897 -0.4068 -0.4272 -0.4506 -0.4781 -0.5107 -0.5494 -0.5929 -0.6361
 -1.9464 -1.7566 -1.5886 -1.4397 -1.3099 -1.2001 -1.1127 -1.0512 -1.0074 -0.9490
 -0.8720 -0.8043 -0.7473 -0.6956 -0.6477 -0.5444 -0.4670 -0.4160 -0.3878 -0.3778
 -0.3815 -0.3951 -0.4139 -0.4354 -0.4593 -0.4860 -0.5155 -0.5493 -0.5887 -0.6335
 -0.6789
 -1.9511 -1.7548 -1.5852 -1.4358 -1.3032 -1.1844 -1.0806 -0.9924 -0.9212 -0.8682
 -0.8271 -0.7824 -0.7336 -0.6848 -0.6388 -0.5397 -0.4654 -0.4161 -0.3884 -0.3784
 -0.3827 -0.3975 -0.4186 -0.4424 -0.4677 -0.4947 -0.5239 -0.5554 -0.5903 -0.6302
 -0.6766
 -1.9706 -1.7612 -1.5830 -1.4317 -1.2991 -1.1807 -1.0735 -0.9774 -0.8936 -0.8224
 -0.7645 -0.7199 -0.6851 -0.6534 -0.6195 -0.5310 -0.4601 -0.4127 -0.3857 -0.3759
 -0.3805 -0.3966 -0.4202 -0.4472 -0.4753 -0.5040 -0.5339 -0.5651 -0.5982 -0.6342
 -0.6750
 -2.0100 -1.7810 -1.5919 -1.4325 -1.2972 -1.1791 -1.0736 -0.9771 -0.8896 -0.8117
 -0.7440 -0.6870 -0.6409 -0.6059 -0.5777 -0.5136 -0.4521 -0.4067 -0.3803 -0.3703
 -0.3747 -0.3913 -0.4170 -0.4475 -0.4792 -0.5110 -0.5429 -0.5752 -0.6081 -0.6425
 -0.6794
 -2.0808 -1.8183 -1.6139 -1.4422 -1.2982 -1.1769 -1.0714 -0.9772 -0.8910 -0.8118
 -0.7404 -0.6775 -0.6238 -0.5799 -0.5452 -0.4833 -0.4356 -0.3970 -0.3720 -0.3619
 -0.3659 -0.3825 -0.4093 -0.4427 -0.4784 -0.5141 -0.5494 -0.5841 -0.6185 -0.6533
 -0.6883
 -2.2061 -1.8826 -1.6514 -1.4654 -1.3087 -1.1779 -1.0683 -0.9738 -0.8898 -0.8129
 -0.7419 -0.6771 -0.6196 -0.5702 -0.5295 -0.4586 -0.4136 -0.3814 -0.3605
 [Fe/H] = -0.25 [alpha/Fe] =-0.40 BC value = F070W
 -2.4763 -2.1941 -1.9452 -1.7384 -1.5563 -1.3936 -1.2692 -1.1668 -1.0839 -1.0068
 -0.9331 -0.8632 -0.7969 -0.7341 -0.6746 -0.5411 -0.4354 -0.3621 -0.3204
 -2.3028 -2.2135 -1.9663 -1.7420 -1.5500 -1.3832 -1.2509 -1.1463 -1.0611 -0.9845
 -0.9130 -0.8458 -0.7821 -0.7215 -0.6640 -0.5367 -0.4381 -0.3715 -0.3347 -0.3204
 -2.1382 -2.1309 -1.9808 -1.7642 -1.5630 -1.3877 -1.2455 -1.1327 -1.0437 -0.9675
 -0.8981 -0.8334 -0.7723 -0.7143 -0.6591 -0.5370 -0.4431 -0.3806 -0.3463 -0.3328
 -0.3344
 -2.0088 -1.8776 -1.8645 -1.7704 -1.5862 -1.4076 -1.2536 -1.1292 -1.0321 -0.9536
 -0.8854 -0.8228 -0.7642 -0.7087 -0.6560 -0.5389 -0.4485 -0.3887 -0.3560 -0.3430
 -0.3443 -0.3554
 -1.9905 -1.7945 -1.6586 -1.6090 -1.5689 -1.4286 -1.2733 -1.1376 -1.0287 -0.9433
 -0.8739 -0.8126 -0.7559 -0.7027 -0.6524 -0.5405 -0.4534 -0.3955 -0.3638 -0.3511
 -0.3524 -0.3634 -0.3803 -0.4013
 -1.9978 -1.7855 -1.6104 -1.4757 -1.3916 -1.3534 -1.2804 -1.1556 -1.0368 -0.9400
 -0.8642 -0.8023 -0.7468 -0.6955 -0.6473 -0.5405 -0.4569 -0.4007 -0.3695 -0.3572
 -0.3586 -0.3698 -0.3872 -0.4084 -0.4329 -0.4618 -0.4959 -0.5360 -0.5805 -0.6243
 -2.0176 -1.7963 -1.6089 -1.4516 -1.3225 -1.2242 -1.1586 -1.1128 -1.0425 -0.9468
 -0.8604 -0.7929 -0.7372 -0.6869 -0.6404 -0.5383 -0.4583 -0.4038 -0.3731 -0.3610
 -0.3625 -0.3743 -0.3928 -0.4149 -0.4398 -0.4676 -0.4988 -0.5344 -0.5754 -0.6211
 -0.6668
 -2.0514 -1.8170 -1.6214 -1.4555 -1.3133 -1.1930 -1.0934 -1.0143 -0.9560 -0.9095
 -0.8541 -0.7867 -0.7278 -0.6775 -0.6319 -0.5336 -0.4571 -0.4045 -0.3742 -0.3621
 -0.3639 -0.3765 -0.3964 -0.4204 -0.4466 -0.4746 -0.5053 -0.5385 -0.5754 -0.6170
 -0.6642
 -2.0985 -1.8473 -1.6398 -1.4664 -1.3189 -1.1915 -1.0805 -0.9852 -0.9049 -0.8392
 -0.7878 -0.7458 -0.7040 -0.6620 -0.6200 -0.5256 -0.4522 -0.4017 -0.3722 -0.3603
 -0.3624 -0.3758 -0.3975 -0.4240 -0.4526 -0.4824 -0.5136 -0.5461 -0.5809 -0.6192
 -0.6618
 -2.1662 -1.8946 -1.6714 -1.4861 -1.3315 -1.1999 -1.0854 -0.9842 -0.8954 -0.8183
 -0.7527 -0.6985 -0.6548 -0.6201 -0.5899 -0.5145 -0.4455 -0.3967 -0.3678 -0.3557
 -0.3578 -0.3716 -0.3947 -0.4237 -0.4554 -0.4879 -0.5210 -0.5547 -0.5895 -0.6255
 -0.6647
 -2.2633 -1.9581 -1.7171 -1.5164 -1.3499 -1.2116 -1.0937 -0.9908 -0.8992 -0.8174
 -0.7453 -0.6828 -0.6298 -0.5862 -0.5520 -0.4885 -0.4337 -0.3887 -0.3607 -0.3486
 -0.3503 -0.3642 -0.3880 -0.4190 -0.4539 -0.4899 -0.5261 -0.5621 -0.5982 -0.6348
 -0.6716
 -2.4088 -2.0456 -1.7778 -1.5606 -1.3790 -1.2285 -1.1039 -0.9980 -0.9055 -0.8229
 -0.7484 -0.6819 -0.6236 -0.5736 -0.5322 -0.4606 -0.4127 -0.3759 -0.3508
 [Fe/H] =  0.00 [alpha/Fe] =-0.40 BC value = F070W
 -2.4215 -2.1400 -1.9021 -1.7055 -1.5240 -1.3650 -1.2459 -1.1474 -1.0625 -0.9867
 -0.9152 -0.8473 -0.7834 -0.7229 -0.6658 -0.5368 -0.4356 -0.3610 -0.3091
 -2.3707 -2.1786 -1.9260 -1.7081 -1.5221 -1.3569 -1.2302 -1.1270 -1.0415 -0.9663
 -0.8967 -0.8313 -0.7697 -0.7113 -0.6558 -0.5317 -0.4324 -0.3623 -0.3216 -0.3046
 -2.2579 -2.1760 -1.9594 -1.7326 -1.5347 -1.3632 -1.2231 -1.1135 -1.0255 -0.9502
 -0.8825 -0.8195 -0.7603 -0.7043 -0.6510 -0.5313 -0.4360 -0.3697 -0.3319 -0.3163
 -0.3164
 -2.1024 -1.9805 -1.9416 -1.7614 -1.5606 -1.3828 -1.2310 -1.1094 -1.0143 -0.9370
 -0.8702 -0.8092 -0.7524 -0.6987 -0.6476 -0.5327 -0.4405 -0.3766 -0.3405 -0.3255
 -0.3254 -0.3360
 -2.0007 -1.8123 -1.7278 -1.7128 -1.5826 -1.4088 -1.2510 -1.1173 -1.0107 -0.9272
 -0.8591 -0.7992 -0.7441 -0.6926 -0.6438 -0.5340 -0.4449 -0.3828 -0.3475 -0.3329
 -0.3327 -0.3428 -0.3601 -0.3816
 -2.0203 -1.7949 -1.6224 -1.5144 -1.4787 -1.4143 -1.2748 -1.1363 -1.0180 -0.9238
 -0.8496 -0.7891 -0.7351 -0.6853 -0.6385 -0.5338 -0.4483 -0.3878 -0.3530 -0.3386
 -0.3383 -0.3483 -0.3656 -0.3875 -0.4132 -0.4429 -0.4783 -0.5203 -0.5657 -0.6105
 -2.0640 -1.8174 -1.6174 -1.4590 -1.3426 -1.2722 -1.2298 -1.1496 -1.0356 -0.9307
 -0.8462 -0.7800 -0.7256 -0.6766 -0.6314 -0.5314 -0.4497 -0.3911 -0.3568 -0.3423
 -0.3421 -0.3522 -0.3700 -0.3925 -0.4182 -0.4470 -0.4797 -0.5171 -0.5597 -0.6065
 -0.6528
 -2.1279 -1.8598 -1.6415 -1.4634 -1.3184 -1.2031 -1.1161 -1.0550 -1.0055 -0.9374
 -0.8521 -0.7761 -0.7167 -0.6674 -0.6228 -0.5265 -0.4486 -0.3922 -0.3584 -0.3439
 -0.3437 -0.3543 -0.3728 -0.3966 -0.4233 -0.4523 -0.4841 -0.5187 -0.5574 -0.6013
 -0.6496
 -2.2011 -1.9163 -1.6796 -1.4863 -1.3273 -1.1953 -1.0857 -0.9958 -0.9238 -0.8676
 -0.8197 -0.7674 -0.7086 -0.6572 -0.6125 -0.5185 -0.4439 -0.3899 -0.3572 -0.3428
 -0.3429 -0.3541 -0.3737 -0.3991 -0.4278 -0.4582 -0.4905 -0.5248 -0.5614 -0.6015
 -0.6462
 -2.2999 -1.9918 -1.7349 -1.5242 -1.3520 -1.2095 -1.0896 -0.9873 -0.9005 -0.8271
 -0.7662 -0.7164 -0.6741 -0.6343 -0.5970 -0.5095 -0.4376 -0.3856 -0.3537 -0.3393
 -0.3393 -0.3509 -0.3714 -0.3984 -0.4294 -0.4621 -0.4960 -0.5311 -0.5676 -0.6060
 -0.6469
 -2.4157 -2.0837 -1.8056 -1.5761 -1.3874 -1.2332 -1.1051 -0.9962 -0.9022 -0.8204
 -0.7497 -0.6893 -0.6384 -0.5960 -0.5614 -0.4919 -0.4285 -0.3786 -0.3476 -0.3332
 -0.3329 -0.3446 -0.3657 -0.3941 -0.4274 -0.4629 -0.4996 -0.5367 -0.5743 -0.6129
 -0.6519
 -2.5487 -2.1921 -1.8888 -1.6420 -1.4357 -1.2661 -1.1272 -1.0116 -0.9130 -0.8269
 -0.7511 -0.6847 -0.6270 -0.5776 -0.5057 -0.4657 -0.4166 -0.3689 -0.3389
 [Fe/H] =  0.25 [alpha/Fe] =-0.40 BC value = F070W
 -2.3674 -2.0898 -1.8611 -1.6765 -1.4958 -1.3425 -1.2225 -1.1267 -1.0428 -0.9685
 -0.8981 -0.8316 -0.7692 -0.7106 -0.6554 -0.5306 -0.4307 -0.3542 -0.2980
 -2.4150 -2.1363 -1.8859 -1.6754 -1.4966 -1.3355 -1.2077 -1.1081 -1.0230 -0.9493
 -0.8807 -0.8166 -0.7565 -0.6998 -0.6460 -0.5251 -0.4261 -0.3531 -0.3081 -0.2877
 -2.2373 -2.1747 -1.9215 -1.7013 -1.5098 -1.3419 -1.2029 -1.0956 -1.0083 -0.9341
 -0.8672 -0.8053 -0.7475 -0.6930 -0.6412 -0.5243 -0.4285 -0.3588 -0.3168 -0.2983
 -0.2967
 -2.0951 -2.0940 -1.9544 -1.7381 -1.5348 -1.3613 -1.2111 -1.0914 -0.9979 -0.9213
 -0.8554 -0.7953 -0.7397 -0.6874 -0.6378 -0.5254 -0.4323 -0.3647 -0.3243 -0.3066
 -0.3049 -0.3145
 -2.0074 -1.8526 -1.8404 -1.7515 -1.5673 -1.3865 -1.2299 -1.0984 -0.9941 -0.9119
 -0.8445 -0.7855 -0.7315 -0.6813 -0.6339 -0.5264 -0.4364 -0.3702 -0.3306 -0.3132
 -0.3114 -0.3206 -0.3378 -0.3607
 -2.0282 -1.7994 -1.6462 -1.5964 -1.5580 -1.4139 -1.2561 -1.1170 -1.0005 -0.9081
 -0.8352 -0.7756 -0.7226 -0.6740 -0.6285 -0.5261 -0.4397 -0.3751 -0.3358 -0.3184
 -0.3165 -0.3254 -0.3423 -0.3647 -0.3908 -0.4220 -0.4595 -0.5024 -0.5487 -0.5946
 -2.0884 -1.8235 -1.6199 -1.4716 -1.3870 -1.3525 -1.2715 -1.1409 -1.0183 -0.9144
 -0.8314 -0.7667 -0.7131 -0.6653 -0.6212 -0.5235 -0.4411 -0.3786 -0.3397 -0.3221
 -0.3201 -0.3290 -0.3459 -0.3685 -0.3947 -0.4239 -0.4574 -0.4966 -0.5417 -0.5894
 -0.6367
 -2.1783 -1.8808 -1.6472 -1.4648 -1.3242 -1.2241 -1.1620 -1.1137 -1.0334 -0.9305
 -0.8376 -0.7627 -0.7044 -0.6560 -0.6126 -0.5185 -0.4402 -0.3801 -0.3419 -0.3240
 -0.3219 -0.3310 -0.3482 -0.3714 -0.3982 -0.4278 -0.4607 -0.4974 -0.5381 -0.5831
 -0.6324
 -2.2862 -1.9623 -1.6998 -1.4927 -1.3284 -1.1974 -1.0949 -1.0168 -0.9586 -0.9065
 -0.8419 -0.7661 -0.6990 -0.6464 -0.6023 -0.5102 -0.4355 -0.3783 -0.3414 -0.3237
 -0.3216 -0.3311 -0.3490 -0.3731 -0.4013 -0.4319 -0.4650 -0.5004 -0.5387 -0.5809
 -0.6279
 -2.4172 -2.0664 -1.7775 -1.5446 -1.3597 -1.2113 -1.0902 -0.9908 -0.9096 -0.8431
 -0.7887 -0.7404 -0.6909 -0.6387 -0.5933 -0.5015 -0.4293 -0.3745 -0.3389 -0.3213
 -0.3190 -0.3286 -0.3470 -0.3721 -0.4018 -0.4342 -0.4686 -0.5046 -0.5426 -0.5832
 -0.6262
 -2.5747 -2.1934 -1.8761 -1.6167 -1.4087 -1.2427 -1.1082 -0.9968 -0.9033 -0.8240
 -0.7567 -0.6999 -0.6518 -0.6098 -0.5711 -0.4900 -0.4209 -0.3681 -0.3336 -0.3162
 -0.3137 -0.3232 -0.3421 -0.3682 -0.3993 -0.4339 -0.4705 -0.5083 -0.5472 -0.5876
 -0.6292
 -2.7586 -2.3434 -1.9828 -1.7067 -1.4757 -1.2889 -1.1391 -1.0168 -0.9147 -0.8276
 -0.7525 -0.6876 -0.6317 -0.5838 -0.5357 -0.4757 -0.4103 -0.3591 -0.3255
 [Fe/H] =  0.50 [alpha/Fe] =-0.40 BC value = F070W
 -2.2933 -2.0408 -1.8275 -1.6496 -1.4673 -1.3204 -1.2049 -1.1092 -1.0267 -0.9521
 -0.8819 -0.8163 -0.7549 -0.6973 -0.6433 -0.5224 -0.4190 -0.3404 -0.2873
 -2.3795 -2.0911 -1.8492 -1.6493 -1.4724 -1.3145 -1.1902 -1.0924 -1.0079 -0.9339
 -0.8656 -0.8022 -0.7430 -0.6874 -0.6349 -0.5168 -0.4187 -0.3438 -0.2947 -0.2705
 -2.3932 -2.1493 -1.8935 -1.6725 -1.4901 -1.3223 -1.1853 -1.0800 -0.9930 -0.9191
 -0.8527 -0.7914 -0.7344 -0.6809 -0.6303 -0.5159 -0.4203 -0.3480 -0.3016 -0.2793
 -0.2756
 -2.1380 -2.1490 -1.9399 -1.7118 -1.5113 -1.3415 -1.1927 -1.0754 -0.9832 -0.9067
 -0.8412 -0.7817 -0.7267 -0.6754 -0.6269 -0.5168 -0.4238 -0.3530 -0.3080 -0.2865
 -0.2827 -0.2914
 -2.0207 -1.9465 -1.9200 -1.7476 -1.5463 -1.3660 -1.2122 -1.0816 -0.9790 -0.8976
 -0.8306 -0.7721 -0.7187 -0.6694 -0.6229 -0.5177 -0.4277 -0.3582 -0.3141 -0.2925
 -0.2887 -0.2967 -0.3136 -0.3370
 -2.0257 -1.8075 -1.7061 -1.6971 -1.5717 -1.3978 -1.2372 -1.0991 -0.9846 -0.8938
 -0.8215 -0.7624 -0.7099 -0.6620 -0.6175 -0.5173 -0.4310 -0.3631 -0.3188 -0.2974
 -0.2934 -0.3012 -0.3175 -0.3401 -0.3673 -0.3988 -0.4370 -0.4825 -0.5293 -0.5764
 -2.0915 -1.8206 -1.6234 -1.5037 -1.4711 -1.4068 -1.2653 -1.1240 -1.0016 -0.8986
 -0.8176 -0.7535 -0.7006 -0.6534 -0.6102 -0.5146 -0.4325 -0.3668 -0.3230 -0.3012
 -0.2969 -0.3045 -0.3206 -0.3429 -0.3696 -0.3999 -0.4344 -0.4745 -0.5214 -0.5698
 -0.6184
 -2.2037 -1.8840 -1.6444 -1.4649 -1.3393 -1.2707 -1.2304 -1.1429 -1.0243 -0.9151
 -0.8228 -0.7493 -0.6919 -0.6441 -0.6014 -0.5093 -0.4316 -0.3688 -0.3257 -0.3035
 -0.2989 -0.3065 -0.3227 -0.3451 -0.3719 -0.4018 -0.4351 -0.4720 -0.5143 -0.5625
 -0.6127
 -2.3371 -1.9833 -1.7035 -1.4904 -1.3267 -1.2031 -1.1159 -1.0580 -1.0052 -0.9278
 -0.8357 -0.7529 -0.6865 -0.6346 -0.5911 -0.5009 -0.4268 -0.3672 -0.3258 -0.3039
 -0.2989 -0.3067 -0.3233 -0.3462 -0.3737 -0.4043 -0.4376 -0.4738 -0.5136 -0.5576
 -0.6070
 -2.5227 -2.1196 -1.7980 -1.5499 -1.3585 -1.2089 -1.0910 -0.9992 -0.9281 -0.8715
 -0.8183 -0.7581 -0.6907 -0.6306 -0.5831 -0.4920 -0.4204 -0.3638 -0.3241 -0.3024
 -0.2970 -0.3046 -0.3214 -0.3450 -0.3733 -0.4051 -0.4394 -0.4760 -0.5151 -0.5565
 -0.6036
 -2.7622 -2.2929 -1.9213 -1.6378 -1.4160 -1.2432 -1.1063 -0.9957 -0.9056 -0.8314
 -0.7696 -0.7171 -0.6692 -0.6219 -0.5744 -0.4825 -0.4120 -0.3575 -0.3195 -0.2984
 -0.2927 -0.3000 -0.3170 -0.3411 -0.3705 -0.4037 -0.4397 -0.4777 -0.5175 -0.5593
 -0.6032
 -3.0556 -2.5032 -2.0598 -1.7517 -1.4981 -1.2986 -1.1417 -1.0162 -0.9133 -0.8274
 -0.7548 -0.6928 -0.6396 -0.5933 -0.5650 -0.4724 -0.4016 -0.3483 -0.3120
 [Fe/H] =  0.75 [alpha/Fe] =-0.40 BC value = F070W
 -2.2424 -2.0025 -1.7985 -1.6269 -1.4441 -1.3053 -1.1936 -1.0972 -1.0125 -0.9365
 -0.8666 -0.8014 -0.7406 -0.6838 -0.6306 -0.5123 -0.4108 -0.3324 -0.2763
 -2.3264 -2.0495 -1.8180 -1.6275 -1.4515 -1.2982 -1.1768 -1.0780 -0.9941 -0.9194
 -0.8512 -0.7881 -0.7294 -0.6744 -0.6227 -0.5069 -0.4099 -0.3340 -0.2815 -0.2530
 -2.3929 -2.1164 -1.8617 -1.6474 -1.4706 -1.3049 -1.1713 -1.0669 -0.9795 -0.9056
 -0.8390 -0.7778 -0.7212 -0.6684 -0.6185 -0.5060 -0.4111 -0.3370 -0.2868 -0.2601
 -0.2536
 -2.3199 -2.1600 -1.9163 -1.6866 -1.4916 -1.3256 -1.1776 -1.0617 -0.9707 -0.8936
 -0.8280 -0.7685 -0.7138 -0.6630 -0.6152 -0.5069 -0.4144 -0.3415 -0.2922 -0.2663
 -0.2597 -0.2671
 -2.0663 -2.0624 -1.9431 -1.7312 -1.5255 -1.3491 -1.1960 -1.0674 -0.9659 -0.8850
 -0.8177 -0.7592 -0.7061 -0.6571 -0.6114 -0.5079 -0.4184 -0.3466 -0.2976 -0.2717
 -0.2649 -0.2716 -0.2880 -0.3118
 -2.0217 -1.8356 -1.8134 -1.7411 -1.5622 -1.3800 -1.2215 -1.0844 -0.9706 -0.8809
 -0.8089 -0.7498 -0.6975 -0.6500 -0.6060 -0.5074 -0.4217 -0.3516 -0.3027 -0.2765
 -0.2693 -0.2756 -0.2912 -0.3139 -0.3418 -0.3746 -0.4140 -0.4606 -0.5078 -0.5563
 -2.0810 -1.8161 -1.6387 -1.5782 -1.5483 -1.4090 -1.2504 -1.1084 -0.9865 -0.8849
 -0.8049 -0.7411 -0.6883 -0.6415 -0.5988 -0.5047 -0.4234 -0.3557 -0.3072 -0.2804
 -0.2727 -0.2787 -0.2939 -0.3159 -0.3429 -0.3738 -0.4090 -0.4508 -0.4991 -0.5481
 -0.5980
 -2.2053 -1.8748 -1.6391 -1.4713 -1.3781 -1.3477 -1.2669 -1.1352 -1.0095 -0.9005
 -0.8091 -0.7367 -0.6797 -0.6323 -0.5901 -0.4994 -0.4224 -0.3579 -0.3105 -0.2833
 -0.2749 -0.2806 -0.2957 -0.3175 -0.3441 -0.3743 -0.4076 -0.4456 -0.4897 -0.5397
 -0.5906
 -2.3503 -1.9824 -1.6965 -1.4845 -1.3273 -1.2202 -1.1609 -1.1132 -1.0264 -0.9193
 -0.8215 -0.7394 -0.6740 -0.6226 -0.5796 -0.4908 -0.4176 -0.3567 -0.3111 -0.2841
 -0.2753 -0.2808 -0.2961 -0.3182 -0.3450 -0.3754 -0.4089 -0.4457 -0.4864 -0.5322
 -0.5837
 -2.5821 -2.1418 -1.7993 -1.5449 -1.3528 -1.2064 -1.0968 -1.0189 -0.9629 -0.9076
 -0.8357 -0.7536 -0.6792 -0.6189 -0.5716 -0.4817 -0.4110 -0.3533 -0.3100 -0.2835
 -0.2741 -0.2790 -0.2943 -0.3166 -0.3440 -0.3750 -0.4091 -0.4458 -0.4856 -0.5289
 -0.5763
 -2.8842 -2.3530 -1.9428 -1.6416 -1.4130 -1.2383 -1.1025 -0.9959 -0.9129 -0.8471
 -0.7919 -0.7391 -0.6826 -0.6221 -0.5676 -0.4724 -0.4024 -0.3471 -0.3060 -0.2804
 -0.2707 -0.2750 -0.2901 -0.3127 -0.3408 -0.3728 -0.4081 -0.4458 -0.4859 -0.5286
 -0.5742
 -3.2567 -2.6160 -2.1197 -1.7752 -1.5045 -1.2980 -1.1384 -1.0125 -0.9113 -0.8288
 -0.7606 -0.7028 -0.6522 -0.6053 -0.5676 -0.4629 -0.3918 -0.3381 -0.2991
 [Fe/H] =  1.00 [alpha/Fe] =-0.40 BC value = F070W
 -2.1850 -1.9743 -1.7814 -1.6047 -1.4281 -1.2771 -1.1539 -1.0525 -0.9680 -0.8962
 -0.8333 -0.7764 -0.7228 -0.6701 -0.6176 -0.5007 -0.4008 -0.3208 -0.2650
 -2.2939 -2.0162 -1.7907 -1.6123 -1.4355 -1.2850 -1.1658 -1.0671 -0.9822 -0.9066
 -0.8379 -0.7745 -0.7159 -0.6613 -0.6101 -0.4957 -0.3997 -0.3227 -0.2684 -0.2362
 -2.3844 -2.0836 -1.8335 -1.6292 -1.4556 -1.2907 -1.1598 -1.0557 -0.9683 -0.8936
 -0.8264 -0.7649 -0.7082 -0.6555 -0.6062 -0.4950 -0.4008 -0.3257 -0.2724 -0.2416
 -0.2316
 -2.3787 -2.1496 -1.8911 -1.6641 -1.4785 -1.3116 -1.1646 -1.0502 -0.9597 -0.8822
 -0.8160 -0.7561 -0.7013 -0.6506 -0.6031 -0.4961 -0.4041 -0.3298 -0.2770 -0.2467
 -0.2366 -0.2421
 -2.1757 -2.1332 -1.9404 -1.7120 -1.5074 -1.3384 -1.1832 -1.0548 -0.9544 -0.8733
 -0.8061 -0.7473 -0.6939 -0.6450 -0.5995 -0.4971 -0.4082 -0.3350 -0.2822 -0.2515
 -0.2410 -0.2458 -0.2615 -0.2854
 -2.0270 -1.9129 -1.9018 -1.7475 -1.5476 -1.3643 -1.2102 -1.0709 -0.9585 -0.8697
 -0.7975 -0.7382 -0.6856 -0.6381 -0.5943 -0.4967 -0.4117 -0.3403 -0.2875 -0.2562
 -0.2450 -0.2491 -0.2639 -0.2864 -0.3146 -0.3490 -0.3903 -0.4371 -0.4845 -0.5344
 -2.0674 -1.8167 -1.6841 -1.6769 -1.5696 -1.3989 -1.2362 -1.0965 -0.9736 -0.8728
 -0.7938 -0.7297 -0.6767 -0.6299 -0.5872 -0.4941 -0.4135 -0.3447 -0.2925 -0.2604
 -0.2483 -0.2518 -0.2659 -0.2876 -0.3149 -0.3466 -0.3833 -0.4264 -0.4752 -0.5245
 -0.5758
 -2.1832 -1.8614 -1.6361 -1.4938 -1.4555 -1.4023 -1.2650 -1.1227 -0.9969 -0.8877
 -0.7970 -0.7254 -0.6682 -0.6208 -0.5787 -0.4888 -0.4126 -0.3474 -0.2964 -0.2639
 -0.2508 -0.2536 -0.2673 -0.2885 -0.3151 -0.3458 -0.3803 -0.4192 -0.4643 -0.5151
 -0.5665
 -2.3382 -1.9674 -1.6839 -1.4790 -1.3365 -1.2620 -1.2257 -1.1389 -1.0191 -0.9063
 -0.8079 -0.7273 -0.6624 -0.6111 -0.5683 -0.4801 -0.4077 -0.3463 -0.2975 -0.2655
 -0.2518 -0.2540 -0.2676 -0.2887 -0.3151 -0.3455 -0.3794 -0.4167 -0.4582 -0.5054
 -0.5584
 -2.6024 -2.1399 -1.7872 -1.5334 -1.3459 -1.2078 -1.1145 -1.0587 -1.0064 -0.9250
 -0.8293 -0.7414 -0.6671 -0.6072 -0.5602 -0.4709 -0.4010 -0.3430 -0.2969 -0.2657
 -0.2514 -0.2527 -0.2658 -0.2869 -0.3135 -0.3441 -0.3781 -0.4150 -0.4551 -0.4994
 -0.5484
 -2.9532 -2.3789 -1.9433 -1.6326 -1.4034 -1.2312 -1.1000 -1.0016 -0.9304 -0.8752
 -0.8193 -0.7531 -0.6798 -0.6123 -0.5569 -0.4615 -0.3922 -0.3367 -0.2932 -0.2633
 -0.2489 -0.2494 -0.2620 -0.2831 -0.3101 -0.3412 -0.3759 -0.4133 -0.4534 -0.4967
 -0.5434
 -3.3905 -2.6844 -2.1522 -1.7760 -1.4990 -1.2906 -1.1319 -1.0082 -0.9112 -0.8349
 -0.7732 -0.7197 -0.6679 -0.6146 -0.5584 -0.4519 -0.3813 -0.3274 -0.2864
