 [Fe/H] = -2.50 [alpha/Fe] = 0.00 BC value =  G   
 -1.6661 -1.6016 -1.5330 -1.4672 -1.4106 -1.3712 -1.4125 -1.3806 -1.3376 -1.2767
 -1.2002 -1.1334 -1.0413 -0.9469 -0.8550 -0.6662 -0.5267 -0.4304 -0.3581
 -1.6106 -1.4899 -1.4083 -1.3619 -1.3424 -1.3219 -1.2911 -1.2541 -1.2136 -1.1688
 -1.1120 -1.0398 -0.9570 -0.8742 -0.7968 -0.6337 -0.5112 -0.4241 -0.3632 -0.3201
 -1.5427 -1.4367 -1.3445 -1.2695 -1.2153 -1.1851 -1.1737 -1.1579 -1.1260 -1.0803
 -1.0310 -0.9750 -0.9060 -0.8317 -0.7610 -0.6126 -0.5032 -0.4257 -0.3715 -0.3327
 -0.3039
 -1.4803 -1.3882 -1.3028 -1.2259 -1.1600 -1.1077 -1.0697 -1.0455 -1.0283 -1.0022
 -0.9612 -0.9150 -0.8607 -0.7972 -0.7332 -0.5965 -0.4970 -0.4284 -0.3805 -0.3458
 -0.3197 -0.2995
 -1.4005 -1.3272 -1.2561 -1.1874 -1.1226 -1.0646 -1.0157 -0.9760 -0.9438 -0.9166
 -0.8880 -0.8523 -0.8120 -0.7627 -0.7086 -0.5836 -0.4913 -0.4298 -0.3885 -0.3585
 -0.3356 -0.3176 -0.3030 -0.2903
 -1.3035 -1.2492 -1.1953 -1.1401 -1.0838 -1.0286 -0.9774 -0.9323 -0.8933 -0.8584
 -0.8254 -0.7924 -0.7594 -0.7215 -0.6787 -0.5712 -0.4850 -0.4281 -0.3930 -0.3686
 -0.3499 -0.3351 -0.3230 -0.3129 -0.3033 -0.2956 -0.2917 -0.2928 -0.3002 -0.3144
 -1.1970 -1.1567 -1.1190 -1.0789 -1.0352 -0.9886 -0.9412 -0.8959 -0.8549 -0.8180
 -0.7832 -0.7491 -0.7156 -0.6822 -0.6463 -0.5555 -0.4773 -0.4233 -0.3922 -0.3737
 -0.3606 -0.3501 -0.3415 -0.3343 -0.3278 -0.3211 -0.3160 -0.3148 -0.3192 -0.3306
 -0.3496
 -1.0829 -1.0561 -1.0307 -1.0038 -0.9735 -0.9386 -0.8995 -0.8588 -0.8194 -0.7825
 -0.7484 -0.7157 -0.6833 -0.6512 -0.6183 -0.5377 -0.4677 -0.4161 -0.3866 -0.3723
 -0.3650 -0.3603 -0.3565 -0.3533 -0.3502 -0.3471 -0.3431 -0.3405 -0.3421 -0.3501
 -0.3659
 -0.9698 -0.9529 -0.9359 -0.9188 -0.8996 -0.8760 -0.8476 -0.8150 -0.7806 -0.7463
 -0.7139 -0.6832 -0.6536 -0.6242 -0.5941 -0.5198 -0.4559 -0.4077 -0.3783 -0.3655
 -0.3625 -0.3636 -0.3659 -0.3679 -0.3695 -0.3702 -0.3707 -0.3724 -0.3756 -0.3800
 -0.3856
 -0.8576 -0.8471 -0.8399 -0.8294 -0.8178 -0.8038 -0.7857 -0.7628 -0.7363 -0.7076
 -0.6785 -0.6505 -0.6237 -0.5977 -0.5716 -0.5045 -0.4449 -0.3992 -0.3699 -0.3564
 -0.3547 -0.3598 -0.3676 -0.3758 -0.3831 -0.3890 -0.3938 -0.3978 -0.4057 -0.4095
 -0.4110
 -0.7463 -0.7387 -0.7427 -0.7402 -0.7327 -0.7248 -0.7147 -0.7010 -0.6834 -0.6624
 -0.6391 -0.6150 -0.5915 -0.5689 -0.5466 -0.4893 -0.4338 -0.3905 -0.3618 -0.3473
 -0.3449 -0.3511 -0.3624 -0.3759 -0.3893 -0.4012 -0.4117 -0.4205 -0.4281 -0.4352
 -0.4428
 -0.6359 -0.6277 -0.6443 -0.6521 -0.6481 -0.6439 -0.6388 -0.6318 -0.6221 -0.6093
 -0.5934 -0.5754 -0.5563 -0.5373 -0.5191 -0.4742 -0.4226 -0.3816 -0.3540
 [Fe/H] = -2.00 [alpha/Fe] = 0.00 BC value =  G   
 -1.7587 -1.6833 -1.6145 -1.5522 -1.4951 -1.4448 -1.4222 -1.3744 -1.3177 -1.2501
 -1.1711 -1.0901 -0.9987 -0.9102 -0.8269 -0.6520 -0.5190 -0.4227 -0.3536
 -1.6567 -1.5581 -1.4941 -1.4363 -1.3811 -1.3330 -1.2911 -1.2511 -1.2078 -1.1570
 -1.0958 -1.0225 -0.9409 -0.8601 -0.7847 -0.6260 -0.5062 -0.4196 -0.3585 -0.3141
 -1.6143 -1.4849 -1.3799 -1.3043 -1.2632 -1.2382 -1.2059 -1.1656 -1.1229 -1.0792
 -1.0307 -0.9729 -0.9030 -0.8286 -0.7578 -0.6095 -0.4994 -0.4207 -0.3658 -0.3265
 -0.2974
 -1.5894 -1.4601 -1.3468 -1.2524 -1.1791 -1.1275 -1.0998 -1.0861 -1.0628 -1.0234
 -0.9770 -0.9278 -0.8711 -0.8052 -0.7401 -0.5988 -0.4956 -0.4231 -0.3737 -0.3385
 -0.3122 -0.2918
 -1.5555 -1.4371 -1.3293 -1.2341 -1.1529 -1.0865 -1.0349 -0.9972 -0.9741 -0.9564
 -0.9271 -0.8870 -0.8396 -0.7842 -0.7245 -0.5915 -0.4930 -0.4251 -0.3806 -0.3499
 -0.3268 -0.3088 -0.2945 -0.2830
 -1.5028 -1.4007 -1.3052 -1.2177 -1.1385 -1.0684 -1.0083 -0.9585 -0.9177 -0.8849
 -0.8587 -0.8317 -0.7988 -0.7571 -0.7078 -0.5849 -0.4902 -0.4252 -0.3846 -0.3588
 -0.3400 -0.3253 -0.3134 -0.3038 -0.2958 -0.2898 -0.2865 -0.2870 -0.2944 -0.3088
 -1.4305 -1.3461 -1.2661 -1.1907 -1.1195 -1.0527 -0.9912 -0.9365 -0.8890 -0.8476
 -0.8107 -0.7777 -0.7480 -0.7167 -0.6793 -0.5760 -0.4859 -0.4227 -0.3845 -0.3632
 -0.3496 -0.3394 -0.3311 -0.3243 -0.3184 -0.3136 -0.3104 -0.3096 -0.3130 -0.3247
 -0.3439
 -1.3433 -1.2751 -1.2106 -1.1487 -1.0886 -1.0297 -0.9725 -0.9179 -0.8678 -0.8230
 -0.7823 -0.7448 -0.7106 -0.6781 -0.6456 -0.5593 -0.4789 -0.4177 -0.3804 -0.3620
 -0.3536 -0.3489 -0.3454 -0.3426 -0.3400 -0.3376 -0.3359 -0.3354 -0.3368 -0.3439
 -0.3601
 -1.2469 -1.1921 -1.1406 -1.0913 -1.0430 -0.9942 -0.9445 -0.8945 -0.8461 -0.8005
 -0.7587 -0.7203 -0.6843 -0.6504 -0.6175 -0.5384 -0.4671 -0.4101 -0.3733 -0.3558
 -0.3511 -0.3519 -0.3542 -0.3566 -0.3586 -0.3600 -0.3612 -0.3625 -0.3649 -0.3696
 -0.3796
 -1.1495 -1.1048 -1.0633 -1.0242 -0.9861 -0.9472 -0.9065 -0.8639 -0.8203 -0.7772
 -0.7360 -0.6979 -0.6626 -0.6293 -0.5971 -0.5208 -0.4544 -0.4016 -0.3655 -0.3473
 -0.3435 -0.3480 -0.3558 -0.3641 -0.3717 -0.3782 -0.3838 -0.3886 -0.3931 -0.3985
 -0.4047
 -1.0552 -1.0175 -0.9824 -0.9507 -0.9204 -0.8900 -0.8578 -0.8232 -0.7866 -0.7486
 -0.7105 -0.6739 -0.6396 -0.6078 -0.5776 -0.5058 -0.4422 -0.3924 -0.3575 -0.3384
 -0.3339 -0.3393 -0.3506 -0.3642 -0.3778 -0.3902 -0.4012 -0.4108 -0.4193 -0.4273
 -0.4358
 -0.9671 -0.9336 -0.9031 -0.8753 -0.8500 -0.8258 -0.8005 -0.7732 -0.7438 -0.7124
 -0.6795 -0.6465 -0.6156 -0.5846 -0.5590 -0.4934 -0.4305 -0.3825 -0.3493
 [Fe/H] = -1.50 [alpha/Fe] = 0.00 BC value =  G   
 -1.9795 -1.8940 -1.8203 -1.7534 -1.6882 -1.6182 -1.5380 -1.4455 -1.3483 -1.2512
 -1.1544 -1.0584 -0.9651 -0.8795 -0.8016 -0.6372 -0.5099 -0.4144 -0.3463
 -1.8730 -1.7733 -1.6870 -1.6107 -1.5406 -1.4731 -1.4038 -1.3289 -1.2515 -1.1735
 -1.0936 -1.0105 -0.9258 -0.8452 -0.7712 -0.6166 -0.4994 -0.4131 -0.3513 -0.3070
 -1.7670 -1.6542 -1.5743 -1.5039 -1.4336 -1.3666 -1.3023 -1.2379 -1.1734 -1.1090
 -1.0435 -0.9737 -0.8985 -0.8229 -0.7522 -0.6044 -0.4941 -0.4139 -0.3574 -0.3172
 -0.2877
 -1.7335 -1.5891 -1.4683 -1.3737 -1.3079 -1.2663 -1.2235 -1.1709 -1.1133 -1.0556
 -0.9985 -0.9403 -0.8766 -0.8077 -0.7405 -0.5980 -0.4923 -0.4164 -0.3639 -0.3275
 -0.3008 -0.2804
 -1.7218 -1.5709 -1.4361 -1.3216 -1.2280 -1.1572 -1.1093 -1.0780 -1.0523 -1.0131
 -0.9627 -0.9092 -0.8543 -0.7946 -0.7321 -0.5947 -0.4921 -0.4193 -0.3699 -0.3369
 -0.3136 -0.2958 -0.2818 -0.2710
 -1.7072 -1.5609 -1.4259 -1.3068 -1.2052 -1.1211 -1.0531 -0.9995 -0.9603 -0.9355
 -0.9116 -0.8764 -0.8308 -0.7790 -0.7232 -0.5920 -0.4919 -0.4210 -0.3740 -0.3444
 -0.3249 -0.3105 -0.2992 -0.2902 -0.2832 -0.2779 -0.2756 -0.2778 -0.2857 -0.3000
 -1.6761 -1.5423 -1.4150 -1.2996 -1.1980 -1.1099 -1.0348 -0.9717 -0.9192 -0.8759
 -0.8419 -0.8158 -0.7883 -0.7527 -0.7086 -0.5883 -0.4904 -0.4209 -0.3754 -0.3485
 -0.3331 -0.3230 -0.3153 -0.3092 -0.3043 -0.3005 -0.2987 -0.2992 -0.3037 -0.3157
 -0.3350
 -1.6234 -1.5061 -1.3921 -1.2859 -1.1899 -1.1041 -1.0281 -0.9608 -0.9021 -0.8513
 -0.8068 -0.7683 -0.7364 -0.7080 -0.6766 -0.5802 -0.4872 -0.4186 -0.3737 -0.3484
 -0.3366 -0.3313 -0.3282 -0.3261 -0.3245 -0.3232 -0.3229 -0.3237 -0.3264 -0.3345
 -0.3511
 -1.5507 -1.4503 -1.3515 -1.2578 -1.1711 -1.0918 -1.0193 -0.9527 -0.8921 -0.8375
 -0.7885 -0.7446 -0.7052 -0.6706 -0.6394 -0.5601 -0.4797 -0.4134 -0.3689 -0.3441
 -0.3346 -0.3338 -0.3361 -0.3391 -0.3419 -0.3444 -0.3469 -0.3496 -0.3534 -0.3603
 -0.3704
 -1.4685 -1.3830 -1.2985 -1.2176 -1.1415 -1.0707 -1.0044 -0.9420 -0.8831 -0.8281
 -0.7772 -0.7308 -0.6885 -0.6501 -0.6151 -0.5379 -0.4672 -0.4066 -0.3628 -0.3374
 -0.3283 -0.3302 -0.3373 -0.3460 -0.3543 -0.3617 -0.3684 -0.3745 -0.3805 -0.3872
 -0.3948
 -1.3842 -1.3092 -1.2359 -1.1661 -1.1005 -1.0386 -0.9797 -0.9231 -0.8685 -0.8160
 -0.7660 -0.7192 -0.6758 -0.6361 -0.5996 -0.5199 -0.4529 -0.3972 -0.3554 -0.3296
 -0.3196 -0.3220 -0.3322 -0.3457 -0.3598 -0.3729 -0.3850 -0.3958 -0.4056 -0.4150
 -0.4248
 -1.3026 -1.2346 -1.1698 -1.1082 -1.0509 -0.9972 -0.9456 -0.8954 -0.8462 -0.7980
 -0.7509 -0.7057 -0.6615 -0.6214 -0.5929 -0.5061 -0.4368 -0.3852 -0.3467
 [Fe/H] = -1.00 [alpha/Fe] = 0.00 BC value =  G   
 -2.3284 -2.2338 -2.1504 -2.0707 -1.9896 -1.8913 -1.7599 -1.5939 -1.4294 -1.2800
 -1.1501 -1.0383 -0.9404 -0.8548 -0.7790 -0.6217 -0.4995 -0.4056 -0.3362
 -2.1845 -2.0792 -1.9891 -1.9069 -1.8257 -1.7362 -1.6225 -1.4865 -1.3499 -1.2221
 -1.1065 -1.0033 -0.9114 -0.8293 -0.7560 -0.6047 -0.4898 -0.4036 -0.3406 -0.2952
 -2.0790 -1.9652 -1.8669 -1.7789 -1.6954 -1.6107 -1.5140 -1.4014 -1.2864 -1.1763
 -1.0741 -0.9800 -0.8933 -0.8143 -0.7429 -0.5957 -0.4855 -0.4041 -0.3453 -0.3034
 -0.2732
 -1.9565 -1.8386 -1.7502 -1.6707 -1.5900 -1.5080 -1.4222 -1.3277 -1.2300 -1.1348
 -1.0449 -0.9606 -0.8807 -0.8055 -0.7362 -0.5920 -0.4846 -0.4063 -0.3505 -0.3115
 -0.2840 -0.2636
 -1.9064 -1.7508 -1.6245 -1.5245 -1.4484 -1.3902 -1.3314 -1.2594 -1.1784 -1.0958
 -1.0159 -0.9404 -0.8685 -0.7988 -0.7323 -0.5911 -0.4855 -0.4091 -0.3555 -0.3189
 -0.2942 -0.2764 -0.2630 -0.2531
 -1.8931 -1.7286 -1.5814 -1.4546 -1.3492 -1.2633 -1.1947 -1.1414 -1.0979 -1.0476
 -0.9860 -0.9195 -0.8541 -0.7908 -0.7286 -0.5910 -0.4867 -0.4115 -0.3595 -0.3250
 -0.3029 -0.2883 -0.2776 -0.2697 -0.2641 -0.2609 -0.2604 -0.2642 -0.2732 -0.2875
 -1.8895 -1.7233 -1.5689 -1.4305 -1.3110 -1.2101 -1.1257 -1.0549 -0.9966 -0.9521
 -0.9180 -0.8810 -0.8338 -0.7791 -0.7226 -0.5906 -0.4875 -0.4129 -0.3619 -0.3290
 -0.3094 -0.2981 -0.2910 -0.2860 -0.2826 -0.2807 -0.2808 -0.2835 -0.2899 -0.3026
 -0.3216
 -1.8771 -1.7186 -1.5661 -1.4250 -1.2995 -1.1914 -1.0992 -1.0209 -0.9539 -0.8968
 -0.8492 -0.8118 -0.7813 -0.7478 -0.7071 -0.5886 -0.4871 -0.4129 -0.3621 -0.3303
 -0.3126 -0.3047 -0.3016 -0.3006 -0.3005 -0.3011 -0.3028 -0.3059 -0.3113 -0.3206
 -0.3375
 -1.8441 -1.6989 -1.5557 -1.4194 -1.2949 -1.1852 -1.0899 -1.0072 -0.9357 -0.8734
 -0.8189 -0.7715 -0.7313 -0.6981 -0.6678 -0.5791 -0.4841 -0.4103 -0.3597 -0.3281
 -0.3118 -0.3067 -0.3079 -0.3116 -0.3158 -0.3201 -0.3247 -0.3297 -0.3358 -0.3447
 -0.3565
 -1.7935 -1.6642 -1.5333 -1.4075 -1.2894 -1.1822 -1.0877 -1.0043 -0.9307 -0.8654
 -0.8071 -0.7552 -0.7090 -0.6683 -0.6330 -0.5567 -0.4780 -0.4071 -0.3561 -0.3240
 -0.3078 -0.3042 -0.3088 -0.3173 -0.3267 -0.3357 -0.3444 -0.3525 -0.3608 -0.3699
 -0.3809
 -1.7313 -1.6150 -1.4970 -1.3827 -1.2738 -1.1735 -1.0829 -1.0017 -0.9288 -0.8628
 -0.8028 -0.7483 -0.6990 -0.6545 -0.6147 -0.5332 -0.4641 -0.4009 -0.3510 -0.3182
 -0.3013 -0.2979 -0.3045 -0.3170 -0.3314 -0.3458 -0.3595 -0.3722 -0.3841 -0.3957
 -0.4078
 -1.6645 -1.5587 -1.4523 -1.3480 -1.2487 -1.1565 -1.0718 -0.9946 -0.9242 -0.8597
 -0.8001 -0.7450 -0.6941 -0.6476 -0.6129 -0.5086 -0.4424 -0.3917 -0.3444
 [Fe/H] = -0.75 [alpha/Fe] = 0.00 BC value =  G   
 -2.5509 -2.4521 -2.3621 -2.2729 -2.1810 -2.0653 -1.9036 -1.6939 -1.4868 -1.3049
 -1.1545 -1.0326 -0.9314 -0.8447 -0.7687 -0.6137 -0.4938 -0.4010 -0.3301
 -2.3817 -2.2731 -2.1792 -2.0920 -2.0041 -1.9032 -1.7653 -1.5928 -1.4177 -1.2580
 -1.1199 -1.0041 -0.9066 -0.8227 -0.7490 -0.5986 -0.4845 -0.3986 -0.3347 -0.2883
 -2.2596 -2.1399 -2.0379 -1.9468 -1.8602 -1.7692 -1.6546 -1.5124 -1.3642 -1.2236
 -1.0973 -0.9875 -0.8929 -0.8108 -0.7384 -0.5909 -0.4806 -0.3987 -0.3389 -0.2957
 -0.2648
 -2.1390 -2.0270 -1.9246 -1.8307 -1.7421 -1.6541 -1.5571 -1.4399 -1.3145 -1.1919
 -1.0780 -0.9757 -0.8851 -0.8050 -0.7337 -0.5882 -0.4800 -0.4006 -0.3436 -0.3030
 -0.2744 -0.2537
 -2.0508 -1.9091 -1.7769 -1.6947 -1.6248 -1.5507 -1.4666 -1.3701 -1.2646 -1.1584
 -1.0571 -0.9636 -0.8786 -0.8015 -0.7319 -0.5882 -0.4812 -0.4033 -0.3482 -0.3097
 -0.2834 -0.2651 -0.2517 -0.2420
 -2.0008 -1.8255 -1.6844 -1.5675 -1.4722 -1.3957 -1.3342 -1.2741 -1.2024 -1.1192
 -1.0324 -0.9484 -0.8700 -0.7976 -0.7306 -0.5892 -0.4829 -0.4059 -0.3520 -0.3153
 -0.2912 -0.2755 -0.2647 -0.2571 -0.2521 -0.2495 -0.2501 -0.2551 -0.2649 -0.2795
 -1.9820 -1.8087 -1.6523 -1.5147 -1.3973 -1.2984 -1.2144 -1.1420 -1.0814 -1.0315
 -0.9817 -0.9229 -0.8570 -0.7909 -0.7279 -0.5901 -0.4845 -0.4077 -0.3545 -0.3191
 -0.2969 -0.2840 -0.2764 -0.2718 -0.2690 -0.2681 -0.2693 -0.2731 -0.2806 -0.2940
 -0.3128
 -1.9813 -1.8084 -1.6466 -1.4990 -1.3684 -1.2563 -1.1607 -1.0783 -1.0063 -0.9442
 -0.8935 -0.8535 -0.8157 -0.7713 -0.7198 -0.5899 -0.4853 -0.4085 -0.3553 -0.3206
 -0.3000 -0.2896 -0.2857 -0.2848 -0.2853 -0.2868 -0.2896 -0.2941 -0.3007 -0.3113
 -0.3285
 -1.9692 -1.8038 -1.6455 -1.4960 -1.3600 -1.2406 -1.1376 -1.0490 -0.9723 -0.9052
 -0.8464 -0.7961 -0.7547 -0.7205 -0.6869 -0.5853 -0.4838 -0.4072 -0.3538 -0.3193
 -0.2998 -0.2916 -0.2911 -0.2945 -0.2993 -0.3044 -0.3102 -0.3164 -0.3238 -0.3335
 -0.3470
 -1.9403 -1.7892 -1.6390 -1.4951 -1.3603 -1.2388 -1.1327 -1.0402 -0.9599 -0.8896
 -0.8275 -0.7725 -0.7240 -0.6821 -0.6465 -0.5671 -0.4812 -0.4054 -0.3515 -0.3164
 -0.2969 -0.2899 -0.2921 -0.2996 -0.3091 -0.3188 -0.3285 -0.3379 -0.3475 -0.3580
 -0.3703
 -1.8956 -1.7575 -1.6203 -1.4848 -1.3566 -1.2383 -1.1325 -1.0392 -0.9574 -0.8850
 -0.8205 -0.7628 -0.7110 -0.6648 -0.6237 -0.5416 -0.4697 -0.4017 -0.3478 -0.3119
 -0.2918 -0.2850 -0.2887 -0.2994 -0.3134 -0.3281 -0.3426 -0.3563 -0.3694 -0.3825
 -0.3960
 -1.8418 -1.7163 -1.5898 -1.4641 -1.3443 -1.2324 -1.1305 -1.0389 -0.9575 -0.8849
 -0.8195 -0.7602 -0.7063 -0.6575 -0.6185 -0.5088 -0.4493 -0.3961 -0.3427
 [Fe/H] = -0.50 [alpha/Fe] = 0.00 BC value =  G   
 -2.7936 -2.6965 -2.6037 -2.5064 -2.4004 -2.2608 -2.0620 -1.8032 -1.5505 -1.3351
 -1.1651 -1.0314 -0.9247 -0.8361 -0.7600 -0.6057 -0.4877 -0.3957 -0.3248
 -2.5985 -2.4911 -2.3955 -2.3037 -2.2070 -2.0905 -1.9252 -1.7121 -1.4944 -1.2998
 -1.1383 -1.0088 -0.9041 -0.8173 -0.7426 -0.5923 -0.4788 -0.3927 -0.3283 -0.2809
 -2.4538 -2.3330 -2.2295 -2.1363 -2.0458 -1.9464 -1.8131 -1.6386 -1.4528 -1.2777
 -1.1254 -0.9988 -0.8949 -0.8084 -0.7343 -0.5858 -0.4750 -0.3926 -0.3319 -0.2876
 -0.2556
 -2.3399 -2.2115 -2.0998 -2.0010 -1.9095 -1.8181 -1.7105 -1.5691 -1.4122 -1.2576
 -1.1167 -0.9948 -0.8920 -0.8056 -0.7315 -0.5839 -0.4746 -0.3941 -0.3360 -0.2940
 -0.2641 -0.2428
 -2.1855 -2.0667 -1.9710 -1.8822 -1.7944 -1.7060 -1.6121 -1.4980 -1.3672 -1.2331
 -1.1059 -0.9912 -0.8914 -0.8056 -0.7318 -0.5847 -0.4761 -0.3966 -0.3401 -0.2999
 -0.2720 -0.2527 -0.2391 -0.2296
 -2.1000 -1.9431 -1.8161 -1.7162 -1.6384 -1.5729 -1.5039 -1.4177 -1.3135 -1.2008
 -1.0890 -0.9843 -0.8896 -0.8062 -0.7331 -0.5867 -0.4783 -0.3993 -0.3436 -0.3050
 -0.2787 -0.2616 -0.2503 -0.2428 -0.2383 -0.2368 -0.2386 -0.2443 -0.2550 -0.2701
 -2.0740 -1.8991 -1.7468 -1.6175 -1.5101 -1.4205 -1.3437 -1.2751 -1.2088 -1.1374
 -1.0560 -0.9689 -0.8838 -0.8048 -0.7338 -0.5887 -0.4806 -0.4015 -0.3462 -0.3085
 -0.2839 -0.2689 -0.2604 -0.2557 -0.2534 -0.2533 -0.2556 -0.2607 -0.2695 -0.2837
 -0.3028
 -2.0725 -1.8909 -1.7260 -1.5789 -1.4515 -1.3427 -1.2490 -1.1655 -1.0893 -1.0221
 -0.9654 -0.9139 -0.8583 -0.7959 -0.7317 -0.5901 -0.4823 -0.4031 -0.3474 -0.3102
 -0.2869 -0.2739 -0.2683 -0.2669 -0.2678 -0.2703 -0.2743 -0.2800 -0.2879 -0.3000
 -0.3179
 -2.0746 -1.8931 -1.7250 -1.5697 -1.4299 -1.3077 -1.2022 -1.1105 -1.0292 -0.9560
 -0.8910 -0.8362 -0.7915 -0.7517 -0.7094 -0.5888 -0.4821 -0.4027 -0.3467 -0.3096
 -0.2872 -0.2760 -0.2731 -0.2754 -0.2803 -0.2862 -0.2930 -0.3006 -0.3095 -0.3207
 -0.3356
 -2.0675 -1.8958 -1.7299 -1.5741 -1.4293 -1.2994 -1.1858 -1.0874 -1.0018 -0.9263
 -0.8590 -0.7992 -0.7471 -0.7031 -0.6659 -0.5777 -0.4818 -0.4024 -0.3456 -0.3078
 -0.2853 -0.2751 -0.2743 -0.2800 -0.2890 -0.2991 -0.3097 -0.3203 -0.3314 -0.3435
 -0.3575
 -2.0446 -1.8838 -1.7286 -1.5763 -1.4334 -1.3017 -1.1841 -1.0813 -0.9920 -0.9138
 -0.8447 -0.7831 -0.7280 -0.6792 -0.6364 -0.5518 -0.4747 -0.4006 -0.3433 -0.3045
 -0.2815 -0.2715 -0.2719 -0.2801 -0.2929 -0.3074 -0.3225 -0.3373 -0.3517 -0.3663
 -0.3815
 -2.0079 -1.8598 -1.7139 -1.5713 -1.4331 -1.3046 -1.1875 -1.0833 -0.9919 -0.9116
 -0.8407 -0.7774 -0.7205 -0.6693 -0.6209 -0.5111 -0.4608 -0.3973 -0.3398
 [Fe/H] = -0.25 [alpha/Fe] = 0.00 BC value =  G   
 -3.0376 -2.9518 -2.8652 -2.7670 -2.6483 -2.4811 -2.2374 -1.9219 -1.6252 -1.3796
 -1.1882 -1.0412 -0.9265 -0.8340 -0.7558 -0.6008 -0.4835 -0.3920 -0.3209
 -2.8226 -2.7243 -2.6339 -2.5419 -2.4374 -2.3025 -2.1046 -1.8451 -1.5827 -1.3534
 -1.1685 -1.0236 -0.9098 -0.8181 -0.7411 -0.5892 -0.4753 -0.3887 -0.3235 -0.2746
 -2.6549 -2.5408 -2.4415 -2.3495 -2.2558 -2.1461 -1.9912 -1.7809 -1.5540 -1.3428
 -1.1640 -1.0197 -0.9048 -0.8121 -0.7349 -0.5838 -0.4719 -0.3884 -0.3266 -0.2810
 -0.2477
 -2.5278 -2.3987 -2.2874 -2.1892 -2.0972 -2.0021 -1.8828 -1.7156 -1.5241 -1.3346
 -1.1652 -1.0228 -0.9067 -0.8123 -0.7341 -0.5828 -0.4717 -0.3897 -0.3302 -0.2869
 -0.2555 -0.2331
 -2.3940 -2.2733 -2.1612 -2.0588 -1.9640 -1.8724 -1.7740 -1.6441 -1.4860 -1.3207
 -1.1648 -1.0276 -0.9118 -0.8160 -0.7365 -0.5843 -0.4734 -0.3921 -0.3339 -0.2923
 -0.2626 -0.2419 -0.2275 -0.2174
 -2.2326 -2.0952 -1.9905 -1.9081 -1.8327 -1.7534 -1.6665 -1.5639 -1.4367 -1.2965
 -1.1575 -1.0293 -0.9168 -0.8211 -0.7405 -0.5870 -0.4761 -0.3949 -0.3373 -0.2969
 -0.2688 -0.2499 -0.2374 -0.2294 -0.2246 -0.2233 -0.2257 -0.2322 -0.2434 -0.2589
 -2.1706 -2.0012 -1.8598 -1.7458 -1.6548 -1.5809 -1.5164 -1.4473 -1.3599 -1.2535
 -1.1379 -1.0240 -0.9186 -0.8254 -0.7447 -0.5900 -0.4790 -0.3976 -0.3400 -0.3005
 -0.2737 -0.2565 -0.2463 -0.2406 -0.2381 -0.2382 -0.2410 -0.2469 -0.2567 -0.2715
 -0.2908
 -2.1560 -1.9719 -1.8095 -1.6695 -1.5520 -1.4533 -1.3681 -1.2900 -1.2146 -1.1420
 -1.0694 -0.9917 -0.9084 -0.8251 -0.7478 -0.5930 -0.4816 -0.3999 -0.3419 -0.3025
 -0.2769 -0.2613 -0.2533 -0.2505 -0.2508 -0.2533 -0.2579 -0.2644 -0.2736 -0.2866
 -0.3051
 -2.1595 -1.9703 -1.7978 -1.6427 -1.5063 -1.3886 -1.2872 -1.1972 -1.1136 -1.0348
 -0.9635 -0.9023 -0.8486 -0.7954 -0.7378 -0.5940 -0.4823 -0.4003 -0.3420 -0.3024
 -0.2775 -0.2636 -0.2578 -0.2580 -0.2618 -0.2675 -0.2747 -0.2832 -0.2933 -0.3056
 -0.3218
 -2.1698 -1.9814 -1.8060 -1.6441 -1.4964 -1.3653 -1.2509 -1.1512 -1.0628 -0.9823
 -0.9085 -0.8423 -0.7853 -0.7374 -0.6956 -0.5902 -0.4836 -0.4010 -0.3418 -0.3015
 -0.2766 -0.2635 -0.2596 -0.2623 -0.2695 -0.2790 -0.2897 -0.3012 -0.3133 -0.3267
 -0.3421
 -2.1693 -1.9883 -1.8167 -1.6537 -1.5023 -1.3637 -1.2404 -1.1326 -1.0386 -0.9557
 -0.8815 -0.8146 -0.7547 -0.7021 -0.6569 -0.5665 -0.4808 -0.4006 -0.3406 -0.2993
 -0.2737 -0.2609 -0.2581 -0.2629 -0.2731 -0.2864 -0.3012 -0.3164 -0.3319 -0.3477
 -0.3643
 -2.1541 -1.9841 -1.8196 -1.6621 -1.5110 -1.3711 -1.2437 -1.1306 -1.0317 -0.9455
 -0.8695 -0.8018 -0.7411 -0.6867 -0.6217 -0.5229 -0.4739 -0.3991 -0.3384
 [Fe/H] =  0.00 [alpha/Fe] = 0.00 BC value =  G   
 -3.2530 -3.1862 -3.1153 -3.0266 -2.8987 -2.6939 -2.3926 -2.0173 -1.6865 -1.4150
 -1.2059 -1.0467 -0.9242 -0.8262 -0.7461 -0.5900 -0.4740 -0.3839 -0.3129
 -3.0301 -2.9490 -2.8720 -2.7875 -2.6793 -2.5230 -2.2798 -1.9638 -1.6583 -1.3984
 -1.1929 -1.0342 -0.9112 -0.8138 -0.7337 -0.5800 -0.4664 -0.3798 -0.3141 -0.2643
 -2.8466 -2.7472 -2.6593 -2.5740 -2.4796 -2.3573 -2.1726 -1.9168 -1.6457 -1.3998
 -1.1968 -1.0363 -0.9106 -0.8110 -0.7298 -0.5757 -0.4630 -0.3787 -0.3161 -0.2696
 -0.2353
 -2.7033 -2.5841 -2.4812 -2.3889 -2.2990 -2.1988 -2.0621 -1.8626 -1.6313 -1.4053
 -1.2081 -1.0466 -0.9176 -0.8148 -0.7315 -0.5755 -0.4629 -0.3796 -0.3187 -0.2743
 -0.2418 -0.2186
 -2.5548 -2.4532 -2.3380 -2.2357 -2.1421 -2.0498 -1.9444 -1.7944 -1.6048 -1.4049
 -1.2191 -1.0597 -0.9286 -0.8227 -0.7366 -0.5779 -0.4648 -0.3816 -0.3217 -0.2786
 -0.2477 -0.2259 -0.2111 -0.2014
 -2.4018 -2.2922 -2.1953 -2.1011 -2.0087 -1.9178 -1.8247 -1.7114 -1.5619 -1.3920
 -1.2234 -1.0710 -0.9407 -0.8326 -0.7439 -0.5816 -0.4679 -0.3844 -0.3246 -0.2824
 -0.2528 -0.2324 -0.2192 -0.2111 -0.2068 -0.2062 -0.2097 -0.2178 -0.2302 -0.2468
 -2.2760 -2.1226 -2.0020 -1.9098 -1.8368 -1.7704 -1.6986 -1.6120 -1.4995 -1.3624
 -1.2163 -1.0761 -0.9505 -0.8427 -0.7522 -0.5860 -0.4714 -0.3875 -0.3273 -0.2855
 -0.2570 -0.2380 -0.2265 -0.2202 -0.2179 -0.2186 -0.2225 -0.2300 -0.2416 -0.2577
 -0.2781
 -2.2354 -2.0562 -1.9028 -1.7762 -1.6742 -1.5906 -1.5191 -1.4521 -1.3773 -1.2867
 -1.1808 -1.0664 -0.9536 -0.8505 -0.7604 -0.5907 -0.4747 -0.3902 -0.3296 -0.2876
 -0.2598 -0.2422 -0.2323 -0.2283 -0.2283 -0.2312 -0.2368 -0.2450 -0.2560 -0.2709
 -0.2908
 -2.2310 -2.0397 -1.8686 -1.7191 -1.5916 -1.4846 -1.3931 -1.3105 -1.2299 -1.1491
 -1.0704 -0.9948 -0.9190 -0.8407 -0.7620 -0.5943 -0.4766 -0.3917 -0.3304 -0.2882
 -0.2607 -0.2443 -0.2362 -0.2345 -0.2373 -0.2431 -0.2511 -0.2611 -0.2730 -0.2875
 -0.3059
 -2.2475 -2.0501 -1.8706 -1.7078 -1.5631 -1.4370 -1.3283 -1.2329 -1.1457 -1.0621
 -0.9817 -0.9079 -0.8431 -0.7861 -0.7328 -0.5974 -0.4797 -0.3936 -0.3314 -0.2883
 -0.2606 -0.2448 -0.2381 -0.2384 -0.2438 -0.2527 -0.2639 -0.2765 -0.2905 -0.3063
 -0.3237
 -2.2637 -2.0688 -1.8856 -1.7176 -1.5632 -1.4243 -1.3018 -1.1945 -1.1000 -1.0145
 -0.9351 -0.8614 -0.7948 -0.7363 -0.6861 -0.5813 -0.4811 -0.3948 -0.3317 -0.2874
 -0.2589 -0.2432 -0.2374 -0.2393 -0.2471 -0.2590 -0.2737 -0.2897 -0.3067 -0.3245
 -0.3434
 -2.2701 -2.0823 -1.9031 -1.7339 -1.5759 -1.4304 -1.2990 -1.1824 -1.0802 -0.9903
 -0.9101 -0.8374 -0.7714 -0.7119 -0.6219 -0.5460 -0.4808 -0.3953 -0.3313
 [Fe/H] =  0.25 [alpha/Fe] = 0.00 BC value =  G   
 -3.4237 -3.3821 -3.3368 -3.2127 -3.0094 -2.7459 -2.4381 -2.0994 -1.7548 -1.4640
 -1.2372 -1.0644 -0.9318 -0.8280 -0.7424 -0.5827 -0.4663 -0.3775 -0.3065
 -3.2038 -3.1471 -3.0930 -3.0275 -2.9271 -2.7485 -2.4611 -2.0820 -1.7412 -1.4555
 -1.2297 -1.0561 -0.9225 -0.8178 -0.7331 -0.5748 -0.4602 -0.3731 -0.3066 -0.2560
 -3.0137 -2.9367 -2.8690 -2.8001 -2.7139 -2.5837 -2.3682 -2.0595 -1.7433 -1.4663
 -1.2407 -1.0634 -0.9260 -0.8181 -0.7315 -0.5717 -0.4573 -0.3717 -0.3077 -0.2600
 -0.2242
 -2.8587 -2.7586 -2.6728 -2.5947 -2.5136 -2.4118 -2.2577 -2.0205 -1.7455 -1.4834
 -1.2605 -1.0800 -0.9377 -0.8254 -0.7355 -0.5724 -0.4574 -0.3723 -0.3097 -0.2638
 -0.2301 -0.2057
 -2.7347 -2.6144 -2.5102 -2.4183 -2.3332 -2.2436 -2.1307 -1.9585 -1.7332 -1.4968
 -1.2815 -1.1006 -0.9543 -0.8374 -0.7436 -0.5757 -0.4596 -0.3742 -0.3121 -0.2674
 -0.2351 -0.2121 -0.1964 -0.1863
 -2.5951 -2.4810 -2.3722 -2.2716 -2.1785 -2.0893 -1.9956 -1.8718 -1.6988 -1.4966
 -1.2971 -1.1210 -0.9728 -0.8521 -0.7544 -0.5806 -0.4631 -0.3771 -0.3150 -0.2708
 -0.2396 -0.2178 -0.2034 -0.1945 -0.1900 -0.1894 -0.1933 -0.2023 -0.2154 -0.2329
 -2.3957 -2.2764 -2.1823 -2.1066 -2.0309 -1.9503 -1.8644 -1.7676 -1.6394 -1.4766
 -1.3013 -1.1356 -0.9901 -0.8678 -0.7669 -0.5865 -0.4671 -0.3805 -0.3178 -0.2736
 -0.2433 -0.2227 -0.2097 -0.2023 -0.1992 -0.1997 -0.2039 -0.2121 -0.2248 -0.2419
 -0.2633
 -2.3117 -2.1466 -2.0116 -1.9067 -1.8257 -1.7604 -1.7008 -1.6341 -1.5463 -1.4281
 -1.2866 -1.1397 -1.0025 -0.8820 -0.7797 -0.5932 -0.4711 -0.3838 -0.3204 -0.2759
 -0.2460 -0.2265 -0.2148 -0.2092 -0.2080 -0.2102 -0.2158 -0.2246 -0.2367 -0.2532
 -0.2742
 -2.2895 -2.1039 -1.9408 -1.8031 -1.6905 -1.5990 -1.5218 -1.4528 -1.3825 -1.3022
 -1.2087 -1.1048 -0.9952 -0.8875 -0.7890 -0.5993 -0.4741 -0.3858 -0.3219 -0.2769
 -0.2470 -0.2285 -0.2183 -0.2144 -0.2154 -0.2200 -0.2277 -0.2381 -0.2512 -0.2673
 -0.2874
 -2.3014 -2.1053 -1.9271 -1.7690 -1.6321 -1.5163 -1.4185 -1.3328 -1.2524 -1.1709
 -1.0883 -1.0067 -0.9290 -0.8541 -0.7802 -0.6071 -0.4786 -0.3886 -0.3238 -0.2779
 -0.2475 -0.2293 -0.2201 -0.2179 -0.2209 -0.2280 -0.2384 -0.2511 -0.2660 -0.2831
 -0.3026
 -2.3266 -2.1263 -1.9402 -1.7709 -1.6186 -1.4845 -1.3682 -1.2672 -1.1773 -1.0930
 -1.0107 -0.9310 -0.8569 -0.7907 -0.7319 -0.6017 -0.4829 -0.3912 -0.3251 -0.2781
 -0.2468 -0.2284 -0.2198 -0.2189 -0.2238 -0.2334 -0.2466 -0.2623 -0.2798 -0.2989
 -0.3196
 -2.3505 -2.1520 -1.9648 -1.7888 -1.6289 -1.4832 -1.3532 -1.2389 -1.1383 -1.0488
 -0.9664 -0.8892 -0.8171 -0.7512 -0.6441 -0.5831 -0.4870 -0.3936 -0.3258
 [Fe/H] =  0.50 [alpha/Fe] = 0.00 BC value =  G   
 -3.5436 -3.6237 -3.5931 -3.4633 -3.2444 -2.9452 -2.5736 -2.1652 -1.8202 -1.5180
 -1.2751 -1.0886 -0.9458 -0.8337 -0.7438 -0.5767 -0.4598 -0.3711 -0.3001
 -3.3318 -3.3052 -3.2787 -3.2407 -3.1412 -2.9410 -2.6111 -2.1811 -1.8194 -1.5154
 -1.2721 -1.0845 -0.9398 -0.8267 -0.7362 -0.5710 -0.4546 -0.3665 -0.2983 -0.2463
 -3.1415 -3.0940 -3.0511 -3.0076 -2.9395 -2.8094 -2.5612 -2.1944 -1.8374 -1.5345
 -1.2894 -1.0967 -0.9472 -0.8302 -0.7370 -0.5691 -0.4521 -0.3649 -0.2995 -0.2504
 -0.2135
 -2.9807 -2.9058 -2.8445 -2.7888 -2.7251 -2.6287 -2.4580 -2.1789 -1.8565 -1.5626
 -1.3160 -1.1188 -0.9634 -0.8410 -0.7437 -0.5710 -0.4527 -0.3655 -0.3010 -0.2534
 -0.2184 -0.1930
 -2.8511 -2.7513 -2.6671 -2.5942 -2.5256 -2.4443 -2.3257 -2.1289 -1.8621 -1.5884
 -1.3461 -1.1462 -0.9852 -0.8571 -0.7549 -0.5754 -0.4553 -0.3675 -0.3031 -0.2564
 -0.2226 -0.1984 -0.1817 -0.1712
 -2.7345 -2.6210 -2.5197 -2.4298 -2.3481 -2.2682 -2.1765 -2.0406 -1.8400 -1.6026
 -1.3733 -1.1742 -1.0100 -0.8767 -0.7695 -0.5818 -0.4592 -0.3705 -0.3058 -0.2594
 -0.2265 -0.2034 -0.1877 -0.1781 -0.1731 -0.1724 -0.1764 -0.1856 -0.1995 -0.2178
 -2.5506 -2.4297 -2.3676 -2.2819 -2.1966 -2.1125 -2.0271 -1.9267 -1.7838 -1.5945
 -1.3897 -1.1989 -1.0342 -0.8977 -0.7862 -0.5896 -0.4638 -0.3741 -0.3087 -0.2621
 -0.2298 -0.2077 -0.1931 -0.1847 -0.1808 -0.1807 -0.1849 -0.1933 -0.2068 -0.2247
 -0.2470
 -2.3870 -2.2485 -2.1440 -2.0683 -2.0079 -1.9490 -1.8807 -1.7998 -1.6968 -1.5566
 -1.3868 -1.2132 -1.0544 -0.9181 -0.8037 -0.5987 -0.4687 -0.3779 -0.3117 -0.2645
 -0.2323 -0.2110 -0.1977 -0.1905 -0.1880 -0.1893 -0.1944 -0.2033 -0.2161 -0.2338
 -0.2557
 -2.3364 -2.1644 -2.0178 -1.8998 -1.8084 -1.7368 -1.6777 -1.6222 -1.5572 -1.4668
 -1.3457 -1.2047 -1.0624 -0.9318 -0.8182 -0.6075 -0.4727 -0.3804 -0.3136 -0.2658
 -0.2334 -0.2127 -0.2006 -0.1949 -0.1941 -0.1973 -0.2041 -0.2142 -0.2278 -0.2451
 -0.2668
 -2.3362 -2.1480 -1.9782 -1.8305 -1.7070 -1.6064 -1.5235 -1.4514 -1.3836 -1.3119
 -1.2289 -1.1340 -1.0320 -0.9282 -0.8276 -0.6190 -0.4789 -0.3840 -0.3162 -0.2675
 -0.2343 -0.2136 -0.2023 -0.1979 -0.1988 -0.2038 -0.2128 -0.2248 -0.2399 -0.2580
 -0.2792
 -2.3615 -2.1635 -1.9815 -1.8165 -1.6710 -1.5460 -1.4405 -1.3502 -1.2694 -1.1915
 -1.1115 -1.0293 -0.9474 -0.8690 -0.7945 -0.6247 -0.4857 -0.3877 -0.3184 -0.2686
 -0.2345 -0.2133 -0.2023 -0.1989 -0.2013 -0.2084 -0.2196 -0.2340 -0.2513 -0.2711
 -0.2932
 -2.3938 -2.1943 -2.0050 -1.8310 -1.6723 -1.5307 -1.4066 -1.2990 -1.2050 -1.1200
 -1.0391 -0.9598 -0.8824 -0.8098 -0.7189 -0.6246 -0.4931 -0.3915 -0.3202
 [Fe/H] =  0.75 [alpha/Fe] = 0.00 BC value =  G   
 -3.6201 -3.5544 -3.4349 -3.2676 -3.0572 -2.8083 -2.5246 -2.2097 -1.8772 -1.5729
 -1.3184 -1.1188 -0.9651 -0.8453 -0.7486 -0.5722 -0.4537 -0.3647 -0.2936
 -3.4161 -3.4163 -3.4249 -3.4175 -3.3046 -3.0648 -2.6985 -2.2539 -1.8908 -1.5776
 -1.3209 -1.1192 -0.9631 -0.8409 -0.7437 -0.5691 -0.4495 -0.3605 -0.2920 -0.2391
 -3.2270 -3.2190 -3.1971 -3.1836 -3.1408 -3.0195 -2.7372 -2.3064 -1.9240 -1.6041
 -1.3429 -1.1361 -0.9745 -0.8478 -0.7471 -0.5688 -0.4481 -0.3590 -0.2920 -0.2413
 -0.2034
 -3.0615 -3.0158 -2.9839 -2.9571 -2.9184 -2.8358 -2.6558 -2.3317 -1.9621 -1.6419
 -1.3758 -1.1634 -0.9950 -0.8622 -0.7567 -0.5720 -0.4492 -0.3596 -0.2930 -0.2436
 -0.2071 -0.1806
 -2.9273 -2.8539 -2.7963 -2.7494 -2.7050 -2.6397 -2.5214 -2.2998 -1.9879 -1.6792
 -1.4140 -1.1966 -1.0219 -0.8824 -0.7712 -0.5778 -0.4523 -0.3617 -0.2950 -0.2461
 -0.2106 -0.1851 -0.1674 -0.1562
 -2.8168 -2.7207 -2.6392 -2.5700 -2.5085 -2.4455 -2.3609 -2.2143 -1.9834 -1.7085
 -1.4505 -1.2318 -1.0523 -0.9067 -0.7897 -0.5860 -0.4568 -0.3649 -0.2976 -0.2487
 -0.2138 -0.1892 -0.1724 -0.1620 -0.1566 -0.1556 -0.1597 -0.1690 -0.1828 -0.2018
 -2.6787 -2.5872 -2.5000 -2.4175 -2.3412 -2.2688 -2.1930 -2.0919 -1.9333 -1.7145
 -1.4789 -1.2643 -1.0825 -0.9329 -0.8106 -0.5962 -0.4620 -0.3687 -0.3006 -0.2514
 -0.2167 -0.1929 -0.1770 -0.1674 -0.1628 -0.1623 -0.1661 -0.1744 -0.1881 -0.2064
 -0.2295
 -2.4651 -2.3726 -2.2990 -2.2396 -2.1805 -2.1113 -2.0361 -1.9531 -1.8427 -1.6847
 -1.4877 -1.2885 -1.1108 -0.9589 -0.8327 -0.6081 -0.4680 -0.3729 -0.3039 -0.2539
 -0.2191 -0.1958 -0.1809 -0.1723 -0.1687 -0.1692 -0.1736 -0.1820 -0.1950 -0.2132
 -0.2358
 -2.3724 -2.2230 -2.1037 -2.0133 -1.9490 -1.9004 -1.8542 -1.7975 -1.7202 -1.6108
 -1.4628 -1.2928 -1.1267 -0.9786 -0.8519 -0.6198 -0.4735 -0.3760 -0.3061 -0.2555
 -0.2204 -0.1973 -0.1833 -0.1760 -0.1737 -0.1755 -0.1812 -0.1906 -0.2040 -0.2218
 -0.2445
 -2.3529 -2.1792 -2.0249 -1.8947 -1.7911 -1.7107 -1.6466 -1.5921 -1.5392 -1.4749
 -1.3836 -1.2629 -1.1265 -0.9923 -0.8703 -0.6346 -0.4815 -0.3804 -0.3092 -0.2577
 -0.2217 -0.1984 -0.1848 -0.1785 -0.1775 -0.1808 -0.1881 -0.1990 -0.2135 -0.2319
 -0.2541
 -2.3693 -2.1833 -2.0109 -1.8562 -1.7227 -1.6117 -1.5209 -1.4447 -1.3767 -1.3104
 -1.2391 -1.1561 -1.0623 -0.9631 -0.8646 -0.6477 -0.4907 -0.3852 -0.3121 -0.2595
 -0.2225 -0.1986 -0.1850 -0.1794 -0.1796 -0.1845 -0.1936 -0.2063 -0.2225 -0.2422
 -0.2655
 -2.4045 -2.2114 -2.0289 -1.8606 -1.7085 -1.5749 -1.4606 -1.3635 -1.2795 -1.2030
 -1.1282 -1.0511 -0.9721 -0.8923 -0.8348 -0.6591 -0.5011 -0.3904 -0.3148
 [Fe/H] =  1.00 [alpha/Fe] = 0.00 BC value =  G   
 -3.6666 -3.6042 -3.4873 -3.3215 -3.1121 -2.8634 -2.5794 -2.2635 -1.9311 -1.6290
 -1.3652 -1.1536 -0.9891 -0.8604 -0.7577 -0.5717 -0.4478 -0.3584 -0.2871
 -3.4661 -3.8942 -4.0680 -4.0136 -3.7538 -3.3088 -2.7571 -2.3196 -1.9592 -1.6416
 -1.3734 -1.1593 -0.9917 -0.8602 -0.7555 -0.5704 -0.4455 -0.3546 -0.2857 -0.2316
 -3.2737 -3.5515 -3.3076 -3.3246 -3.3089 -3.2029 -2.8594 -2.3900 -2.0053 -1.6746
 -1.4010 -1.1811 -1.0075 -0.8708 -0.7620 -0.5714 -0.4455 -0.3541 -0.2855 -0.2333
 -0.1939
 -3.1019 -3.0880 -3.0881 -3.0927 -3.0827 -3.0203 -2.8376 -2.4640 -2.0615 -1.7211
 -1.4405 -1.2138 -1.0325 -0.8892 -0.7749 -0.5761 -0.4474 -0.3549 -0.2864 -0.2351
 -0.1969 -0.1690
 -2.9613 -2.9179 -2.8909 -2.8747 -2.8597 -2.8167 -2.7058 -2.4644 -2.1092 -1.7699
 -1.4847 -1.2519 -1.0643 -0.9136 -0.7930 -0.5838 -0.4512 -0.3573 -0.2882 -0.2371
 -0.1997 -0.1727 -0.1539 -0.1419
 -2.8500 -2.7790 -2.7240 -2.6822 -2.6480 -2.6089 -2.5378 -2.3858 -2.1245 -1.8133
 -1.5303 -1.2935 -1.0998 -0.9424 -0.8154 -0.5941 -0.4564 -0.3607 -0.2907 -0.2394
 -0.2024 -0.1760 -0.1580 -0.1466 -0.1405 -0.1395 -0.1437 -0.1526 -0.1663 -0.1853
 -2.7440 -2.6590 -2.5847 -2.5203 -2.4648 -2.4133 -2.3543 -2.2577 -2.0842 -1.8340
 -1.5691 -1.3339 -1.1358 -0.9737 -0.8407 -0.6070 -0.4627 -0.3649 -0.2938 -0.2419
 -0.2048 -0.1790 -0.1618 -0.1510 -0.1453 -0.1445 -0.1481 -0.1563 -0.1696 -0.1878
 -0.2113
 -2.5484 -2.4912 -2.4312 -2.3689 -2.3059 -2.2429 -2.1784 -2.1045 -1.9907 -1.8146
 -1.5902 -1.3662 -1.1700 -1.0049 -0.8672 -0.6222 -0.4701 -0.3695 -0.2973 -0.2446
 -0.2071 -0.1816 -0.1649 -0.1550 -0.1504 -0.1501 -0.1538 -0.1617 -0.1743 -0.1923
 -0.2152
 -2.3969 -2.2798 -2.1968 -2.1410 -2.1027 -2.0637 -2.0121 -1.9463 -1.8626 -1.7424
 -1.5747 -1.3802 -1.1935 -1.0298 -0.8908 -0.6370 -0.4774 -0.3731 -0.2998 -0.2464
 -0.2084 -0.1829 -0.1668 -0.1578 -0.1542 -0.1550 -0.1597 -0.1682 -0.1809 -0.1985
 -0.2213
 -2.3519 -2.1991 -2.0672 -1.9623 -1.8850 -1.8296 -1.7884 -1.7511 -1.7041 -1.6313
 -1.5191 -1.3699 -1.2065 -1.0518 -0.9147 -0.6552 -0.4876 -0.3785 -0.3033 -0.2489
 -0.2101 -0.1841 -0.1682 -0.1598 -0.1572 -0.1591 -0.1650 -0.1746 -0.1881 -0.2061
 -0.2283
 -2.3549 -2.1853 -2.0285 -1.8902 -1.7746 -1.6825 -1.6105 -1.5519 -1.5006 -1.4492
 -1.3864 -1.2973 -1.1802 -1.0512 -0.9263 -0.6726 -0.4992 -0.3846 -0.3068 -0.2512
 -0.2115 -0.1847 -0.1685 -0.1606 -0.1589 -0.1619 -0.1693 -0.1802 -0.1950 -0.2138
 -0.2366
 -2.3852 -2.2052 -2.0356 -1.8784 -1.7379 -1.6171 -1.5163 -1.4330 -1.3621 -1.2973
 -1.2332 -1.1643 -1.0849 -0.9948 -0.9256 -0.6892 -0.5122 -0.3914 -0.3103
