 [Fe/H] = -2.50 [alpha/Fe] = 0.00 BC value =F1130W
  3.8282  3.7156  3.6067  3.5002  3.3993  3.3110  3.2448  3.1934  3.1446  3.0911
  3.0331  2.9659  2.8980  2.8250  2.7515  2.5660  2.3814  2.1968  2.0244
  3.8838  3.7698  3.6563  3.5434  3.4328  3.3285  3.2332  3.1488  3.0771  3.0198
  2.9698  2.9178  2.8552  2.7838  2.7090  2.5204  2.3347  2.1555  1.9854  1.8242
  3.8886  3.7765  3.6677  3.5614  3.4568  3.3529  3.2501  3.1519  3.0618  2.9831
  2.9230  2.8753  2.8212  2.7534  2.6797  2.4930  2.3095  2.1311  1.9606  1.7988
  1.6453
  3.8876  3.7789  3.6733  3.5706  3.4706  3.3726  3.2764  3.1812  3.0865  2.9951
  2.9104  2.8476  2.7942  2.7310  2.6595  2.4738  2.2917  2.1144  1.9439  1.7818
  1.6281  1.4819
  3.8793  3.7761  3.6742  3.5746  3.4775  3.3826  3.2900  3.1996  3.1107  3.0221
  2.9337  2.8515  2.7871  2.7180  2.6451  2.4607  2.2793  2.1029  1.9327  1.7705
  1.6166  1.4702  1.3308  1.1975
  3.8595  3.7646  3.6689  3.5736  3.4795  3.3871  3.2967  3.2085  3.1222  3.0378
  2.9540  2.8698  2.7983  2.7255  2.6464  2.4529  2.2713  2.0955  1.9255  1.7630
  1.6089  1.4623  1.3227  1.1893  1.0616  0.9387  0.8199  0.7044  0.5917  0.4813
  3.8254  3.7406  3.6540  3.5654  3.4761  3.3870  3.2989  3.2124  3.1277  3.0447
  2.9634  2.8827  2.8079  2.7370  2.6583  2.4565  2.2682  2.0915  1.9214  1.7585
  1.6039  1.4570  1.3171  1.1834  1.0557  0.9331  0.8148  0.7003  0.5891  0.4806
  0.3737
  3.7766  3.7020  3.6255  3.5462  3.4643  3.3804  3.2960  3.2120  3.1289  3.0474
  2.9672  2.8882  2.8124  2.7422  2.6672  2.4682  2.2741  2.0923  1.9202  1.7565
  1.6012  1.4537  1.3134  1.1793  1.0512  0.9286  0.8108  0.6970  0.5867  0.4793
  0.3745
  3.7147  3.6486  3.5808  3.5116  3.4391  3.3630  3.2844  3.2045  3.1243  3.0446
  2.9660  2.8884  2.8127  2.7409  2.6685  2.4764  2.2830  2.0975  1.9208  1.7544
  1.5978  1.4493  1.3082  1.1736  1.0449  0.9219  0.8039  0.6901  0.5800  0.4735
  0.3703
  3.6399  3.5804  3.5246  3.4635  3.4005  3.3339  3.2634  3.1899  3.1144  3.0382
  2.9622  2.8865  2.8119  2.7391  2.6677  2.4828  2.2943  2.1091  1.9300  1.7594
  1.6000  1.4503  1.3083  1.1729  1.0436  0.9199  0.8014  0.6877  0.5756  0.4696
  0.3672
  3.5519  3.4974  3.4569  3.4052  3.3472  3.2893  3.2280  3.1630  3.0945  3.0237
  2.9517  2.8792  2.8068  2.7350  2.6641  2.4847  2.3026  2.1202  1.9413  1.7684
  1.6052  1.4529  1.3097  1.1734  1.0433  0.9189  0.7996  0.6853  0.5754  0.4695
  0.3668
  3.4510  3.3996  3.3777  3.3374  3.2834  3.2308  3.1773  3.1212  3.0614  2.9983
  2.9324  2.8646  2.7959  2.7267  2.6577  2.4821  2.3079  2.1308  1.9547
 [Fe/H] = -2.00 [alpha/Fe] = 0.00 BC value =F1130W
  3.8366  3.7294  3.6288  3.5345  3.4471  3.3665  3.2933  3.2238  3.1570  3.0930
  3.0306  2.9645  2.8947  2.8203  2.7452  2.5590  2.3774  2.1980  2.0246
  3.8577  3.7371  3.6192  3.5083  3.4054  3.3109  3.2258  3.1504  3.0828  3.0217
  2.9661  2.9105  2.8470  2.7756  2.7010  2.5150  2.3343  2.1570  1.9872  1.8262
  3.8696  3.7537  3.6396  3.5268  3.4153  3.3078  3.2081  3.1182  3.0394  2.9737
  2.9182  2.8689  2.8137  2.7464  2.6728  2.4865  2.3066  2.1315  1.9622  1.8008
  1.6474
  3.8764  3.7635  3.6535  3.5458  3.4401  3.3363  3.2338  3.1338  3.0401  2.9562
  2.8883  2.8345  2.7859  2.7250  2.6552  2.4679  2.2877  2.1141  1.9455  1.7840
  1.6304  1.4842
  3.8792  3.7686  3.6615  3.5573  3.4556  3.3564  3.2596  3.1653  3.0720  2.9800
  2.8928  2.8216  2.7649  2.7070  2.6398  2.4557  2.2752  2.1021  1.9344  1.7730
  1.6192  1.4728  1.3332  1.1996
  3.8771  3.7697  3.6652  3.5637  3.4650  3.3687  3.2749  3.1838  3.0955  3.0090
  2.9225  2.8382  2.7686  2.7020  2.6304  2.4478  2.2671  2.0942  1.9272  1.7659
  1.6118  1.4651  1.3254  1.1918  1.0637  0.9404  0.8210  0.7050  0.5926  0.4827
  3.8672  3.7654  3.6647  3.5662  3.4700  3.3761  3.2844  3.1950  3.1082  3.0243
  2.9424  2.8608  2.7860  2.7158  2.6388  2.4434  2.2623  2.0893  1.9228  1.7616
  1.6072  1.4600  1.3199  1.1861  1.0581  0.9351  0.8165  0.7016  0.5901  0.4817
  0.3750
  3.8458  3.7520  3.6575  3.5637  3.4709  3.3796  3.2899  3.2022  3.1164  3.0330
  2.9522  2.8732  2.8001  2.7287  2.6537  2.4513  2.2612  2.0872  1.9207  1.7596
  1.6047  1.4569  1.3163  1.1821  1.0538  0.9309  0.8126  0.6985  0.5879  0.4804
  0.3757
  3.8097  3.7252  3.6393  3.5523  3.4647  3.3771  3.2902  3.2044  3.1200  3.0372
  2.9565  2.8779  2.8030  2.7326  2.6608  2.4634  2.2664  2.0863  1.9184  1.7569
  1.6013  1.4527  1.3113  1.1765  1.0477  0.9245  0.8062  0.6923  0.5821  0.4754
  0.3715
  3.7643  3.6869  3.6097  3.5311  3.4508  3.3690  3.2863  3.2037  3.1215  3.0403
  2.9605  2.8827  2.8070  2.7345  2.6637  2.4748  2.2799  2.0945  1.9229  1.7597
  1.6032  1.4537  1.3115  1.1759  1.0465  0.9228  0.8041  0.6901  0.5802  0.4738
  0.3685
  3.7118  3.6387  3.5673  3.4968  3.4245  3.3503  3.2738  3.1959  3.1172  3.0386
  2.9607  2.8839  2.8085  2.7350  2.6633  2.4808  2.2917  2.1060  1.9311  1.7656
  1.6071  1.4562  1.3130  1.1766  1.0464  0.9219  0.8025  0.6880  0.5779  0.4716
  0.3687
  3.6575  3.5845  3.5157  3.4501  3.3850  3.3185  3.2496  3.1782  3.1046  3.0299
  2.9549  2.8802  2.7998  2.7276  2.6596  2.4814  2.3018  2.1208  1.9430
 [Fe/H] = -1.50 [alpha/Fe] = 0.00 BC value =F1130W
  3.8516  3.7496  3.6560  3.5706  3.4924  3.4168  3.3391  3.2577  3.1784  3.1046
  3.0352  2.9657  2.8928  2.8170  2.7410  2.5554  2.3764  2.2010  2.0286
  3.8302  3.7168  3.6120  3.5154  3.4266  3.3443  3.2653  3.1862  3.1099  3.0395
  2.9755  2.9130  2.8455  2.7722  2.6967  2.5106  2.3321  2.1587  1.9899  1.8290
  3.8478  3.7277  3.6106  3.5001  3.3981  3.3049  3.2200  3.1401  3.0639  2.9936
  2.9309  2.8737  2.8130  2.7436  2.6693  2.4824  2.3032  2.1311  1.9641  1.8035
  1.6504
  3.8638  3.7485  3.6346  3.5226  3.4126  3.3060  3.2069  3.1171  3.0360  2.9622
  2.8966  2.8401  2.7860  2.7228  2.6512  2.4646  2.2845  2.1128  1.9471  1.7870
  1.6336  1.4874
  3.8720  3.7600  3.6503  3.5425  3.4365  3.3326  3.2310  3.1327  3.0391  2.9539
  2.8793  2.8151  2.7606  2.7044  2.6376  2.4534  2.2726  2.1006  1.9358  1.7763
  1.6229  1.4764  1.3366  1.2027
  3.8753  3.7652  3.6583  3.5538  3.4514  3.3511  3.2534  3.1590  3.0675  2.9776
  2.8914  2.8142  2.7478  2.6883  2.6252  2.4461  2.2651  2.0928  1.9282  1.7693
  1.6160  1.4692  1.3292  1.1952  1.0668  0.9428  0.8228  0.7065  0.5938  0.4842
  3.8759  3.7671  3.6618  3.5597  3.4601  3.3628  3.2678  3.1756  3.0868  3.0014
  2.9179  2.8362  2.7609  2.6907  2.6203  2.4409  2.2606  2.0879  1.9234  1.7649
  1.6116  1.4644  1.3241  1.1899  1.0616  0.9382  0.8190  0.7035  0.5915  0.4832
  0.3768
  3.8728  3.7666  3.6630  3.5625  3.4649  3.3699  3.2772  3.1868  3.0991  3.0147
  2.9338  2.8552  2.7803  2.7086  2.6339  2.4389  2.2580  2.0851  1.9204  1.7622
  1.6091  1.4616  1.3207  1.1862  1.0577  0.9344  0.8156  0.7008  0.5897  0.4819
  0.3773
  3.8611  3.7602  3.6599  3.5617  3.4659  3.3727  3.2818  3.1930  3.1064  3.0223
  2.9414  2.8636  2.7897  2.7196  2.6476  2.4488  2.2554  2.0815  1.9164  1.7583
  1.6053  1.4574  1.3159  1.1808  1.0518  0.9282  0.8094  0.6950  0.5843  0.4771
  0.3731
  3.8408  3.7472  3.6526  3.5585  3.4657  3.3746  3.2855  3.1985  3.1131  3.0298
  2.9488  2.8706  2.7958  2.7247  2.6551  2.4647  2.2659  2.0833  1.9171  1.7589
  1.6061  1.4582  1.3161  1.1804  1.0508  0.9268  0.8077  0.6932  0.5828  0.4759
  0.3703
  3.8093  3.7233  3.6359  3.5479  3.4599  3.3723  3.2857  3.2006  3.1170  3.0348
  2.9544  2.8761  2.8003  2.7279  2.6570  2.4751  2.2808  2.0919  1.9201  1.7608
  1.6080  1.4601  1.3176  1.1811  1.0508  0.9261  0.8064  0.6915  0.5809  0.4742
  0.3709
  3.7680  3.6885  3.6083  3.5274  3.4456  3.3632  3.2807  3.1984  3.1168  3.0364
  2.9572  2.8794  2.7995  2.7260  2.6533  2.4800  2.3001  2.1073  1.9254
 [Fe/H] = -1.00 [alpha/Fe] = 0.00 BC value =F1130W
  3.8731  3.7762  3.6882  3.6086  3.5351  3.4616  3.3822  3.2951  3.2088  3.1259
  3.0469  2.9694  2.8922  2.8150  2.7389  2.5551  2.3785  2.2060  2.0365
  3.8316  3.7261  3.6293  3.5416  3.4621  3.3877  3.3107  3.2292  3.1480  3.0697
  2.9953  2.9226  2.8484  2.7722  2.6958  2.5099  2.3322  2.1606  1.9942  1.8334
  3.8207  3.7065  3.6011  3.5050  3.4183  3.3397  3.2636  3.1849  3.1060  3.0295
  2.9573  2.8884  2.8186  2.7451  2.6693  2.4821  2.3031  2.1316  1.9668  1.8075
  1.6545
  3.8431  3.7222  3.6056  3.4967  3.3978  3.3097  3.2306  3.1525  3.0745  2.9987
  2.9271  2.8600  2.7946  2.7255  2.6520  2.4647  2.2848  2.1131  1.9489  1.7908
  1.6381  1.4918
  3.8626  3.7456  3.6321  3.5218  3.4146  3.3116  3.2178  3.1335  3.0534  2.9761
  2.9029  2.8353  2.7725  2.7085  2.6390  2.4539  2.2733  2.1013  1.9372  1.7798
  1.6276  1.4812  1.3412  1.2070
  3.8712  3.7601  3.6515  3.5445  3.4396  3.3376  3.2392  3.1450  3.0554  2.9709
  2.8918  2.8189  2.7528  2.6913  2.6270  2.4469  2.2661  2.0937  1.9296  1.7725
  1.6208  1.4744  1.3343  1.2001  1.0712  0.9469  0.8263  0.7090  0.5953  0.4858
  3.8732  3.7644  3.6589  3.5556  3.4538  3.3539  3.2570  3.1641  3.0754  2.9893
  2.9050  2.8239  2.7484  2.6797  2.6147  2.4418  2.2615  2.0889  1.9245  1.7674
  1.6162  1.4700  1.3297  1.1953  1.0666  0.9427  0.8229  0.7066  0.5937  0.4847
  0.3791
  3.8730  3.7649  3.6609  3.5600  3.4611  3.3640  3.2689  3.1767  3.0883  3.0041
  2.9234  2.8442  2.7658  2.6893  2.6150  2.4369  2.2587  2.0858  1.9212  1.7640
  1.6131  1.4672  1.3268  1.1922  1.0633  0.9395  0.8201  0.7046  0.5925  0.4839
  0.3793
  3.8708  3.7633  3.6599  3.5599  3.4627  3.3677  3.2747  3.1840  3.0959  3.0115
  2.9312  2.8546  2.7803  2.7062  2.6304  2.4358  2.2545  2.0815  1.9164  1.7592
  1.6084  1.4629  1.3223  1.1873  1.0580  0.9340  0.8145  0.6994  0.5878  0.4797
  0.3751
  3.8684  3.7626  3.6604  3.5609  3.4645  3.3710  3.2797  3.1906  3.1037  3.0193
  2.9382  2.8609  2.7873  2.7161  2.6445  2.4515  2.2561  2.0812  1.9160  1.7586
  1.6080  1.4629  1.3225  1.1872  1.0574  0.9330  0.8133  0.6982  0.5870  0.4792
  0.3750
  3.8602  3.7588  3.6591  3.5612  3.4659  3.3731  3.2828  3.1950  3.1093  3.0257
  2.9445  2.8662  2.7913  2.7195  2.6496  2.4664  2.2698  2.0831  1.9162  1.7587
  1.6083  1.4636  1.3235  1.1879  1.0576  0.9325  0.8124  0.6970  0.5857  0.4781
  0.3741
  3.8430  3.7485  3.6532  3.5585  3.4652  3.3737  3.2845  3.1977  3.1130  3.0304
  2.9497  2.8711  2.7951  2.7217  2.6457  2.4805  2.2956  2.0872  1.9170
 [Fe/H] = -0.75 [alpha/Fe] = 0.00 BC value =F1130W
  3.8863  3.7919  3.7062  3.6283  3.5555  3.4820  3.4023  3.3144  3.2254  3.1380
  3.0539  2.9722  2.8924  2.8145  2.7386  2.5562  2.3807  2.2092  2.0419
  3.8386  3.7354  3.6411  3.5560  3.4788  3.4067  3.3315  3.2508  3.1683  3.0863
  3.0064  2.9284  2.8507  2.7730  2.6961  2.5107  2.3337  2.1625  1.9968  1.8366
  3.8182  3.7079  3.6064  3.5141  3.4313  3.3570  3.2843  3.2070  3.1280  3.0491
  2.9721  2.8972  2.8227  2.7468  2.6702  2.4829  2.3045  2.1329  1.9684  1.8100
  1.6571
  3.8271  3.7071  3.5958  3.4941  3.4029  3.3224  3.2492  3.1739  3.0970  3.0201
  2.9449  2.8722  2.8009  2.7282  2.6533  2.4657  2.2862  2.1144  1.9501  1.7927
  1.6405  1.4942
  3.8455  3.7305  3.6192  3.5066  3.4010  3.3063  3.2250  3.1488  3.0723  2.9962
  2.9218  2.8503  2.7815  2.7126  2.6409  2.4549  2.2746  2.1026  1.9383  1.7812
  1.6297  1.4836  1.3436  1.2094
  3.8630  3.7557  3.6448  3.5357  3.4291  3.3268  3.2310  3.1431  3.0603  2.9811
  2.9047  2.8317  2.7631  2.6972  2.6295  2.4479  2.2673  2.0950  1.9305  1.7735
  1.6226  1.4768  1.3369  1.2027  1.0738  0.9492  0.8283  0.7107  0.5965  0.4865
  3.8730  3.7635  3.6571  3.5525  3.4494  3.3489  3.2525  3.1616  3.0744  2.9889
  2.9056  2.8262  2.7519  2.6829  2.6173  2.4427  2.2626  2.0900  1.9254  1.7683
  1.6177  1.4724  1.3325  1.1983  1.0695  0.9454  0.8252  0.7086  0.5952  0.4855
  0.3799
  3.8724  3.7644  3.6605  3.5593  3.4599  3.3619  3.2665  3.1749  3.0878  3.0046
  2.9232  2.8419  2.7615  2.6840  2.6110  2.4378  2.2596  2.0867  1.9219  1.7648
  1.6143  1.4695  1.3298  1.1954  1.0665  0.9426  0.8229  0.7070  0.5945  0.4853
  0.3802
  3.8696  3.7618  3.6587  3.5593  3.4623  3.3670  3.2734  3.1823  3.0945  3.0109
  2.9313  2.8542  2.7776  2.7002  2.6221  2.4323  2.2552  2.0822  1.9170  1.7597
  1.6094  1.4649  1.3254  1.1908  1.0616  0.9374  0.8177  0.7021  0.5902  0.4815
  0.3764
  3.8696  3.7615  3.6587  3.5597  3.4638  3.3703  3.2785  3.1890  3.1017  3.0173
  2.9368  2.8600  2.7862  2.7133  2.6390  2.4443  2.2544  2.0816  1.9163  1.7589
  1.6087  1.4646  1.3255  1.1909  1.0612  0.9366  0.8167  0.7013  0.5897  0.4815
  0.3768
  3.8683  3.7618  3.6591  3.5604  3.4648  3.3720  3.2814  3.1933  3.1070  3.0230
  2.9418  2.8638  2.7893  2.7175  2.6466  2.4607  2.2645  2.0818  1.9162  1.7587
  1.6086  1.4648  1.3260  1.1915  1.0614  0.9364  0.8160  0.7003  0.5887  0.4808
  0.3763
  3.8616  3.7592  3.6587  3.5610  3.4659  3.3734  3.2835  3.1960  3.1108  3.0276
  2.9465  2.8678  2.7920  2.7191  2.6449  2.4815  2.2855  2.0828  1.9167
 [Fe/H] = -0.50 [alpha/Fe] = 0.00 BC value =F1130W
  3.9006  3.8088  3.7256  3.6490  3.5765  3.5027  3.4225  3.3338  3.2420  3.1504
  3.0616  2.9762  2.8940  2.8150  2.7387  2.5579  2.3839  2.2133  2.0467
  3.8472  3.7463  3.6545  3.5717  3.4962  3.4255  3.3522  3.2724  3.1886  3.1029
  3.0180  2.9350  2.8540  2.7747  2.6972  2.5123  2.3363  2.1653  1.9998  1.8404
  3.8208  3.7132  3.6143  3.5249  3.4451  3.3738  3.3041  3.2289  3.1500  3.0688
  2.9873  2.9069  2.8278  2.7494  2.6718  2.4845  2.3068  2.1355  1.9705  1.8126
  1.6601
  3.8160  3.7012  3.5950  3.4983  3.4118  3.3360  3.2673  3.1950  3.1193  3.0415
  2.9630  2.8851  2.8084  2.7320  2.6555  2.4673  2.2883  2.1168  1.9519  1.7945
  1.6430  1.4967
  3.8413  3.7190  3.6021  3.4936  3.3959  3.3106  3.2378  3.1669  3.0932  3.0179
  2.9418  2.8662  2.7919  2.7181  2.6436  2.4565  2.2766  2.1048  1.9400  1.7826
  1.6317  1.4860  1.3461  1.2119
  3.8641  3.7481  3.6337  3.5218  3.4140  3.3132  3.2247  3.1478  3.0728  2.9977
  2.9227  2.8486  2.7761  2.7049  2.6334  2.4494  2.2690  2.0969  1.9322  1.7747
  1.6241  1.4791  1.3395  1.2054  1.0765  0.9518  0.8307  0.7128  0.5983  0.4877
  3.8729  3.7618  3.6533  3.5465  3.4416  3.3403  3.2451  3.1573  3.0735  2.9917
  2.9124  2.8358  2.7620  2.6915  2.6226  2.4442  2.2641  2.0916  1.9269  1.7694
  1.6190  1.4745  1.3353  1.2013  1.0726  0.9484  0.8280  0.7110  0.5972  0.4869
  0.3807
  3.8733  3.7649  3.6603  3.5580  3.4572  3.3583  3.2631  3.1733  3.0886  3.0062
  2.9239  2.8416  2.7612  2.6848  2.6127  2.4393  2.2609  2.0881  1.9233  1.7659
  1.6155  1.4714  1.3326  1.1988  1.0700  0.9459  0.8260  0.7098  0.5968  0.4872
  0.3812
  3.8690  3.7615  3.6587  3.5592  3.4619  3.3660  3.2721  3.1816  3.0953  3.0131
  2.9339  2.8552  2.7757  2.6955  2.6164  2.4319  2.2562  2.0833  1.9182  1.7607
  1.6104  1.4666  1.3281  1.1943  1.0653  0.9411  0.8212  0.7053  0.5930  0.4838
  0.3780
  3.8682  3.7597  3.6572  3.5589  3.4636  3.3702  3.2784  3.1887  3.1017  3.0182
  2.9385  2.8619  2.7867  2.7111  2.6340  2.4379  2.2546  2.0825  1.9172  1.7599
  1.6097  1.4660  1.3279  1.1943  1.0651  0.9407  0.8206  0.7048  0.5929  0.4844
  0.3790
  3.8691  3.7602  3.6566  3.5584  3.4636  3.3714  3.2812  3.1929  3.1065  3.0225
  2.9416  2.8642  2.7898  2.7171  2.6444  2.4546  2.2598  2.0821  1.9168  1.7594
  1.6094  1.4658  1.3279  1.1946  1.0653  0.9405  0.8202  0.7042  0.5923  0.4841
  0.3791
  3.8692  3.7616  3.6581  3.5591  3.4642  3.3721  3.2826  3.1952  3.1098  3.0263
  2.9452  2.8666  2.7911  2.7183  2.6476  2.4820  2.2718  2.0821  1.9170
 [Fe/H] = -0.25 [alpha/Fe] = 0.00 BC value =F1130W
  3.9155  3.8264  3.7451  3.6693  3.5971  3.5233  3.4425  3.3524  3.2577  3.1624
  3.0697  2.9809  2.8965  2.8161  2.7395  2.5596  2.3878  2.2183  2.0519
  3.8566  3.7581  3.6688  3.5881  3.5141  3.4444  3.3729  3.2936  3.2079  3.1185
  3.0291  2.9418  2.8577  2.7767  2.6986  2.5139  2.3393  2.1690  2.0033  1.8443
  3.8256  3.7202  3.6238  3.5371  3.4597  3.3906  3.3236  3.2505  3.1714  3.0875
  3.0016  2.9164  2.8332  2.7524  2.6736  2.4861  2.3094  2.1386  1.9731  1.8149
  1.6630
  3.8129  3.7016  3.5988  3.5054  3.4224  3.3499  3.2846  3.2155  3.1413  3.0624
  2.9804  2.8978  2.8162  2.7362  2.6578  2.4688  2.2905  2.1195  1.9541  1.7961
  1.6450  1.4992
  3.8241  3.7040  3.5924  3.4904  3.3990  3.3195  3.2517  3.1852  3.1143  3.0395
  2.9615  2.8819  2.8026  2.7242  2.6468  2.4579  2.2784  2.1071  1.9420  1.7840
  1.6331  1.4880  1.3483  1.2142
  3.8553  3.7351  3.6172  3.5038  3.3985  3.3049  3.2268  3.1590  3.0897  3.0176
  2.9429  2.8665  2.7897  2.7135  2.6379  2.4508  2.2705  2.0988  1.9340  1.7760
  1.6252  1.4807  1.3415  1.2077  1.0791  0.9545  0.8332  0.7151  0.6002  0.4893
  3.8712  3.7577  3.6461  3.5361  3.4288  3.3264  3.2324  3.1506  3.0750  3.0005
  2.9260  2.8511  2.7764  2.7024  2.6291  2.4457  2.2653  2.0932  1.9285  1.7707
  1.6200  1.4758  1.3372  1.2037  1.0752  0.9511  0.8306  0.7135  0.5995  0.4888
  0.3819
  3.8749  3.7654  3.6590  3.5545  3.4517  3.3513  3.2561  3.1685  3.0866  3.0058
  2.9250  2.8450  2.7673  2.6920  2.6194  2.4410  2.2618  2.0893  1.9246  1.7671
  1.6165  1.4725  1.3344  1.2012  1.0728  0.9489  0.8289  0.7125  0.5994  0.4894
  0.3828
  3.8707  3.7629  3.6595  3.5591  3.4605  3.3635  3.2692  3.1798  3.0958  3.0156
  2.9363  2.8558  2.7744  2.6934  2.6149  2.4337  2.2571  2.0843  1.9193  1.7619
  1.6114  1.4674  1.3296  1.1967  1.0683  0.9444  0.8245  0.7085  0.5959  0.4865
  0.3803
  3.8676  3.7596  3.6573  3.5590  3.4636  3.3697  3.2776  3.1882  3.1023  3.0205
  2.9420  2.8651  2.7879  2.7094  2.6296  2.4337  2.2553  2.0833  1.9181  1.7608
  1.6106  1.4668  1.3290  1.1964  1.0681  0.9441  0.8242  0.7084  0.5962  0.4874
  0.3817
  3.8672  3.7580  3.6548  3.5571  3.4629  3.3712  3.2812  3.1929  3.1069  3.0237
  2.9439  2.8670  2.7922  2.7179  2.6427  2.4484  2.2563  2.0826  1.9175  1.7602
  1.6101  1.4664  1.3287  1.1962  1.0680  0.9439  0.8240  0.7081  0.5960  0.4875
  0.3823
  3.8693  3.7594  3.6551  3.5562  3.4621  3.3710  3.2822  3.1952  3.1099  3.0266
  2.9458  2.8677  2.7924  2.7193  2.6542  2.4778  2.2601  2.0822  1.9175
 [Fe/H] =  0.00 [alpha/Fe] = 0.00 BC value =F1130W
  3.9319  3.8455  3.7658  3.6907  3.6184  3.5459  3.4651  3.3716  3.2733  3.1750
  3.0795  2.9881  2.9016  2.8200  2.7426  2.5634  2.3936  2.2252  2.0588
  3.8672  3.7715  3.6848  3.6062  3.5344  3.4669  3.3970  3.3166  3.2277  3.1346
  3.0415  2.9509  2.8641  2.7813  2.7023  2.5178  2.3446  2.1751  2.0089  1.8494
  3.8317  3.7288  3.6352  3.5514  3.4771  3.4107  3.3465  3.2748  3.1942  3.1069
  3.0170  2.9277  2.8411  2.7579  2.6778  2.4899  2.3142  2.1441  1.9781  1.8189
  1.6669
  3.8140  3.7054  3.6054  3.5153  3.4357  3.3667  3.3048  3.2390  3.1654  3.0845
  2.9988  2.9119  2.8262  2.7430  2.6625  2.4724  2.2948  2.1244  1.9588  1.7998
  1.6483  1.5028
  3.8186  3.6979  3.5911  3.4938  3.4069  3.3319  3.2681  3.2061  3.1380  3.0631
  2.9825  2.8990  2.8151  2.7328  2.6525  2.4613  2.2821  2.1115  1.9464  1.7875
  1.6362  1.4913  1.3518  1.2176
  3.8402  3.7168  3.5995  3.4910  3.3931  3.3079  3.2370  3.1753  3.1108  3.0408
  2.9655  2.8861  2.8051  2.7244  2.6451  2.4541  2.2737  2.1026  1.9380  1.7796
  1.6282  1.4837  1.3449  1.2111  1.0824  0.9580  0.8369  0.7185  0.6035  0.4922
  3.8661  3.7493  3.6338  3.5204  3.4114  3.3104  3.2222  3.1512  3.0858  3.0182
  2.9467  2.8716  2.7942  2.7160  2.6383  2.4490  2.2680  2.0963  1.9321  1.7742
  1.6230  1.4786  1.3404  1.2072  1.0788  0.9547  0.8344  0.7172  0.6029  0.4918
  0.3844
  3.8754  3.7642  3.6553  3.5478  3.4422  3.3400  3.2440  3.1582  3.0814  3.0069
  2.9324  2.8574  2.7819  2.7061  2.6306  2.4449  2.2643  2.0920  1.9278  1.7704
  1.6195  1.4753  1.3374  1.2047  1.0766  0.9529  0.8330  0.7166  0.6032  0.4927
  0.3856
  3.8731  3.7648  3.6601  3.5579  3.4572  3.3583  3.2632  3.1747  3.0934  3.0157
  2.9373  2.8574  2.7773  2.6983  2.6214  2.4383  2.2594  2.0866  1.9220  1.7649
  1.6143  1.4702  1.3324  1.2000  1.0721  0.9485  0.8289  0.7129  0.6001  0.4903
  0.3836
  3.8687  3.7614  3.6588  3.5599  3.4633  3.3683  3.2753  3.1861  3.1020  3.0226
  2.9457  2.8685  2.7897  2.7093  2.6283  2.4349  2.2576  2.0853  1.9204  1.7634
  1.6133  1.4694  1.3317  1.1994  1.0718  0.9484  0.8289  0.7132  0.6009  0.4918
  0.3856
  3.8658  3.7572  3.6549  3.5572  3.4630  3.3710  3.2806  3.1924  3.1071  3.0255
  2.9474  2.8714  2.7960  2.7199  2.6423  2.4444  2.2562  2.0844  1.9195  1.7624
  1.6125  1.4688  1.3311  1.1989  1.0715  0.9482  0.8288  0.7132  0.6012  0.4924
  0.3867
  3.8666  3.7564  3.6525  3.5544  3.4607  3.3702  3.2818  3.1951  3.1102  3.0277
  2.9479  2.8709  2.7961  2.7224  2.6634  2.4668  2.2552  2.0839  1.9193
 [Fe/H] =  0.25 [alpha/Fe] = 0.00 BC value =F1130W
  3.9482  3.8642  3.7854  3.7120  3.6399  3.5644  3.4819  3.3893  3.2875  3.1869
  3.0895  2.9961  2.9078  2.8247  2.7468  2.5679  2.4000  2.2325  2.0661
  3.8781  3.7851  3.7007  3.6240  3.5546  3.4908  3.4217  3.3386  3.2456  3.1492
  3.0533  2.9602  2.8713  2.7868  2.7068  2.5221  2.3501  2.1816  2.0152  1.8545
  3.8384  3.7380  3.6472  3.5662  3.4947  3.4316  3.3707  3.2993  3.2156  3.1246
  3.0312  2.9389  2.8495  2.7641  2.6826  2.4940  2.3192  2.1500  1.9838  1.8236
  1.6704
  3.8167  3.7104  3.6133  3.5262  3.4500  3.3845  3.3261  3.2636  3.1892  3.1053
  3.0159  2.9253  2.8363  2.7504  2.6679  2.4762  2.2992  2.1297  1.9641  1.8041
  1.6518  1.5064
  3.8085  3.6968  3.5936  3.4998  3.4168  3.3458  3.2858  3.2282  3.1623  3.0862
  3.0025  2.9152  2.8275  2.7418  2.6588  2.4648  2.2857  2.1161  1.9512  1.7918
  1.6396  1.4945  1.3553  1.2211
  3.8212  3.7013  3.5897  3.4873  3.3956  3.3161  3.2502  3.1931  3.1332  3.0646
  2.9878  2.9051  2.8202  2.7356  2.6529  2.4575  2.2767  2.1064  1.9424  1.7837
  1.6316  1.4868  1.3481  1.2145  1.0857  0.9613  0.8404  0.7221  0.6070  0.4954
  3.8557  3.7338  3.6154  3.5013  3.3958  3.3019  3.2234  3.1607  3.1027  3.0400
  2.9697  2.8927  2.8118  2.7297  2.6481  2.4528  2.2707  2.0994  1.9359  1.7781
  1.6264  1.4816  1.3433  1.2102  1.0819  0.9580  0.8380  0.7209  0.6065  0.4952
  0.3876
  3.8731  3.7595  3.6473  3.5362  3.4276  3.3237  3.2280  3.1464  3.0794  3.0157
  2.9489  2.8770  2.8009  2.7222  2.6429  2.4494  2.2667  2.0945  1.9309  1.7739
  1.6229  1.4782  1.3400  1.2073  1.0794  0.9560  0.8365  0.7204  0.6070  0.4964
  0.3889
  3.8748  3.7654  3.6589  3.5541  3.4508  3.3497  3.2532  3.1649  3.0851  3.0116
  2.9383  2.8634  2.7875  2.7107  2.6338  2.4440  2.2618  2.0888  1.9246  1.7679
  1.6174  1.4730  1.3347  1.2022  1.0747  0.9516  0.8325  0.7169  0.6043  0.4944
  0.3874
  3.8712  3.7638  3.6606  3.5603  3.4619  3.3650  3.2707  3.1812  3.0985  3.0217
  2.9469  2.8705  2.7917  2.7117  2.6319  2.4406  2.2603  2.0872  1.9226  1.7660
  1.6161  1.4720  1.3339  1.2014  1.0741  0.9514  0.8326  0.7174  0.6054  0.4963
  0.3899
  3.8661  3.7585  3.6565  3.5585  3.4634  3.3703  3.2789  3.1902  3.1057  3.0261
  2.9503  2.8756  2.7999  2.7222  2.6428  2.4435  2.2585  2.0862  1.9213  1.7644
  1.6148  1.4712  1.3332  1.2007  1.0736  0.9511  0.8325  0.7176  0.6060  0.4974
  0.3915
  3.8639  3.7548  3.6517  3.5544  3.4607  3.3700  3.2812  3.1942  3.1097  3.0282
  2.9502  2.8748  2.8007  2.7265  2.6665  2.4527  2.2564  2.0858  1.9207
 [Fe/H] =  0.50 [alpha/Fe] = 0.00 BC value =F1130W
  3.9647  3.9153  3.8536  3.7811  3.6989  3.6081  3.5095  3.4051  3.3004  3.1985
  3.0999  3.0053  2.9155  2.8312  2.7521  2.5735  2.4065  2.2403  2.0735
  3.8894  3.7995  3.7167  3.6423  3.5802  3.5196  3.4483  3.3597  3.2620  3.1629
  3.0652  2.9704  2.8798  2.7939  2.7127  2.5277  2.3566  2.1891  2.0242  1.8635
  3.8453  3.7474  3.6597  3.5815  3.5134  3.4544  3.3968  3.3240  3.2357  3.1410
  3.0450  2.9504  2.8591  2.7718  2.6890  2.4991  2.3253  2.1571  1.9907  1.8295
  1.6757
  3.8200  3.7162  3.6218  3.5380  3.4654  3.4040  3.3501  3.2899  3.2128  3.1249
  3.0322  2.9387  2.8472  2.7590  2.6748  2.4809  2.3045  2.1361  1.9706  1.8099
  1.6566  1.5107
  3.8071  3.6982  3.5978  3.5074  3.4283  3.3614  3.3059  3.2527  3.1878  3.1090
  3.0217  2.9309  2.8403  2.7518  2.6666  2.4693  2.2902  2.1215  1.9573  1.7974
  1.6443  1.4987  1.3595  1.2253
  3.8084  3.6934  3.5864  3.4887  3.4015  3.3268  3.2657  3.2134  3.1578  3.0894
  3.0098  2.9236  2.8352  2.7475  2.6620  2.4621  2.2805  2.1109  1.9477  1.7890
  1.6364  1.4908  1.3519  1.2183  1.0894  0.9649  0.8441  0.7262  0.6113  0.4995
  3.8364  3.7178  3.5963  3.4877  3.3894  3.3034  3.2323  3.1753  3.1231  3.0642
  2.9935  2.9139  2.8296  2.7438  2.6590  2.4578  2.2739  2.1030  1.9403  1.7830
  1.6311  1.4856  1.3468  1.2135  1.0852  0.9613  0.8414  0.7248  0.6106  0.4993
  0.3914
  3.8664  3.7494  3.6331  3.5184  3.4084  3.3063  3.2168  3.1454  3.0886  3.0340
  2.9717  2.8997  2.8210  2.7389  2.6560  2.4553  2.2698  2.0974  1.9345  1.7782
  1.6273  1.4821  1.3433  1.2102  1.0823  0.9590  0.8398  0.7241  0.6112  0.5006
  0.3930
  3.8741  3.7633  3.6543  3.5464  3.4399  3.3364  3.2383  3.1494  3.0735  3.0092
  2.9467  2.8794  2.8063  2.7288  2.6490  2.4512  2.2650  2.0913  1.9276  1.7715
  1.6214  1.4767  1.3378  1.2048  1.0772  0.9543  0.8356  0.7207  0.6086  0.4990
  0.3918
  3.8732  3.7654  3.6611  3.5589  3.4581  3.3590  3.2630  3.1729  3.0904  3.0156
  2.9448  2.8727  2.7979  2.7210  2.6430  2.4494  2.2640  2.0895  1.9250  1.7689
  1.6194  1.4754  1.3368  1.2038  1.0763  0.9539  0.8357  0.7212  0.6099  0.5011
  0.3948
  3.8673  3.7606  3.6584  3.5598  3.4633  3.3685  3.2756  3.1862  3.1020  3.0241
  2.9508  2.8780  2.8031  2.7254  2.6460  2.4481  2.2629  2.0885  1.9233  1.7668
  1.6175  1.4741  1.3359  1.2031  1.0756  0.9534  0.8355  0.7215  0.6106  0.5024
  0.3968
  3.8627  3.7546  3.6527  3.5553  3.4614  3.3698  3.2800  3.1924  3.1078  3.0274
  2.9515  2.8783  2.8055  2.7310  2.6580  2.4473  2.2617  2.0883  1.9225
 [Fe/H] =  0.75 [alpha/Fe] = 0.00 BC value =F1130W
  3.9808  3.9279  3.8640  3.7905  3.7084  3.6185  3.5218  3.4189  3.3124  3.2096
  3.1104  3.0151  2.9245  2.8391  2.7592  2.5803  2.4132  2.2479  2.0810
  3.9009  3.8138  3.7331  3.6611  3.6043  3.5481  3.4752  3.3788  3.2769  3.1759
  3.0770  2.9813  2.8896  2.8025  2.7204  2.5344  2.3644  2.1973  2.0306  1.8681
  3.8516  3.7530  3.6728  3.5978  3.5333  3.4787  3.4245  3.3482  3.2543  3.1563
  3.0584  2.9624  2.8697  2.7811  2.6970  2.5057  2.3326  2.1653  1.9989  1.8367
  1.6820
  3.8234  3.7223  3.6310  3.5506  3.4819  3.4251  3.3757  3.3168  3.2354  3.1432
  3.0476  2.9521  2.8589  2.7691  2.6832  2.4870  2.3109  2.1435  1.9785  1.8171
  1.6628  1.5160
  3.8069  3.7003  3.6028  3.5157  3.4405  3.3783  3.3280  3.2793  3.2138  3.1308
  3.0398  2.9463  2.8534  2.7629  2.6758  2.4752  2.2957  2.1279  1.9645  1.8044
  1.6504  1.5039  1.3644  1.2301
  3.8012  3.6896  3.5861  3.4921  3.4091  3.3389  3.2830  3.2361  3.1843  3.1143
  3.0311  2.9415  2.8503  2.7600  2.6723  2.4681  2.2851  2.1161  1.9541  1.7957
  1.6425  1.4961  1.3566  1.2227  1.0937  0.9690  0.8481  0.7305  0.6160  0.5043
  3.8160  3.6958  3.5844  3.4817  3.3894  3.3093  3.2439  3.1926  3.1461  3.0900
  3.0176  2.9347  2.8470  2.7583  2.6708  2.4644  2.2781  2.1073  1.9456  1.7890
  1.6369  1.4908  1.3513  1.2177  1.0891  0.9650  0.8451  0.7287  0.6151  0.5041
  0.3960
  3.8535  3.7310  3.6122  3.4977  3.3913  3.2966  3.2166  3.1545  3.1047  3.0565
  2.9966  2.9230  2.8411  2.7557  2.6698  2.4628  2.2739  2.1009  1.9387  1.7833
  1.6327  1.4872  1.3477  1.2141  1.0858  0.9623  0.8432  0.7279  0.6155  0.5054
  0.3978
  3.8699  3.7567  3.6443  3.5331  3.4236  3.3181  3.2204  3.1362  3.0703  3.0183
  2.9660  2.9025  2.8284  2.7480  2.6651  2.4600  2.2694  2.0944  1.9310  1.7758
  1.6261  1.4814  1.3421  1.2085  1.0804  0.9573  0.8388  0.7242  0.6128  0.5038
  0.3969
  3.8733  3.7647  3.6587  3.5542  3.4507  3.3491  3.2513  3.1600  3.0772  3.0052
  2.9432  2.8814  2.8133  2.7388  2.6602  2.4599  2.2691  2.0925  1.9278  1.7722
  1.6234  1.4797  1.3409  1.2074  1.0793  0.9566  0.8385  0.7246  0.6140  0.5059
  0.4001
  3.8686  3.7619  3.6593  3.5595  3.4614  3.3646  3.2700  3.1797  3.0955  3.0181
  2.9467  2.8779  2.8070  2.7324  2.6550  2.4586  2.2690  2.0916  1.9257  1.7694
  1.6207  1.4777  1.3396  1.2065  1.0786  0.9560  0.8381  0.7246  0.6146  0.5073
  0.4022
  3.8620  3.7552  3.6538  3.5563  3.4617  3.3689  3.2778  3.1891  3.1045  3.0250
  2.9508  2.8800  2.8091  2.7355  2.6495  2.4561  2.2691  2.0917  1.9247
 [Fe/H] =  1.00 [alpha/Fe] = 0.00 BC value =F1130W
  3.9953  3.9422  3.8780  3.8041  3.7215  3.6311  3.5338  3.4302  3.3230  3.2197
  3.1204  3.0251  2.9341  2.8481  2.7675  2.5875  2.4200  2.2551  2.0887
  3.9123  3.8401  3.7699  3.7014  3.6347  3.5696  3.4974  3.3949  3.2904  3.1881
  3.0887  2.9925  2.9003  2.8125  2.7297  2.5426  2.3732  2.2056  2.0388  1.8756
  3.8592  3.7716  3.6864  3.6148  3.5543  3.5038  3.4543  3.3703  3.2710  3.1706
  3.0715  2.9747  2.8812  2.7917  2.7067  2.5139  2.3412  2.1744  2.0078  1.8450
  1.6890
  3.8271  3.7288  3.6408  3.5640  3.4995  3.4475  3.4026  3.3435  3.2563  3.1601
  3.0624  2.9656  2.8713  2.7804  2.6934  2.4949  2.3187  2.1522  1.9874  1.8256
  1.6700  1.5223
  3.8069  3.7028  3.6083  3.5248  3.4538  3.3965  3.3519  3.3068  3.2389  3.1511
  3.0568  2.9613  2.8669  2.7750  2.6865  2.4828  2.3025  2.1355  1.9730  1.8127
  1.6579  1.5103  1.3700  1.2355
  3.7964  3.6875  3.5870  3.4964  3.4173  3.3520  3.3018  3.2608  3.2116  3.1385
  3.0511  2.9586  2.8652  2.7733  2.6839  2.4759  2.2910  2.1224  1.9615  1.8035
  1.6498  1.5025  1.3622  1.2279  1.0986  0.9737  0.8526  0.7353  0.6212  0.5097
  3.7999  3.6844  3.5776  3.4794  3.3917  3.3167  3.2569  3.2118  3.1711  3.1166
  3.0410  2.9545  2.8640  2.7731  2.6836  2.4727  2.2836  2.1123  1.9517  1.7960
  1.6439  1.4972  1.3569  1.2226  1.0936  0.9694  0.8493  0.7329  0.6198  0.5094
  0.4013
  3.8327  3.7076  3.5905  3.4813  3.3819  3.2945  3.2220  3.1669  3.1236  3.0812
  3.0222  2.9459  2.8608  2.7725  2.6842  2.4721  2.2795  2.1051  1.9436  1.7892
  1.6390  1.4932  1.3532  1.2189  1.0902  0.9664  0.8471  0.7318  0.6198  0.5103
  0.4032
  3.8607  3.7444  3.6281  3.5134  3.4022  3.2986  3.2072  3.1333  3.0791  3.0358
  2.9897  2.9271  2.8507  2.7673  2.6815  2.4705  2.2755  2.0984  1.9349  1.7806
  1.6317  1.4870  1.3474  1.2132  1.0846  0.9611  0.8423  0.7278  0.6169  0.5086
  0.4022
  3.8703  3.7603  3.6522  3.5449  3.4385  3.3344  3.2346  3.1426  3.0632  3.0001
  2.9519  2.9008  2.8358  2.7600  2.6788  2.4719  2.2759  2.0964  1.9310  1.7760
  1.6280  1.4846  1.3458  1.2120  1.0834  0.9602  0.8418  0.7278  0.6178  0.5105
  0.4054
  3.8683  3.7614  3.6580  3.5566  3.4564  3.3575  3.2611  3.1697  3.0850  3.0074
  2.9381  2.8774  2.8161  2.7474  2.6719  2.4721  2.2770  2.0958  1.9287  1.7725
  1.6244  1.4819  1.3441  1.2109  1.0826  0.9594  0.8412  0.7276  0.6181  0.5116
  0.4075
  3.8613  3.7553  3.6539  3.5561  3.4604  3.3661  3.2736  3.1840  3.0992  3.0203
  2.9469  2.8779  2.8106  2.7409  2.6608  2.4711  2.2788  2.0966  1.9280
