 [Fe/H] = -4.00 [alpha/Fe] = 0.40 BC value = F444W
  0.9521  0.9921  0.9154  0.4615 -0.3573 -0.9339 -0.9361 -0.8830 -0.8185 -0.7621
 -0.9430 -1.0412 -0.9066 -0.6847 -0.6078 -0.7663
  0.5226  0.5596  0.5515  0.3684  0.0034 -0.2917 -0.3776 -0.4605 -0.5282 -0.5774
 -0.6805 -0.7265 -0.6777 -0.6040 -0.5974 -0.7820 -0.9575 -1.1205 -1.3148
  0.2870  0.2830  0.2775  0.2213  0.1067 -0.0192 -0.1272 -0.2509 -0.3631 -0.4517
 -0.5130 -0.5434 -0.5547 -0.5713 -0.6101 -0.7967 -0.9753 -1.1539 -1.3347 -1.5089
 -1.6330
  0.2453  0.1623  0.0934  0.0202 -0.0474 -0.1164 -0.1849 -0.2542 -0.3232 -0.3850
 -0.4405 -0.4920 -0.5376 -0.5865 -0.6459 -0.8104 -1.0018 -1.1745 -1.3415 -1.5018
 -1.6536 -1.7988 -1.9376
  0.1434  0.0861  0.0331 -0.0246 -0.0845 -0.1479 -0.2131 -0.2792 -0.3458 -0.4111
 -0.4723 -0.5287 -0.5804 -0.6305 -0.6832 -0.8318 -1.0092 -1.1869 -1.3550 -1.5143
 -1.6657 -1.8102 -1.9484 -2.0812 -2.2096
  0.0395 -0.0005 -0.0413 -0.0857 -0.1356 -0.1905 -0.2494 -0.3104 -0.3726 -0.4350
 -0.4964 -0.5553 -0.6105 -0.6606 -0.7137 -0.8532 -1.0174 -1.1948 -1.3643 -1.5239
 -1.6753 -1.8195 -1.9573 -2.0894 -2.2165 -2.3396
 -0.0664 -0.0975 -0.1298 -0.1631 -0.2006 -0.2442 -0.2938 -0.3478 -0.4043 -0.4624
 -0.5210 -0.5787 -0.6344 -0.6860 -0.7374 -0.8746 -1.0264 -1.1982 -1.3694 -1.5306
 -1.6824 -1.8267 -1.9643 -2.0961 -2.2225 -2.3444 -2.4626 -2.5774 -2.6891 -2.7985
 -0.1742 -0.2049 -0.2324 -0.2570 -0.2828 -0.3133 -0.3501 -0.3937 -0.4423 -0.4942
 -0.5482 -0.6031 -0.6576 -0.7095 -0.7597 -0.8912 -1.0376 -1.1999 -1.3700 -1.5336
 -1.6871 -1.8319 -1.9697 -2.1014 -2.2275 -2.3488 -2.4659 -2.5793 -2.6896 -2.7972
 -2.9028
 -0.2822 -0.3153 -0.3420 -0.3630 -0.3810 -0.3998 -0.4227 -0.4525 -0.4898 -0.5330
 -0.5799 -0.6298 -0.6814 -0.7330 -0.7823 -0.9076 -1.0476 -1.2028 -1.3674 -1.5322
 -1.6884 -1.8350 -1.9735 -2.1055 -2.2316 -2.3527 -2.4693 -2.5819 -2.6910 -2.7971
 -2.9007
 -0.3782 -0.4212 -0.4536 -0.4765 -0.4917 -0.5027 -0.5141 -0.5298 -0.5527 -0.5835
 -0.6207 -0.6628 -0.7088 -0.7572 -0.8052 -0.9263 -1.0592 -1.2082 -1.3672 -1.5296
 -1.6882 -1.8378 -1.9782 -2.1111 -2.2378 -2.3590 -2.4755 -2.5878 -2.6963 -2.8015
 -2.9038
 -0.4693 -0.5169 -0.5544 -0.5828 -0.6003 -0.6107 -0.6165 -0.6218 -0.6306 -0.6471
 -0.6725 -0.7051 -0.7427 -0.7836 -0.8265 -0.9422 -1.0708 -1.2127 -1.3655 -1.5232
 -1.6808 -1.8330 -1.9765 -2.1113 -2.2391 -2.3609 -2.4776 -2.5897 -2.6979 -2.8025
 -2.9060
 -0.5428 -0.6024 -0.6480 -0.6811 -0.7040 -0.7178 -0.7233 -0.7246 -0.7249 -0.7306
 -0.7430 -0.7618 -0.7867 -0.8175 -0.8538 -0.9623 -1.0863 -1.2194 -1.3660 -1.5185
 -1.6726 -1.8246 -1.9706 -2.1085 -2.2384 -2.3616 -2.4791 -2.5917 -2.6999 -2.8043
 -2.9054
 -0.5987 -0.6776 -0.7344 -0.7714 -0.8028 -0.8240 -0.8279 -0.8301 -0.8282 -0.8278
 -0.8300 -0.8346 -0.8415 -0.8589 -0.8869 -0.9867 -1.1057 -1.2283 -1.3687
 [Fe/H] = -3.00 [alpha/Fe] = 0.40 BC value = F444W
  0.2236  0.1388  0.0601 -0.0176 -0.0959 -0.1258 -0.1020 -0.1179 -0.1754 -0.2685
 -0.3902 -0.4888 -0.5325 -0.5525 -0.5906 -0.7697
  0.2522  0.1683  0.0880  0.0092 -0.0688 -0.1218 -0.1460 -0.1837 -0.2365 -0.3033
 -0.3826 -0.4554 -0.5103 -0.5582 -0.6151 -0.7966 -0.9695 -1.1341 -1.2969
  0.2617  0.1809  0.1016  0.0237 -0.0528 -0.1200 -0.1754 -0.2287 -0.2812 -0.3342
 -0.3887 -0.4455 -0.5055 -0.5693 -0.6372 -0.8187 -0.9913 -1.1567 -1.3219 -1.4827
 -1.6346
  0.2521  0.1766  0.1009  0.0259 -0.0479 -0.1204 -0.1902 -0.2531 -0.3097 -0.3611
 -0.4086 -0.4591 -0.5182 -0.5858 -0.6569 -0.8360 -1.0083 -1.1746 -1.3408 -1.4998
 -1.6514 -1.7963 -1.9359
  0.2234  0.1554  0.0859  0.0158 -0.0541 -0.1230 -0.1904 -0.2569 -0.3218 -0.3840
 -0.4423 -0.4961 -0.5483 -0.6078 -0.6742 -0.8485 -1.0205 -1.1878 -1.3536 -1.5126
 -1.6639 -1.8083 -1.9465 -2.0795 -2.2081
  0.1756  0.1173  0.0566 -0.0066 -0.0714 -0.1368 -0.2019 -0.2661 -0.3297 -0.3930
 -0.4562 -0.5181 -0.5748 -0.6313 -0.6930 -0.8590 -1.0287 -1.1967 -1.3628 -1.5219
 -1.6732 -1.8174 -1.9552 -2.0874 -2.2148 -2.3381
  0.1082  0.0601  0.0101 -0.0433 -0.1003 -0.1602 -0.2217 -0.2835 -0.3452 -0.4068
 -0.4687 -0.5309 -0.5925 -0.6489 -0.7096 -0.8702 -1.0348 -1.2013 -1.3681 -1.5284
 -1.6801 -1.8243 -1.9620 -2.0938 -2.2205 -2.3426 -2.4610 -2.5760 -2.6879 -2.7973
  0.0261 -0.0148 -0.0552 -0.0974 -0.1439 -0.1954 -0.2506 -0.3081 -0.3669 -0.4263
 -0.4861 -0.5465 -0.6071 -0.6647 -0.7232 -0.8800 -1.0408 -1.2031 -1.3692 -1.5315
 -1.6846 -1.8294 -1.9672 -2.0990 -2.2253 -2.3468 -2.4642 -2.5779 -2.6883 -2.7960
 -2.9016
 -0.0332 -0.0911 -0.1361 -0.1695 -0.2049 -0.2455 -0.2915 -0.3420 -0.3958 -0.4515
 -0.5084 -0.5663 -0.6249 -0.6828 -0.7385 -0.8890 -1.0460 -1.2046 -1.3692 -1.5303
 -1.6853 -1.8324 -1.9709 -2.1030 -2.2293 -2.3505 -2.4674 -2.5805 -2.6901 -2.7963
 -2.8995
 -0.1632 -0.1894 -0.2209 -0.2571 -0.2847 -0.3141 -0.3491 -0.3899 -0.4358 -0.4855
 -0.5378 -0.5921 -0.6477 -0.7039 -0.7583 -0.9016 -1.0525 -1.2080 -1.3666 -1.5282
 -1.6860 -1.8353 -1.9755 -2.1085 -2.2353 -2.3567 -2.4735 -2.5859 -2.6947 -2.8000
 -2.9025
 -0.2402 -0.2809 -0.3179 -0.3515 -0.3751 -0.3985 -0.4229 -0.4526 -0.4882 -0.5291
 -0.5744 -0.6230 -0.6742 -0.7269 -0.7799 -0.9162 -1.0593 -1.2095 -1.3641 -1.5218
 -1.6791 -1.8308 -1.9739 -2.1087 -2.2366 -2.3585 -2.4755 -2.5878 -2.6962 -2.8010
 -2.9046
 -0.3143 -0.3657 -0.4078 -0.4414 -0.4649 -0.4816 -0.4991 -0.5328 -0.5572 -0.5874
 -0.6231 -0.6637 -0.7082 -0.7557 -0.8052 -0.9344 -1.0698 -1.2134 -1.3633 -1.5167
 -1.6710 -1.8227 -1.9684 -2.1061 -2.2360 -2.3592 -2.4770 -2.5897 -2.6981 -2.8027
 -2.9040
 -0.3856 -0.4437 -0.4905 -0.5269 -0.5540 -0.5634 -0.5987 -0.6127 -0.6299 -0.6625
 -0.6873 -0.7175 -0.7529 -0.7928 -0.8342 -0.9562 -1.0840 -1.2197 -1.3642
 [Fe/H] = -2.50 [alpha/Fe] = 0.40 BC value = F444W
  0.1723  0.0799  0.0060 -0.0222 -0.0066  0.0173  0.0139 -0.0261 -0.0989 -0.1979
 -0.2932 -0.3829 -0.4591 -0.5277 -0.5982 -0.7775
  0.2139  0.1234  0.0430 -0.0132 -0.0460 -0.0695 -0.0989 -0.1403 -0.1956 -0.2639
 -0.3352 -0.4097 -0.4833 -0.5554 -0.6280 -0.8075 -0.9776 -1.1409 -1.2962
  0.2414  0.1537  0.0702 -0.0037 -0.0679 -0.1233 -0.1725 -0.2189 -0.2665 -0.3175
 -0.3736 -0.4366 -0.5059 -0.5785 -0.6518 -0.8312 -1.0011 -1.1626 -1.3212 -1.4780
 -1.6330
  0.2548  0.1708  0.0876  0.0063 -0.0723 -0.1441 -0.2069 -0.2619 -0.3116 -0.3587
 -0.4084 -0.4636 -0.5269 -0.5970 -0.6696 -0.8486 -1.0190 -1.1801 -1.3403 -1.4983
 -1.6497 -1.7945 -1.9337
  0.2541  0.1747  0.0952  0.0168 -0.0592 -0.1319 -0.2021 -0.2693 -0.3309 -0.3875
 -0.4396 -0.4907 -0.5463 -0.6109 -0.6814 -0.8597 -1.0313 -1.1934 -1.3535 -1.5110
 -1.6620 -1.8064 -1.9447 -2.0778 -2.2066
  0.2374  0.1648  0.0908  0.0165 -0.0569 -0.1283 -0.1968 -0.2623 -0.3272 -0.3916
 -0.4540 -0.5130 -0.5675 -0.6254 -0.6912 -0.8667 -1.0389 -1.2027 -1.3630 -1.5202
 -1.6712 -1.8153 -1.9532 -2.0856 -2.2131 -2.3367
  0.2014  0.1380  0.0722  0.0044 -0.0644 -0.1332 -0.2007 -0.2660 -0.3292 -0.3917
 -0.4553 -0.5198 -0.5817 -0.6400 -0.7022 -0.8716 -1.0430 -1.2079 -1.3690 -1.5266
 -1.6778 -1.8221 -1.9597 -2.0917 -2.2186 -2.3409 -2.4595 -2.5747 -2.6867 -2.7960
  0.1446  0.0914  0.0358 -0.0228 -0.0841 -0.1476 -0.2120 -0.2760 -0.3390 -0.4006
 -0.4619 -0.5244 -0.5884 -0.6493 -0.7109 -0.8765 -1.0452 -1.2099 -1.3712 -1.5298
 -1.6822 -1.8269 -1.9648 -2.0967 -2.2232 -2.3449 -2.4625 -2.5764 -2.6870 -2.7947
 -2.9005
  0.0711  0.0253 -0.0203 -0.0680 -0.1195 -0.1748 -0.2331 -0.2931 -0.3540 -0.4148
 -0.4751 -0.5354 -0.5969 -0.6585 -0.7182 -0.8808 -1.0467 -1.2097 -1.3701 -1.5293
 -1.6837 -1.8298 -1.9684 -2.1005 -2.2270 -2.3484 -2.4654 -2.5786 -2.6881 -2.7944
 -2.8984
 -0.0114 -0.0550 -0.0948 -0.1328 -0.1736 -0.2186 -0.2683 -0.3216 -0.3778 -0.4357
 -0.4942 -0.5530 -0.6123 -0.6720 -0.7302 -0.8870 -1.0496 -1.2110 -1.3695 -1.5280
 -1.6841 -1.8327 -1.9729 -2.1059 -2.2328 -2.3544 -2.4713 -2.5841 -2.6931 -2.7986
 -2.9013
 -0.0934 -0.1391 -0.1785 -0.2123 -0.2442 -0.2792 -0.3184 -0.3626 -0.4113 -0.4635
 -0.5181 -0.5742 -0.6311 -0.6885 -0.7456 -0.8945 -1.0514 -1.2097 -1.3661 -1.5220
 -1.6777 -1.8286 -1.9714 -2.1061 -2.2340 -2.3561 -2.4732 -2.5858 -2.6944 -2.7994
 -2.9033
 -0.1727 -0.2223 -0.2640 -0.2993 -0.3291 -0.3563 -0.3862 -0.4204 -0.4596 -0.5034
 -0.5514 -0.6025 -0.6556 -0.7101 -0.7651 -0.9069 -1.0564 -1.2099 -1.3636 -1.5167
 -1.6700 -1.8210 -1.9662 -2.1036 -2.2334 -2.3567 -2.4746 -2.5876 -2.6962 -2.8010
 -2.9025
 -0.2494 -0.3046 -0.3479 -0.3877 -0.4192 -0.4453 -0.4695 -0.4950 -0.5247 -0.5589
 -0.5979 -0.6414 -0.6885 -0.7383 -0.7887 -0.9242 -1.0646 -1.2116 -1.3620
 [Fe/H] = -2.00 [alpha/Fe] = 0.40 BC value = F444W
  0.3047  0.2598  0.2108  0.1498  0.0928  0.0330 -0.0304 -0.0993 -0.1704 -0.2416
 -0.3131 -0.3841 -0.4541 -0.5254 -0.6129 -0.7898
  0.2402  0.1790  0.1225  0.0692  0.0161 -0.0390 -0.0976 -0.1603 -0.2247 -0.2895
 -0.3556 -0.4238 -0.4941 -0.5661 -0.6436 -0.8208 -0.9871 -1.1477 -1.3010
  0.2160  0.1424  0.0765  0.0165 -0.0399 -0.0952 -0.1516 -0.2099 -0.2692 -0.3288
 -0.3899 -0.4543 -0.5229 -0.5946 -0.6671 -0.8447 -1.0121 -1.1715 -1.3243 -1.4790
 -1.6298
  0.2321  0.1500  0.0728 -0.0083 -0.0752 -0.1357 -0.1924 -0.2481 -0.3039 -0.3595
 -0.4160 -0.4756 -0.5405 -0.6109 -0.6834 -0.8615 -1.0305 -1.1899 -1.3428 -1.4966
 -1.6467 -1.7919 -1.9312
  0.2575  0.1728  0.0891  0.0069 -0.0720 -0.1459 -0.2134 -0.2742 -0.3311 -0.3859
 -0.4399 -0.4950 -0.5543 -0.6209 -0.6925 -0.8712 -1.0423 -1.2029 -1.3565 -1.5094
 -1.6593 -1.8035 -1.9419 -2.0752 -2.2042
  0.2642  0.1834  0.1023  0.0223 -0.0556 -0.1311 -0.2036 -0.2728 -0.3385 -0.4003
 -0.4580 -0.5135 -0.5693 -0.6296 -0.6980 -0.8762 -1.0490 -1.2116 -1.3664 -1.5188
 -1.6682 -1.8122 -1.9501 -2.0826 -2.2104 -2.3343
  0.2574  0.1818  0.1050  0.0276 -0.0491 -0.1239 -0.1954 -0.2631 -0.3287 -0.3946
 -0.4600 -0.5232 -0.5823 -0.6406 -0.7035 -0.8782 -1.0519 -1.2165 -1.3729 -1.5254
 -1.6747 -1.8186 -1.9564 -2.0885 -2.2156 -2.3383 -2.4573 -2.5728 -2.6848 -2.7939
  0.2346  0.1661  0.0955  0.0232 -0.0498 -0.1223 -0.1934 -0.2619 -0.3275 -0.3911
 -0.4548 -0.5202 -0.5857 -0.6478 -0.7098 -0.8789 -1.0522 -1.2181 -1.3760 -1.5293
 -1.6789 -1.8233 -1.9612 -2.0932 -2.2199 -2.3419 -2.4599 -2.5742 -2.6850 -2.7927
 -2.8983
  0.1921  0.1328  0.0705  0.0057 -0.0610 -0.1290 -0.1973 -0.2649 -0.3310 -0.3951
 -0.4577 -0.5205 -0.5849 -0.6493 -0.7124 -0.8797 -1.0510 -1.2172 -1.3762 -1.5301
 -1.6807 -1.8260 -1.9645 -2.0967 -2.2234 -2.3451 -2.4625 -2.5760 -2.6858 -2.7924
 -2.8963
  0.1294  0.0799  0.0268 -0.0291 -0.0877 -0.1486 -0.2114 -0.2755 -0.3399 -0.4038
 -0.4665 -0.5286 -0.5908 -0.6539 -0.7162 -0.8813 -1.0510 -1.2169 -1.3762 -1.5305
 -1.6821 -1.8290 -1.9689 -2.1019 -2.2290 -2.3508 -2.4680 -2.5811 -2.6905 -2.7964
 -2.8992
  0.0551  0.0105 -0.0345 -0.0812 -0.1304 -0.1825 -0.2374 -0.2950 -0.3549 -0.4161
 -0.4776 -0.5390 -0.6001 -0.6614 -0.7225 -0.8816 -1.0484 -1.2131 -1.3720 -1.5258
 -1.6771 -1.8255 -1.9674 -2.1020 -2.2299 -2.3522 -2.4696 -2.5825 -2.6915 -2.7969
 -2.9011
 -0.0219 -0.0686 -0.1099 -0.1498 -0.1907 -0.2336 -0.2795 -0.3286 -0.3814 -0.4370
 -0.4949 -0.5540 -0.6136 -0.6733 -0.7330 -0.8858 -1.0473 -1.2094 -1.3676 -1.5204
 -1.6705 -1.8189 -1.9627 -2.0996 -2.2292 -2.3526 -2.4707 -2.5840 -2.6930 -2.7982
 -2.9000
 -0.0998 -0.1486 -0.1915 -0.2294 -0.2650 -0.3007 -0.3384 -0.3787 -0.4226 -0.4705
 -0.5220 -0.5764 -0.6327 -0.6901 -0.7477 -0.8939 -1.0477 -1.2058 -1.3630
 [Fe/H] = -1.50 [alpha/Fe] = 0.40 BC value = F444W
  0.3338  0.2765  0.2220  0.1675  0.1082  0.0433 -0.0278 -0.1057 -0.1846 -0.2617
 -0.3356 -0.4060 -0.4740 -0.5416 -0.6108 -0.7854
  0.2722  0.2132  0.1572  0.1026  0.0458 -0.0156 -0.0833 -0.1570 -0.2314 -0.3045
 -0.3756 -0.4449 -0.5135 -0.5828 -0.6531 -0.8282 -0.9951 -1.1527 -1.3054
  0.2331  0.1689  0.1092  0.0526 -0.0036 -0.0625 -0.1267 -0.1962 -0.2666 -0.3362
 -0.4046 -0.4723 -0.5405 -0.6105 -0.6816 -0.8575 -1.0239 -1.1813 -1.3317 -1.4788
 -1.6265
  0.2165  0.1436  0.0780  0.0175 -0.0400 -0.0974 -0.1580 -0.2233 -0.2902 -0.3568
 -0.4226 -0.4882 -0.5550 -0.6247 -0.6963 -0.8733 -1.0418 -1.2002 -1.3502 -1.4972
 -1.6440 -1.7875 -1.9269
  0.2358  0.1545  0.0720 -0.0008 -0.0657 -0.1257 -0.1846 -0.2461 -0.3099 -0.3738
 -0.4369 -0.5000 -0.5644 -0.6323 -0.7035 -0.8814 -1.0522 -1.2125 -1.3635 -1.5105
 -1.6563 -1.7994 -1.9378 -2.0713 -2.2006
  0.2644  0.1799  0.0967  0.0160 -0.0610 -0.1335 -0.2008 -0.2638 -0.3264 -0.3888
 -0.4505 -0.5116 -0.5730 -0.6375 -0.7068 -0.8850 -1.0575 -1.2201 -1.3728 -1.5200
 -1.6652 -1.8078 -1.9456 -2.0783 -2.2064 -2.3307
  0.2745  0.1937  0.1129  0.0328 -0.0453 -0.1198 -0.1915 -0.2615 -0.3298 -0.3959
 -0.4597 -0.5216 -0.5825 -0.6437 -0.7091 -0.8856 -1.0593 -1.2241 -1.3788 -1.5267
 -1.6717 -1.8139 -1.9515 -2.0837 -2.2111 -2.3342 -2.4538 -2.5698 -2.6822 -2.7910
  0.2732  0.1963  0.1190  0.0413 -0.0361 -0.1120 -0.1851 -0.2547 -0.3219 -0.3886
 -0.4560 -0.5229 -0.5877 -0.6505 -0.7132 -0.8847 -1.0588 -1.2252 -1.3819 -1.5311
 -1.6761 -1.8183 -1.9558 -2.0880 -2.2149 -2.3373 -2.4558 -2.5707 -2.6821 -2.7899
 -2.8950
  0.2606  0.1886  0.1157  0.0417 -0.0331 -0.1077 -0.1812 -0.2523 -0.3206 -0.3864
 -0.4512 -0.5168 -0.5837 -0.6502 -0.7156 -0.8834 -1.0567 -1.2241 -1.3826 -1.5330
 -1.6795 -1.8209 -1.9588 -2.0911 -2.2180 -2.3400 -2.4579 -2.5720 -2.6824 -2.7894
 -2.8931
  0.2308  0.1673  0.1007  0.0316 -0.0389 -0.1103 -0.1819 -0.2526 -0.3218 -0.3888
 -0.4539 -0.5180 -0.5826 -0.6482 -0.7142 -0.8835 -1.0557 -1.2236 -1.3833 -1.5350
 -1.6814 -1.8243 -1.9629 -2.0959 -2.2231 -2.3453 -2.4630 -2.5766 -2.6865 -2.7930
 -2.8961
  0.1845  0.1294  0.0716  0.0097 -0.0547 -0.1209 -0.1884 -0.2563 -0.3241 -0.3911
 -0.4568 -0.5212 -0.5849 -0.6487 -0.7130 -0.8793 -1.0510 -1.2191 -1.3794 -1.5319
 -1.6787 -1.8221 -1.9617 -2.0957 -2.2238 -2.3463 -2.4641 -2.5775 -2.6870 -2.7930
 -2.8977
  0.1240  0.0755  0.0247 -0.0286 -0.0853 -0.1445 -0.2057 -0.2685 -0.3326 -0.3973
 -0.4621 -0.5264 -0.5900 -0.6531 -0.7161 -0.8769 -1.0456 -1.2131 -1.3743 -1.5273
 -1.6741 -1.8175 -1.9580 -2.0935 -2.2229 -2.3464 -2.4649 -2.5785 -2.6880 -2.7937
 -2.8960
  0.0515  0.0068 -0.0382 -0.0840 -0.1326 -0.1838 -0.2374 -0.2932 -0.3512 -0.4113
 -0.4727 -0.5351 -0.5977 -0.6601 -0.7235 -0.8763 -1.0395 -1.2056 -1.3680
 [Fe/H] = -1.00 [alpha/Fe] = 0.40 BC value = F444W
  0.3696  0.3123  0.2547  0.1940  0.1272  0.0539 -0.0250 -0.1078 -0.1701 -0.2706
 -0.3479 -0.4210 -0.4917 -0.5598 -0.6264 -0.7946
  0.3096  0.2503  0.1920  0.1329  0.0700  0.0019 -0.0722 -0.1518 -0.2326 -0.3118
 -0.3883 -0.4614 -0.5317 -0.6002 -0.6683 -0.8392 -1.0051 -1.1613 -1.3104
  0.2650  0.2030  0.1435  0.0852  0.0255 -0.0378 -0.1068 -0.1826 -0.2608 -0.3386
 -0.4143 -0.4873 -0.5576 -0.6266 -0.6958 -0.8689 -1.0348 -1.1918 -1.3400 -1.4831
 -1.6250
  0.2358  0.1704  0.1092  0.0509 -0.0063 -0.0652 -0.1288 -0.2002 -0.2752 -0.3510
 -0.4259 -0.4987 -0.5694 -0.6390 -0.7089 -0.8837 -1.0518 -1.2105 -1.3590 -1.5018
 -1.6429 -1.7832 -1.9214
  0.2223  0.1502  0.0847  0.0242 -0.0330 -0.0894 -0.1480 -0.2138 -0.2850 -0.3581
 -0.4313 -0.5035 -0.5742 -0.6441 -0.7144 -0.8905 -1.0606 -1.2215 -1.3717 -1.5151
 -1.6557 -1.7949 -1.9321 -2.0655 -2.1952
  0.2454  0.1587  0.0791  0.0084 -0.0543 -0.1120 -0.1684 -0.2284 -0.2951 -0.3648
 -0.4355 -0.5062 -0.5761 -0.6458 -0.7159 -0.8928 -1.0644 -1.2274 -1.3799 -1.5243
 -1.6648 -1.8033 -1.9395 -2.0721 -2.2006 -2.3254
  0.2727  0.1880  0.1049  0.0252 -0.0499 -0.1197 -0.1834 -0.2434 -0.3066 -0.3731
 -0.4411 -0.5097 -0.5780 -0.6465 -0.7157 -0.8924 -1.0651 -1.2300 -1.3847 -1.5306
 -1.6713 -1.8093 -1.9449 -2.0769 -2.2046 -2.3282 -2.4484 -2.5652 -2.6785 -2.7875
  0.2837  0.2029  0.1227  0.0435 -0.0333 -0.1066 -0.1761 -0.2428 -0.3094 -0.3777
 -0.4461 -0.5140 -0.5812 -0.6480 -0.7157 -0.8904 -1.0638 -1.2301 -1.3869 -1.5344
 -1.6757 -1.8136 -1.9488 -2.0805 -2.2077 -2.3306 -2.4498 -2.5654 -2.6776 -2.7863
 -2.8911
  0.2843  0.2067  0.1296  0.0527 -0.0236 -0.0984 -0.1704 -0.2393 -0.3060 -0.3729
 -0.4416 -0.5116 -0.5814 -0.6498 -0.7171 -0.8879 -1.0612 -1.2284 -1.3870 -1.5362
 -1.6783 -1.8164 -1.9514 -2.0830 -2.2101 -2.3326 -2.4511 -2.5659 -2.6772 -2.7852
 -2.8916
  0.2775  0.2022  0.1281  0.0540 -0.0204 -0.0946 -0.1678 -0.2390 -0.3079 -0.3750
 -0.4414 -0.5085 -0.5768 -0.6463 -0.7159 -0.8876 -1.0598 -1.2278 -1.3876 -1.5385
 -1.6818 -1.8203 -1.9554 -2.0873 -2.2146 -2.3371 -2.4554 -2.5697 -2.6805 -2.7879
 -2.8918
  0.2613  0.1908  0.1207  0.0500 -0.0214 -0.0936 -0.1659 -0.2375 -0.3078 -0.3764
 -0.4432 -0.5092 -0.5752 -0.6419 -0.7097 -0.8828 -1.0553 -1.2234 -1.3840 -1.5362
 -1.6806 -1.8195 -1.9549 -2.0871 -2.2148 -2.3376 -2.4559 -2.5699 -2.6802 -2.7870
 -2.8905
  0.2327  0.1684  0.1034  0.0376 -0.0297 -0.0984 -0.1683 -0.2384 -0.3083 -0.3773
 -0.4451 -0.5116 -0.5771 -0.6423 -0.7080 -0.8761 -1.0485 -1.2180 -1.3794 -1.5324
 -1.6777 -1.8172 -1.9528 -2.0854 -2.2139 -2.3374 -2.4562 -2.5703 -2.6804 -2.7870
 -2.8901
  0.1875  0.1300  0.0722  0.0126 -0.0486 -0.1123 -0.1779 -0.2447 -0.3124 -0.3801
 -0.4474 -0.5140 -0.5798 -0.6448 -0.7108 -0.8675 -1.0394 -1.2116 -1.3738
 [Fe/H] = -0.75 [alpha/Fe] = 0.30 BC value = F444W
  0.3820  0.3241  0.2646  0.2010  0.1310  0.0548 -0.0257 -0.1088 -0.1708 -0.2723
 -0.3496 -0.4241 -0.4957 -0.5648 -0.6317 -0.7982
  0.3232  0.2630  0.2032  0.1417  0.0760  0.0054 -0.0706 -0.1513 -0.2332 -0.3134
 -0.3909 -0.4653 -0.5366 -0.6058 -0.6739 -0.8437 -1.0091 -1.1649 -1.3132
  0.2788  0.2162  0.1557  0.0957  0.0338 -0.0317 -0.1026 -0.1799 -0.2598 -0.3392
 -0.4166 -0.4911 -0.5626 -0.6322 -0.7013 -0.8737 -1.0392 -1.1960 -1.3437 -1.4851
 -1.6253
  0.2488  0.1837  0.1221  0.0630  0.0043 -0.0564 -0.1217 -0.1946 -0.2716 -0.3497
 -0.4267 -0.5015 -0.5737 -0.6440 -0.7139 -0.8882 -1.0558 -1.2144 -1.3626 -1.5040
 -1.6432 -1.7818 -1.9189
  0.2315  0.1616  0.0971  0.0369 -0.0208 -0.0780 -0.1379 -0.2052 -0.2784 -0.3540
 -0.4299 -0.5046 -0.5773 -0.6484 -0.7189 -0.8946 -1.0641 -1.2248 -1.3748 -1.5171
 -1.6560 -1.7932 -1.9286 -2.0617 -2.1919
  0.2434  0.1595  0.0846  0.0181 -0.0423 -0.0993 -0.1558 -0.2168 -0.2852 -0.3573
 -0.4310 -0.5046 -0.5773 -0.6488 -0.7197 -0.8964 -1.0674 -1.2301 -1.3824 -1.5261
 -1.6650 -1.8016 -1.9364 -2.0686 -2.1972 -2.3222
  0.2749  0.1892  0.1057  0.0266 -0.0468 -0.1132 -0.1731 -0.2312 -0.2947 -0.3628
 -0.4333 -0.5049 -0.5765 -0.6476 -0.7185 -0.8956 -1.0677 -1.2321 -1.3866 -1.5319
 -1.6713 -1.8076 -1.9417 -2.0732 -2.2008 -2.3248 -2.4453 -2.5624 -2.6760 -2.7853
  0.2898  0.2080  0.1270  0.0476 -0.0288 -0.1012 -0.1700 -0.2355 -0.3011 -0.3688
 -0.4376 -0.5071 -0.5769 -0.6467 -0.7167 -0.8931 -1.0660 -1.2318 -1.3883 -1.5354
 -1.6755 -1.8117 -1.9454 -2.0764 -2.2036 -2.3267 -2.4462 -2.5622 -2.6748 -2.7839
 -2.8890
  0.2934  0.2146  0.1365  0.0590 -0.0174 -0.0916 -0.1627 -0.2305 -0.2970 -0.3650
 -0.4354 -0.5068 -0.5775 -0.6471 -0.7159 -0.8900 -1.0632 -1.2298 -1.3879 -1.5368
 -1.6779 -1.8144 -1.9478 -2.0786 -2.2056 -2.3283 -2.4470 -2.5622 -2.6740 -2.7824
 -2.8871
  0.2890  0.2130  0.1376  0.0624 -0.0126 -0.0871 -0.1600 -0.2305 -0.2988 -0.3660
 -0.4337 -0.5028 -0.5733 -0.6445 -0.7155 -0.8888 -1.0615 -1.2289 -1.3884 -1.5389
 -1.6813 -1.8184 -1.9519 -2.0827 -2.2097 -2.3324 -2.4510 -2.5657 -2.6768 -2.7846
 -2.8891
  0.2793  0.2060  0.1338  0.0614 -0.0113 -0.0844 -0.1573 -0.2291 -0.2993 -0.3678
 -0.4352 -0.5024 -0.5700 -0.6387 -0.7084 -0.8842 -1.0567 -1.2244 -1.3846 -1.5364
 -1.6801 -1.8179 -1.9516 -2.0825 -2.2097 -2.3326 -2.4511 -2.5654 -2.6760 -2.7833
 -2.8873
  0.2599  0.1912  0.1227  0.0542 -0.0155 -0.0861 -0.1573 -0.2286 -0.2993 -0.3690
 -0.4372 -0.5044 -0.5711 -0.6377 -0.7049 -0.8765 -1.0501 -1.2191 -1.3800 -1.5327
 -1.6776 -1.8160 -1.9500 -2.0811 -2.2088 -2.3322 -2.4510 -2.5654 -2.6759 -2.7828
 -2.8864
  0.2264  0.1638  0.1010  0.0373 -0.0276 -0.0943 -0.1626 -0.2316 -0.3011 -0.3703
 -0.4388 -0.5065 -0.5732 -0.6393 -0.7050 -0.8657 -1.0417 -1.2130 -1.3746
 [Fe/H] = -0.50 [alpha/Fe] = 0.20 BC value = F444W
  0.3943  0.3347  0.2733  0.2068  0.1338  0.0553 -0.0263 -0.0864 -0.1707 -0.2519
 -0.3504 -0.4260 -0.4987 -0.5684 -0.6364 -0.8019
  0.3368  0.2753  0.2137  0.1498  0.0814  0.0081 -0.0697 -0.1513 -0.2337 -0.3142
 -0.3924 -0.4677 -0.5401 -0.6099 -0.6784 -0.8475 -1.0123 -1.1679 -1.3160
  0.2931  0.2297  0.1678  0.1059  0.0416 -0.0264 -0.0995 -0.1781 -0.2592 -0.3396
 -0.4180 -0.4935 -0.5661 -0.6364 -0.7056 -0.8775 -1.0428 -1.1995 -1.3471 -1.4872
 -1.6260
  0.2632  0.1979  0.1356  0.0751  0.0145 -0.0483 -0.1157 -0.1903 -0.2690 -0.3487
 -0.4272 -0.5034 -0.5767 -0.6479 -0.7180 -0.8919 -1.0591 -1.2176 -1.3659 -1.5062
 -1.6438 -1.7802 -1.9158
  0.2441  0.1751  0.1109  0.0502 -0.0084 -0.0672 -0.1289 -0.1979 -0.2730 -0.3507
 -0.4287 -0.5053 -0.5795 -0.6517 -0.7226 -0.8980 -1.0671 -1.2275 -1.3775 -1.5191
 -1.6566 -1.7920 -1.9261 -2.0588 -2.1886
  0.2458  0.1663  0.0952  0.0307 -0.0291 -0.0865 -0.1440 -0.2065 -0.2767 -0.3511
 -0.4273 -0.5034 -0.5782 -0.6512 -0.7229 -0.8996 -1.0701 -1.2323 -1.3845 -1.5277
 -1.6654 -1.8004 -1.9334 -2.0649 -2.1933 -2.3184
  0.2780  0.1915  0.1082  0.0304 -0.0400 -0.1029 -0.1608 -0.2188 -0.2834 -0.3534
 -0.4265 -0.5010 -0.5752 -0.6485 -0.7207 -0.8984 -1.0700 -1.2338 -1.3882 -1.5331
 -1.6715 -1.8063 -1.9386 -2.0691 -2.1966 -2.3207 -2.4414 -2.5589 -2.6729 -2.7826
  0.2966  0.2139  0.1324  0.0529 -0.0230 -0.0952 -0.1634 -0.2272 -0.2913 -0.3586
 -0.4286 -0.5003 -0.5729 -0.6454 -0.7175 -0.8956 -1.0681 -1.2332 -1.3893 -1.5361
 -1.6754 -1.8103 -1.9422 -2.0721 -2.1989 -2.3222 -2.4419 -2.5583 -2.6714 -2.7809
 -2.8864
  0.3029  0.2232  0.1443  0.0663 -0.0100 -0.0836 -0.1540 -0.2212 -0.2879 -0.3570
 -0.4286 -0.5007 -0.5724 -0.6437 -0.7147 -0.8919 -1.0650 -1.2310 -1.3886 -1.5371
 -1.6776 -1.8128 -1.9446 -2.0741 -2.2006 -2.3234 -2.4425 -2.5580 -2.6701 -2.7790
 -2.8842
  0.3011  0.2238  0.1473  0.0713 -0.0042 -0.0786 -0.1510 -0.2207 -0.2886 -0.3564
 -0.4256 -0.4969 -0.5695 -0.6422 -0.7141 -0.8899 -1.0630 -1.2299 -1.3889 -1.5390
 -1.6808 -1.8167 -1.9487 -2.0780 -2.2045 -2.3271 -2.4459 -2.5609 -2.6724 -2.7807
 -2.8857
  0.2950  0.2200  0.1461  0.0724 -0.0013 -0.0750 -0.1481 -0.2197 -0.2897 -0.3583
 -0.4264 -0.4951 -0.5647 -0.6354 -0.7069 -0.8852 -1.0581 -1.2252 -1.3850 -1.5364
 -1.6796 -1.8163 -1.9486 -2.0779 -2.2043 -2.3269 -2.4456 -2.5602 -2.6712 -2.7789
 -2.8834
  0.2824  0.2104  0.1392  0.0686 -0.0028 -0.0746 -0.1469 -0.2188 -0.2899 -0.3598
 -0.4286 -0.4967 -0.5647 -0.6330 -0.7019 -0.8769 -1.0517 -1.2200 -1.3804 -1.5328
 -1.6771 -1.8147 -1.9474 -2.0768 -2.2034 -2.3263 -2.4451 -2.5598 -2.6705 -2.7778
 -2.8819
  0.2589  0.1919  0.1250  0.0577 -0.0099 -0.0790 -0.1492 -0.2198 -0.2905 -0.3607
 -0.4301 -0.4986 -0.5663 -0.6336 -0.6991 -0.8650 -1.0438 -1.2143 -1.3751
 [Fe/H] = -0.25 [alpha/Fe] = 0.10 BC value = F444W
  0.4059  0.3444  0.2806  0.2112  0.1348  0.0538 -0.0278 -0.0855 -0.1700 -0.2509
 -0.3296 -0.4061 -0.4800 -0.5504 -0.6389 -0.8037
  0.3500  0.2869  0.2232  0.1566  0.0853  0.0097 -0.0695 -0.1514 -0.2338 -0.3141
 -0.3924 -0.4684 -0.5416 -0.6123 -0.6811 -0.8497 -1.0141 -1.1696 -1.3179
  0.3076  0.2430  0.1794  0.1152  0.0485 -0.0219 -0.0972 -0.1772 -0.2589 -0.3395
 -0.4182 -0.4943 -0.5677 -0.6387 -0.7083 -0.8799 -1.0451 -1.2018 -1.3498 -1.4893
 -1.6262
  0.2787  0.2127  0.1492  0.0870  0.0243 -0.0410 -0.1109 -0.1872 -0.2673 -0.3479
 -0.4271 -0.5040 -0.5782 -0.6500 -0.7205 -0.8943 -1.0613 -1.2198 -1.3684 -1.5083
 -1.6445 -1.7791 -1.9129
  0.2593  0.1905  0.1258  0.0642  0.0039 -0.0569 -0.1209 -0.1920 -0.2690 -0.3484
 -0.4277 -0.5054 -0.5806 -0.6535 -0.7249 -0.9004 -1.0691 -1.2294 -1.3796 -1.5208
 -1.6572 -1.7912 -1.9235 -2.0548 -2.1844
  0.2548  0.1786  0.1092  0.0452 -0.0151 -0.0736 -0.1328 -0.1975 -0.2698 -0.3463
 -0.4245 -0.5024 -0.5785 -0.6525 -0.7249 -0.9018 -1.0719 -1.2337 -1.3859 -1.5289
 -1.6659 -1.7995 -1.9308 -2.0609 -2.1889 -2.3142
  0.2836  0.1966  0.1142  0.0389 -0.0285 -0.0897 -0.1476 -0.2068 -0.2732 -0.3455
 -0.4211 -0.4979 -0.5741 -0.6489 -0.7222 -0.9005 -1.0718 -1.2349 -1.3891 -1.5338
 -1.6716 -1.8052 -1.9360 -2.0650 -2.1920 -2.3160 -2.4370 -2.5549 -2.6692 -2.7792
  0.3051  0.2219  0.1400  0.0605 -0.0154 -0.0876 -0.1548 -0.2168 -0.2803 -0.3483
 -0.4202 -0.4945 -0.5696 -0.6443 -0.7180 -0.8974 -1.0697 -1.2341 -1.3899 -1.5364
 -1.6753 -1.8090 -1.9395 -2.0679 -2.1940 -2.3172 -2.4371 -2.5538 -2.6673 -2.7773
 -2.8832
  0.3135  0.2331  0.1537  0.0755 -0.0006 -0.0738 -0.1439 -0.2114 -0.2788 -0.3488
 -0.4208 -0.4937 -0.5669 -0.6403 -0.7136 -0.8934 -1.0665 -1.2319 -1.3890 -1.5372
 -1.6772 -1.8115 -1.9419 -2.0697 -2.1954 -2.3179 -2.4371 -2.5529 -2.6655 -2.7748
 -2.8807
  0.3139  0.2356  0.1583  0.0817  0.0059 -0.0683 -0.1403 -0.2096 -0.2776 -0.3465
 -0.4177 -0.4910 -0.5651 -0.6390 -0.7119 -0.8906 -1.0644 -1.2307 -1.3890 -1.5388
 -1.6802 -1.8153 -1.9459 -2.0736 -2.1990 -2.3213 -2.4401 -2.5554 -2.6673 -2.7760
 -2.8816
  0.3102  0.2341  0.1588  0.0841  0.0097 -0.0644 -0.1375 -0.2089 -0.2787 -0.3477
 -0.4171 -0.4876 -0.5594 -0.6320 -0.7052 -0.8855 -1.0591 -1.2259 -1.3852 -1.5361
 -1.6790 -1.8150 -1.9459 -2.0736 -2.1987 -2.3208 -2.4393 -2.5541 -2.6655 -2.7737
 -2.8787
  0.3022  0.2280  0.1550  0.0825  0.0099 -0.0629 -0.1358 -0.2081 -0.2795 -0.3497
 -0.4192 -0.4885 -0.5582 -0.6283 -0.6990 -0.8773 -1.0529 -1.2206 -1.3805 -1.5324
 -1.6765 -1.8135 -1.9450 -2.0728 -2.1978 -2.3200 -2.4385 -2.5532 -2.6643 -2.7720
 -2.8766
  0.2861  0.2157  0.1458  0.0759  0.0060 -0.0649 -0.1364 -0.2082 -0.2798 -0.3508
 -0.4209 -0.4902 -0.5591 -0.6278 -0.6933 -0.8660 -1.0458 -1.2148 -1.3749
 [Fe/H] =  0.00 [alpha/Fe] = 0.00 BC value = F444W
  0.4288  0.3681  0.3038  0.2341  0.1595  0.0810 -0.0006 -0.0846 -0.1690 -0.2493
 -0.3279 -0.4048 -0.4782 -0.5502 -0.6185 -0.7807
  0.3621  0.2972  0.2310  0.1617  0.0886  0.0110 -0.0696 -0.1515 -0.2332 -0.3128
 -0.3909 -0.4671 -0.5411 -0.6123 -0.6817 -0.8501 -1.0140 -1.1698 -1.3184
  0.3219  0.2556  0.1900  0.1234  0.0542 -0.0187 -0.0959 -0.1768 -0.2584 -0.3385
 -0.4168 -0.4931 -0.5670 -0.6386 -0.7087 -0.8805 -1.0458 -1.2024 -1.3511 -1.4909
 -1.6264
  0.2951  0.2278  0.1626  0.0984  0.0332 -0.0348 -0.1072 -0.1853 -0.2662 -0.3469
 -0.4260 -0.5030 -0.5775 -0.6499 -0.7207 -0.8948 -1.0620 -1.2205 -1.3697 -1.5098
 -1.6451 -1.7786 -1.9106
  0.2769  0.2075  0.1416  0.0784  0.0161 -0.0473 -0.1142 -0.1877 -0.2663 -0.3467
 -0.4264 -0.5044 -0.5800 -0.6534 -0.7252 -0.9010 -1.0698 -1.2299 -1.3805 -1.5219
 -1.6576 -1.7905 -1.9213 -2.0510 -2.1799
  0.2771  0.1953  0.1261  0.0614 -0.0002 -0.0607 -0.1225 -0.1900 -0.2646 -0.3430
 -0.4225 -0.5011 -0.5778 -0.6524 -0.7252 -0.9025 -1.0726 -1.2340 -1.3864 -1.5295
 -1.6660 -1.7987 -1.9287 -2.0570 -2.1841 -2.3094
  0.2940  0.2070  0.1262  0.0530 -0.0133 -0.0747 -0.1341 -0.1958 -0.2648 -0.3395
 -0.4172 -0.4956 -0.5729 -0.6486 -0.7224 -0.9013 -1.0725 -1.2351 -1.3890 -1.5339
 -1.6714 -1.8042 -1.9338 -2.0612 -2.1871 -2.3108 -2.4319 -2.5502 -2.6648 -2.7752
  0.3174  0.2338  0.1518  0.0721 -0.0044 -0.0764 -0.1427 -0.2045 -0.2691 -0.3392
 -0.4135 -0.4901 -0.5671 -0.6432 -0.7178 -0.8983 -1.0706 -1.2342 -1.3896 -1.5361
 -1.6748 -1.8079 -1.9373 -2.0641 -2.1891 -2.3117 -2.4316 -2.5486 -2.6625 -2.7729
 -2.8792
  0.3270  0.2462  0.1665  0.0882  0.0122 -0.0611 -0.1319 -0.2006 -0.2693 -0.3401
 -0.4127 -0.4870 -0.5622 -0.6376 -0.7125 -0.8941 -1.0674 -1.2320 -1.3886 -1.5365
 -1.6765 -1.8102 -1.9396 -2.0660 -2.1902 -2.3122 -2.4313 -2.5472 -2.6601 -2.7700
 -2.8763
  0.3287  0.2498  0.1719  0.0948  0.0189 -0.0553 -0.1271 -0.1967 -0.2659 -0.3368
 -0.4101 -0.4851 -0.5604 -0.6353 -0.7094 -0.8910 -1.0652 -1.2309 -1.3886 -1.5380
 -1.6793 -1.8139 -1.9436 -2.0699 -2.1937 -2.3152 -2.4338 -2.5492 -2.6614 -2.7706
 -2.8766
  0.3268  0.2498  0.1735  0.0980  0.0230 -0.0515 -0.1247 -0.1962 -0.2665 -0.3367
 -0.4079 -0.4806 -0.5543 -0.6288 -0.7032 -0.8852 -1.0598 -1.2263 -1.3849 -1.5354
 -1.6779 -1.8135 -1.9436 -2.0699 -2.1934 -2.3145 -2.4326 -2.5474 -2.6590 -2.7675
 -2.8731
  0.3217  0.2459  0.1717  0.0978  0.0241 -0.0496 -0.1232 -0.1959 -0.2677 -0.3387
 -0.4094 -0.4804 -0.5520 -0.6240 -0.6963 -0.8773 -1.0536 -1.2210 -1.3803 -1.5317
 -1.6754 -1.8121 -1.9428 -2.0693 -2.1927 -2.3135 -2.4315 -2.5461 -2.6573 -2.7653
 -2.8704
  0.3108  0.2378  0.1655  0.0938  0.0220 -0.0503 -0.1230 -0.1958 -0.2682 -0.3400
 -0.4111 -0.4817 -0.5520 -0.6224 -0.6887 -0.8673 -1.0466 -1.2150 -1.3748
 [Fe/H] =  0.25 [alpha/Fe] = 0.00 BC value = F444W
  0.4300  0.3648  0.2942  0.2176  0.1371  0.0568 -0.0234 -0.0799 -0.1662 -0.2472
 -0.3258 -0.4036 -0.4793 -0.5502 -0.6197 -0.7827
  0.3759  0.3096  0.2406  0.1679  0.0919  0.0131 -0.0678 -0.1504 -0.2333 -0.3131
 -0.3912 -0.4681 -0.5430 -0.6155 -0.6851 -0.8523 -1.0147 -1.1709 -1.3190
  0.3351  0.2682  0.2008  0.1317  0.0601 -0.0153 -0.0945 -0.1765 -0.2590 -0.3394
 -0.4178 -0.4946 -0.5694 -0.6419 -0.7122 -0.8826 -1.0475 -1.2041 -1.3532 -1.4939
 -1.6280
  0.3076  0.2406  0.1748  0.1090  0.0418 -0.0285 -0.1035 -0.1835 -0.2659 -0.3473
 -0.4268 -0.5044 -0.5798 -0.6528 -0.7238 -0.8967 -1.0636 -1.2221 -1.3720 -1.5127
 -1.6475 -1.7790 -1.9089
  0.2876  0.2196  0.1544  0.0908  0.0273 -0.0380 -0.1074 -0.1831 -0.2640 -0.3458
 -0.4265 -0.5052 -0.5817 -0.6558 -0.7279 -0.9026 -1.0712 -1.2312 -1.3823 -1.5241
 -1.6592 -1.7908 -1.9200 -2.0476 -2.1748
  0.2745  0.2037  0.1372  0.0738  0.0124 -0.0489 -0.1125 -0.1821 -0.2592 -0.3399
 -0.4210 -0.5009 -0.5786 -0.6541 -0.7274 -0.9041 -1.0739 -1.2351 -1.3877 -1.5311
 -1.6671 -1.7988 -1.9274 -2.0539 -2.1793 -2.3038
  0.2799  0.1997  0.1268  0.0600 -0.0025 -0.0623 -0.1218 -0.1849 -0.2559 -0.3332
 -0.4133 -0.4937 -0.5725 -0.6493 -0.7239 -0.9028 -1.0737 -1.2359 -1.3898 -1.5349
 -1.6722 -1.8042 -1.9326 -2.0583 -2.1824 -2.3052 -2.4261 -2.5445 -2.6593 -2.7701
  0.3109  0.2250  0.1424  0.0637 -0.0082 -0.0735 -0.1339 -0.1929 -0.2573 -0.3292
 -0.4063 -0.4856 -0.5647 -0.6425 -0.7183 -0.8996 -1.0717 -1.2350 -1.3900 -1.5366
 -1.6752 -1.8078 -1.9361 -2.0614 -2.1844 -2.3059 -2.4254 -2.5424 -2.6567 -2.7674
 -2.8741
  0.3263  0.2447  0.1643  0.0858  0.0099 -0.0633 -0.1332 -0.1986 -0.2622 -0.3296
 -0.4023 -0.4789 -0.5570 -0.6349 -0.7114 -0.8950 -1.0685 -1.2327 -1.3888 -1.5367
 -1.6766 -1.8100 -1.9384 -2.0634 -2.1858 -2.3063 -2.4248 -2.5406 -2.6537 -2.7640
 -2.8708
  0.3309  0.2513  0.1728  0.0955  0.0201 -0.0530 -0.1236 -0.1920 -0.2600 -0.3294
 -0.4018 -0.4767 -0.5530 -0.6298 -0.7062 -0.8913 -1.0661 -1.2316 -1.3888 -1.5380
 -1.6793 -1.8136 -1.9425 -2.0674 -2.1893 -2.3091 -2.4269 -2.5420 -2.6543 -2.7638
 -2.8704
  0.3314  0.2533  0.1764  0.1004  0.0253 -0.0484 -0.1202 -0.1898 -0.2582 -0.3272
 -0.3983 -0.4720 -0.5474 -0.6234 -0.6992 -0.8845 -1.0605 -1.2271 -1.3852 -1.5354
 -1.6778 -1.8132 -1.9426 -2.0676 -2.1891 -2.3084 -2.4254 -2.5398 -2.6514 -2.7602
 -2.8662
  0.3291  0.2520  0.1766  0.1018  0.0277 -0.0460 -0.1188 -0.1901 -0.2602 -0.3296
 -0.3996 -0.4711 -0.5440 -0.6179 -0.6921 -0.8766 -1.0541 -1.2217 -1.3807 -1.5318
 -1.6754 -1.8118 -1.9420 -2.0672 -2.1887 -2.3075 -2.4242 -2.5381 -2.6491 -2.7574
 -2.8628
  0.3244  0.2486  0.1741  0.1010  0.0279 -0.0450 -0.1177 -0.1900 -0.2615 -0.3322
 -0.4025 -0.4730 -0.5441 -0.6157 -0.6849 -0.8676 -1.0469 -1.2154 -1.3753
 [Fe/H] =  0.50 [alpha/Fe] = 0.00 BC value = F444W
  0.4429  0.3860  0.3200  0.2459  0.1651  0.0794 -0.0102 -0.0751 -0.1636 -0.2454
 -0.3240 -0.4023 -0.4792 -0.5527 -0.6202 -0.7827
  0.3882  0.3239  0.2546  0.1808  0.1031  0.0219 -0.0623 -0.1485 -0.2330 -0.3133
 -0.3912 -0.4683 -0.5440 -0.6174 -0.6883 -0.8548 -1.0157 -1.1719 -1.3201
  0.3469  0.2794  0.2097  0.1381  0.0642 -0.0125 -0.0925 -0.1756 -0.2591 -0.3399
 -0.4182 -0.4953 -0.5707 -0.6441 -0.7150 -0.8848 -1.0487 -1.2052 -1.3526 -1.4930
 -1.6286
  0.3190  0.2522  0.1852  0.1177  0.0484 -0.0239 -0.1008 -0.1823 -0.2657 -0.3475
 -0.4271 -0.5049 -0.5809 -0.6547 -0.7263 -0.8985 -1.0646 -1.2230 -1.3735 -1.5149
 -1.6496 -1.7802 -1.9084
  0.2977  0.2308  0.1658  0.1015  0.0366 -0.0304 -0.1019 -0.1798 -0.2624 -0.3451
 -0.4261 -0.5053 -0.5824 -0.6572 -0.7298 -0.9041 -1.0720 -1.2319 -1.3834 -1.5258
 -1.6606 -1.7912 -1.9191 -2.0452 -2.1702
  0.2813  0.2132  0.1482  0.0855  0.0238 -0.0386 -0.1040 -0.1758 -0.2552 -0.3376
 -0.4197 -0.5003 -0.5787 -0.6549 -0.7287 -0.9053 -1.0746 -1.2357 -1.3883 -1.5321
 -1.6681 -1.7990 -1.9265 -2.0517 -2.1751 -2.2981
  0.2744  0.2014  0.1336  0.0699  0.0092 -0.0503 -0.1106 -0.1754 -0.2486 -0.3284
 -0.4104 -0.4919 -0.5717 -0.6493 -0.7246 -0.9039 -1.0744 -1.2364 -1.3901 -1.5354
 -1.6727 -1.8042 -1.9316 -2.0562 -2.1784 -2.2996 -2.4198 -2.5380 -2.6530 -2.7640
  0.2953  0.2158  0.1325  0.0613 -0.0036 -0.0641 -0.1222 -0.1813 -0.2469 -0.3210
 -0.4006 -0.4819 -0.5625 -0.6414 -0.7181 -0.9005 -1.0725 -1.2354 -1.3901 -1.5367
 -1.6754 -1.8076 -1.9351 -2.0593 -2.1808 -2.3005 -2.4191 -2.5357 -2.6501 -2.7610
 -2.8682
  0.3219  0.2392  0.1580  0.0788  0.0032 -0.0673 -0.1318 -0.1914 -0.2516 -0.3186
 -0.3933 -0.4724 -0.5526 -0.6322 -0.7100 -0.8955 -1.0692 -1.2333 -1.3888 -1.5365
 -1.6765 -1.8096 -1.9375 -2.0615 -2.1823 -2.3010 -2.4183 -2.5336 -2.6466 -2.7572
 -2.8644
  0.3304  0.2504  0.1715  0.0942  0.0193 -0.0531 -0.1234 -0.1911 -0.2564 -0.3218
 -0.3919 -0.4673 -0.5457 -0.6248 -0.7031 -0.8910 -1.0668 -1.2322 -1.3889 -1.5377
 -1.6789 -1.8131 -1.9415 -2.0655 -2.1860 -2.3040 -2.4203 -2.5346 -2.6467 -2.7564
 -2.8634
  0.3329  0.2545  0.1772  0.1011  0.0263 -0.0464 -0.1167 -0.1847 -0.2517 -0.3192
 -0.3891 -0.4625 -0.5386 -0.6161 -0.6939 -0.8832 -1.0609 -1.2277 -1.3854 -1.5351
 -1.6773 -1.8126 -1.9416 -2.0658 -2.1860 -2.3034 -2.4188 -2.5322 -2.6434 -2.7521
 -2.8584
  0.3319  0.2548  0.1788  0.1037  0.0295 -0.0437 -0.1153 -0.1848 -0.2528 -0.3204
 -0.3892 -0.4607 -0.5345 -0.6098 -0.6858 -0.8743 -1.0541 -1.2223 -1.3811 -1.5318
 -1.6750 -1.8112 -1.9411 -2.0655 -2.1857 -2.3028 -2.4177 -2.5304 -2.6408 -2.7488
 -2.8543
  0.3302  0.2533  0.1784  0.1043  0.0309 -0.0421 -0.1143 -0.1855 -0.2554 -0.3243
 -0.3930 -0.4629 -0.5343 -0.6072 -0.6788 -0.8643 -1.0464 -1.2160 -1.3760
 [Fe/H] =  0.75 [alpha/Fe] = 0.00 BC value = F444W
  0.4535  0.3899  0.3234  0.2499  0.1663  0.0773 -0.0111 -0.0719 -0.1620 -0.2453
 -0.3239 -0.4024 -0.4799 -0.5554 -0.6262 -0.8116
  0.3992  0.3318  0.2601  0.1847  0.1061  0.0245 -0.0595 -0.1458 -0.2324 -0.3137
 -0.3915 -0.4686 -0.5447 -0.6191 -0.6908 -0.8578 -1.0179 -1.1733 -1.3218
  0.3575  0.2888  0.2170  0.1430  0.0684 -0.0081 -0.0887 -0.1736 -0.2586 -0.3401
 -0.4185 -0.4956 -0.5713 -0.6453 -0.7171 -0.8873 -1.0497 -1.2062 -1.3558 -1.4980
 -1.6319
  0.3284  0.2609  0.1940  0.1247  0.0534 -0.0207 -0.0986 -0.1805 -0.2648 -0.3472
 -0.4271 -0.5049 -0.5812 -0.6555 -0.7278 -0.9001 -1.0652 -1.2235 -1.3743 -1.5165
 -1.6507 -1.7802 -1.9078
  0.3068  0.2408  0.1756  0.1104  0.0442 -0.0247 -0.0980 -0.1773 -0.2607 -0.3442
 -0.4255 -0.5048 -0.5822 -0.6576 -0.7307 -0.9052 -1.0722 -1.2321 -1.3839 -1.5270
 -1.6620 -1.7917 -1.9186 -2.0434 -2.1666
  0.2882  0.2220  0.1581  0.0957  0.0336 -0.0300 -0.0971 -0.1708 -0.2519 -0.3355
 -0.4182 -0.4991 -0.5780 -0.6547 -0.7291 -0.9062 -1.0747 -1.2357 -1.3883 -1.5326
 -1.6688 -1.7991 -1.9258 -2.0498 -2.1718 -2.2929
  0.2749  0.2063  0.1416  0.0798  0.0199 -0.0397 -0.1009 -0.1674 -0.2428 -0.3245
 -0.4076 -0.4899 -0.5702 -0.6484 -0.7243 -0.9045 -1.0745 -1.2364 -1.3899 -1.5354
 -1.6729 -1.8040 -1.9307 -2.0544 -2.1754 -2.2949 -2.4136 -2.5313 -2.6459 -2.7572
  0.2796  0.2019  0.1309  0.0658  0.0050 -0.0533 -0.1109 -0.1706 -0.2379 -0.3144
 -0.3960 -0.4785 -0.5600 -0.6396 -0.7171 -0.9008 -1.0727 -1.2355 -1.3897 -1.5363
 -1.6751 -1.8071 -1.9341 -2.0575 -2.1778 -2.2959 -2.4130 -2.5289 -2.6429 -2.7538
 -2.8613
  0.3120  0.2266  0.1454  0.0687 -0.0018 -0.0651 -0.1239 -0.1805 -0.2406 -0.3089
 -0.3858 -0.4669 -0.5486 -0.6292 -0.7080 -0.8952 -1.0694 -1.2335 -1.3886 -1.5359
 -1.6759 -1.8089 -1.9364 -2.0597 -2.1795 -2.2967 -2.4123 -2.5266 -2.6392 -2.7497
 -2.8570
  0.3265  0.2461  0.1670  0.0897  0.0148 -0.0576 -0.1264 -0.1900 -0.2499 -0.3119
 -0.3818 -0.4590 -0.5393 -0.6200 -0.6996 -0.8900 -1.0669 -1.2325 -1.3887 -1.5371
 -1.6781 -1.8122 -1.9404 -2.0638 -2.1833 -2.2999 -2.4145 -2.5276 -2.6389 -2.7484
 -2.8555
  0.3317  0.2532  0.1758  0.0998  0.0258 -0.0458 -0.1150 -0.1822 -0.2484 -0.3137
 -0.3804 -0.4524 -0.5295 -0.6090 -0.6886 -0.8812 -1.0607 -1.2281 -1.3855 -1.5347
 -1.6766 -1.8116 -1.9404 -2.0641 -2.1834 -2.2995 -2.4132 -2.5252 -2.6354 -2.7436
 -2.8499
  0.3321  0.2549  0.1788  0.1037  0.0298 -0.0425 -0.1125 -0.1802 -0.2464 -0.3126
 -0.3800 -0.4502 -0.5240 -0.6004 -0.6782 -0.8712 -1.0532 -1.2226 -1.3814 -1.5317
 -1.6744 -1.8103 -1.9399 -2.0640 -2.1834 -2.2991 -2.4123 -2.5234 -2.6327 -2.7400
 -2.8454
  0.3310  0.2544  0.1793  0.1051  0.0318 -0.0408 -0.1121 -0.1817 -0.2496 -0.3164
 -0.3834 -0.4523 -0.5234 -0.5969 -0.6684 -0.8600 -1.0444 -1.2160 -1.3764
 [Fe/H] =  1.00 [alpha/Fe] = 0.00 BC value = F444W
  0.4618  0.4128  0.3572  0.2817  0.1925  0.0903 -0.0131 -0.0979 -0.1637 -0.2482
 -0.3275 -0.4058 -0.4837 -0.5596 -0.6332 -0.8186
  0.4084  0.3398  0.2670  0.1905  0.1106  0.0279 -0.0574 -0.1448 -0.2326 -0.3151
 -0.3935 -0.4701 -0.5462 -0.6211 -0.6938 -0.8625 -1.0217 -1.1752 -1.3240
  0.3670  0.2908  0.2152  0.1400  0.0655 -0.0084 -0.0847 -0.1714 -0.2579 -0.3405
 -0.4193 -0.4960 -0.5717 -0.6461 -0.7187 -0.8902 -1.0512 -1.2070 -1.3571 -1.4999
 -1.6350
  0.3376  0.2657  0.2016  0.1305  0.0572 -0.0186 -0.0951 -0.1777 -0.2633 -0.3465
 -0.4268 -0.5046 -0.5809 -0.6556 -0.7285 -0.9017 -1.0659 -1.2238 -1.3748 -1.5176
 -1.6526 -1.7814 -1.9078
  0.3149  0.2496  0.1842  0.1180  0.0502 -0.0202 -0.0949 -0.1745 -0.2586 -0.3425
 -0.4244 -0.5040 -0.5813 -0.6570 -0.7307 -0.9060 -1.0722 -1.2319 -1.3838 -1.5273
 -1.6631 -1.7927 -1.9184 -2.0421 -2.1639
  0.2942  0.2298  0.1668  0.1045  0.0417 -0.0231 -0.0916 -0.1667 -0.2487 -0.3330
 -0.4161 -0.4974 -0.5765 -0.6535 -0.7284 -0.9064 -1.0743 -1.2352 -1.3879 -1.5326
 -1.6692 -1.7994 -1.9253 -2.0484 -2.1692 -2.2885
  0.2768  0.2114  0.1489  0.0885  0.0291 -0.0308 -0.0929 -0.1606 -0.2377 -0.3207
 -0.4046 -0.4873 -0.5681 -0.6466 -0.7230 -0.9043 -1.0741 -1.2359 -1.3893 -1.5348
 -1.6727 -1.8037 -1.9300 -2.0527 -2.1726 -2.2907 -2.4079 -2.5242 -2.6383 -2.7496
  0.2691  0.1988  0.1333  0.0720  0.0135 -0.0435 -0.1009 -0.1613 -0.2302 -0.3085
 -0.3915 -0.4749 -0.5570 -0.6371 -0.7151 -0.9001 -1.0723 -1.2350 -1.3891 -1.5354
 -1.6744 -1.8064 -1.9330 -2.0557 -2.1750 -2.2920 -2.4075 -2.5222 -2.6355 -2.7460
 -2.8536
  0.2938  0.2085  0.1318  0.0628 -0.0001 -0.0585 -0.1143 -0.1699 -0.2304 -0.3004
 -0.3792 -0.4617 -0.5444 -0.6258 -0.7051 -0.8940 -1.0691 -1.2332 -1.3881 -1.5350
 -1.6749 -1.8080 -1.9351 -2.0578 -2.1769 -2.2931 -2.4072 -2.5200 -2.6318 -2.7418
 -2.8490
  0.3181  0.2372  0.1574  0.0796  0.0050 -0.0640 -0.1265 -0.1839 -0.2399 -0.3015
 -0.3726 -0.4516 -0.5334 -0.6152 -0.6957 -0.8879 -1.0662 -1.2323 -1.3884 -1.5362
 -1.6770 -1.8110 -1.9389 -2.0619 -2.1808 -2.2964 -2.4097 -2.5213 -2.6314 -2.7402
 -2.8471
  0.3272  0.2488  0.1715  0.0958  0.0225 -0.0483 -0.1171 -0.1835 -0.2464 -0.3072
 -0.3707 -0.4428 -0.5215 -0.6025 -0.6833 -0.8782 -1.0595 -1.2279 -1.3855 -1.5341
 -1.6755 -1.8104 -1.9390 -2.0623 -2.1811 -2.2962 -2.4086 -2.5191 -2.6279 -2.7352
 -2.8411
  0.3292  0.2523  0.1764  0.1016  0.0283 -0.0427 -0.1111 -0.1772 -0.2421 -0.3072
 -0.3727 -0.4403 -0.5133 -0.5911 -0.6708 -0.8673 -1.0515 -1.2223 -1.3816 -1.5314
 -1.6737 -1.8092 -1.9385 -2.0623 -2.1811 -2.2960 -2.4080 -2.5175 -2.6253 -2.7315
 -2.8361
  0.3284  0.2525  0.1776  0.1037  0.0308 -0.0410 -0.1110 -0.1786 -0.2443 -0.3092
 -0.3746 -0.4420 -0.5121 -0.5856 -0.6582 -0.8552 -1.0422 -1.2155 -1.3767
