 [Fe/H] = -2.50 [alpha/Fe] = 0.00 BC value = F430M
  0.2681  0.1930  0.1277  0.0646  0.0144 -0.0226 -0.0302 -0.0596 -0.0990 -0.1527
 -0.2215 -0.2908 -0.3825 -0.4601 -0.5334 -0.7153 -0.8927 -1.0547 -1.2135
  0.3512  0.2739  0.1960  0.1177  0.0426 -0.0217 -0.0756 -0.1230 -0.1678 -0.2141
 -0.2688 -0.3341 -0.4064 -0.4811 -0.5562 -0.7408 -0.9170 -1.0846 -1.2503 -1.4094
  0.3437  0.2711  0.1979  0.1249  0.0529 -0.0182 -0.0878 -0.1500 -0.2053 -0.2572
 -0.3083 -0.3650 -0.4311 -0.5029 -0.5764 -0.7590 -0.9344 -1.1021 -1.2675 -1.4264
 -1.5779
  0.3210  0.2548  0.1866  0.1172  0.0477 -0.0209 -0.0877 -0.1541 -0.2199 -0.2819
 -0.3410 -0.3966 -0.4557 -0.5219 -0.5924 -0.7719 -0.9468 -1.1150 -1.2802 -1.4389
 -1.5901 -1.7346
  0.2818  0.2239  0.1630  0.0991  0.0331 -0.0336 -0.0997 -0.1645 -0.2286 -0.2934
 -0.3580 -0.4206 -0.4803 -0.5426 -0.6082 -0.7816 -0.9549 -1.1236 -1.2891 -1.4480
 -1.5992 -1.7434 -1.8813 -2.0137
  0.2256  0.1766  0.1248  0.0689  0.0090 -0.0538 -0.1178 -0.1816 -0.2449 -0.3078
 -0.3711 -0.4354 -0.4975 -0.5602 -0.6246 -0.7907 -0.9602 -1.1281 -1.2943 -1.4542
 -1.6059 -1.7501 -1.8878 -2.0198 -2.1467 -2.2692 -2.3879 -2.5032 -2.6155 -2.7252
  0.1570  0.1132  0.0706  0.0244 -0.0270 -0.0833 -0.1427 -0.2038 -0.2654 -0.3271
 -0.3886 -0.4507 -0.5124 -0.5741 -0.6375 -0.7999 -0.9647 -1.1297 -1.2954 -1.4571
 -1.6101 -1.7549 -1.8928 -2.0247 -2.1512 -2.2730 -2.3907 -2.5048 -2.6156 -2.7236
 -2.8296
  0.0771  0.0380  0.0011 -0.0363 -0.0777 -0.1250 -0.1772 -0.2331 -0.2913 -0.3504
 -0.4101 -0.4701 -0.5301 -0.5897 -0.6506 -0.8080 -0.9691 -1.1304 -1.2934 -1.4560
 -1.6114 -1.7577 -1.8963 -2.0284 -2.1549 -2.2764 -2.3934 -2.5066 -2.6163 -2.7231
 -2.8273
 -0.0085 -0.0455 -0.0801 -0.1125 -0.1451 -0.1824 -0.2254 -0.2737 -0.3259 -0.3807
 -0.4371 -0.4945 -0.5523 -0.6101 -0.6684 -0.8190 -0.9750 -1.1333 -1.2927 -1.4539
 -1.6114 -1.7605 -1.9007 -2.0337 -2.1606 -2.2821 -2.3991 -2.5121 -2.6214 -2.7273
 -2.8299
 -0.0998 -0.1373 -0.1659 -0.1971 -0.2257 -0.2546 -0.2878 -0.3267 -0.3705 -0.4185
 -0.4695 -0.5228 -0.5773 -0.6327 -0.6885 -0.8318 -0.9806 -1.1343 -1.2900 -1.4476
 -1.6045 -1.7560 -1.8990 -2.0337 -2.1615 -2.2836 -2.4006 -2.5132 -2.6244 -2.7296
 -2.8312
 -0.1969 -0.2374 -0.2563 -0.2838 -0.3141 -0.3404 -0.3661 -0.3953 -0.4298 -0.4689
 -0.5122 -0.5591 -0.6086 -0.6600 -0.7126 -0.8489 -0.9898 -1.1372 -1.2888 -1.4424
 -1.5966 -1.7481 -1.8935 -2.0310 -2.1608 -2.2840 -2.4018 -2.5146 -2.6231 -2.7279
 -2.8295
 -0.2997 -0.3458 -0.3513 -0.3714 -0.4041 -0.4322 -0.4560 -0.4791 -0.5048 -0.5345
 -0.5685 -0.6068 -0.6490 -0.6944 -0.7407 -0.8703 -1.0026 -1.1420 -1.2891
 [Fe/H] = -2.00 [alpha/Fe] = 0.00 BC value = F430M
  0.2849  0.2181  0.1591  0.1034  0.0537  0.0086 -0.0280 -0.0737 -0.1233 -0.1789
 -0.2423 -0.3100 -0.3887 -0.4640 -0.5382 -0.7210 -0.8979 -1.0631 -1.2216
  0.3280  0.2425  0.1591  0.0857  0.0224 -0.0326 -0.0811 -0.1259 -0.1716 -0.2213
 -0.2784 -0.3446 -0.4169 -0.4913 -0.5657 -0.7484 -0.9230 -1.0887 -1.2491 -1.4058
  0.3450  0.2645  0.1843  0.1056  0.0279 -0.0437 -0.1051 -0.1589 -0.2085 -0.2567
 -0.3086 -0.3685 -0.4373 -0.5107 -0.5849 -0.7670 -0.9413 -1.1065 -1.2668 -1.4242
 -1.5755
  0.3477  0.2715  0.1948  0.1189  0.0450 -0.0260 -0.0961 -0.1637 -0.2248 -0.2812
 -0.3350 -0.3908 -0.4537 -0.5242 -0.5971 -0.7794 -0.9540 -1.1195 -1.2797 -1.4366
 -1.5875 -1.7319
  0.3360  0.2656  0.1936  0.1210  0.0487 -0.0219 -0.0897 -0.1554 -0.2218 -0.2880
 -0.3513 -0.4107 -0.4706 -0.5360 -0.6067 -0.7871 -0.9620 -1.1284 -1.2889 -1.4456
 -1.5964 -1.7405 -1.8785 -2.0111
  0.3081  0.2453  0.1799  0.1125  0.0437 -0.0255 -0.0936 -0.1597 -0.2241 -0.2887
 -0.3552 -0.4216 -0.4848 -0.5489 -0.6159 -0.7919 -0.9663 -1.1333 -1.2946 -1.4517
 -1.6027 -1.7470 -1.8847 -2.0169 -2.1440 -2.2668 -2.3858 -2.5014 -2.6138 -2.7232
  0.2623  0.2084  0.1516  0.0916  0.0285 -0.0368 -0.1030 -0.1691 -0.2341 -0.2979
 -0.3618 -0.4273 -0.4928 -0.5582 -0.6250 -0.7958 -0.9682 -1.1350 -1.2967 -1.4547
 -1.6068 -1.7516 -1.8895 -2.0215 -2.1482 -2.2703 -2.3883 -2.5027 -2.6137 -2.7218
 -2.8278
  0.2016  0.1546  0.1067  0.0558  0.0007 -0.0583 -0.1202 -0.1837 -0.2477 -0.3114
 -0.3744 -0.4376 -0.5011 -0.5655 -0.6315 -0.8000 -0.9690 -1.1345 -1.2958 -1.4543
 -1.6081 -1.7541 -1.8927 -2.0250 -2.1516 -2.2733 -2.3908 -2.5043 -2.6143 -2.7212
 -2.8255
  0.1304  0.0868  0.0457  0.0035 -0.0426 -0.0935 -0.1487 -0.2073 -0.2681 -0.3299
 -0.3919 -0.4538 -0.5155 -0.5776 -0.6409 -0.8053 -0.9716 -1.1353 -1.2952 -1.4533
 -1.6085 -1.7568 -1.8970 -2.0300 -2.1571 -2.2788 -2.3960 -2.5092 -2.6186 -2.7247
 -2.8279
  0.0568  0.0125 -0.0265 -0.0627 -0.1004 -0.1423 -0.1892 -0.2404 -0.2954 -0.3531
 -0.4124 -0.4723 -0.5324 -0.5925 -0.6532 -0.8106 -0.9723 -1.1335 -1.2915 -1.4475
 -1.6024 -1.7527 -1.8952 -2.0299 -2.1578 -2.2800 -2.3973 -2.5101 -2.6191 -2.7246
 -2.8290
 -0.0157 -0.0631 -0.1044 -0.1396 -0.1721 -0.2061 -0.2444 -0.2872 -0.3346 -0.3858
 -0.4401 -0.4964 -0.5539 -0.6119 -0.6703 -0.8202 -0.9756 -1.1328 -1.2886 -1.4421
 -1.5949 -1.7453 -1.8901 -2.0272 -2.1569 -2.2802 -2.3982 -2.5112 -2.6201 -2.7252
 -2.8270
 -0.0832 -0.1366 -0.1819 -0.2202 -0.2531 -0.2828 -0.3140 -0.3488 -0.3880 -0.4312
 -0.4784 -0.5290 -0.5798 -0.6344 -0.6922 -0.8341 -0.9815 -1.1332 -1.2865
 [Fe/H] = -1.50 [alpha/Fe] = 0.00 BC value = F430M
  0.3055  0.2438  0.1878  0.1352  0.0838  0.0313 -0.0241 -0.0828 -0.1420 -0.2018
 -0.2636 -0.3292 -0.3987 -0.4707 -0.5437 -0.7249 -0.9005 -1.0675 -1.2261
  0.2945  0.2202  0.1538  0.0939  0.0385 -0.0149 -0.0688 -0.1240 -0.1795 -0.2355
 -0.2942 -0.3583 -0.4281 -0.5008 -0.5741 -0.7547 -0.9280 -1.0935 -1.2505 -1.4047
  0.3261  0.2408  0.1569  0.0810  0.0143 -0.0452 -0.1004 -0.1542 -0.2077 -0.2614
 -0.3170 -0.3779 -0.4461 -0.5188 -0.5925 -0.7735 -0.9470 -1.1117 -1.2684 -1.4219
 -1.5720
  0.3491  0.2676  0.1866  0.1067  0.0284 -0.0466 -0.1133 -0.1726 -0.2282 -0.2824
 -0.3369 -0.3944 -0.4588 -0.5299 -0.6036 -0.7852 -0.9595 -1.1245 -1.2813 -1.4344
 -1.5838 -1.7280
  0.3582  0.2803  0.2017  0.1234  0.0476 -0.0258 -0.0973 -0.1667 -0.2332 -0.2942
 -0.3519 -0.4098 -0.4705 -0.5379 -0.6103 -0.7920 -0.9671 -1.1331 -1.2905 -1.4433
 -1.5923 -1.7362 -1.8742 -2.0070
  0.3553  0.2817  0.2067  0.1311  0.0560 -0.0173 -0.0877 -0.1551 -0.2218 -0.2898
 -0.3566 -0.4201 -0.4820 -0.5461 -0.6152 -0.7955 -0.9711 -1.1381 -1.2965 -1.4494
 -1.5984 -1.7423 -1.8801 -2.0125 -2.1398 -2.2631 -2.3826 -2.4986 -2.6111 -2.7205
  0.3386  0.2710  0.2012  0.1297  0.0575 -0.0146 -0.0854 -0.1541 -0.2206 -0.2861
 -0.3527 -0.4208 -0.4878 -0.5538 -0.6210 -0.7970 -0.9724 -1.1401 -1.2995 -1.4530
 -1.6023 -1.7464 -1.8845 -2.0167 -2.1436 -2.2661 -2.3846 -2.4995 -2.6108 -2.7190
 -2.8249
  0.3057  0.2458  0.1829  0.1174  0.0500 -0.0186 -0.0879 -0.1566 -0.2241 -0.2902
 -0.3556 -0.4216 -0.4887 -0.5563 -0.6248 -0.7979 -0.9720 -1.1397 -1.2998 -1.4539
 -1.6038 -1.7488 -1.8873 -2.0198 -2.1466 -2.2687 -2.3866 -2.5006 -2.6110 -2.7182
 -2.8226
  0.2558  0.2040  0.1490  0.0910  0.0302 -0.0332 -0.0985 -0.1650 -0.2319 -0.2984
 -0.3640 -0.4292 -0.4945 -0.5605 -0.6278 -0.8003 -0.9724 -1.1399 -1.3002 -1.4546
 -1.6053 -1.7515 -1.8912 -2.0244 -2.1517 -2.2737 -2.3914 -2.5050 -2.6149 -2.7215
 -2.8249
  0.1947  0.1478  0.1002  0.0504 -0.0025 -0.0588 -0.1180 -0.1799 -0.2437 -0.3085
 -0.3735 -0.4382 -0.5025 -0.5668 -0.6319 -0.7998 -0.9697 -1.1362 -1.2963 -1.4504
 -1.6009 -1.7481 -1.8895 -2.0240 -2.1521 -2.2745 -2.3922 -2.5055 -2.6149 -2.7210
 -2.8258
  0.1283  0.0817  0.0383 -0.0047 -0.0500 -0.0984 -0.1502 -0.2055 -0.2640 -0.3250
 -0.3874 -0.4506 -0.5138 -0.5768 -0.6401 -0.8018 -0.9677 -1.1322 -1.2917 -1.4452
 -1.5947 -1.7419 -1.8849 -2.0214 -2.1510 -2.2744 -2.3927 -2.5062 -2.6155 -2.7211
 -2.8233
  0.0612  0.0121 -0.0315 -0.0711 -0.1107 -0.1521 -0.1963 -0.2441 -0.2957 -0.3508
 -0.4086 -0.4685 -0.5296 -0.5910 -0.6524 -0.8063 -0.9664 -1.1279 -1.2864
 [Fe/H] = -1.00 [alpha/Fe] = 0.00 BC value = F430M
  0.3300  0.2700  0.2138  0.1599  0.1045  0.0454 -0.0185 -0.0869 -0.1551 -0.2214
 -0.2854 -0.3484 -0.4126 -0.4802 -0.5500 -0.7269 -0.9006 -1.0679 -1.2270
  0.3019  0.2367  0.1765  0.1200  0.0647  0.0077 -0.0543 -0.1195 -0.1850 -0.2492
 -0.3118 -0.3746 -0.4400 -0.5090 -0.5801 -0.7581 -0.9303 -1.0958 -1.2528 -1.4032
  0.2968  0.2224  0.1555  0.0946  0.0375 -0.0188 -0.0778 -0.1401 -0.2032 -0.2659
 -0.3278 -0.3903 -0.4560 -0.5256 -0.5974 -0.7766 -0.9495 -1.1146 -1.2708 -1.4207
 -1.5676
  0.3306  0.2449  0.1622  0.0873  0.0214 -0.0384 -0.0964 -0.1562 -0.2173 -0.2785
 -0.3395 -0.4013 -0.4662 -0.5354 -0.6075 -0.7876 -0.9616 -1.1270 -1.2835 -1.4332
 -1.5794 -1.7223
  0.3567  0.2741  0.1934  0.1146  0.0376 -0.0367 -0.1047 -0.1672 -0.2282 -0.2890
 -0.3497 -0.4108 -0.4740 -0.5418 -0.6133 -0.7939 -0.9687 -1.1349 -1.2921 -1.4420
 -1.5878 -1.7301 -1.8679 -2.0009
  0.3686  0.2906  0.2120  0.1336  0.0577 -0.0158 -0.0876 -0.1584 -0.2279 -0.2938
 -0.3567 -0.4189 -0.4816 -0.5471 -0.6169 -0.7971 -0.9725 -1.1396 -1.2977 -1.4480
 -1.5936 -1.7356 -1.8732 -2.0057 -2.1335 -2.2572 -2.3775 -2.4943 -2.6074 -2.7165
  0.3701  0.2956  0.2200  0.1435  0.0672 -0.0075 -0.0795 -0.1488 -0.2166 -0.2850
 -0.3541 -0.4220 -0.4878 -0.5529 -0.6202 -0.7983 -0.9739 -1.1417 -1.3007 -1.4518
 -1.5974 -1.7393 -1.8768 -2.0092 -2.1366 -2.2596 -2.3788 -2.4944 -2.6066 -2.7150
 -2.8205
  0.3620  0.2917  0.2197  0.1462  0.0719 -0.0022 -0.0752 -0.1460 -0.2146 -0.2817
 -0.3487 -0.4171 -0.4866 -0.5556 -0.6241 -0.7983 -0.9736 -1.1419 -1.3017 -1.4535
 -1.5994 -1.7414 -1.8790 -2.0116 -2.1389 -2.2615 -2.3801 -2.4948 -2.6061 -2.7139
 -2.8183
  0.3410  0.2764  0.2095  0.1401  0.0691 -0.0028 -0.0747 -0.1459 -0.2159 -0.2842
 -0.3514 -0.4183 -0.4860 -0.5548 -0.6246 -0.7999 -0.9741 -1.1427 -1.3032 -1.4557
 -1.6021 -1.7444 -1.8825 -2.0156 -2.1432 -2.2658 -2.3841 -2.4985 -2.6092 -2.7165
 -2.8205
  0.3062  0.2482  0.1880  0.1244  0.0584 -0.0093 -0.0783 -0.1478 -0.2173 -0.2862
 -0.3541 -0.4212 -0.4880 -0.5551 -0.6231 -0.7970 -0.9707 -1.1394 -1.3001 -1.4531
 -1.5998 -1.7424 -1.8811 -2.0149 -2.1431 -2.2660 -2.3843 -2.4983 -2.6085 -2.7153
 -2.8188
  0.2581  0.2061  0.1526  0.0957  0.0361 -0.0261 -0.0903 -0.1562 -0.2232 -0.2908
 -0.3584 -0.4256 -0.4922 -0.5586 -0.6250 -0.7941 -0.9659 -1.1345 -1.2959 -1.4490
 -1.5958 -1.7383 -1.8775 -2.0124 -2.1417 -2.2655 -2.3842 -2.4983 -2.6083 -2.7147
 -2.8177
  0.2008  0.1528  0.1043  0.0536  0.0005 -0.0551 -0.1133 -0.1737 -0.2365 -0.3009
 -0.3663 -0.4324 -0.4984 -0.5641 -0.6303 -0.7912 -0.9597 -1.1280 -1.2906
 [Fe/H] = -0.75 [alpha/Fe] = 0.00 BC value = F430M
  0.3437  0.2833  0.2258  0.1696  0.1113  0.0493 -0.0175 -0.0886 -0.1597 -0.2287
 -0.2946 -0.3580 -0.4210 -0.4860 -0.5534 -0.7272 -0.8997 -1.0666 -1.2261
  0.3130  0.2487  0.1884  0.1311  0.0742  0.0150 -0.0494 -0.1178 -0.1871 -0.2551
 -0.3204 -0.3837 -0.4475 -0.5139 -0.5830 -0.7587 -0.9302 -1.0954 -1.2533 -1.4031
  0.2987  0.2294  0.1656  0.1062  0.0495 -0.0075 -0.0685 -0.1340 -0.2013 -0.2684
 -0.3338 -0.3978 -0.4624 -0.5297 -0.5997 -0.7770 -0.9496 -1.1149 -1.2715 -1.4207
 -1.5658
  0.3138  0.2309  0.1569  0.0911  0.0312 -0.0256 -0.0837 -0.1460 -0.2108 -0.2764
 -0.3416 -0.4061 -0.4713 -0.5391 -0.6094 -0.7879 -0.9615 -1.1273 -1.2840 -1.4332
 -1.5777 -1.7192
  0.3392  0.2589  0.1837  0.1037  0.0294 -0.0366 -0.0965 -0.1568 -0.2195 -0.2834
 -0.3476 -0.4120 -0.4772 -0.5447 -0.6150 -0.7941 -0.9685 -1.1350 -1.2924 -1.4419
 -1.5861 -1.7270 -1.8642 -1.9971
  0.3625  0.2892  0.2095  0.1308  0.0546 -0.0187 -0.0901 -0.1590 -0.2249 -0.2891
 -0.3531 -0.4173 -0.4821 -0.5488 -0.6183 -0.7973 -0.9722 -1.1394 -1.2977 -1.4478
 -1.5919 -1.7324 -1.8691 -2.0015 -2.1295 -2.2536 -2.3742 -2.4913 -2.6049 -2.7142
  0.3758  0.2994  0.2224  0.1452  0.0689 -0.0052 -0.0765 -0.1457 -0.2150 -0.2851
 -0.3542 -0.4211 -0.4867 -0.5528 -0.6208 -0.7985 -0.9737 -1.1415 -1.3006 -1.4514
 -1.5956 -1.7359 -1.8724 -2.0046 -2.1322 -2.2554 -2.3750 -2.4910 -2.6037 -2.7126
 -2.8179
  0.3743  0.3011  0.2271  0.1521  0.0768  0.0020 -0.0709 -0.1414 -0.2101 -0.2780
 -0.3467 -0.4168 -0.4869 -0.5558 -0.6239 -0.7985 -0.9736 -1.1418 -1.3016 -1.4531
 -1.5977 -1.7379 -1.8744 -2.0066 -2.1340 -2.2569 -2.3758 -2.4910 -2.6028 -2.7111
 -2.8157
  0.3638  0.2946  0.2240  0.1519  0.0787  0.0049 -0.0685 -0.1404 -0.2107 -0.2793
 -0.3470 -0.4150 -0.4841 -0.5543 -0.6249 -0.8000 -0.9743 -1.1429 -1.3033 -1.4556
 -1.6008 -1.7412 -1.8778 -2.0103 -2.1379 -2.2607 -2.3794 -2.4942 -2.6054 -2.7133
 -2.8176
  0.3432  0.2787  0.2133  0.1453  0.0754  0.0041 -0.0677 -0.1393 -0.2102 -0.2799
 -0.3484 -0.4162 -0.4839 -0.5521 -0.6214 -0.7972 -0.9714 -1.1400 -1.3008 -1.4535
 -1.5991 -1.7398 -1.8765 -2.0094 -2.1375 -2.2606 -2.3791 -2.4935 -2.6042 -2.7115
 -2.8154
  0.3093  0.2509  0.1907  0.1285  0.0634 -0.0038 -0.0726 -0.1420 -0.2119 -0.2814
 -0.3503 -0.4186 -0.4861 -0.5535 -0.6211 -0.7928 -0.9662 -1.1358 -1.2971 -1.4501
 -1.5961 -1.7368 -1.8738 -2.0073 -2.1361 -2.2598 -2.3787 -2.4931 -2.6035 -2.7103
 -2.8138
  0.2629  0.2100  0.1558  0.0994  0.0401 -0.0217 -0.0857 -0.1514 -0.2184 -0.2862
 -0.3541 -0.4220 -0.4895 -0.5565 -0.6240 -0.7868 -0.9587 -1.1303 -1.2922
 [Fe/H] = -0.50 [alpha/Fe] = 0.00 BC value = F430M
  0.3565  0.2955  0.2365  0.1777  0.1162  0.0510 -0.0184 -0.0914 -0.1641 -0.2346
 -0.3022 -0.3668 -0.4295 -0.4926 -0.5577 -0.7271 -0.8980 -1.0643 -1.2245
  0.3247  0.2605  0.1995  0.1406  0.0813  0.0198 -0.0469 -0.1179 -0.1899 -0.2604
 -0.3280 -0.3925 -0.4555 -0.5196 -0.5862 -0.7586 -0.9292 -1.0947 -1.2528 -1.4027
  0.3068  0.2395  0.1766  0.1171  0.0594  0.0011 -0.0617 -0.1300 -0.2007 -0.2712
 -0.3397 -0.4053 -0.4696 -0.5347 -0.6024 -0.7768 -0.9486 -1.1142 -1.2714 -1.4205
 -1.5644
  0.3044  0.2302  0.1627  0.1006  0.0425 -0.0140 -0.0728 -0.1374 -0.2057 -0.2754
 -0.3443 -0.4114 -0.4772 -0.5435 -0.6118 -0.7875 -0.9604 -1.1265 -1.2839 -1.4330
 -1.5764 -1.7163
  0.3379  0.2516  0.1697  0.0961  0.0311 -0.0277 -0.0845 -0.1451 -0.2102 -0.2778
 -0.3461 -0.4140 -0.4811 -0.5484 -0.6172 -0.7937 -0.9674 -1.1340 -1.2920 -1.4415
 -1.5847 -1.7240 -1.8601 -1.9928
  0.3660  0.2844  0.2031  0.1239  0.0476 -0.0246 -0.0906 -0.1526 -0.2159 -0.2812
 -0.3481 -0.4156 -0.4831 -0.5511 -0.6201 -0.7970 -0.9711 -1.1383 -1.2970 -1.4472
 -1.5904 -1.7293 -1.8649 -1.9969 -2.1248 -2.2491 -2.3700 -2.4877 -2.6018 -2.7114
  0.3782  0.3003  0.2221  0.1445  0.0687 -0.0044 -0.0746 -0.1436 -0.2133 -0.2825
 -0.3503 -0.4176 -0.4850 -0.5528 -0.6217 -0.7983 -0.9728 -1.1404 -1.2997 -1.4505
 -1.5941 -1.7328 -1.8679 -1.9996 -2.1271 -2.2506 -2.3705 -2.4870 -2.6001 -2.7097
 -2.8151
  0.3811  0.3061  0.2308  0.1551  0.0795  0.0053 -0.0665 -0.1359 -0.2044 -0.2738
 -0.3446 -0.4159 -0.4861 -0.5548 -0.6232 -0.7984 -0.9729 -1.1408 -1.3006 -1.4521
 -1.5961 -1.7348 -1.8697 -2.0011 -2.1284 -2.2515 -2.3708 -2.4865 -2.5988 -2.7076
 -2.8128
  0.3767  0.3046  0.2319  0.1585  0.0843  0.0100 -0.0633 -0.1348 -0.2046 -0.2734
 -0.3421 -0.4118 -0.4827 -0.5541 -0.6251 -0.7997 -0.9739 -1.1422 -1.3025 -1.4547
 -1.5993 -1.7382 -1.8731 -2.0045 -2.1319 -2.2549 -2.3739 -2.4891 -2.6008 -2.7092
 -2.8142
  0.3666  0.2973  0.2281  0.1575  0.0856  0.0127 -0.0604 -0.1328 -0.2040 -0.2739
 -0.3427 -0.4113 -0.4802 -0.5499 -0.6204 -0.7976 -0.9713 -1.1397 -1.3003 -1.4530
 -1.5981 -1.7373 -1.8723 -2.0038 -2.1313 -2.2543 -2.3731 -2.4879 -2.5990 -2.7068
 -2.8114
  0.3465  0.2818  0.2161  0.1497  0.0809  0.0106 -0.0607 -0.1324 -0.2037 -0.2743
 -0.3440 -0.4128 -0.4812 -0.5495 -0.6182 -0.7922 -0.9668 -1.1362 -1.2971 -1.4501
 -1.5957 -1.7352 -1.8703 -2.0020 -2.1299 -2.2533 -2.3723 -2.4869 -2.5977 -2.7050
 -2.8091
  0.3141  0.2548  0.1944  0.1322  0.0682  0.0017 -0.0666 -0.1360 -0.2059 -0.2759
 -0.3455 -0.4146 -0.4830 -0.5510 -0.6185 -0.7835 -0.9604 -1.1317 -1.2929
 [Fe/H] = -0.25 [alpha/Fe] = 0.00 BC value = F430M
  0.3672  0.3051  0.2441  0.1824  0.1177  0.0495 -0.0222 -0.0966 -0.1700 -0.2409
 -0.3094 -0.3753 -0.4386 -0.5007 -0.5634 -0.7274 -0.8961 -1.0617 -1.2222
  0.3349  0.2703  0.2081  0.1471  0.0853  0.0209 -0.0482 -0.1213 -0.1951 -0.2670
 -0.3359 -0.4017 -0.4648 -0.5273 -0.5913 -0.7589 -0.9281 -1.0933 -1.2520 -1.4023
  0.3158  0.2493  0.1862  0.1259  0.0665  0.0060 -0.0590 -0.1296 -0.2030 -0.2760
 -0.3465 -0.4137 -0.4782 -0.5419 -0.6070 -0.7770 -0.9476 -1.1132 -1.2712 -1.4206
 -1.5638
  0.3064  0.2364  0.1713  0.1102  0.0519 -0.0056 -0.0659 -0.1326 -0.2039 -0.2769
 -0.3488 -0.4181 -0.4846 -0.5500 -0.6162 -0.7878 -0.9594 -1.1256 -1.2836 -1.4331
 -1.5759 -1.7144
  0.3203  0.2387  0.1655  0.0995  0.0391 -0.0177 -0.0743 -0.1360 -0.2038 -0.2750
 -0.3470 -0.4179 -0.4866 -0.5539 -0.6213 -0.7941 -0.9665 -1.1330 -1.2916 -1.4415
 -1.5842 -1.7222 -1.8568 -1.9885
  0.3590  0.2745  0.1912  0.1116  0.0387 -0.0260 -0.0843 -0.1426 -0.2061 -0.2741
 -0.3446 -0.4157 -0.4859 -0.5549 -0.6236 -0.7976 -0.9704 -1.1373 -1.2963 -1.4469
 -1.5898 -1.7275 -1.8616 -1.9926 -2.1202 -2.2445 -2.3656 -2.4837 -2.5981 -2.7081
  0.3782  0.2985  0.2190  0.1407  0.0649 -0.0079 -0.0775 -0.1436 -0.2090 -0.2757
 -0.3441 -0.4140 -0.4843 -0.5544 -0.6241 -0.7990 -0.9723 -1.1394 -1.2989 -1.4501
 -1.5934 -1.7310 -1.8646 -1.9951 -2.1222 -2.2456 -2.3657 -2.4825 -2.5961 -2.7061
 -2.8119
  0.3850  0.3086  0.2320  0.1556  0.0803  0.0073 -0.0630 -0.1311 -0.1996 -0.2702
 -0.3419 -0.4133 -0.4837 -0.5537 -0.6237 -0.7991 -0.9726 -1.1400 -1.2999 -1.4515
 -1.5954 -1.7331 -1.8665 -1.9966 -2.1233 -2.2462 -2.3656 -2.4815 -2.5941 -2.7035
 -2.8094
  0.3845  0.3103  0.2362  0.1619  0.0874  0.0136 -0.0585 -0.1285 -0.1973 -0.2664
 -0.3367 -0.4087 -0.4814 -0.5538 -0.6250 -0.8001 -0.9738 -1.1416 -1.3019 -1.4541
 -1.5986 -1.7367 -1.8701 -1.9999 -2.1264 -2.2491 -2.3682 -2.4836 -2.5957 -2.7045
 -2.8101
  0.3799  0.3079  0.2362  0.1641  0.0914  0.0181 -0.0549 -0.1267 -0.1972 -0.2667
 -0.3360 -0.4059 -0.4766 -0.5480 -0.6200 -0.7982 -0.9715 -1.1394 -1.2999 -1.4526
 -1.5976 -1.7362 -1.8696 -1.9994 -2.1257 -2.2482 -2.3669 -2.4818 -2.5933 -2.7015
 -2.8067
  0.3699  0.3004  0.2312  0.1618  0.0912  0.0195 -0.0529 -0.1251 -0.1968 -0.2675
 -0.3374 -0.4068 -0.4762 -0.5459 -0.6159 -0.7926 -0.9677 -1.1363 -1.2971 -1.4501
 -1.5956 -1.7346 -1.8683 -1.9981 -2.1244 -2.2470 -2.3657 -2.4804 -2.5914 -2.6991
 -2.8037
  0.3510  0.2855  0.2198  0.1533  0.0859  0.0165 -0.0541 -0.1254 -0.1969 -0.2680
 -0.3384 -0.4081 -0.4773 -0.5462 -0.6127 -0.7833 -0.9624 -1.1323 -1.2935
 [Fe/H] =  0.00 [alpha/Fe] = 0.00 BC value = F430M
  0.3773  0.3143  0.2511  0.1866  0.1201  0.0497 -0.0240 -0.0994 -0.1731 -0.2438
 -0.3126 -0.3796 -0.4443 -0.5066 -0.5683 -0.7267 -0.8923 -1.0571 -1.2177
  0.3446  0.2796  0.2161  0.1531  0.0893  0.0227 -0.0486 -0.1236 -0.1983 -0.2705
 -0.3399 -0.4067 -0.4709 -0.5331 -0.5953 -0.7575 -0.9246 -1.0894 -1.2485 -1.3998
  0.3251  0.2591  0.1958  0.1344  0.0736  0.0111 -0.0560 -0.1290 -0.2044 -0.2786
 -0.3501 -0.4184 -0.4837 -0.5470 -0.6103 -0.7752 -0.9439 -1.1094 -1.2681 -1.4183
 -1.5615
  0.3129  0.2452  0.1812  0.1204  0.0617  0.0031 -0.0590 -0.1278 -0.2019 -0.2773
 -0.3510 -0.4217 -0.4891 -0.5544 -0.6191 -0.7859 -0.9558 -1.1217 -1.2804 -1.4306
 -1.5734 -1.7111
  0.3201  0.2386  0.1711  0.1085  0.0499 -0.0066 -0.0639 -0.1271 -0.1975 -0.2718
 -0.3466 -0.4196 -0.4896 -0.5573 -0.6237 -0.7924 -0.9629 -1.1290 -1.2881 -1.4387
 -1.5815 -1.7188 -1.8523 -1.9831
  0.3447  0.2581  0.1775  0.1052  0.0408 -0.0175 -0.0728 -0.1305 -0.1955 -0.2665
 -0.3405 -0.4146 -0.4868 -0.5569 -0.6254 -0.7961 -0.9672 -1.1334 -1.2927 -1.4437
 -1.5869 -1.7240 -1.8569 -1.9869 -2.1141 -2.2383 -2.3597 -2.4783 -2.5931 -2.7037
  0.3746  0.2929  0.2116  0.1322  0.0561 -0.0147 -0.0786 -0.1372 -0.1981 -0.2646
 -0.3357 -0.4091 -0.4823 -0.5542 -0.6247 -0.7978 -0.9694 -1.1358 -1.2952 -1.4466
 -1.5902 -1.7273 -1.8599 -1.9892 -2.1157 -2.2391 -2.3593 -2.4765 -2.5906 -2.7012
 -2.8077
  0.3866  0.3088  0.2310  0.1540  0.0790  0.0067 -0.0626 -0.1294 -0.1957 -0.2639
 -0.3340 -0.4057 -0.4782 -0.5508 -0.6225 -0.7980 -0.9701 -1.1367 -1.2962 -1.4480
 -1.5921 -1.7293 -1.8617 -1.9905 -2.1164 -2.2391 -2.3586 -2.4749 -2.5881 -2.6981
 -2.8047
  0.3889  0.3135  0.2384  0.1633  0.0889  0.0160 -0.0544 -0.1224 -0.1897 -0.2585
 -0.3299 -0.4031 -0.4767 -0.5497 -0.6218 -0.7988 -0.9717 -1.1387 -1.2986 -1.4508
 -1.5953 -1.7330 -1.8653 -1.9938 -2.1192 -2.2415 -2.3606 -2.4763 -2.5888 -2.6983
 -2.8047
  0.3870  0.3139  0.2408  0.1678  0.0946  0.0217 -0.0502 -0.1204 -0.1891 -0.2577
 -0.3273 -0.3986 -0.4711 -0.5443 -0.6175 -0.7965 -0.9697 -1.1370 -1.2971 -1.4495
 -1.5945 -1.7327 -1.8651 -1.9934 -2.1184 -2.2402 -2.3587 -2.4738 -2.5857 -2.6945
 -2.8004
  0.3826  0.3105  0.2396  0.1684  0.0969  0.0248 -0.0474 -0.1190 -0.1897 -0.2595
 -0.3290 -0.3990 -0.4696 -0.5408 -0.6124 -0.7915 -0.9666 -1.1344 -1.2948 -1.4475
 -1.5929 -1.7315 -1.8642 -1.9925 -2.1173 -2.2388 -2.3571 -2.4718 -2.5831 -2.6913
 -2.7966
  0.3737  0.3037  0.2344  0.1654  0.0958  0.0252 -0.0462 -0.1179 -0.1895 -0.2605
 -0.3308 -0.4008 -0.4706 -0.5404 -0.6065 -0.7838 -0.9624 -1.1309 -1.2917
 [Fe/H] =  0.25 [alpha/Fe] = 0.00 BC value = F430M
  0.3845  0.3201  0.2543  0.1866  0.1169  0.0454 -0.0278 -0.1025 -0.1773 -0.2479
 -0.3163 -0.3837 -0.4494 -0.5129 -0.5740 -0.7273 -0.8888 -1.0529 -1.2132
  0.3516  0.2857  0.2205  0.1552  0.0893  0.0206 -0.0519 -0.1279 -0.2033 -0.2754
 -0.3446 -0.4118 -0.4768 -0.5396 -0.6010 -0.7576 -0.9215 -1.0854 -1.2449 -1.3971
  0.3324  0.2663  0.2022  0.1394  0.0769  0.0127 -0.0565 -0.1315 -0.2082 -0.2829
 -0.3546 -0.4233 -0.4894 -0.5531 -0.6154 -0.7749 -0.9407 -1.1054 -1.2646 -1.4158
 -1.5593
  0.3194  0.2528  0.1892  0.1281  0.0684  0.0084 -0.0556 -0.1267 -0.2031 -0.2799
 -0.3544 -0.4258 -0.4941 -0.5596 -0.6236 -0.7855 -0.9525 -1.1177 -1.2768 -1.4279
 -1.5711 -1.7085
  0.3122  0.2431  0.1783  0.1172  0.0590  0.0020 -0.0566 -0.1217 -0.1947 -0.2716
 -0.3482 -0.4224 -0.4934 -0.5615 -0.6276 -0.7922 -0.9599 -1.1251 -1.2844 -1.4357
 -1.5790 -1.7161 -1.8487 -1.9783
  0.3249  0.2455  0.1737  0.1085  0.0485 -0.0077 -0.0627 -0.1213 -0.1883 -0.2623
 -0.3390 -0.4152 -0.4889 -0.5598 -0.6283 -0.7961 -0.9645 -1.1297 -1.2889 -1.4406
 -1.5842 -1.7212 -1.8533 -1.9822 -2.1084 -2.2322 -2.3536 -2.4724 -2.5875 -2.6985
  0.3655  0.2802  0.1977  0.1189  0.0477 -0.0154 -0.0723 -0.1272 -0.1875 -0.2560
 -0.3302 -0.4065 -0.4820 -0.5553 -0.6264 -0.7980 -0.9672 -1.1324 -1.2915 -1.4434
 -1.5874 -1.7245 -1.8564 -1.9847 -2.1100 -2.2327 -2.3528 -2.4701 -2.5846 -2.6956
 -2.8026
  0.3850  0.3059  0.2269  0.1490  0.0735  0.0011 -0.0672 -0.1302 -0.1906 -0.2547
 -0.3248 -0.3990 -0.4745 -0.5493 -0.6224 -0.7980 -0.9684 -1.1338 -1.2929 -1.4448
 -1.5892 -1.7266 -1.8583 -1.9861 -2.1107 -2.2326 -2.3518 -2.4680 -2.5814 -2.6920
 -2.7991
  0.3909  0.3147  0.2386  0.1629  0.0886  0.0166 -0.0525 -0.1192 -0.1851 -0.2523
 -0.3227 -0.3958 -0.4703 -0.5451 -0.6192 -0.7983 -0.9702 -1.1362 -1.2955 -1.4477
 -1.5924 -1.7302 -1.8620 -1.9895 -2.1135 -2.2347 -2.3533 -2.4688 -2.5816 -2.6915
 -2.7984
  0.3914  0.3171  0.2433  0.1695  0.0962  0.0239 -0.0465 -0.1146 -0.1813 -0.2485
 -0.3180 -0.3904 -0.4644 -0.5392 -0.6137 -0.7950 -0.9685 -1.1350 -1.2945 -1.4467
 -1.5917 -1.7299 -1.8619 -1.9892 -2.1127 -2.2332 -2.3510 -2.4658 -2.5778 -2.6870
 -2.7934
  0.3890  0.3160  0.2439  0.1719  0.0999  0.0278 -0.0436 -0.1136 -0.1824 -0.2505
 -0.3192 -0.3896 -0.4615 -0.5345 -0.6078 -0.7899 -0.9656 -1.1329 -1.2927 -1.4451
 -1.5904 -1.7290 -1.8613 -1.9885 -2.1117 -2.2318 -2.3491 -2.4633 -2.5746 -2.6830
 -2.7888
  0.3852  0.3131  0.2420  0.1718  0.1010  0.0300 -0.0413 -0.1124 -0.1830 -0.2528
 -0.3222 -0.3919 -0.4623 -0.5334 -0.6015 -0.7830 -0.9615 -1.1299 -1.2901
 [Fe/H] =  0.50 [alpha/Fe] = 0.00 BC value = F430M
  0.3898  0.3312  0.2677  0.1998  0.1281  0.0531 -0.0250 -0.1047 -0.1813 -0.2521
 -0.3198 -0.3869 -0.4532 -0.5177 -0.5799 -0.7294 -0.8860 -1.0485 -1.2090
  0.3564  0.2895  0.2222  0.1548  0.0874  0.0182 -0.0548 -0.1318 -0.2080 -0.2800
 -0.3487 -0.4158 -0.4813 -0.5450 -0.6066 -0.7590 -0.9184 -1.0809 -1.2388 -1.3908
  0.3376  0.2713  0.2060  0.1416  0.0775  0.0119 -0.0586 -0.1348 -0.2123 -0.2870
 -0.3585 -0.4273 -0.4939 -0.5581 -0.6205 -0.7757 -0.9372 -1.1006 -1.2601 -1.4122
 -1.5562
  0.3245  0.2587  0.1950  0.1332  0.0725  0.0112 -0.0543 -0.1273 -0.2053 -0.2828
 -0.3575 -0.4292 -0.4979 -0.5640 -0.6279 -0.7860 -0.9490 -1.1128 -1.2722 -1.4241
 -1.5680 -1.7055
  0.3149  0.2482  0.1849  0.1243  0.0661  0.0085 -0.0514 -0.1184 -0.1939 -0.2724
 -0.3499 -0.4248 -0.4964 -0.5650 -0.6312 -0.7926 -0.9566 -1.1204 -1.2797 -1.4317
 -1.5757 -1.7129 -1.8451 -1.9738
  0.3143  0.2428  0.1765  0.1147  0.0567  0.0012 -0.0542 -0.1141 -0.1833 -0.2600
 -0.3387 -0.4160 -0.4906 -0.5621 -0.6310 -0.7966 -0.9617 -1.1253 -1.2843 -1.4364
 -1.5807 -1.7180 -1.8498 -1.9778 -2.1029 -2.2259 -2.3470 -2.4657 -2.5810 -2.6923
  0.3445  0.2664  0.1824  0.1119  0.0487 -0.0088 -0.0628 -0.1172 -0.1785 -0.2495
 -0.3265 -0.4049 -0.4818 -0.5562 -0.6278 -0.7984 -0.9649 -1.1285 -1.2871 -1.4392
 -1.5838 -1.7213 -1.8529 -1.9804 -2.1046 -2.2264 -2.3460 -2.4631 -2.5778 -2.6891
 -2.7965
  0.3791  0.2982  0.2174  0.1380  0.0624 -0.0072 -0.0693 -0.1253 -0.1813 -0.2448
 -0.3169 -0.3939 -0.4717 -0.5481 -0.6222 -0.7981 -0.9665 -1.1305 -1.2888 -1.4407
 -1.5855 -1.7233 -1.8549 -1.9819 -2.1055 -2.2262 -2.3447 -2.4607 -2.5741 -2.6850
 -2.7925
  0.3901  0.3131  0.2361  0.1599  0.0856  0.0140 -0.0549 -0.1208 -0.1836 -0.2461
 -0.3137 -0.3872 -0.4639 -0.5410 -0.6169 -0.7978 -0.9687 -1.1335 -1.2920 -1.4438
 -1.5888 -1.7268 -1.8586 -1.9854 -2.1084 -2.2284 -2.3460 -2.4611 -2.5737 -2.6838
 -2.7911
  0.3929  0.3182  0.2437  0.1695  0.0962  0.0248 -0.0441 -0.1106 -0.1757 -0.2413
 -0.3094 -0.3813 -0.4561 -0.5324 -0.6087 -0.7934 -0.9671 -1.1328 -1.2915 -1.4433
 -1.5882 -1.7265 -1.8585 -1.9852 -2.1076 -2.2268 -2.3435 -2.4577 -2.5694 -2.6786
 -2.7854
  0.3915  0.3186  0.2459  0.1734  0.1011  0.0295 -0.0407 -0.1088 -0.1753 -0.2413
 -0.3087 -0.3789 -0.4518 -0.5263 -0.6014 -0.7872 -0.9640 -1.1310 -1.2903 -1.4422
 -1.5872 -1.7257 -1.8579 -1.9846 -2.1069 -2.2256 -2.3415 -2.4549 -2.5656 -2.6740
 -2.7799
  0.3897  0.3171  0.2458  0.1746  0.1035  0.0324 -0.0384 -0.1083 -0.1770 -0.2447
 -0.3124 -0.3813 -0.4520 -0.5243 -0.5950 -0.7792 -0.9594 -1.1281 -1.2884
 [Fe/H] =  0.75 [alpha/Fe] = 0.00 BC value = F430M
  0.3932  0.3319  0.2665  0.1975  0.1254  0.0506 -0.0266 -0.1060 -0.1851 -0.2567
 -0.3238 -0.3903 -0.4567 -0.5220 -0.5851 -0.7329 -0.8855 -1.0447 -1.2049
  0.3594  0.2912  0.2219  0.1524  0.0852  0.0171 -0.0557 -0.1343 -0.2121 -0.2847
 -0.3530 -0.4195 -0.4850 -0.5493 -0.6116 -0.7620 -0.9159 -1.0762 -1.2356 -1.3892
  0.3398  0.2720  0.2075  0.1416  0.0760  0.0093 -0.0616 -0.1378 -0.2159 -0.2909
 -0.3623 -0.4307 -0.4973 -0.5621 -0.6249 -0.7776 -0.9342 -1.0954 -1.2549 -1.4078
 -1.5528
  0.3278  0.2624  0.1985  0.1359  0.0741  0.0116 -0.0550 -0.1292 -0.2078 -0.2856
 -0.3603 -0.4320 -0.5008 -0.5673 -0.6316 -0.7873 -0.9458 -1.1074 -1.2667 -1.4194
 -1.5641 -1.7020
  0.3170  0.2520  0.1895  0.1292  0.0708  0.0125 -0.0485 -0.1171 -0.1941 -0.2736
 -0.3515 -0.4265 -0.4985 -0.5675 -0.6340 -0.7937 -0.9536 -1.1152 -1.2741 -1.4267
 -1.5715 -1.7092 -1.8413 -1.9695
  0.3103  0.2433  0.1801  0.1203  0.0633  0.0081 -0.0476 -0.1089 -0.1802 -0.2588
 -0.3385 -0.4166 -0.4917 -0.5637 -0.6329 -0.7975 -0.9591 -1.1205 -1.2788 -1.4312
 -1.5763 -1.7141 -1.8459 -1.9734 -2.0977 -2.2199 -2.3402 -2.4585 -2.5736 -2.6852
  0.3233  0.2461  0.1761  0.1124  0.0538 -0.0011 -0.0539 -0.1086 -0.1715 -0.2449
 -0.3240 -0.4037 -0.4814 -0.5565 -0.6286 -0.7990 -0.9628 -1.1244 -1.2820 -1.4341
 -1.5792 -1.7172 -1.8490 -1.9760 -2.0995 -2.2203 -2.3391 -2.4558 -2.5704 -2.6816
 -2.7894
  0.3664  0.2812  0.1999  0.1228  0.0527 -0.0087 -0.0640 -0.1162 -0.1716 -0.2363
 -0.3109 -0.3900 -0.4693 -0.5467 -0.6216 -0.7981 -0.9648 -1.1270 -1.2843 -1.4358
 -1.5809 -1.7191 -1.8509 -1.9776 -2.1004 -2.2202 -2.3378 -2.4531 -2.5663 -2.6772
 -2.7849
  0.3854  0.3076  0.2296  0.1527  0.0779  0.0059 -0.0615 -0.1227 -0.1791 -0.2373
 -0.3045 -0.3800 -0.4587 -0.5374 -0.6144 -0.7968 -0.9672 -1.1306 -1.2880 -1.4393
 -1.5843 -1.7227 -1.8547 -1.9812 -2.1035 -2.2225 -2.3390 -2.4534 -2.5655 -2.6755
 -2.7830
  0.3916  0.3167  0.2417  0.1672  0.0942  0.0236 -0.0443 -0.1100 -0.1741 -0.2370
 -0.3014 -0.3717 -0.4475 -0.5259 -0.6040 -0.7912 -0.9654 -1.1304 -1.2882 -1.4394
 -1.5841 -1.7225 -1.8546 -1.9810 -2.1029 -2.2211 -2.3366 -2.4498 -2.5608 -2.6697
 -2.7766
  0.3917  0.3186  0.2457  0.1729  0.1007  0.0298 -0.0388 -0.1050 -0.1695 -0.2338
 -0.2995 -0.3684 -0.4412 -0.5168 -0.5937 -0.7837 -0.9620 -1.1289 -1.2876 -1.4389
 -1.5835 -1.7219 -1.8541 -1.9806 -2.1022 -2.2200 -2.3347 -2.4469 -2.5568 -2.6646
 -2.7705
  0.3899  0.3179  0.2465  0.1752  0.1040  0.0331 -0.0368 -0.1049 -0.1713 -0.2367
 -0.3024 -0.3702 -0.4405 -0.5135 -0.5835 -0.7743 -0.9570 -1.1261 -1.2862
 [Fe/H] =  1.00 [alpha/Fe] = 0.00 BC value = F430M
  0.3942  0.3327  0.2670  0.1975  0.1248  0.0491 -0.0291 -0.1095 -0.1898 -0.2626
 -0.3298 -0.3953 -0.4611 -0.5265 -0.5905 -0.7390 -0.8878 -1.0419 -1.2010
  0.3607  0.2863  0.2144  0.1447  0.0772  0.0116 -0.0561 -0.1367 -0.2161 -0.2896
 -0.3579 -0.4236 -0.4887 -0.5530 -0.6160 -0.7663 -0.9150 -1.0721 -1.2312 -1.3852
  0.3415  0.2696  0.2073  0.1399  0.0729  0.0054 -0.0631 -0.1396 -0.2190 -0.2946
 -0.3660 -0.4340 -0.5002 -0.5651 -0.6285 -0.7804 -0.9324 -1.0905 -1.2496 -1.4030
 -1.5490
  0.3293  0.2642  0.2000  0.1365  0.0737  0.0103 -0.0571 -0.1310 -0.2099 -0.2879
 -0.3627 -0.4344 -0.5030 -0.5696 -0.6343 -0.7892 -0.9435 -1.1022 -1.2609 -1.4140
 -1.5598 -1.6983
  0.3175  0.2540  0.1921  0.1319  0.0731  0.0142 -0.0475 -0.1171 -0.1948 -0.2746
 -0.3525 -0.4278 -0.4998 -0.5690 -0.6359 -0.7950 -0.9512 -1.1100 -1.2680 -1.4210
 -1.5667 -1.7051 -1.8374 -1.9652
  0.3075  0.2436  0.1825  0.1241  0.0678  0.0127 -0.0434 -0.1055 -0.1783 -0.2580
 -0.3382 -0.4165 -0.4921 -0.5643 -0.6339 -0.7983 -0.9569 -1.1157 -1.2728 -1.4254
 -1.5711 -1.7096 -1.8418 -1.9690 -2.0926 -2.2138 -2.3334 -2.4510 -2.5657 -2.6773
  0.3071  0.2380  0.1740  0.1144  0.0584  0.0052 -0.0470 -0.1019 -0.1661 -0.2414
 -0.3218 -0.4022 -0.4805 -0.5560 -0.6286 -0.7992 -0.9609 -1.1201 -1.2765 -1.4283
 -1.5739 -1.7125 -1.8445 -1.9715 -2.0945 -2.2145 -2.3323 -2.4485 -2.5625 -2.6735
 -2.7814
  0.3431  0.2574  0.1806  0.1119  0.0504 -0.0052 -0.0569 -0.1075 -0.1631 -0.2294
 -0.3060 -0.3865 -0.4667 -0.5449 -0.6202 -0.7976 -0.9632 -1.1234 -1.2794 -1.4304
 -1.5756 -1.7143 -1.8464 -1.9731 -2.0954 -2.2145 -2.3311 -2.4457 -2.5584 -2.6689
 -2.7765
  0.3752  0.2962  0.2168  0.1385  0.0635 -0.0049 -0.0652 -0.1189 -0.1705 -0.2279
 -0.2964 -0.3738 -0.4540 -0.5337 -0.6115 -0.7952 -0.9655 -1.1276 -1.2838 -1.4343
 -1.5792 -1.7179 -1.8501 -1.9767 -2.0986 -2.2169 -2.3325 -2.4459 -2.5573 -2.6668
 -2.7742
  0.3867  0.3116  0.2363  0.1616  0.0889  0.0187 -0.0492 -0.1140 -0.1745 -0.2320
 -0.2924 -0.3626 -0.4402 -0.5200 -0.5992 -0.7883 -0.9633 -1.1278 -1.2847 -1.4351
 -1.5794 -1.7178 -1.8501 -1.9766 -2.0981 -2.2157 -2.3303 -2.4424 -2.5525 -2.6608
 -2.7673
  0.3888  0.3159  0.2430  0.1702  0.0984  0.0286 -0.0385 -0.1031 -0.1663 -0.2293
 -0.2927 -0.3586 -0.4305 -0.5075 -0.5864 -0.7795 -0.9592 -1.1265 -1.2847 -1.4354
 -1.5794 -1.7176 -1.8497 -1.9762 -2.0976 -2.2147 -2.3285 -2.4396 -2.5484 -2.6554
 -2.7607
  0.3871  0.3159  0.2447  0.1735  0.1025  0.0323 -0.0362 -0.1023 -0.1664 -0.2296
 -0.2934 -0.3594 -0.4286 -0.5015 -0.5731 -0.7688 -0.9532 -1.1237 -1.2838
