 [Fe/H] = -2.50 [alpha/Fe] = 0.40 BC value = F555W
 -5.1249 -4.7808 -4.5301 -4.2533 -3.9470 -3.6963 -3.5512 -3.4623 -3.3597 -3.2220
 -3.0676 -2.9011 -2.7351 -2.5795 -2.4313 -2.0992 -1.8248 -1.6146 -1.4483
 -4.7268 -4.3240 -4.0230 -3.7759 -3.5733 -3.4109 -3.2792 -3.1661 -3.0598 -2.9522
 -2.8372 -2.7097 -2.5698 -2.4275 -2.2932 -2.0027 -1.7688 -1.5877 -1.4490 -1.3460
 -4.4557 -4.0298 -3.7038 -3.4648 -3.3003 -3.1738 -3.0561 -2.9454 -2.8442 -2.7503
 -2.6550 -2.5526 -2.4363 -2.3098 -2.1878 -1.9286 -1.7255 -1.5683 -1.4501 -1.3596
 -1.2874
 -4.3116 -3.8982 -3.5725 -3.3200 -3.1280 -2.9850 -2.8819 -2.8002 -2.7129 -2.6163
 -2.5210 -2.4298 -2.3346 -2.2264 -2.1151 -1.8769 -1.6949 -1.5564 -1.4515 -1.3699
 -1.3037 -1.2477
 -4.2073 -3.8180 -3.5062 -3.2579 -3.0606 -2.9044 -2.7809 -2.6820 -2.6011 -2.5259
 -2.4403 -2.3471 -2.2578 -2.1652 -2.0656 -1.8427 -1.6739 -1.5483 -1.4547 -1.3814
 -1.3209 -1.2692 -1.2235 -1.1826
 -4.1001 -3.7441 -3.4546 -3.2191 -3.0263 -2.8673 -2.7355 -2.6254 -2.5314 -2.4479
 -2.3699 -2.2896 -2.2052 -2.1211 -2.0306 -1.8206 -1.6596 -1.5417 -1.4565 -1.3912
 -1.3372 -1.2903 -1.2484 -1.2103 -1.1753 -1.1433 -1.1150 -1.0938 -1.0824 -1.0812
 -3.9785 -3.6591 -3.3965 -3.1794 -2.9973 -2.8425 -2.7095 -2.5941 -2.4936 -2.4038
 -2.3206 -2.2407 -2.1613 -2.0848 -2.0049 -1.8069 -1.6502 -1.5358 -1.4552 -1.3966
 -1.3496 -1.3087 -1.2718 -1.2376 -1.2056 -1.1754 -1.1481 -1.1238 -1.1070 -1.1014
 -1.1065
 -3.8497 -3.5637 -3.3272 -3.1298 -2.9617 -2.8156 -2.6864 -2.5711 -2.4676 -2.3746
 -2.2890 -2.2081 -2.1299 -2.0538 -1.9807 -1.7978 -1.6449 -1.5309 -1.4514 -1.3965
 -1.3557 -1.3217 -1.2909 -1.2621 -1.2345 -1.2078 -1.1825 -1.1594 -1.1398 -1.1268
 -1.1268
 -3.7184 -3.4624 -3.2481 -3.0683 -2.9142 -2.7785 -2.6562 -2.5447 -2.4425 -2.3489
 -2.2625 -2.1818 -2.1047 -2.0301 -1.9589 -1.7868 -1.6403 -1.5270 -1.4462 -1.3918
 -1.3547 -1.3269 -1.3031 -1.2808 -1.2591 -1.2373 -1.2159 -1.1952 -1.1763 -1.1608
 -1.1523
 -3.6006 -3.3709 -3.1723 -3.0043 -2.8609 -2.7345 -2.6200 -2.5140 -2.4155 -2.3238
 -2.2384 -2.1586 -2.0833 -2.0114 -1.9421 -1.7779 -1.6365 -1.5251 -1.4430 -1.3867
 -1.3498 -1.3254 -1.3076 -1.2923 -1.2775 -1.2621 -1.2463 -1.2301 -1.2141 -1.1995
 -1.1857
 -3.5005 -3.2901 -3.1042 -2.9429 -2.8043 -2.6840 -2.5759 -2.4758 -2.3821 -2.2939
 -2.2110 -2.1333 -2.0602 -1.9910 -1.9247 -1.7687 -1.6318 -1.5221 -1.4401 -1.3820
 -1.3436 -1.3196 -1.3049 -1.2954 -1.2875 -1.2793 -1.2703 -1.2601 -1.2491 -1.2379
 -1.2277
 -3.4180 -3.2200 -3.0455 -2.8888 -2.7518 -2.6325 -2.5269 -2.4312 -2.3419 -2.2579
 -2.1785 -2.1037 -2.0334 -1.9671 -1.9067 -1.7592 -1.6262 -1.5180 -1.4375
 [Fe/H] = -2.00 [alpha/Fe] = 0.40 BC value = F555W
 -6.0221 -5.5131 -5.0713 -4.6918 -4.3678 -4.0835 -3.8235 -3.5785 -3.3549 -3.1581
 -2.9789 -2.8088 -2.6454 -2.4930 -2.3408 -2.0449 -1.8022 -1.6061 -1.4558
 -5.6203 -5.1048 -4.6573 -4.2793 -3.9642 -3.7011 -3.4767 -3.2742 -3.0938 -2.9340
 -2.7867 -2.6431 -2.4989 -2.3593 -2.2305 -1.9601 -1.7469 -1.5774 -1.4462 -1.3456
 -5.2106 -4.6946 -4.2715 -3.9728 -3.6863 -3.4434 -3.2382 -3.0607 -2.9054 -2.7687
 -2.6440 -2.5232 -2.3986 -2.2710 -2.1503 -1.8987 -1.7066 -1.5571 -1.4413 -1.3512
 -1.2782
 -4.9055 -4.3893 -3.9828 -3.6719 -3.4314 -3.2376 -3.0704 -2.9162 -2.7748 -2.6485
 -2.5359 -2.4313 -2.3263 -2.2134 -2.1002 -1.8607 -1.6813 -1.5452 -1.4411 -1.3598
 -1.2937 -1.2379
 -4.7836 -4.2635 -3.8427 -3.5167 -3.2670 -3.0738 -2.9208 -2.7943 -2.6825 -2.5752
 -2.4660 -2.3641 -2.2690 -2.1725 -2.0690 -1.8385 -1.6662 -1.5385 -1.4430 -1.3695
 -1.3094 -1.2580 -1.2128 -1.1725
 -4.7264 -4.2086 -3.7871 -3.4515 -3.1867 -2.9783 -2.8143 -2.6844 -2.5802 -2.4952
 -2.4138 -2.3232 -2.2305 -2.1398 -2.0470 -1.8259 -1.6573 -1.5341 -1.4445 -1.3777
 -1.3239 -1.2776 -1.2364 -1.1990 -1.1647 -1.1338 -1.1067 -1.0863 -1.0753 -1.0739
 -4.6750 -4.1780 -3.7653 -3.4330 -3.1677 -2.9558 -2.7854 -2.6471 -2.5334 -2.4369
 -2.3525 -2.2752 -2.1967 -2.1151 -2.0297 -1.8187 -1.6519 -1.5305 -1.4441 -1.3824
 -1.3350 -1.2947 -1.2585 -1.2251 -1.1939 -1.1648 -1.1386 -1.1154 -1.0994 -1.0940
 -1.0992
 -4.6106 -4.1418 -3.7482 -3.4262 -3.1652 -2.9537 -2.7804 -2.6365 -2.5157 -2.4125
 -2.3211 -2.2376 -2.1594 -2.0848 -2.0104 -1.8138 -1.6486 -1.5272 -1.4415 -1.3825
 -1.3405 -1.3067 -1.2766 -1.2486 -1.2218 -1.1961 -1.1720 -1.1500 -1.1315 -1.1193
 -1.1196
 -4.5228 -4.0859 -3.7182 -3.4121 -3.1607 -2.9537 -2.7811 -2.6349 -2.5095 -2.4007
 -2.3045 -2.2172 -2.1358 -2.0587 -1.9863 -1.8062 -1.6457 -1.5232 -1.4367 -1.3782
 -1.3394 -1.3114 -1.2881 -1.2666 -1.2455 -1.2247 -1.2044 -1.1849 -1.1672 -1.1528
 -1.1450
 -4.4219 -4.0305 -3.6890 -3.3990 -3.1569 -2.9550 -2.7844 -2.6379 -2.5102 -2.3978
 -2.2976 -2.2072 -2.1239 -2.0455 -1.9715 -1.7987 -1.6450 -1.5223 -1.4336 -1.3733
 -1.3345 -1.3098 -1.2923 -1.2776 -1.2634 -1.2489 -1.2341 -1.2190 -1.2042 -1.1908
 -1.1781
 -4.3206 -3.9719 -3.6583 -3.3848 -3.1516 -2.9540 -2.7852 -2.6390 -2.5103 -2.3958
 -2.2930 -2.2001 -2.1152 -2.0364 -1.9621 -1.7917 -1.6427 -1.5217 -1.4313 -1.3685
 -1.3282 -1.3038 -1.2895 -1.2805 -1.2732 -1.2657 -1.2576 -1.2484 -1.2385 -1.2285
 -1.2194
 -4.2214 -3.9109 -3.6297 -3.3759 -3.1503 -2.9538 -2.7855 -2.6386 -2.5086 -2.3925
 -2.2877 -2.1929 -2.1065 -2.0272 -1.9581 -1.7852 -1.6388 -1.5214 -1.4298
 [Fe/H] = -1.50 [alpha/Fe] = 0.40 BC value = F555W
 -6.8776 -6.4268 -6.0076 -5.6102 -5.2336 -4.8457 -4.4122 -3.9392 -3.5350 -3.2123
 -2.9553 -2.7453 -2.5678 -2.4142 -2.2786 -1.9984 -1.7755 -1.5936 -1.4486
 -6.5177 -6.0153 -5.5551 -5.1347 -4.7475 -4.3819 -4.0089 -3.6254 -3.2960 -3.0260
 -2.8046 -2.6179 -2.4552 -2.3112 -2.1832 -1.9215 -1.7206 -1.5617 -1.4349 -1.3349
 -6.2371 -5.7196 -5.2393 -4.8032 -4.4133 -4.0643 -3.7393 -3.4181 -3.1353 -2.8990
 -2.7025 -2.5347 -2.3853 -2.2491 -2.1263 -1.8753 -1.6872 -1.5424 -1.4287 -1.3387
 -1.2664
 -5.8611 -5.3442 -4.9284 -4.5372 -4.1713 -3.8383 -3.5414 -3.2663 -3.0181 -2.8061
 -2.6278 -2.4754 -2.3395 -2.2126 -2.0945 -1.8500 -1.6687 -1.5323 -1.4274 -1.3453
 -1.2791 -1.2234
 -5.5323 -5.0019 -4.5598 -4.1900 -3.8775 -3.6098 -3.3720 -3.1427 -2.9273 -2.7357
 -2.5707 -2.4292 -2.3048 -2.1891 -2.0775 -1.8378 -1.6596 -1.5278 -1.4288 -1.3528
 -1.2923 -1.2414 -1.1968 -1.1574
 -5.4118 -4.8407 -4.3582 -3.9595 -3.6336 -3.3664 -3.1482 -2.9696 -2.8154 -2.6711
 -2.5286 -2.3957 -2.2768 -2.1694 -2.0667 -1.8331 -1.6558 -1.5261 -1.4308 -1.3596
 -1.3046 -1.2588 -1.2184 -1.1820 -1.1489 -1.1193 -1.0938 -1.0749 -1.0646 -1.0629
 -5.3942 -4.7975 -4.2867 -3.8655 -3.5239 -3.2480 -3.0243 -2.8410 -2.6892 -2.5643
 -2.4593 -2.3594 -2.2563 -2.1543 -2.0570 -1.8323 -1.6549 -1.5253 -1.4319 -1.3641
 -1.3139 -1.2736 -1.2384 -1.2062 -1.1762 -1.1486 -1.1240 -1.1031 -1.0880 -1.0828
 -1.0875
 -5.4100 -4.8094 -4.2847 -3.8458 -3.4893 -3.2030 -2.9725 -2.7851 -2.6311 -2.5022
 -2.3927 -2.2989 -2.2155 -2.1326 -2.0467 -1.8328 -1.6555 -1.5247 -1.4313 -1.3654
 -1.3161 -1.2840 -1.2546 -1.2278 -1.2024 -1.1781 -1.1557 -1.1344 -1.1172 -1.1077
 -1.1080
 -5.4027 -4.8213 -4.2990 -3.8566 -3.4916 -3.1967 -2.9593 -2.7663 -2.6076 -2.4751
 -2.3623 -2.2637 -2.1759 -2.0964 -2.0215 -1.8298 -1.6552 -1.5228 -1.4283 -1.3628
 -1.3184 -1.2881 -1.2648 -1.2443 -1.2246 -1.2053 -1.1866 -1.1689 -1.1530 -1.1403
 -1.1335
 -5.3624 -4.8153 -4.3189 -3.8834 -3.5178 -3.2179 -2.9745 -2.7753 -2.6107 -2.4726
 -2.3547 -2.2521 -2.1605 -2.0771 -2.0003 -1.8234 -1.6573 -1.5233 -1.4262 -1.3591
 -1.3148 -1.2868 -1.2685 -1.2544 -1.2414 -1.2282 -1.2149 -1.2015 -1.1885 -1.1769
 -1.1660
 -5.2925 -4.7908 -4.3292 -3.9101 -3.5514 -3.2509 -3.0028 -2.7983 -2.6280 -2.4841
 -2.3604 -2.2526 -2.1570 -2.0705 -1.9909 -1.8145 -1.6577 -1.5248 -1.4249 -1.3551
 -1.3092 -1.2814 -1.2658 -1.2569 -1.2505 -1.2442 -1.2374 -1.2297 -1.2214 -1.2132
 -1.2059
 -5.1959 -4.7486 -4.3283 -3.9373 -3.5908 -3.2928 -3.0416 -2.8313 -2.6544 -2.5042
 -2.3746 -2.2614 -2.1611 -2.0710 -1.9933 -1.8031 -1.6564 -1.5273 -1.4244
 [Fe/H] = -1.00 [alpha/Fe] = 0.40 BC value = F555W
 -7.4901 -7.1267 -6.7972 -6.4911 -6.2169 -5.8698 -5.3350 -4.6007 -3.9219 -3.3927
 -3.0098 -2.7340 -2.5280 -2.3644 -2.2270 -1.9541 -1.7455 -1.5752 -1.4349
 -7.1514 -6.7385 -6.3672 -6.0298 -5.7075 -5.3565 -4.8872 -4.2767 -3.7135 -3.2553
 -2.9061 -2.6453 -2.4468 -2.2888 -2.1562 -1.8943 -1.6977 -1.5441 -1.4207 -1.3209
 -6.9256 -6.4674 -6.0516 -5.6750 -5.3273 -4.9819 -4.5762 -4.0675 -3.5843 -3.1761
 -2.8514 -2.6001 -2.4049 -2.2487 -2.1181 -1.8614 -1.6719 -1.5274 -1.4139 -1.3229
 -1.2492
 -6.7268 -6.2560 -5.8153 -5.4082 -5.0338 -4.6834 -4.3290 -3.9076 -3.4891 -3.1224
 -2.8201 -2.5782 -2.3859 -2.2305 -2.1004 -1.8457 -1.6591 -1.5195 -1.4123 -1.3275
 -1.2595 -1.2033
 -6.3387 -5.9281 -5.5452 -5.1714 -4.8023 -4.4489 -4.1133 -3.7657 -3.4056 -3.0772
 -2.7970 -2.5663 -2.3784 -2.2244 -2.0949 -1.8405 -1.6543 -1.5168 -1.4135 -1.3334
 -1.2701 -1.2184 -1.1742 -1.1356
 -6.0042 -5.5289 -5.1281 -4.7850 -4.4784 -4.1902 -3.9030 -3.6119 -3.3136 -3.0275
 -2.7729 -2.5560 -2.3747 -2.2237 -2.0956 -1.8415 -1.6544 -1.5171 -1.4157 -1.3391
 -1.2799 -1.2325 -1.1926 -1.1573 -1.1258 -1.0981 -1.0750 -1.0577 -1.0489 -1.0478
 -5.8831 -5.3427 -4.8771 -4.4847 -4.1536 -3.8660 -3.6080 -3.3718 -3.1463 -2.9311
 -2.7265 -2.5374 -2.3690 -2.2238 -2.0982 -1.8459 -1.6572 -1.5187 -1.4178 -1.3434
 -1.2876 -1.2446 -1.2093 -1.1784 -1.1502 -1.1246 -1.1021 -1.0836 -1.0708 -1.0668
 -1.0712
 -5.8983 -5.3130 -4.7952 -4.3524 -3.9808 -3.6702 -3.4054 -3.1733 -2.9636 -2.7751
 -2.6124 -2.4717 -2.3416 -2.2168 -2.0994 -1.8519 -1.6618 -1.5210 -1.4191 -1.3456
 -1.2923 -1.2531 -1.2228 -1.1971 -1.1735 -1.1513 -1.1313 -1.1136 -1.1000 -1.0906
 -1.0905
 -5.9662 -5.3607 -4.8101 -4.3274 -3.9180 -3.5782 -3.2968 -3.0602 -2.8568 -2.6787
 -2.5225 -2.3884 -2.2752 -2.1767 -2.0825 -1.8555 -1.6654 -1.5223 -1.4185 -1.3448
 -1.2931 -1.2569 -1.2313 -1.2111 -1.1931 -1.1759 -1.1597 -1.1445 -1.1312 -1.1211
 -1.1163
 -6.0333 -5.4379 -4.8762 -4.3712 -3.9340 -3.5667 -3.2640 -3.0151 -2.8078 -2.6323
 -2.4813 -2.3502 -2.2363 -2.1376 -2.0509 -1.8550 -1.6717 -1.5260 -1.4192 -1.3436
 -1.2917 -1.2571 -1.2349 -1.2200 -1.2080 -1.1967 -1.1857 -1.1746 -1.1642 -1.1554
 -1.1492
 -6.0607 -5.4866 -4.9442 -4.4370 -3.9870 -3.6014 -3.2803 -3.0162 -2.7989 -2.6185
 -2.4659 -2.3350 -2.2211 -2.1209 -2.0318 -1.8442 -1.6760 -1.5304 -1.4204 -1.3419
 -1.2884 -1.2540 -1.2336 -1.2225 -1.2161 -1.2112 -1.2063 -1.2008 -1.1950 -1.1894
 -1.1847
 -6.0473 -5.5132 -4.9925 -4.5035 -4.0549 -3.6624 -3.3292 -3.0512 -2.8219 -2.6321
 -2.4731 -2.3377 -2.2207 -2.1182 -2.0252 -1.8231 -1.6783 -1.5355 -1.4221
 [Fe/H] = -0.75 [alpha/Fe] = 0.40 BC value = F555W
 -7.6568 -7.3349 -7.0516 -6.8014 -6.5261 -6.1635 -5.6628 -4.9833 -4.1765 -3.5323
 -3.0757 -2.7572 -2.5280 -2.3536 -2.2118 -1.9376 -1.7302 -1.5644 -1.4275
 -7.3301 -6.9615 -6.6404 -6.3608 -6.1020 -5.8081 -5.3581 -4.6747 -3.9914 -3.4211
 -2.9940 -2.6859 -2.4613 -2.2900 -2.1515 -1.8857 -1.6888 -1.5359 -1.4131 -1.3130
 -7.1168 -6.7007 -6.3328 -6.0108 -5.7226 -5.4293 -5.0407 -4.4716 -3.8846 -3.3704
 -2.9642 -2.6595 -2.4329 -2.2600 -2.1213 -1.8582 -1.6662 -1.5205 -1.4062 -1.3142
 -1.2394
 -6.9607 -6.5128 -6.1054 -5.7406 -5.4145 -5.1085 -4.7746 -4.3093 -3.8042 -3.3418
 -2.9581 -2.6576 -2.4278 -2.2509 -2.1100 -1.8462 -1.6557 -1.5134 -1.4044 -1.3181
 -1.2485 -1.1914
 -6.7136 -6.3008 -5.9027 -5.5259 -5.1740 -4.8454 -4.5285 -4.1560 -3.7267 -3.3151
 -2.9580 -2.6663 -2.4356 -2.2548 -2.1105 -1.8438 -1.6526 -1.5115 -1.4055 -1.3232
 -1.2578 -1.2048 -1.1603 -1.1213
 -6.2759 -5.8777 -5.5400 -5.2333 -4.9315 -4.6226 -4.3089 -3.9932 -3.6377 -3.2784
 -2.9524 -2.6751 -2.4479 -2.2654 -2.1182 -1.8472 -1.6542 -1.5125 -1.4078 -1.3284
 -1.2665 -1.2173 -1.1768 -1.1418 -1.1111 -1.0844 -1.0625 -1.0466 -1.0387 -1.0384
 -6.0495 -5.5691 -5.1653 -4.8312 -4.5451 -4.2845 -4.0327 -3.7734 -3.4974 -3.2077
 -2.9270 -2.6746 -2.4581 -2.2778 -2.1292 -1.8540 -1.6587 -1.5152 -1.4103 -1.3326
 -1.2736 -1.2280 -1.1917 -1.1609 -1.1336 -1.1091 -1.0881 -1.0709 -1.0595 -1.0564
 -1.0615
 -6.0128 -5.4722 -5.0002 -4.6005 -4.2667 -3.9825 -3.7291 -3.4921 -3.2601 -3.0334
 -2.8237 -2.6292 -2.4482 -2.2840 -2.1400 -1.8631 -1.6650 -1.5189 -1.4125 -1.3352
 -1.2782 -1.2359 -1.2038 -1.1776 -1.1548 -1.1340 -1.1153 -1.0991 -1.0861 -1.0792
 -1.0809
 -6.0772 -5.5014 -4.9799 -4.5245 -4.1379 -3.8137 -3.5388 -3.2980 -3.0781 -2.8715
 -2.6819 -2.5170 -2.3766 -2.2513 -2.1329 -1.8707 -1.6706 -1.5219 -1.4132 -1.3352
 -1.2796 -1.2398 -1.2115 -1.1904 -1.1728 -1.1567 -1.1418 -1.1281 -1.1165 -1.1081
 -1.1050
 -6.1833 -5.5966 -5.0482 -4.5545 -4.1243 -3.7594 -3.4543 -3.1974 -2.9763 -2.7807
 -2.6047 -2.4480 -2.3122 -2.1971 -2.0978 -1.8757 -1.6793 -1.5275 -1.4157 -1.3354
 -1.2793 -1.2410 -1.2155 -1.1987 -1.1865 -1.1760 -1.1661 -1.1566 -1.1478 -1.1410
 -1.1362
 -6.2620 -5.6906 -5.1436 -4.6312 -4.1743 -3.7780 -3.4435 -3.1646 -2.9316 -2.7340
 -2.5633 -2.4138 -2.2824 -2.1680 -2.0685 -1.8659 -1.6868 -1.5338 -1.4186 -1.3353
 -1.2774 -1.2391 -1.2152 -1.2016 -1.1942 -1.1894 -1.1854 -1.1813 -1.1769 -1.1730
 -1.1745
 -6.3133 -5.7543 -5.2234 -4.7200 -4.2532 -3.8396 -3.4833 -3.1833 -2.9340 -2.7264
 -2.5514 -2.4017 -2.2717 -2.1581 -2.0450 -1.8413 -1.6931 -1.5408 -1.4219
 [Fe/H] = -0.50 [alpha/Fe] = 0.40 BC value = F555W
 -7.7430 -7.4597 -7.2276 -7.0323 -6.8189 -6.5081 -6.0296 -5.3264 -4.4438 -3.7003
 -3.1695 -2.8025 -2.5449 -2.3546 -2.2050 -1.9253 -1.7191 -1.5556 -1.4179
 -7.4265 -7.1021 -6.8313 -6.6102 -6.4143 -6.1814 -5.7744 -5.0587 -4.2884 -3.6131
 -3.1072 -2.7474 -2.4913 -2.3021 -2.1541 -1.8807 -1.6820 -1.5287 -1.4059 -1.3050
 -7.2205 -6.8469 -6.5277 -6.2625 -6.0376 -5.8066 -5.4618 -4.8727 -4.2062 -3.5909
 -3.1012 -2.7391 -2.4763 -2.2819 -2.1315 -1.8580 -1.6623 -1.5145 -1.3989 -1.3056
 -1.2293
 -7.0869 -6.6719 -6.3042 -5.9885 -5.7206 -5.4752 -5.1857 -4.7146 -4.1452 -3.5895
 -3.1211 -2.7574 -2.4856 -2.2827 -2.1268 -1.8492 -1.6537 -1.5082 -1.3969 -1.3087
 -1.2372 -1.1787
 -6.9392 -6.5185 -6.1297 -5.7788 -5.4677 -5.1902 -4.9184 -4.5531 -4.0767 -3.5854
 -3.1460 -2.7875 -2.5093 -2.2974 -2.1342 -1.8494 -1.6521 -1.5068 -1.3978 -1.3132
 -1.2455 -1.1906 -1.1452 -1.1063
 -6.5639 -6.2184 -5.8903 -5.5701 -5.2585 -4.9593 -4.6733 -4.3731 -3.9870 -3.5629
 -3.1622 -2.8178 -2.5390 -2.3203 -2.1498 -1.8552 -1.6552 -1.5085 -1.4001 -1.3178
 -1.2533 -1.2017 -1.1598 -1.1246 -1.0943 -1.0686 -1.0479 -1.0334 -1.0263 -1.0268
 -6.2001 -5.7890 -5.4569 -5.1831 -4.9387 -4.6984 -4.4432 -4.1680 -3.8624 -3.5114
 -3.1583 -2.8387 -2.5673 -2.3467 -2.1704 -1.8650 -1.6611 -1.5122 -1.4030 -1.3218
 -1.2598 -1.2113 -1.1730 -1.1416 -1.1146 -1.0912 -1.0715 -1.0558 -1.0458 -1.0437
 -1.0494
 -6.0804 -5.5938 -5.1793 -4.8394 -4.5609 -4.3222 -4.1006 -3.8785 -3.6363 -3.3715
 -3.0962 -2.8280 -2.5825 -2.3701 -2.1929 -1.8776 -1.6690 -1.5172 -1.4061 -1.3248
 -1.2645 -1.2187 -1.1839 -1.1565 -1.1338 -1.1138 -1.0965 -1.0818 -1.0708 -1.0653
 -1.0680
 -6.1105 -5.5738 -5.0964 -4.6870 -4.3449 -4.0603 -3.8151 -3.5907 -3.3709 -3.1445
 -2.9214 -2.7159 -2.5297 -2.3589 -2.2023 -1.8900 -1.6767 -1.5218 -1.4081 -1.3257
 -1.2661 -1.2227 -1.1910 -1.1679 -1.1498 -1.1344 -1.1208 -1.1097 -1.1012 -1.0950
 -1.0909
 -6.2282 -5.6628 -5.1438 -4.6812 -4.2823 -3.9447 -3.6607 -3.4160 -3.1959 -2.9878
 -2.7867 -2.5998 -2.4354 -2.2948 -2.1716 -1.9030 -1.6880 -1.5293 -1.4123 -1.3273
 -1.2670 -1.2246 -1.1954 -1.1757 -1.1622 -1.1518 -1.1431 -1.1351 -1.1282 -1.1233
 -1.1204
 -6.3466 -5.7858 -5.2485 -4.7558 -4.3149 -3.9330 -3.6081 -3.3339 -3.0991 -2.8925
 -2.7052 -2.5334 -2.3786 -2.2435 -2.1277 -1.8969 -1.6992 -1.5377 -1.4170 -1.3288
 -1.2665 -1.2240 -1.1962 -1.1792 -1.1696 -1.1642 -1.1608 -1.1579 -1.1553 -1.1531
 -1.1565
 -6.4308 -5.8883 -5.3615 -4.8603 -4.3968 -3.9858 -3.6281 -3.3240 -3.0676 -2.8500
 -2.6621 -2.4969 -2.3502 -2.2202 -2.0706 -1.8717 -1.7103 -1.5470 -1.4222
 [Fe/H] = -0.25 [alpha/Fe] = 0.40 BC value = F555W
 -7.7650 -7.5303 -7.4802 -7.4738 -7.3737 -7.0689 -6.4700 -5.5884 -4.6951 -3.8953
 -3.2923 -2.8737 -2.5816 -2.3699 -2.2083 -1.9188 -1.7106 -1.5480 -1.4116
 -7.4573 -7.1803 -6.9630 -6.7991 -6.6664 -6.4858 -6.1211 -5.3864 -4.5702 -3.8251
 -3.2463 -2.8324 -2.5398 -2.3277 -2.1661 -1.8800 -1.6779 -1.5232 -1.3996 -1.2976
 -7.2541 -6.9257 -6.6580 -6.4507 -6.2865 -6.1141 -5.8172 -5.2305 -4.5169 -3.8259
 -3.2608 -2.8408 -2.5378 -2.3173 -2.1508 -1.8616 -1.6608 -1.5100 -1.3925 -1.2974
 -1.2193
 -7.1293 -6.7524 -6.4298 -6.1671 -5.9589 -5.7746 -5.5358 -5.0842 -4.4782 -3.8509
 -3.3042 -2.8779 -2.5614 -2.3284 -2.1532 -1.8558 -1.6538 -1.5043 -1.3903 -1.2998
 -1.2262 -1.1658
 -7.0327 -6.6287 -6.2661 -5.9525 -5.6911 -5.4719 -5.2547 -4.9191 -4.4233 -3.8697
 -3.3538 -2.9288 -2.6010 -2.3545 -2.1685 -1.8586 -1.6535 -1.5033 -1.3909 -1.3036
 -1.2336 -1.1765 -1.1296 -1.0900
 -6.7347 -6.4490 -6.0999 -5.7755 -5.4823 -5.2216 -4.9862 -4.7229 -4.3346 -3.8636
 -3.3928 -2.9807 -2.6483 -2.3905 -2.1932 -1.8673 -1.6578 -1.5057 -1.3931 -1.3077
 -1.2405 -1.1865 -1.1426 -1.1064 -1.0755 -1.0502 -1.0309 -1.0182 -1.0123 -1.0138
 -6.3652 -6.0294 -5.7528 -5.5019 -5.2557 -5.0068 -4.7555 -4.5049 -4.2050 -3.8209
 -3.4080 -3.0227 -2.6952 -2.4314 -2.2244 -1.8806 -1.6653 -1.5103 -1.3963 -1.3116
 -1.2465 -1.1952 -1.1544 -1.1214 -1.0941 -1.0711 -1.0523 -1.0383 -1.0301 -1.0292
 -1.0359
 -6.1327 -5.7051 -5.3556 -5.0804 -4.8584 -4.6637 -4.4720 -4.2616 -4.0159 -3.7209
 -3.3829 -3.0421 -2.7333 -2.4717 -2.2590 -1.8977 -1.6750 -1.5166 -1.4004 -1.3148
 -1.2510 -1.2021 -1.1642 -1.1347 -1.1110 -1.0914 -1.0751 -1.0619 -1.0527 -1.0490
 -1.0530
 -6.0996 -5.6088 -5.1834 -4.8288 -4.5423 -4.3095 -4.1087 -3.9202 -3.7198 -3.4899
 -3.2360 -2.9764 -2.7244 -2.4915 -2.2873 -1.9159 -1.6847 -1.5228 -1.4037 -1.3166
 -1.2530 -1.2060 -1.1708 -1.1447 -1.1251 -1.1095 -1.0968 -1.0860 -1.0779 -1.0738
 -1.0744
 -6.1942 -5.6604 -5.1847 -4.7652 -4.4104 -4.1162 -3.8710 -3.6575 -3.4574 -3.2538
 -3.0380 -2.8224 -2.6225 -2.4424 -2.2793 -1.9384 -1.6989 -1.5321 -1.4095 -1.3195
 -1.2548 -1.2085 -1.1754 -1.1522 -1.1363 -1.1251 -1.1168 -1.1101 -1.1050 -1.1009
 -1.1017
 -6.3349 -5.7920 -5.2808 -4.8169 -4.4084 -4.0582 -3.7625 -3.5117 -3.2927 -3.0915
 -2.8961 -2.7045 -2.5241 -2.3631 -2.2236 -1.9416 -1.7144 -1.5425 -1.4161 -1.3228
 -1.2558 -1.2090 -1.1770 -1.1561 -1.1434 -1.1363 -1.1327 -1.1307 -1.1296 -1.1295
 -1.1348
 -6.4577 -5.9266 -5.4121 -4.9251 -4.4831 -4.0912 -3.7516 -3.4618 -3.2146 -3.0002
 -2.8079 -2.6304 -2.4654 -2.3151 -2.1202 -1.9255 -1.7312 -1.5540 -1.4235
 [Fe/H] =  0.00 [alpha/Fe] = 0.40 BC value = F555W
 -7.7365 -7.5563 -7.5749 -7.6210 -7.5448 -7.2432 -6.6384 -5.7427 -4.9131 -4.1068
 -3.4435 -2.9697 -2.6390 -2.4017 -2.2243 -1.9184 -1.7066 -1.5431 -1.4064
 -7.4355 -7.2127 -7.0526 -6.9450 -6.8605 -6.7345 -6.4021 -5.6404 -4.8231 -4.0470
 -3.4085 -2.9404 -2.6080 -2.3686 -2.1898 -1.8852 -1.6775 -1.5202 -1.3949 -1.2914
 -7.2317 -6.9545 -6.7431 -6.5946 -6.4870 -6.3668 -6.1143 -5.5407 -4.7956 -4.0632
 -3.4389 -2.9639 -2.6184 -2.3681 -2.1818 -1.8704 -1.6626 -1.5081 -1.3879 -1.2905
 -1.2101
 -7.1065 -6.7746 -6.5032 -6.2975 -6.1483 -6.0200 -5.8282 -5.4058 -4.7820 -4.1086
 -3.5007 -3.0181 -2.6559 -2.3900 -2.1920 -1.8677 -1.6571 -1.5028 -1.3854 -1.2922
 -1.2162 -1.1534
 -7.0325 -6.6591 -6.3346 -6.0679 -5.8613 -5.7004 -5.5354 -5.2370 -4.7431 -4.1487
 -3.5729 -3.0876 -2.7109 -2.4281 -2.2161 -1.8733 -1.6579 -1.5023 -1.3858 -1.2954
 -1.2227 -1.1632 -1.1143 -1.0739
 -6.9202 -6.5467 -6.2029 -5.8979 -5.6391 -5.4275 -5.2472 -5.0267 -4.6552 -4.1577
 -3.6315 -3.1594 -2.7751 -2.4776 -2.2508 -1.8856 -1.6634 -1.5050 -1.3879 -1.2990
 -1.2290 -1.1723 -1.1261 -1.0882 -1.0570 -1.0318 -1.0128 -1.0010 -0.9962 -0.9991
 -6.5581 -6.2651 -5.9834 -5.7101 -5.4507 -5.2109 -4.9940 -4.7891 -4.5154 -4.1224
 -3.6648 -3.2216 -2.8406 -2.5331 -2.2935 -1.9035 -1.6723 -1.5105 -1.3914 -1.3026
 -1.2344 -1.1803 -1.1368 -1.1016 -1.0731 -1.0497 -1.0314 -1.0187 -1.0120 -1.0125
 -1.0204
 -6.1899 -5.8305 -5.5500 -5.3299 -5.1411 -4.9581 -4.7658 -4.5577 -4.3295 -4.0307
 -3.6562 -3.2603 -2.8962 -2.5887 -2.3405 -1.9264 -1.6840 -1.5180 -1.3961 -1.3061
 -1.2387 -1.1867 -1.1457 -1.1134 -1.0879 -1.0676 -1.0516 -1.0397 -1.0321 -1.0303
 -1.0356
 -6.0606 -5.6341 -5.2648 -4.9698 -4.7415 -4.5603 -4.4031 -4.2482 -4.0703 -3.8469
 -3.5657 -3.2454 -2.9234 -2.6311 -2.3831 -1.9512 -1.6963 -1.5254 -1.4004 -1.3084
 -1.2408 -1.1903 -1.1518 -1.1225 -1.1003 -1.0834 -1.0707 -1.0612 -1.0547 -1.0524
 -1.0551
 -6.1201 -5.6274 -5.1974 -4.8272 -4.5227 -4.2789 -4.0811 -3.9085 -3.7406 -3.5598
 -3.3516 -3.1122 -2.8671 -2.6306 -2.4118 -1.9829 -1.7140 -1.5365 -1.4078 -1.3126
 -1.2433 -1.1931 -1.1564 -1.1295 -1.1104 -1.0972 -1.0882 -1.0822 -1.0785 -1.0776
 -1.0794
 -6.2573 -5.7389 -5.2626 -4.8360 -4.4680 -4.1589 -3.9033 -3.6893 -3.5009 -3.3214
 -3.1327 -2.9344 -2.7324 -2.5391 -2.3645 -2.0035 -1.7344 -1.5492 -1.4162 -1.3175
 -1.2456 -1.1945 -1.1585 -1.1337 -1.1173 -1.1074 -1.1024 -1.1005 -1.1005 -1.1023
 -1.1085
 -6.4081 -5.8899 -5.3925 -4.9334 -4.5201 -4.1584 -3.8495 -3.5880 -3.3648 -3.1678
 -2.9841 -2.8039 -2.6252 -2.4545 -2.2412 -2.0130 -1.7575 -1.5635 -1.4256
 [Fe/H] =  0.25 [alpha/Fe] = 0.40 BC value = F555W
 -7.6608 -7.5400 -7.4533 -7.3476 -7.1706 -6.8804 -6.4436 -5.8335 -5.0720 -4.3096
 -3.6144 -3.0896 -2.7177 -2.4519 -2.2549 -1.9265 -1.7077 -1.5419 -1.4044
 -7.3706 -7.2103 -7.2511 -7.3432 -7.3403 -7.1243 -6.6001 -5.7926 -5.0112 -4.2584
 -3.5875 -3.0707 -2.6967 -2.4271 -2.2273 -1.8979 -1.6822 -1.5211 -1.3933 -1.2875
 -7.1614 -6.9439 -6.7956 -6.7073 -6.6516 -6.5760 -6.3630 -5.7789 -5.0166 -4.2843
 -3.6283 -3.1069 -2.7190 -2.4363 -2.2268 -1.8866 -1.6693 -1.5100 -1.3864 -1.2862
 -1.2030
 -7.0296 -6.7509 -6.5384 -6.3939 -6.3025 -6.2236 -6.0742 -5.6813 -5.0338 -4.3414
 -3.7030 -3.1733 -2.7697 -2.4691 -2.2454 -1.8869 -1.6650 -1.5052 -1.3837 -1.2872
 -1.2082 -1.1427
 -6.9594 -6.6250 -6.3535 -6.1422 -5.9946 -5.8892 -5.7709 -5.5095 -5.0214 -4.3968
 -3.7875 -3.2576 -2.8388 -2.5192 -2.2788 -1.8960 -1.6668 -1.5048 -1.3837 -1.2897
 -1.2138 -1.1515 -1.1001 -1.0579
 -6.9132 -6.5467 -6.2292 -5.9608 -5.7493 -5.5924 -5.4652 -5.2856 -4.9377 -4.4262
 -3.8631 -3.3456 -2.9181 -2.5819 -2.3243 -1.9128 -1.6735 -1.5079 -1.3856 -1.2927
 -1.2193 -1.1597 -1.1109 -1.0710 -1.0383 -1.0125 -0.9936 -0.9824 -0.9787 -0.9829
 -6.7020 -6.3866 -6.0888 -5.8106 -5.5644 -5.3559 -5.1865 -5.0302 -4.7879 -4.4008
 -3.9134 -3.4256 -2.9984 -2.6512 -2.3788 -1.9364 -1.6840 -1.5138 -1.3891 -1.2959
 -1.2241 -1.1669 -1.1206 -1.0831 -1.0527 -1.0282 -1.0097 -0.9976 -0.9922 -0.9940
 -1.0033
 -6.2637 -5.9803 -5.7529 -5.5485 -5.3478 -5.1499 -4.9585 -4.7781 -4.5866 -4.3052
 -3.9171 -3.4821 -3.0722 -2.7214 -2.4384 -1.9664 -1.6981 -1.5222 -1.3943 -1.2994
 -1.2280 -1.1727 -1.1288 -1.0938 -1.0659 -1.0439 -1.0274 -1.0157 -1.0094 -1.0094
 -1.0162
 -6.0409 -5.6630 -5.3568 -5.1241 -4.9478 -4.8044 -4.6705 -4.5268 -4.3585 -4.1394
 -3.8469 -3.4871 -3.1155 -2.7779 -2.4927 -1.9985 -1.7136 -1.5308 -1.3994 -1.3021
 -1.2301 -1.1759 -1.1343 -1.1018 -1.0767 -1.0576 -1.0438 -1.0344 -1.0292 -1.0284
 -1.0333
 -6.0224 -5.5834 -5.2019 -4.8847 -4.6342 -4.4420 -4.2909 -4.1616 -4.0381 -3.8872
 -3.6808 -3.4175 -3.1183 -2.8190 -2.5459 -2.0391 -1.7358 -1.5438 -1.4080 -1.3073
 -1.2332 -1.1789 -1.1386 -1.1084 -1.0859 -1.0697 -1.0591 -1.0526 -1.0497 -1.0493
 -1.0538
 -6.1267 -5.6507 -5.2146 -4.8329 -4.5107 -4.2475 -4.0365 -3.8648 -3.7156 -3.5702
 -3.4099 -3.2162 -2.9947 -2.7652 -2.5433 -2.0774 -1.7616 -1.5591 -1.4181 -1.3137
 -1.2366 -1.1809 -1.1410 -1.1125 -1.0923 -1.0790 -1.0716 -1.0686 -1.0689 -1.0718
 -1.0775
 -6.2867 -5.7923 -5.3266 -4.9014 -4.5236 -4.1998 -3.9281 -3.7023 -3.5123 -3.3441
 -3.1825 -3.0142 -2.8333 -2.6458 -2.4849 -2.1134 -1.7910 -1.5767 -1.4297
 [Fe/H] =  0.50 [alpha/Fe] = 0.40 BC value = F555W
 -7.5380 -7.4814 -7.1152 -6.6536 -6.2512 -5.9805 -5.8856 -5.8644 -5.1954 -4.4992
 -3.7991 -3.2300 -2.8174 -2.5201 -2.3017 -1.9453 -1.7172 -1.5462 -1.4086
 -7.2626 -7.1731 -7.1536 -7.5482 -7.5765 -7.2738 -6.6715 -5.8742 -5.1574 -4.4539
 -3.7770 -3.2199 -2.8061 -2.5040 -2.2807 -1.9208 -1.6943 -1.5278 -1.3960 -1.2876
 -7.0432 -6.8939 -6.8257 -6.7966 -6.7795 -6.7481 -6.5671 -5.9222 -5.1803 -4.4838
 -3.8228 -3.2658 -2.8390 -2.5229 -2.2876 -1.9126 -1.6829 -1.5177 -1.3898 -1.2859
 -1.1991
 -6.9057 -6.6903 -6.5452 -6.4654 -6.4288 -6.3926 -6.2814 -5.9031 -5.2324 -4.5440
 -3.8992 -3.3437 -2.9013 -2.5669 -2.3149 -1.9162 -1.6796 -1.5130 -1.3869 -1.2864
 -1.2037 -1.1348
 -6.8271 -6.5499 -6.3342 -6.1866 -6.1000 -6.0461 -5.9691 -5.7437 -5.2458 -4.6166
 -3.9914 -3.4362 -2.9824 -2.6280 -2.3583 -1.9293 -1.6822 -1.5126 -1.3864 -1.2881
 -1.2084 -1.1426 -1.0883 -1.0439
 -6.7911 -6.4706 -6.1967 -5.9798 -5.8259 -5.7266 -5.6480 -5.5079 -5.1819 -4.6560
 -4.0808 -3.5346 -3.0736 -2.7028 -2.4145 -1.9513 -1.6901 -1.5157 -1.3878 -1.2904
 -1.2130 -1.1499 -1.0981 -1.0557 -1.0213 -0.9941 -0.9745 -0.9632 -0.9601 -0.9655
 -6.6998 -6.3812 -6.0928 -5.8357 -5.6233 -5.4619 -5.3453 -5.2350 -5.0250 -4.6439
 -4.1402 -3.6274 -3.1665 -2.7844 -2.4805 -1.9817 -1.7026 -1.5219 -1.3912 -1.2931
 -1.2171 -1.1563 -1.1069 -1.0667 -1.0342 -1.0082 -0.9888 -0.9762 -0.9712 -0.9742
 -0.9849
 -6.3494 -6.1148 -5.8848 -5.6608 -5.4496 -5.2580 -5.0936 -4.9582 -4.8065 -4.5486
 -4.1537 -3.6962 -3.2514 -2.8667 -2.5515 -2.0195 -1.7198 -1.5309 -1.3964 -1.2962
 -1.2205 -1.1614 -1.1143 -1.0764 -1.0460 -1.0219 -1.0040 -0.9919 -0.9858 -0.9868
 -0.9951
 -6.0097 -5.7001 -5.4625 -5.2848 -5.1390 -5.0018 -4.8607 -4.7142 -4.5660 -4.3726
 -4.0895 -3.7121 -3.3069 -2.9334 -2.6164 -2.0599 -1.7394 -1.5409 -1.4020 -1.2991
 -1.2223 -1.1642 -1.1190 -1.0835 -1.0555 -1.0338 -1.0181 -1.0075 -1.0022 -1.0028
 -1.0094
 -5.9137 -5.5315 -5.2063 -4.9477 -4.7514 -4.6071 -4.4952 -4.3972 -4.2959 -4.1576
 -3.9529 -3.6732 -3.3356 -2.9934 -2.6833 -2.1092 -1.7668 -1.5560 -1.4115 -1.3049
 -1.2257 -1.1670 -1.1230 -1.0894 -1.0638 -1.0445 -1.0313 -1.0233 -1.0200 -1.0214
 -1.0272
 -5.9687 -5.5381 -5.1528 -4.8211 -4.5478 -4.3324 -4.1672 -4.0376 -3.9289 -3.8225
 -3.6955 -3.5138 -3.2721 -2.9968 -2.7213 -2.1589 -1.7987 -1.5743 -1.4230 -1.3124
 -1.2299 -1.1695 -1.1255 -1.0933 -1.0697 -1.0529 -1.0423 -1.0371 -1.0363 -1.0398
 -1.0468
 -6.1120 -5.6539 -5.2280 -4.8433 -4.5087 -4.2261 -3.9952 -3.8091 -3.6565 -3.5230
 -3.3938 -3.2506 -3.0825 -2.8833 -2.7304 -2.2090 -1.8351 -1.5958 -1.4365
