 [Fe/H] = -2.00 [alpha/Fe] =-0.40 BC value = F410M
  3.7066  3.5570  3.4837  3.4569  3.4033  3.3326  3.2538  3.1810  3.0980  3.0159
  2.9342  2.8534  2.7736  2.6948  2.6165  2.4266  2.2386  2.0703  1.8995
  3.6171  3.5518  3.4821  3.4071  3.3295  3.2658  3.2046  3.1355  3.0596  2.9806
  2.9008  2.8212  2.7421  2.6638  2.5864  2.3972  2.2146  2.0401  1.8735  1.7145
  3.5737  3.5124  3.4456  3.3751  3.3025  3.2265  3.1540  3.0901  3.0229  2.9505
  2.8745  2.7971  2.7193  2.6419  2.5652  2.3779  2.1972  2.0234  1.8570  1.6983
  1.5470
  3.5273  3.4711  3.4087  3.3413  3.2706  3.1986  3.1258  3.0523  2.9830  2.9162
  2.8474  2.7752  2.7007  2.6252  2.5497  2.3641  2.1847  2.0114  1.8450  1.6864
  1.5354  1.3911
  3.4728  3.4253  3.3689  3.3064  3.2393  3.1693  3.0982  3.0274  2.9555  2.8846
  2.8164  2.7492  2.6806  2.6097  2.5369  2.3542  2.1763  2.0034  1.8368  1.6779
  1.5269  1.3828  1.2450  1.1125
  3.4106  3.3704  3.3229  3.2670  3.2053  3.1394  3.0709  3.0016  2.9321  2.8624
  2.7930  2.7247  2.6576  2.5905  2.5224  2.3464  2.1709  1.9989  1.8321  1.6723
  1.5208  1.3767  1.2390  1.1069  0.9797  0.8569  0.7379  0.6223  0.5098  0.4000
  3.3428  3.3073  3.2684  3.2201  3.1654  3.1054  3.0415  2.9752  2.9077  2.8399
  2.7724  2.7054  2.6387  2.5724  2.5060  2.3379  2.1669  1.9978  1.8311  1.6697
  1.5169  1.3722  1.2344  1.1026  0.9759  0.8538  0.7358  0.6215  0.5103  0.4019
  0.2957
  3.2713  3.2388  3.2044  3.1634  3.1168  3.0640  3.0063  2.9450  2.8812  2.8160
  2.7505  2.6853  2.6207  2.5561  2.4913  2.3280  2.1626  1.9972  1.8327  1.6708
  1.5159  1.3697  1.2312  1.0992  0.9727  0.8510  0.7337  0.6203  0.5102  0.4030
  0.2984
  3.1984  3.1674  3.1343  3.0953  3.0566  3.0117  2.9613  2.9066  2.8481  2.7871
  2.7247  2.6616  2.5990  2.5366  2.4743  2.3163  2.1556  1.9943  1.8330  1.6724
  1.5158  1.3671  1.2269  1.0940  0.9672  0.8456  0.7284  0.6154  0.5059  0.3997
  0.2965
  3.1261  3.0958  3.0626  3.0269  2.9890  2.9491  2.9067  2.8594  2.8079  2.7528
  2.6952  2.6359  2.5757  2.5156  2.4556  2.3044  2.1498  1.9927  1.8354  1.6781
  1.5222  1.3715  1.2287  1.0940  0.9662  0.8442  0.7270  0.6143  0.5054  0.4000
  0.2957
  3.0564  3.0232  2.9886  2.9528  2.9161  2.8785  2.8401  2.8003  2.7564  2.7087
  2.6575  2.6035  2.5477  2.4907  2.4332  2.2886  2.1412  1.9897  1.8363  1.6826
  1.5295  1.3790  1.2342  1.0968  0.9670  0.8437  0.7258  0.6128  0.5041  0.3990
  0.2973
  2.9910  2.9384  2.8953  2.8588  2.8259  2.7945  2.7625  2.7285  2.6918  2.6520
  2.6086  2.5616  2.5118  2.4599  2.4063  2.2689  2.1285  1.9839  1.8353
 [Fe/H] = -1.50 [alpha/Fe] =-0.40 BC value = F410M
  3.6967  3.6193  3.5634  3.5085  3.4394  3.3614  3.2780  3.1928  3.1078  3.0231
  2.9396  2.8574  2.7766  2.6970  2.6186  2.4279  2.2422  2.0679  1.8993
  3.6685  3.6042  3.5303  3.4566  3.3973  3.3267  3.2469  3.1630  3.0782  2.9933
  2.9093  2.8267  2.7455  2.6659  2.5878  2.3985  2.2168  2.0426  1.8765  1.7177
  3.6331  3.5701  3.5027  3.4316  3.3534  3.2837  3.2159  3.1388  3.0564  2.9725
  2.8889  2.8063  2.7250  2.6452  2.5669  2.3781  2.1981  2.0255  1.8601  1.7017
  1.5505
  3.5954  3.5352  3.4694  3.4007  3.3289  3.2532  3.1762  3.1064  3.0341  2.9552
  2.8737  2.7920  2.7111  2.6315  2.5532  2.3644  2.1849  2.0133  1.8484  1.6903
  1.5393  1.3950
  3.5538  3.4983  3.4363  3.3693  3.2990  3.2266  3.1523  3.0770  3.0025  2.9310
  2.8568  2.7794  2.7006  2.6218  2.5441  2.3555  2.1762  2.0049  1.8403  1.6822
  1.5312  1.3871  1.2491  1.1160
  3.5061  3.4567  3.4001  3.3375  3.2705  3.2002  3.1280  3.0549  2.9811  2.9064
  2.8327  2.7606  2.6877  2.6130  2.5371  2.3500  2.1710  2.0000  1.8354  1.6769
  1.5256  1.3814  1.2435  1.1112  0.9837  0.8605  0.7411  0.6251  0.5122  0.4025
  3.4504  3.4076  3.3582  3.3016  3.2395  3.1731  3.1037  3.0326  2.9606  2.8881
  2.8150  2.7418  2.6700  2.5991  2.5279  2.3463  2.1684  1.9978  1.8334  1.6744
  1.5222  1.3774  1.2394  1.1073  0.9803  0.8579  0.7395  0.6247  0.5131  0.4043
  0.2982
  3.3884  3.3494  3.3079  3.2589  3.2030  3.1421  3.0770  3.0092  2.9397  2.8694
  2.7986  2.7273  2.6562  2.5857  2.5158  2.3418  2.1671  1.9977  1.8339  1.6747
  1.5212  1.3752  1.2366  1.1043  0.9775  0.8555  0.7379  0.6240  0.5134  0.4059
  0.3011
  3.3226  3.2853  3.2482  3.2066  3.1581  3.1035  3.0440  2.9809  2.9150  2.8475
  2.7792  2.7103  2.6413  2.5726  2.5040  2.3335  2.1637  1.9963  1.8337  1.6751
  1.5206  1.3727  1.2326  1.0995  0.9724  0.8505  0.7330  0.6194  0.5094  0.4028
  0.2994
  3.2560  3.2191  3.1831  3.1455  3.1044  3.0572  3.0046  2.9475  2.8866  2.8232
  2.7582  2.6921  2.6256  2.5592  2.4929  2.3271  2.1615  1.9975  1.8369  1.6801
  1.5261  1.3767  1.2345  1.0998  0.9718  0.8495  0.7319  0.6188  0.5094  0.4035
  0.2987
  3.1931  3.1514  3.1137  3.0777  3.0416  3.0010  2.9555  2.9053  2.8507  2.7926
  2.7319  2.6695  2.6061  2.5423  2.4784  2.3187  2.1580  1.9977  1.8396  1.6850
  1.5329  1.3836  1.2396  1.1026  0.9728  0.8493  0.7312  0.6178  0.5086  0.4030
  0.3009
  3.1333  3.0824  3.0400  3.0035  2.9697  2.9350  2.8961  2.8527  2.8050  2.7534
  2.6984  2.6407  2.5813  2.5207  2.4596  2.3064  2.1518  1.9961  1.8412
 [Fe/H] = -1.00 [alpha/Fe] =-0.40 BC value = F410M
  3.6937  3.6564  3.6076  3.5425  3.4690  3.3878  3.2992  3.2101  3.1225  3.0358
  2.9507  2.8671  2.7852  2.7048  2.6259  2.4344  2.2498  2.0724  1.9039
  3.7026  3.6310  3.5744  3.5164  3.4415  3.3593  3.2722  3.1833  3.0952  3.0079
  2.9219  2.8375  2.7547  2.6737  2.5945  2.4036  2.2217  2.0474  1.8810  1.7224
  3.6766  3.6162  3.5476  3.4748  3.4139  3.3375  3.2527  3.1648  3.0769  2.9897
  2.9035  2.8187  2.7354  2.6539  2.5743  2.3829  2.2019  2.0295  1.8645  1.7067
  1.5555
  3.6465  3.5852  3.5197  3.4511  3.3755  3.3049  3.2328  3.1503  3.0637  2.9772
  2.8913  2.8066  2.7232  2.6415  2.5614  2.3695  2.1885  2.0168  1.8528  1.6955
  1.5448  1.4004
  3.6144  3.5546  3.4895  3.4208  3.3500  3.2761  3.1989  3.1262  3.0499  2.9671
  2.8825  2.7982  2.7151  2.6335  2.5534  2.3611  2.1798  2.0083  1.8447  1.6878
  1.5372  1.3930  1.2549  1.1218
  3.5782  3.5222  3.4596  3.3925  3.3225  3.2502  3.1759  3.0998  3.0232  2.9489
  2.8718  2.7910  2.7092  2.6281  2.5483  2.3560  2.1745  2.0029  1.8395  1.6828
  1.5322  1.3879  1.2499  1.1174  0.9894  0.8656  0.7456  0.6292  0.5162  0.4065
  3.5356  3.4853  3.4276  3.3639  3.2963  3.2257  3.1529  3.0786  3.0035  2.9276
  2.8519  2.7764  2.7004  2.6229  2.5447  2.3532  2.1717  2.0000  1.8365  1.6799
  1.5291  1.3846  1.2465  1.1141  0.9868  0.8638  0.7446  0.6292  0.5173  0.4086
  0.3024
  3.4860  3.4416  3.3903  3.3320  3.2685  3.2011  3.1310  3.0587  2.9850  2.9108
  2.8364  2.7610  2.6860  2.6118  2.5379  2.3517  2.1707  1.9991  1.8357  1.6790
  1.5280  1.3829  1.2443  1.1118  0.9847  0.8622  0.7438  0.6292  0.5181  0.4102
  0.3053
  3.4312  3.3904  3.3452  3.2935  3.2355  3.1725  3.1060  3.0368  2.9657  2.8933
  2.8205  2.7471  2.6733  2.5997  2.5269  2.3472  2.1689  1.9975  1.8343  1.6777
  1.5264  1.3805  1.2409  1.1077  0.9802  0.8578  0.7397  0.6255  0.5149  0.4078
  0.3038
  3.3740  3.3351  3.2933  3.2481  3.1967  3.1398  3.0782  3.0131  2.9455  2.8761
  2.8057  2.7345  2.6628  2.5909  2.5195  2.3432  2.1698  1.9999  1.8372  1.6811
  1.5302  1.3837  1.2428  1.1084  0.9802  0.8574  0.7393  0.6255  0.5155  0.4089
  0.3056
  3.3183  3.2746  3.2351  3.1945  3.1497  3.0994  3.0439  2.9842  2.9209  2.8553
  2.7880  2.7196  2.6505  2.5809  2.5113  2.3391  2.1694  2.0027  1.8408  1.6856
  1.5355  1.3892  1.2473  1.1112  0.9815  0.8578  0.7391  0.6252  0.5153  0.4091
  0.3063
  3.2653  3.2165  3.1744  3.1354  3.0947  3.0503  3.0016  2.9480  2.8902  2.8292
  2.7658  2.7008  2.6347  2.5679  2.5007  2.3334  2.1680  2.0045  1.8447
 [Fe/H] = -0.75 [alpha/Fe] =-0.40 BC value = F410M
  3.6948  3.6655  3.6164  3.5529  3.4814  3.4001  3.3111  3.2208  3.1317  3.0442
  2.9584  2.8741  2.7916  2.7108  2.6315  2.4396  2.2551  2.0773  1.9080
  3.7046  3.6429  3.5981  3.5324  3.4551  3.3726  3.2845  3.1944  3.1050  3.0169
  2.9302  2.8451  2.7617  2.6800  2.6002  2.4082  2.2257  2.0511  1.8844  1.7255
  3.6925  3.6333  3.5612  3.5063  3.4358  3.3529  3.2659  3.1766  3.0874  2.9992
  2.9124  2.8269  2.7429  2.6607  2.5803  2.3875  2.2055  2.0326  1.8676  1.7098
  1.5587
  3.6649  3.6054  3.5416  3.4708  3.4018  3.3337  3.2514  3.1638  3.0751  2.9874
  2.9006  2.8151  2.7311  2.6486  2.5679  2.3743  2.1921  2.0198  1.8557  1.6987
  1.5481  1.4037
  3.6364  3.5760  3.5110  3.4434  3.3733  3.2981  3.2269  3.1505  3.0656  2.9787
  2.8925  2.8073  2.7234  2.6410  2.5601  2.3660  2.1834  2.0112  1.8475  1.6910
  1.5408  1.3967  1.2585  1.1253
  3.6054  3.5470  3.4825  3.4147  3.3446  3.2727  3.1982  3.1218  3.0474  2.9692
  2.8859  2.8016  2.7181  2.6360  2.5553  2.3611  2.1781  2.0057  1.8421  1.6860
  1.5360  1.3919  1.2539  1.1213  0.9934  0.8695  0.7490  0.6320  0.5187  0.4091
  3.5695  3.5153  3.4539  3.3878  3.3187  3.2473  3.1741  3.0995  3.0236  2.9472
  2.8719  2.7937  2.7133  2.6323  2.5521  2.3583  2.1752  2.0026  1.8390  1.6829
  1.5330  1.3889  1.2508  1.1184  0.9909  0.8678  0.7483  0.6324  0.5200  0.4111
  0.3073
  3.5271  3.4783  3.4222  3.3598  3.2933  3.2239  3.1523  3.0789  3.0043  2.9292
  2.8539  2.7779  2.7018  2.6256  2.5487  2.3569  2.1740  2.0014  1.8377  1.6816
  1.5318  1.3875  1.2491  1.1165  0.9892  0.8665  0.7477  0.6327  0.5211  0.4130
  0.3081
  3.4792  3.4346  3.3841  3.3271  3.2648  3.1985  3.1294  3.0583  2.9855  2.9117
  2.8376  2.7633  2.6881  2.6131  2.5387  2.3540  2.1720  1.9994  1.8357  1.6796
  1.5297  1.3850  1.2460  1.1128  0.9852  0.8626  0.7441  0.6295  0.5186  0.4111
  0.3067
  3.4280  3.3853  3.3399  3.2891  3.2325  3.1709  3.1056  3.0377  2.9677  2.8963
  2.8240  2.7512  2.6781  2.6046  2.5314  2.3510  2.1737  2.0015  1.8381  1.6823
  1.5325  1.3876  1.2478  1.1137  0.9855  0.8625  0.7441  0.6300  0.5196  0.4125
  0.3089
  3.3765  3.3322  3.2897  3.2439  3.1933  3.1376  3.0773  3.0135  2.9470  2.8787
  2.8091  2.7385  2.6675  2.5960  2.5244  2.3478  2.1744  2.0047  1.8415  1.6861
  1.5369  1.3922  1.2518  1.1165  0.9870  0.8631  0.7443  0.6300  0.5198  0.4132
  0.3101
  3.3273  3.2787  3.2354  3.1929  3.1471  3.0971  3.0426  2.9840  2.9219  2.8573
  2.7909  2.7233  2.6548  2.5857  2.5163  2.3438  2.1743  2.0078  1.8458
 [Fe/H] = -0.50 [alpha/Fe] =-0.40 BC value = F410M
  3.6922  3.6660  3.6212  3.5618  3.4914  3.4114  3.3230  3.2324  3.1423  3.0539
  2.9673  2.8826  2.7995  2.7182  2.6385  2.4461  2.2614  2.0840  1.9133
  3.6947  3.6609  3.6107  3.5436  3.4668  3.3846  3.2966  3.2061  3.1161  3.0270
  2.9398  2.8541  2.7701  2.6879  2.6074  2.4143  2.2310  2.0560  1.8887  1.7294
  3.7051  3.6398  3.5873  3.5278  3.4507  3.3662  3.2785  3.1886  3.0987  3.0098
  2.9223  2.8363  2.7518  2.6690  2.5879  2.3937  2.2105  2.0368  1.8714  1.7135
  1.5624
  3.6800  3.6238  3.5597  3.4921  3.4315  3.3525  3.2655  3.1763  3.0868  2.9983
  2.9108  2.8248  2.7402  2.6571  2.5758  2.3806  2.1971  2.0238  1.8593  1.7023
  1.5519  1.4075
  3.6535  3.5945  3.5311  3.4654  3.3942  3.3266  3.2522  3.1669  3.0782  2.9900
  2.9030  2.8171  2.7327  2.6497  2.5682  2.3725  2.1885  2.0152  1.8510  1.6946
  1.5447  1.4007  1.2625  1.1294
  3.6266  3.5671  3.5023  3.4350  3.3662  3.2952  3.2210  3.1484  3.0692  2.9836
  2.8972  2.8117  2.7276  2.6448  2.5635  2.3676  2.1831  2.0097  1.8456  1.6895
  1.5400  1.3963  1.2583  1.1257  0.9975  0.8732  0.7526  0.6353  0.5215  0.4120
  3.5966  3.5395  3.4756  3.4083  3.3388  3.2677  3.1952  3.1209  3.0450  2.9696
  2.8905  2.8073  2.7238  2.6415  2.5604  2.3648  2.1801  2.0064  1.8423  1.6863
  1.5371  1.3935  1.2557  1.1232  0.9956  0.8723  0.7525  0.6361  0.5233  0.4141
  0.3084
  3.5614  3.5086  3.4481  3.3825  3.3141  3.2437  3.1716  3.0981  3.0235  2.9482
  2.8724  2.7963  2.7180  2.6383  2.5583  2.3634  2.1788  2.0050  1.8408  1.6848
  1.5357  1.3922  1.2543  1.1218  0.9944  0.8715  0.7523  0.6368  0.5249  0.4163
  0.3112
  3.5209  3.4720  3.4163  3.3546  3.2885  3.2198  3.1492  3.0771  3.0034  2.9290
  2.8544  2.7796  2.7039  2.6277  2.5515  2.3609  2.1766  2.0026  1.8383  1.6823
  1.5331  1.3896  1.2514  1.1184  0.9908  0.8680  0.7493  0.6343  0.5229  0.4148
  0.3101
  3.4764  3.4304  3.3796  3.3232  3.2616  3.1960  3.1278  3.0578  2.9863  2.9137
  2.8402  2.7666  2.6929  2.6185  2.5440  2.3596  2.1781  2.0044  1.8402  1.6843
  1.5352  1.3917  1.2531  1.1196  0.9914  0.8684  0.7498  0.6353  0.5244  0.4169
  0.3127
  3.4307  3.3845  3.3374  3.2860  3.2296  3.1687  3.1041  3.0370  2.9681  2.8979
  2.8266  2.7546  2.6824  2.6098  2.5371  2.3568  2.1798  2.0073  1.8431  1.6874
  1.5386  1.3953  1.2565  1.1222  0.9931  0.8693  0.7503  0.6358  0.5252  0.4181
  0.3146
  3.3856  3.3365  3.2907  3.2431  3.1916  3.1358  3.0760  3.0129  2.9472  2.8798
  2.8112  2.7416  2.6714  2.6008  2.5299  2.3536  2.1806  2.0111  1.8471
 [Fe/H] = -0.25 [alpha/Fe] =-0.40 BC value = F410M
  3.6808  3.6630  3.6260  3.5712  3.5030  3.4238  3.3356  3.2450  3.1543  3.0647
  2.9775  2.8922  2.8086  2.7268  2.6468  2.4538  2.2689  2.0908  1.9198
  3.7051  3.6680  3.6177  3.5533  3.4790  3.3974  3.3093  3.2188  3.1281  3.0383
  2.9505  2.8643  2.7799  2.6971  2.6161  2.4218  2.2376  2.0620  1.8941  1.7342
  3.7090  3.6515  3.6081  3.5413  3.4631  3.3794  3.2914  3.2014  3.1109  3.0213
  2.9333  2.8468  2.7619  2.6786  2.5971  2.4014  2.2170  2.0423  1.8762  1.7179
  1.5667
  3.6938  3.6401  3.5736  3.5222  3.4503  3.3667  3.2788  3.1891  3.0991  3.0100
  2.9219  2.8354  2.7505  2.6670  2.5851  2.3885  2.2036  2.0292  1.8638  1.7066
  1.5562  1.4118
  3.6677  3.6115  3.5509  3.4848  3.4214  3.3527  3.2689  3.1803  3.0907  3.0019
  2.9142  2.8278  2.7430  2.6595  2.5776  2.3804  2.1950  2.0205  1.8555  1.6988
  1.5491  1.4053  1.2670  1.1338
  3.6428  3.5842  3.5204  3.4549  3.3883  3.3180  3.2493  3.1709  3.0842  2.9958
  2.9086  2.8225  2.7379  2.6547  2.5728  2.3755  2.1897  2.0149  1.8500  1.6936
  1.5443  1.4010  1.2631  1.1305  1.0024  0.8781  0.7571  0.6392  0.5250  0.4152
  3.6173  3.5588  3.4939  3.4265  3.3579  3.2886  3.2175  3.1442  3.0700  2.9897
  2.9041  2.8186  2.7343  2.6513  2.5698  2.3727  2.1866  2.0116  1.8467  1.6904
  1.5414  1.3984  1.2608  1.1284  1.0008  0.8773  0.7574  0.6407  0.5273  0.4176
  0.3118
  3.5884  3.5326  3.4691  3.4015  3.3323  3.2620  3.1906  3.1182  3.0443  2.9692
  2.8933  2.8138  2.7313  2.6489  2.5677  2.3712  2.1851  2.0100  1.8450  1.6887
  1.5398  1.3971  1.2597  1.1274  1.0000  0.8770  0.7577  0.6418  0.5293  0.4203
  0.3148
  3.5550  3.5022  3.4422  3.3766  3.3080  3.2380  3.1669  3.0946  3.0212  2.9471
  2.8726  2.7974  2.7209  2.6427  2.5638  2.3685  2.1826  2.0073  1.8421  1.6858
  1.5369  1.3942  1.2568  1.1244  0.9969  0.8741  0.7551  0.6397  0.5278  0.4193
  0.3142
  3.5183  3.4681  3.4123  3.3507  3.2848  3.2162  3.1462  3.0752  3.0030  2.9299
  2.8562  2.7824  2.7086  2.6335  2.5577  2.3688  2.1839  2.0088  1.8436  1.6872
  1.5384  1.3957  1.2583  1.1256  0.9978  0.8748  0.7562  0.6414  0.5301  0.4199
  0.3171
  3.4790  3.4297  3.3777  3.3206  3.2589  3.1934  3.1254  3.0560  2.9856  2.9143
  2.8421  2.7694  2.6967  2.6238  2.5503  2.3667  2.1860  2.0111  1.8460  1.6898
  1.5410  1.3984  1.2609  1.1279  0.9996  0.8761  0.7571  0.6424  0.5315  0.4239
  0.3200
  3.4391  3.3888  3.3387  3.2855  3.2283  3.1671  3.1026  3.0357  2.9673  2.8979
  2.8279  2.7571  2.6859  2.6145  2.5428  2.3638  2.1874  2.0150  1.8495
 [Fe/H] =  0.00 [alpha/Fe] =-0.40 BC value = F410M
  3.6591  3.6543  3.6271  3.5782  3.5147  3.4368  3.3488  3.2578  3.1669  3.0766
  2.9887  2.9029  2.8189  2.7367  2.6562  2.4625  2.2772  2.0991  1.9276
  3.6863  3.6649  3.6206  3.5611  3.4900  3.4103  3.3224  3.2321  3.1411  3.0506
  2.9622  2.8756  2.7908  2.7077  2.6262  2.4307  2.2456  2.0692  1.9006  1.7400
  3.6984  3.6680  3.6180  3.5510  3.4744  3.3921  3.3047  3.2147  3.1240  3.0339
  2.9453  2.8584  2.7732  2.6895  2.6076  2.4106  2.2249  2.0492  1.8821  1.7232
  1.5716
  3.6957  3.6473  3.6002  3.5410  3.4638  3.3795  3.2920  3.2024  3.1122  3.0226
  2.9340  2.8471  2.7618  2.6780  2.5958  2.3979  2.2116  2.0360  1.8696  1.7117
  1.5611  1.4167
  3.6800  3.6282  3.5689  3.5079  3.4489  3.3696  3.2827  3.1935  3.1037  3.0144
  2.9263  2.8395  2.7543  2.6705  2.5882  2.3899  2.2031  2.0273  1.8612  1.7038
  1.5540  1.4103  1.2720  1.1388
  3.6554  3.5996  3.5382  3.4759  3.4102  3.3474  3.2723  3.1864  3.0974  3.0084
  2.9207  2.8341  2.7491  2.6655  2.5834  2.3850  2.1977  2.0217  1.8557  1.6986
  1.5492  1.4061  1.2684  1.1357  1.0075  0.8831  0.7620  0.6438  0.5293  0.4191
  3.6316  3.5748  3.5105  3.4441  3.3779  3.3111  3.2420  3.1713  3.0907  3.0038
  2.9163  2.8302  2.7454  2.6621  2.5802  2.3820  2.1945  2.0183  1.8523  1.6953
  1.5462  1.4035  1.2662  1.1340  1.0064  0.8828  0.7626  0.6456  0.5319  0.4217
  0.3157
  3.6074  3.5512  3.4866  3.4184  3.3495  3.2805  3.2111  3.1405  3.0678  2.9928
  2.9121  2.8270  2.7427  2.6596  2.5780  2.3804  2.1929  2.0164  1.8503  1.6934
  1.5444  1.4020  1.2652  1.1332  1.0059  0.8829  0.7636  0.6476  0.5347  0.4250
  0.3189
  3.5823  3.5256  3.4629  3.3949  3.3250  3.2546  3.1839  3.1127  3.0405  2.9674
  2.8930  2.8169  2.7374  2.6557  2.5745  2.3775  2.1902  2.0135  1.8472  1.6901
  1.5411  1.3988  1.2621  1.1303  1.0032  0.8805  0.7615  0.6461  0.5338  0.4247
  0.3189
  3.5511  3.4980  3.4383  3.3728  3.3038  3.2333  3.1624  3.0913  3.0194  2.9467
  2.8736  2.8000  2.7257  2.6497  2.5721  2.3780  2.1911  2.0146  1.8482  1.6911
  1.5421  1.3998  1.2632  1.1314  1.0043  0.8816  0.7631  0.6482  0.5366  0.4282
  0.3228
  3.5176  3.4670  3.4104  3.3485  3.2822  3.2132  3.1429  3.0722  3.0011  2.9295
  2.8572  2.7845  2.7118  2.6390  2.5648  2.3777  2.1930  2.0166  1.8502  1.6932
  1.5441  1.4018  1.2651  1.1333  1.0060  0.8831  0.7644  0.6498  0.5386  0.4307
  0.3262
  3.4818  3.4326  3.3791  3.3204  3.2580  3.1920  3.1236  3.0540  2.9838  2.9134
  2.8426  2.7713  2.6996  2.6280  2.5526  2.3766  2.1959  2.0195  1.8532
 [Fe/H] =  0.25 [alpha/Fe] =-0.40 BC value = F410M
  3.6323  3.6470  3.6306  3.5863  3.5274  3.4505  3.3632  3.2717  3.1802  3.0891
  3.0006  2.9143  2.8299  2.7475  2.6666  2.4721  2.2863  2.1079  1.9363
  3.6745  3.6581  3.6226  3.5695  3.5015  3.4236  3.3369  3.2461  3.1548  3.0637
  2.9748  2.8878  2.8026  2.7191  2.6373  2.4407  2.2546  2.0775  1.9082  1.7467
  3.7072  3.6721  3.6224  3.5594  3.4854  3.4049  3.3186  3.2287  3.1379  3.0472
  2.9582  2.8709  2.7854  2.7014  2.6191  2.4210  2.2341  2.0573  1.8893  1.7295
  1.5773
  3.7117  3.6600  3.6191  3.5531  3.4755  3.3919  3.3054  3.2161  3.1258  3.0359
  2.9470  2.8597  2.7741  2.6901  2.6075  2.4086  2.2210  2.0441  1.8766  1.7178
  1.5668  1.4221
  3.6923  3.6446  3.5847  3.5375  3.4662  3.3832  3.2959  3.2070  3.1171  3.0277
  2.9392  2.8520  2.7665  2.6825  2.5999  2.4007  2.2126  2.0355  1.8682  1.7099
  1.5596  1.4157  1.2775  1.1440
  3.6668  3.6147  3.5571  3.4963  3.4395  3.3715  3.2882  3.2000  3.1107  3.0216
  2.9335  2.8466  2.7612  2.6773  2.5949  2.3957  2.2072  2.0299  1.8627  1.7047
  1.5547  1.4115  1.2739  1.1412  1.0131  0.8886  0.7672  0.6489  0.5342  0.4238
  3.6431  3.5890  3.5264  3.4627  3.4000  3.3359  3.2709  3.1922  3.1054  3.0170
  2.9291  2.8426  2.7574  2.6737  2.5915  2.3925  2.2039  2.0264  1.8592  1.7013
  1.5516  1.4088  1.2718  1.1396  1.0121  0.8886  0.7684  0.6514  0.5373  0.4267
  0.3203
  3.6204  3.5663  3.5020  3.4344  3.3669  3.3007  3.2343  3.1659  3.0935  3.0121
  2.9257  2.8394  2.7546  2.6712  2.5892  2.3907  2.2021  2.0243  1.8570  1.6993
  1.5497  1.4072  1.2706  1.1389  1.0119  0.8891  0.7696  0.6534  0.5403  0.4305
  0.3239
  3.6011  3.5434  3.4797  3.4107  3.3407  3.2710  3.2020  3.1330  3.0628  2.9906
  2.9153  2.8347  2.7503  2.6672  2.5855  2.3875  2.1990  2.0210  1.8535  1.6956
  1.5461  1.4036  1.2673  1.1360  1.0094  0.8870  0.7682  0.6528  0.5404  0.4310
  0.3246
  3.5741  3.5201  3.4586  3.3906  3.3199  3.2487  3.1780  3.1076  3.0369  2.9656
  2.8934  2.8199  2.7446  2.6656  2.5849  2.3878  2.1997  2.0217  1.8541  1.6962
  1.5466  1.4042  1.2680  1.1369  1.0106  0.8884  0.7702  0.6554  0.5438  0.4351
  0.3292
  3.5511  3.4963  3.4359  3.3704  3.3009  3.2296  3.1581  3.0870  3.0161  2.9450
  2.8734  2.8013  2.7288  2.6557  2.5805  2.3886  2.2011  2.0234  1.8557  1.6976
  1.5480  1.4056  1.2694  1.1384  1.0121  0.8901  0.7719  0.6575  0.5464  0.4382
  0.3331
  3.5318  3.4721  3.4118  3.3482  3.2814  3.2116  3.1405  3.0693  2.9982  2.9275
  2.8568  2.7855  2.7141  2.6425  2.5723  2.3899  2.2032  2.0261  1.8583
 [Fe/H] =  0.50 [alpha/Fe] =-0.40 BC value = F410M
  3.6204  3.6448  3.6359  3.5972  3.5424  3.4651  3.3776  3.2862  3.1937  3.1021
  3.0130  2.9262  2.8414  2.7585  2.6774  2.4821  2.2919  2.1141  1.9425
  3.6492  3.6489  3.6241  3.5774  3.5141  3.4377  3.3514  3.2606  3.1688  3.0774
  2.9880  2.9005  2.8150  2.7312  2.6491  2.4515  2.2645  2.0867  1.9167  1.7543
  3.6929  3.6673  3.6248  3.5669  3.4959  3.4182  3.3328  3.2432  3.1523  3.0611
  2.9718  2.8841  2.7983  2.7141  2.6315  2.4324  2.2444  2.0665  1.8975  1.7369
  1.5839
  3.7113  3.6766  3.6279  3.5621  3.4866  3.4047  3.3192  3.2304  3.1401  3.0500
  2.9608  2.8731  2.7872  2.7029  2.6201  2.4204  2.2316  2.0535  1.8849  1.7251
  1.5733  1.4282
  3.7044  3.6547  3.6127  3.5555  3.4794  3.3959  3.3092  3.2208  3.1312  3.0416
  2.9529  2.8654  2.7796  2.6953  2.6126  2.4126  2.2234  2.0450  1.8766  1.7172
  1.5660  1.4218  1.2834  1.1498
  3.6779  3.6304  3.5764  3.5222  3.4662  3.3879  3.3019  3.2136  3.1244  3.0353
  2.9471  2.8598  2.7741  2.6900  2.6074  2.4075  2.2180  2.0395  1.8711  1.7120
  1.5612  1.4175  1.2798  1.1471  1.0188  0.8944  0.7731  0.6546  0.5399  0.4292
  3.6532  3.6026  3.5428  3.4835  3.4239  3.3666  3.2924  3.2074  3.1191  3.0305
  2.9425  2.8557  2.7702  2.6862  2.6038  2.4042  2.2146  2.0358  1.8674  1.7085
  1.5579  1.4147  1.2776  1.1455  1.0180  0.8945  0.7746  0.6576  0.5432  0.4325
  0.3257
  3.6301  3.5793  3.5165  3.4505  3.3863  3.3240  3.2611  3.1934  3.1129  3.0264
  2.9390  2.8524  2.7672  2.6835  2.6012  2.4021  2.2125  2.0336  1.8651  1.7062
  1.5558  1.4128  1.2762  1.1447  1.0179  0.8952  0.7762  0.6603  0.5472  0.4368
  0.3298
  3.6140  3.5573  3.4942  3.4254  3.3562  3.2885  3.2226  3.1566  3.0884  3.0149
  2.9335  2.8479  2.7628  2.6793  2.5972  2.3985  2.2091  2.0300  1.8612  1.7023
  1.5519  1.4090  1.2726  1.1416  1.0153  0.8933  0.7749  0.6598  0.5476  0.4379
  0.3311
  3.5919  3.5370  3.4747  3.4058  3.3345  3.2636  3.1939  3.1254  3.0570  2.9876
  2.9162  2.8414  2.7616  2.6784  2.5965  2.3985  2.2095  2.0303  1.8614  1.7023
  1.5520  1.4092  1.2730  1.1423  1.0164  0.8949  0.7771  0.6628  0.5514  0.4406
  0.3343
  3.5760  3.5184  3.4555  3.3879  3.3165  3.2441  3.1723  3.1017  3.0318  2.9620
  2.8918  2.8206  2.7483  2.6741  2.5960  2.3991  2.2105  2.0315  1.8625  1.7033
  1.5529  1.4101  1.2739  1.1433  1.0177  0.8965  0.7790  0.6651  0.5544  0.4463
  0.3409
  3.5663  3.5015  3.4370  3.3695  3.2999  3.2277  3.1550  3.0830  3.0120  2.9417
  2.8716  2.8011  2.7303  2.6591  2.5957  2.4003  2.2121  2.0336  1.8645
 [Fe/H] =  0.75 [alpha/Fe] =-0.40 BC value = F410M
  3.6150  3.6505  3.6476  3.6103  3.5575  3.4788  3.3902  3.2986  3.2062  3.1147
  3.0253  2.9379  2.8528  2.7697  2.6883  2.4921  2.3013  2.1229  1.9511
  3.6261  3.6416  3.6273  3.5863  3.5273  3.4519  3.3657  3.2752  3.1830  3.0912
  3.0012  2.9135  2.8277  2.7436  2.6612  2.4627  2.2748  2.0961  1.9255  1.7624
  3.6730  3.6580  3.6253  3.5744  3.5072  3.4320  3.3472  3.2578  3.1669  3.0755
  2.9857  2.8976  2.8116  2.7272  2.6443  2.4445  2.2554  2.0764  1.9065  1.7449
  1.5911
  3.7051  3.6788  3.6314  3.5697  3.4972  3.4174  3.3333  3.2449  3.1547  3.0645
  2.9749  2.8870  2.8008  2.7162  2.6333  2.4329  2.2431  2.0638  1.8941  1.7333
  1.5806  1.4349
  3.7134  3.6686  3.6314  3.5671  3.4909  3.4084  3.3228  3.2350  3.1456  3.0561
  2.9671  2.8793  2.7933  2.7088  2.6258  2.4254  2.2352  2.0556  1.8860  1.7255
  1.5734  1.4285  1.2898  1.1559
  3.6892  3.6473  3.5948  3.5526  3.4834  3.4016  3.3152  3.2273  3.1385  3.0494
  2.9611  2.8737  2.7877  2.7034  2.6206  2.4202  2.2299  2.0502  1.8806  1.7203
  1.5685  1.4242  1.2862  1.1533  1.0249  0.9004  0.7791  0.6608  0.5462  0.4354
  3.6630  3.6163  3.5612  3.5058  3.4556  3.3902  3.3083  3.2213  3.1328  3.0443
  2.9563  2.8693  2.7836  2.6994  2.6168  2.4167  2.2264  2.0465  1.8769  1.7168
  1.5652  1.4212  1.2838  1.1517  1.0241  0.9008  0.7809  0.6639  0.5497  0.4390
  0.3319
  3.6387  3.5916  3.5309  3.4680  3.4088  3.3513  3.2908  3.2134  3.1278  3.0401
  2.9526  2.8659  2.7805  2.6965  2.6140  2.4143  2.2241  2.0441  1.8744  1.7143
  1.5630  1.4192  1.2822  1.1507  1.0240  0.9015  0.7827  0.6670  0.5540  0.4436
  0.3364
  3.6236  3.5690  3.5075  3.4399  3.3725  3.3086  3.2469  3.1842  3.1142  3.0332
  2.9475  2.8611  2.7758  2.6920  2.6097  2.4104  2.2203  2.0401  1.8702  1.7101
  1.5588  1.4152  1.2784  1.1473  1.0212  0.8995  0.7815  0.6668  0.5548  0.4454
  0.3384
  3.6016  3.5493  3.4883  3.4196  3.3486  3.2788  3.2114  3.1462  3.0807  3.0128
  2.9396  2.8589  2.7745  2.6908  2.6087  2.4100  2.2203  2.0400  1.8700  1.7098
  1.5586  1.4151  1.2785  1.1477  1.0221  0.9010  0.7837  0.6699  0.5590  0.4505
  0.3443
  3.5870  3.5325  3.4707  3.4024  3.3304  3.2578  3.1865  3.1172  3.0494  2.9818
  2.9133  2.8428  2.7691  2.6905  2.6086  2.4101  2.2209  2.0408  1.8705  1.7102
  1.5589  1.4155  1.2790  1.1484  1.0231  0.9024  0.7856  0.6723  0.5622  0.4546
  0.3493
  3.5796  3.5186  3.4545  3.3864  3.3151  3.2416  3.1683  3.0964  3.0260  2.9569
  2.8882  2.8190  2.7491  2.6779  2.6094  2.4107  2.2221  2.0425  1.8717
 [Fe/H] =  1.00 [alpha/Fe] =-0.40 BC value = F410M
  3.6322  3.6638  3.6610  3.6274  3.5721  3.5019  3.4209  3.3327  3.2399  3.1450
  3.0500  2.9565  2.8661  2.7799  2.6981  2.5012  2.3101  2.1235  1.9519
  3.6000  3.6381  3.6355  3.5964  3.5410  3.4658  3.3799  3.2890  3.1968  3.1046
  3.0142  2.9259  2.8397  2.7554  2.6727  2.4736  2.2848  2.1029  1.9318  1.7687
  3.6411  3.6471  3.6263  3.5815  3.5187  3.4456  3.3615  3.2724  3.1814  3.0898
  2.9996  2.9112  2.8247  2.7400  2.6569  2.4564  2.2664  2.0866  1.9158  1.7534
  1.5987
  3.6970  3.6717  3.6319  3.5766  3.5071  3.4302  3.3474  3.2596  3.1695  3.0792
  2.9894  2.9011  2.8146  2.7298  2.6466  2.4456  2.2549  2.0746  1.9039  1.7420
  1.5883  1.4418
  3.7100  3.6856  3.6394  3.5758  3.5017  3.4202  3.3363  3.2495  3.1603  3.0709
  2.9817  2.8937  2.8074  2.7227  2.6395  2.4385  2.2475  2.0669  1.8961  1.7345
  1.5814  1.4357  1.2964  1.1623
  3.7008  3.6612  3.6239  3.5709  3.4967  3.4144  3.3281  3.2413  3.1529  3.0640
  2.9756  2.8880  2.8019  2.7173  2.6343  2.4335  2.2425  2.0617  1.8909  1.7295
  1.5767  1.4315  1.2930  1.1598  1.0313  0.9066  0.7852  0.6672  0.5529  0.4422
  3.6731  3.6308  3.5817  3.5340  3.4832  3.4071  3.3224  3.2348  3.1468  3.0586
  2.9706  2.8835  2.7976  2.7132  2.6304  2.4299  2.2390  2.0581  1.8873  1.7260
  1.5734  1.4286  1.2906  1.1582  1.0305  0.9070  0.7871  0.6703  0.5564  0.4459
  0.3388
  3.6467  3.6038  3.5460  3.4885  3.4348  3.3837  3.3124  3.2289  3.1417  3.0540
  2.9666  2.8798  2.7943  2.7101  2.6274  2.4273  2.2365  2.0556  1.8847  1.7235
  1.5711  1.4265  1.2889  1.1571  1.0303  0.9078  0.7890  0.6736  0.5609  0.4507
  0.3437
  3.6324  3.5799  3.5204  3.4547  3.3910  3.3325  3.2759  3.2121  3.1331  3.0479
  2.9612  2.8747  2.7893  2.7053  2.6228  2.4230  2.2324  2.0514  1.8804  1.7191
  1.5667  1.4222  1.2848  1.1535  1.0273  0.9056  0.7878  0.6735  0.5620  0.4529
  0.3460
  3.6080  3.5593  3.5005  3.4327  3.3629  3.2952  3.2319  3.1709  3.1081  3.0377
  2.9573  2.8727  2.7877  2.7039  2.6215  2.4222  2.2319  2.0509  1.8798  1.7184
  1.5662  1.4218  1.2847  1.1536  1.0280  0.9070  0.7899  0.6766  0.5662  0.4583
  0.3525
  3.5909  3.5420  3.4831  3.4153  3.3434  3.2714  3.2014  3.1346  3.0699  3.0051
  2.9378  2.8655  2.7863  2.7033  2.6209  2.4219  2.2321  2.0512  1.8798  1.7183
  1.5660  1.4218  1.2847  1.1539  1.0286  0.9081  0.7916  0.6789  0.5695  0.4626
  0.3578
  3.5811  3.5280  3.4682  3.4006  3.3282  3.2543  3.1812  3.1100  3.0411  2.9740
  2.9073  2.8397  2.7704  2.6982  2.6210  2.4221  2.2330  2.0523  1.8804
