 [Fe/H] = -2.00 [alpha/Fe] =-0.40 BC value = F140M
  2.1116  1.9608  1.8425  1.8449  1.8437  1.8533  1.8799  1.8801  1.8839  1.8955
  1.9033  1.8994  1.8865  1.8684  1.8472  1.7845  1.6782  1.5261  1.4222
  2.0245  1.9808  1.9437  1.9061  1.8710  1.8642  1.8682  1.8692  1.8719  1.8757
  1.8749  1.8674  1.8541  1.8358  1.8128  1.7359  1.6379  1.5286  1.4152  1.3004
  2.0568  2.0084  1.9682  1.9339  1.9031  1.8721  1.8546  1.8552  1.8583  1.8589
  1.8555  1.8461  1.8313  1.8118  1.7880  1.7115  1.6168  1.5109  1.4004  1.2889
  1.1771
  2.0910  2.0388  1.9939  1.9552  1.9210  1.8906  1.8640  1.8434  1.8393  1.8428
  1.8407  1.8307  1.8145  1.7937  1.7688  1.6914  1.5986  1.4956  1.3876  1.2785
  1.1697  1.0609
  2.1211  2.0706  2.0223  1.9795  1.9412  1.9064  1.8753  1.8493  1.8309  1.8214
  1.8189  1.8136  1.8005  1.7800  1.7543  1.6754  1.5833  1.4824  1.3767  1.2693
  1.1624  1.0561  0.9503  0.8445
  2.1435  2.0974  2.0512  2.0059  1.9642  1.9259  1.8906  1.8589  1.8328  1.8133
  1.7986  1.7880  1.7775  1.7621  1.7402  1.6626  1.5705  1.4713  1.3675  1.2614
  1.1557  1.0509  0.9472  0.8441  0.7407  0.6374  0.5346  0.4327  0.3320  0.2328
  2.1554  2.1151  2.0755  2.0310  1.9883  1.9477  1.9094  1.8737  1.8416  1.8148
  1.7920  1.7717  1.7541  1.7373  1.7180  1.6497  1.5597  1.4618  1.3596  1.2549
  1.1499  1.0459  0.9434  0.8421  0.7418  0.6425  0.5436  0.4445  0.3449  0.2452
  0.1485
  2.1539  2.1209  2.0876  2.0490  2.0086  1.9684  1.9290  1.8910  1.8551  1.8226
  1.7937  1.7674  1.7426  1.7192  1.6966  1.6320  1.5486  1.4530  1.3526  1.2496
  1.1455  1.0418  0.9396  0.8392  0.7404  0.6429  0.5464  0.4504  0.3544  0.2580
  0.1610
  2.1365  2.1116  2.0844  2.0539  2.0182  1.9817  1.9444  1.9066  1.8691  1.8335
  1.8004  1.7695  1.7398  1.7112  1.6835  1.6141  1.5347  1.4434  1.3449  1.2435
  1.1406  1.0374  0.9352  0.8348  0.7364  0.6398  0.5447  0.4506  0.3569  0.2636
  0.1708
  2.1002  2.0844  2.0643  2.0404  2.0131  1.9827  1.9499  1.9158  1.8801  1.8442
  1.8090  1.7751  1.7423  1.7104  1.6790  1.6017  1.5222  1.4341  1.3386  1.2392
  1.1379  1.0359  0.9342  0.8336  0.7351  0.6388  0.5445  0.4519  0.3606  0.2702
  0.1788
  2.0456  2.0387  2.0270  2.0110  1.9910  1.9676  1.9411  1.9119  1.8808  1.8480
  1.8142  1.7798  1.7456  1.7117  1.6780  1.5946  1.5118  1.4256  1.3326  1.2350
  1.1352  1.0346  0.9339  0.8336  0.7348  0.6383  0.5440  0.4519  0.3618  0.2730
  0.1852
  1.9833  1.9822  1.9767  1.9672  1.9538  1.9370  1.9168  1.8936  1.8678  1.8397
  1.8098  1.7783  1.7455  1.7119  1.6777  1.5910  1.5045  1.4175  1.3268
 [Fe/H] = -1.50 [alpha/Fe] =-0.40 BC value = F140M
  1.9124  1.8494  1.8296  1.8414  1.8527  1.8624  1.8684  1.8697  1.8700  1.8715
  1.8712  1.8664  1.8556  1.8396  1.8194  1.7558  1.6663  1.5480  1.4342
  1.9511  1.9127  1.8693  1.8332  1.8404  1.8504  1.8537  1.8522  1.8502  1.8498
  1.8476  1.8411  1.8291  1.8122  1.7915  1.7244  1.6367  1.5326  1.4204  1.3056
  1.9846  1.9430  1.9108  1.8825  1.8479  1.8373  1.8442  1.8434  1.8379  1.8347
  1.8306  1.8228  1.8100  1.7923  1.7708  1.7027  1.6162  1.5155  1.4065  1.2950
  1.1828
  2.0235  1.9749  1.9366  1.9071  1.8819  1.8565  1.8340  1.8313  1.8297  1.8251
  1.8192  1.8103  1.7968  1.7784  1.7562  1.6865  1.6001  1.5014  1.3949  1.2857
  1.1763  1.0669
  2.0671  2.0122  1.9669  1.9297  1.8988  1.8726  1.8478  1.8267  1.8139  1.8126
  1.8100  1.8018  1.7880  1.7692  1.7462  1.6748  1.5877  1.4901  1.3854  1.2777
  1.1701  1.0631  0.9565  0.8499
  2.1051  2.0541  2.0025  1.9588  1.9212  1.8885  1.8597  1.8344  1.8124  1.7966
  1.7915  1.7886  1.7795  1.7625  1.7396  1.6666  1.5785  1.4812  1.3778  1.2712
  1.1644  1.0588  0.9543  0.8504  0.7470  0.6439  0.5410  0.4382  0.3359  0.2361
  2.1465  2.0965  2.0416  1.9926  1.9494  1.9109  1.8762  1.8450  1.8176  1.7952
  1.7784  1.7671  1.7592  1.7483  1.7310  1.6608  1.5718  1.4744  1.3718  1.2661
  1.1598  1.0547  0.9513  0.8492  0.7481  0.6475  0.5474  0.4477  0.3485  0.2499
  0.1518
  2.1795  2.1336  2.0801  2.0290  1.9817  1.9386  1.8988  1.8624  1.8293  1.8002
  1.7765  1.7572  1.7403  1.7257  1.7107  1.6530  1.5665  1.4692  1.3670  1.2623
  1.1565  1.0515  0.9484  0.8471  0.7475  0.6493  0.5521  0.4553  0.3586  0.2616
  0.1642
  2.1993  2.1593  2.1111  2.0621  2.0143  1.9685  1.9254  1.8848  1.8469  1.8124
  1.7821  1.7563  1.7332  1.7115  1.6910  1.6360  1.5585  1.4634  1.3619  1.2580
  1.1530  1.0481  0.9447  0.8434  0.7442  0.6468  0.5508  0.4556  0.3611  0.2673
  0.1743
  2.2017  2.1683  2.1276  2.0860  2.0416  1.9970  1.9532  1.9106  1.8695  1.8307
  1.7949  1.7628  1.7342  1.7074  1.6816  1.6187  1.5464  1.4575  1.3584  1.2556
  1.1517  1.0477  0.9445  0.8429  0.7435  0.6465  0.5513  0.4579  0.3659  0.2747
  0.1826
  2.1840  2.1595  2.1280  2.0946  2.0562  2.0167  1.9755  1.9340  1.8924  1.8516
  1.8123  1.7754  1.7413  1.7099  1.6798  1.6073  1.5334  1.4492  1.3541  1.2532
  1.1506  1.0476  0.9451  0.8436  0.7439  0.6465  0.5514  0.4585  0.3676  0.2780
  0.1895
  2.1513  2.1329  2.1124  2.0866  2.0564  2.0226  1.9863  1.9484  1.9093  1.8695
  1.8298  1.7906  1.7528  1.7170  1.6831  1.6023  1.5232  1.4402  1.3489
 [Fe/H] = -1.00 [alpha/Fe] =-0.40 BC value = F140M
  1.8251  1.8228  1.8412  1.8518  1.8635  1.8720  1.8716  1.8682  1.8638  1.8596
  1.8530  1.8447  1.8331  1.8173  1.7972  1.7331  1.6532  1.5557  1.4430
  1.8945  1.8377  1.8179  1.8375  1.8479  1.8536  1.8545  1.8502  1.8451  1.8399
  1.8322  1.8227  1.8100  1.7932  1.7725  1.7082  1.6292  1.5349  1.4271  1.3131
  1.9255  1.8949  1.8594  1.8240  1.8357  1.8452  1.8458  1.8407  1.8331  1.8265
  1.8178  1.8072  1.7938  1.7765  1.7553  1.6901  1.6110  1.5184  1.4141  1.3036
  1.1910
  1.9583  1.9213  1.8949  1.8720  1.8419  1.8326  1.8403  1.8375  1.8276  1.8180
  1.8083  1.7967  1.7827  1.7651  1.7438  1.6776  1.5976  1.5056  1.4036  1.2956
  1.1857  1.0755
  2.0005  1.9529  1.9181  1.8926  1.8725  1.8523  1.8319  1.8290  1.8257  1.8139
  1.8026  1.7899  1.7754  1.7577  1.7363  1.6694  1.5883  1.4961  1.3953  1.2890
  1.1809  1.0729  0.9654  0.8582
  2.0510  1.9935  1.9488  1.9144  1.8879  1.8661  1.8461  1.8266  1.8120  1.8062
  1.7978  1.7857  1.7708  1.7530  1.7317  1.6643  1.5821  1.4894  1.3890  1.2838
  1.1767  1.0701  0.9645  0.8596  0.7553  0.6514  0.5475  0.4437  0.3406  0.2414
  2.1060  2.0419  1.9879  1.9442  1.9089  1.8794  1.8543  1.8319  1.8107  1.7918
  1.7804  1.7745  1.7651  1.7496  1.7290  1.6614  1.5783  1.4849  1.3846  1.2800
  1.1736  1.0675  0.9629  0.8596  0.7574  0.6561  0.5553  0.4547  0.3540  0.2539
  0.1572
  2.1595  2.0942  2.0341  1.9821  1.9384  1.9014  1.8692  1.8408  1.8147  1.7907
  1.7697  1.7546  1.7451  1.7361  1.7223  1.6600  1.5763  1.4821  1.3817  1.2776
  1.1716  1.0657  0.9613  0.8588  0.7580  0.6585  0.5600  0.4621  0.3645  0.2671
  0.1696
  2.2061  2.1437  2.0825  2.0257  1.9750  1.9308  1.8919  1.8570  1.8253  1.7963
  1.7700  1.7475  1.7294  1.7146  1.7015  1.6540  1.5744  1.4796  1.3789  1.2750
  1.1695  1.0636  0.9589  0.8563  0.7559  0.6573  0.5601  0.4638  0.3683  0.2736
  0.1798
  2.2407  2.1846  2.1277  2.0708  2.0168  1.9671  1.9222  1.8815  1.8441  1.8097
  1.7782  1.7499  1.7254  1.7040  1.6843  1.6368  1.5697  1.4788  1.3784  1.2749
  1.1699  1.0645  0.9599  0.8569  0.7563  0.6581  0.5617  0.4671  0.3739  0.2817
  0.1900
  2.2592  2.2132  2.1627  2.1101  2.0573  2.0060  1.9575  1.9122  1.8699  1.8304
  1.7938  1.7600  1.7297  1.7027  1.6779  1.6192  1.5565  1.4751  1.3779  1.2752
  1.1709  1.0661  0.9618  0.8587  0.7577  0.6591  0.5628  0.4688  0.3766  0.2860
  0.1965
  2.2609  2.2248  2.1829  2.1374  2.0895  2.0406  1.9922  1.9452  1.8999  1.8568
  1.8160  1.7774  1.7416  1.7089  1.6790  1.6097  1.5421  1.4661  1.3755
 [Fe/H] = -0.75 [alpha/Fe] =-0.40 BC value = F140M
  1.8234  1.8413  1.8562  1.8622  1.8696  1.8770  1.8762  1.8708  1.8636  1.8582
  1.8491  1.8381  1.8250  1.8086  1.7882  1.7240  1.6462  1.5542  1.4462
  1.8626  1.8138  1.8343  1.8499  1.8546  1.8588  1.8579  1.8526  1.8455  1.8393
  1.8294  1.8175  1.8035  1.7861  1.7652  1.7006  1.6235  1.5339  1.4303  1.3176
  1.9064  1.8737  1.8259  1.8314  1.8467  1.8495  1.8482  1.8423  1.8337  1.8265
  1.8160  1.8032  1.7885  1.7707  1.7495  1.6842  1.6069  1.5181  1.4176  1.3086
  1.1962
  1.9335  1.9039  1.8805  1.8486  1.8308  1.8432  1.8447  1.8385  1.8280  1.8180
  1.8070  1.7935  1.7782  1.7602  1.7389  1.6732  1.5951  1.5063  1.4075  1.3012
  1.1915  1.0810
  1.9711  1.9299  1.9021  1.8815  1.8616  1.8385  1.8359  1.8372  1.8277  1.8137
  1.8015  1.7872  1.7713  1.7532  1.7320  1.6661  1.5871  1.4979  1.3998  1.2952
  1.1875  1.0791  0.9711  0.8633
  2.0194  1.9662  1.9273  1.8991  1.8776  1.8597  1.8416  1.8264  1.8224  1.8136
  1.7987  1.7837  1.7671  1.7487  1.7277  1.6619  1.5821  1.4921  1.3941  1.2906
  1.1841  1.0771  0.9709  0.8655  0.7605  0.6558  0.5512  0.4473  0.3448  0.2451
  2.0754  2.0128  1.9625  1.9241  1.8941  1.8700  1.8496  1.8308  1.8127  1.7996
  1.7912  1.7801  1.7646  1.7461  1.7252  1.6598  1.5793  1.4885  1.3904  1.2873
  1.1816  1.0753  0.9702  0.8663  0.7634  0.6613  0.5598  0.4586  0.3578  0.2576
  0.1621
  2.1339  2.0667  2.0075  1.9586  1.9194  1.8871  1.8597  1.8357  1.8132  1.7922
  1.7737  1.7614  1.7528  1.7408  1.7230  1.6592  1.5783  1.4868  1.3883  1.2855
  1.1803  1.0744  0.9695  0.8664  0.7649  0.6646  0.5653  0.4667  0.3686  0.2709
  0.1734
  2.1897  2.1222  2.0585  2.0018  1.9535  1.9128  1.8779  1.8473  1.8195  1.7936
  1.7693  1.7480  1.7318  1.7199  1.7083  1.6578  1.5778  1.4854  1.3864  1.2836
  1.1787  1.0729  0.9679  0.8646  0.7635  0.6642  0.5662  0.4695  0.3738  0.2786
  0.1837
  2.2376  2.1743  2.1111  2.0509  1.9961  1.9476  1.9052  1.8678  1.8339  1.8029
  1.7739  1.7471  1.7237  1.7041  1.6873  1.6451  1.5774  1.4863  1.3870  1.2843
  1.1798  1.0745  0.9695  0.8659  0.7646  0.6656  0.5685  0.4732  0.3793  0.2864
  0.1942
  2.2731  2.2168  2.1580  2.0991  2.0423  1.9891  1.9405  1.8967  1.8567  1.8201
  1.7861  1.7545  1.7256  1.7001  1.6773  1.6257  1.5672  1.4859  1.3882  1.2857
  1.1816  1.0767  0.9721  0.8684  0.7667  0.6674  0.5704  0.4756  0.3827  0.2914
  0.2014
  2.2931  2.2458  2.1941  2.1400  2.0853  2.0316  1.9802  1.9319  1.8869  1.8451
  1.8060  1.7695  1.7356  1.7045  1.6765  1.6130  1.5516  1.4787  1.3883
 [Fe/H] = -0.50 [alpha/Fe] =-0.40 BC value = F140M
  1.8433  1.8646  1.8731  1.8739  1.8746  1.8791  1.8780  1.8734  1.8651  1.8589
  1.8479  1.8345  1.8195  1.8019  1.7811  1.7164  1.6389  1.5491  1.4486
  1.8271  1.8308  1.8545  1.8627  1.8621  1.8622  1.8599  1.8544  1.8475  1.8406
  1.8291  1.8151  1.7993  1.7810  1.7597  1.6943  1.6176  1.5313  1.4325  1.3224
  1.8922  1.8410  1.8267  1.8497  1.8567  1.8544  1.8504  1.8438  1.8354  1.8281
  1.8163  1.8018  1.7853  1.7666  1.7451  1.6793  1.6025  1.5167  1.4201  1.3138
  1.2020
  1.9163  1.8919  1.8608  1.8300  1.8458  1.8520  1.8475  1.8395  1.8292  1.8194
  1.8076  1.7926  1.7757  1.7568  1.7352  1.6694  1.5921  1.5060  1.4106  1.3068
  1.1980  1.0872
  1.9471  1.9135  1.8915  1.8713  1.8446  1.8401  1.8463  1.8403  1.8283  1.8143
  1.8019  1.7867  1.7693  1.7501  1.7286  1.6631  1.5853  1.4986  1.4035  1.3013
  1.1946  1.0861  0.9776  0.8693
  1.9908  1.9437  1.9115  1.8891  1.8712  1.8533  1.8370  1.8357  1.8302  1.8153
  1.7988  1.7831  1.7652  1.7458  1.7244  1.6594  1.5812  1.4938  1.3985  1.2971
  1.1918  1.0850  0.9783  0.8723  0.7667  0.6614  0.5564  0.4518  0.3485  0.2495
  2.0448  1.9861  1.9413  1.9086  1.8842  1.8645  1.8474  1.8311  1.8189  1.8125
  1.7991  1.7816  1.7632  1.7433  1.7219  1.6576  1.5792  1.4910  1.3953  1.2943
  1.1899  1.0840  0.9785  0.8740  0.7705  0.6676  0.5653  0.4636  0.3623  0.2621
  0.1657
  2.1048  2.0385  1.9826  1.9384  1.9043  1.8770  1.8540  1.8338  1.8149  1.7976
  1.7846  1.7737  1.7602  1.7420  1.7207  1.6572  1.5788  1.4900  1.3939  1.2930
  1.1890  1.0837  0.9787  0.8750  0.7728  0.6718  0.5716  0.4724  0.3738  0.2756
  0.1780
  2.1661  2.0954  2.0330  1.9788  1.9343  1.8980  1.8675  1.8410  1.8168  1.7941
  1.7726  1.7538  1.7403  1.7290  1.7147  1.6572  1.5791  1.4895  1.3927  1.2916
  1.1878  1.0828  0.9778  0.8741  0.7723  0.6723  0.5735  0.4760  0.3796  0.2838
  0.1884
  2.2238  2.1550  2.0889  2.0283  1.9749  1.9294  1.8907  1.8571  1.8269  1.7990
  1.7727  1.7477  1.7255  1.7077  1.6932  1.6516  1.5807  1.4914  1.3943  1.2930
  1.1895  1.0848  0.9800  0.8761  0.7743  0.6746  0.5767  0.4806  0.3858  0.2922
  0.1994
  2.2723  2.2083  2.1439  2.0814  2.0231  1.9702  1.9235  1.8825  1.8457  1.8121
  1.7810  1.7515  1.7240  1.6994  1.6782  1.6327  1.5758  1.4934  1.3966  1.2953
  1.1920  1.0876  0.9831  0.8792  0.7770  0.6771  0.5794  0.4838  0.3901  0.2979
  0.2073
  2.3083  2.2517  2.1919  2.1317  2.0727  2.0165  1.9643  1.9168  1.8735  1.8340
  1.7975  1.7633  1.7313  1.7016  1.6747  1.6165  1.5607  1.4898  1.3989
 [Fe/H] = -0.25 [alpha/Fe] =-0.40 BC value = F140M
  1.8759  1.8893  1.8913  1.8865  1.8823  1.8822  1.8791  1.8760  1.8693  1.8608
  1.8484  1.8333  1.8163  1.7973  1.7759  1.7103  1.6323  1.5459  1.4487
  1.8581  1.8593  1.8745  1.8759  1.8711  1.8671  1.8621  1.8569  1.8507  1.8430
  1.8304  1.8149  1.7974  1.7779  1.7559  1.6895  1.6123  1.5277  1.4331  1.3268
  1.8715  1.8246  1.8514  1.8662  1.8660  1.8608  1.8534  1.8461  1.8376  1.8306
  1.8180  1.8022  1.7843  1.7644  1.7422  1.6757  1.5986  1.5144  1.4214  1.3185
  1.2082
  1.9060  1.8791  1.8346  1.8468  1.8605  1.8588  1.8510  1.8413  1.8308  1.8215
  1.8094  1.7934  1.7751  1.7550  1.7328  1.6667  1.5894  1.5049  1.4126  1.3119
  1.2047  1.0942
  1.9298  1.9033  1.8833  1.8536  1.8426  1.8547  1.8521  1.8419  1.8290  1.8154
  1.8034  1.7875  1.7689  1.7486  1.7264  1.6609  1.5835  1.4985  1.4062  1.3068
  1.2018  1.0938  0.9850  0.8763
  1.9669  1.9270  1.9013  1.8827  1.8641  1.8450  1.8457  1.8442  1.8319  1.8155
  1.7994  1.7837  1.7650  1.7443  1.7221  1.6573  1.5800  1.4944  1.4019  1.3031
  1.1996  1.0934  0.9866  0.8800  0.7738  0.6680  0.5624  0.4571  0.3537  0.2549
  2.0171  1.9636  1.9250  1.8982  1.8782  1.8613  1.8454  1.8343  1.8308  1.8195
  1.8004  1.7817  1.7628  1.7419  1.7195  1.6554  1.5783  1.4923  1.3992  1.3007
  1.1981  1.0932  0.9877  0.8827  0.7786  0.6750  0.5721  0.4697  0.3678  0.2676
  0.1714
  2.0755  2.0122  1.9613  1.9225  1.8933  1.8705  1.8513  1.8343  1.8192  1.8082
  1.7990  1.7821  1.7623  1.7411  1.7185  1.6548  1.5782  1.4917  1.3982  1.2996
  1.1975  1.0933  0.9886  0.8846  0.7818  0.6801  0.5792  0.4790  0.3797  0.2812
  0.1837
  2.1385  2.0690  2.0086  1.9586  1.9187  1.8870  1.8605  1.8377  1.8169  1.7977
  1.7806  1.7666  1.7535  1.7378  1.7176  1.6549  1.5788  1.4918  1.3976  1.2986
  1.1965  1.0926  0.9883  0.8846  0.7823  0.6816  0.5821  0.4838  0.3866  0.2901
  0.1942
  2.2021  2.1306  2.0645  2.0058  1.9557  1.9141  1.8793  1.8494  1.8226  1.7979
  1.7744  1.7523  1.7326  1.7170  1.7031  1.6545  1.5810  1.4943  1.3997  1.3005
  1.1985  1.0949  0.9908  0.8872  0.7851  0.6848  0.5862  0.4893  0.3937  0.2979
  0.2056
  2.2607  2.1912  2.1235  2.0602  2.0027  1.9522  1.9085  1.8708  1.8372  1.8068
  1.7784  1.7513  1.7255  1.7022  1.6826  1.6402  1.5812  1.4974  1.4028  1.3034
  1.2014  1.0981  0.9943  0.8908  0.7885  0.6881  0.5898  0.4934  0.3989  0.3059
  0.2144
  2.3097  2.2452  2.1799  2.1161  2.0553  1.9989  1.9479  1.9024  1.8617  1.8249
  1.7911  1.7593  1.7292  1.7007  1.6748  1.6211  1.5689  1.4980  1.4065
 [Fe/H] =  0.00 [alpha/Fe] =-0.40 BC value = F140M
  1.9088  1.9134  1.9089  1.8989  1.8928  1.8899  1.8834  1.8778  1.8733  1.8641
  1.8505  1.8340  1.8154  1.7950  1.7725  1.7059  1.6279  1.5410  1.4468
  1.8509  1.8877  1.8940  1.8893  1.8804  1.8743  1.8659  1.8597  1.8548  1.8465
  1.8331  1.8164  1.7975  1.7766  1.7538  1.6864  1.6082  1.5237  1.4321  1.3301
  1.8420  1.8502  1.8759  1.8817  1.8758  1.8671  1.8579  1.8490  1.8402  1.8340
  1.8209  1.8042  1.7850  1.7639  1.7409  1.6735  1.5956  1.5116  1.4213  1.3220
  1.2142
  1.8756  1.8535  1.8444  1.8687  1.8728  1.8654  1.8549  1.8438  1.8328  1.8243
  1.8120  1.7955  1.7762  1.7550  1.7320  1.6651  1.5873  1.5033  1.4134  1.3159
  1.2111  1.1016
  1.9192  1.8973  1.8691  1.8438  1.8623  1.8653  1.8563  1.8437  1.8303  1.8167
  1.8054  1.7893  1.7700  1.7487  1.7256  1.6594  1.5820  1.4978  1.4078  1.3113
  1.2086  1.1018  0.9930  0.8840
  1.9489  1.9161  1.8953  1.8764  1.8526  1.8538  1.8573  1.8474  1.8323  1.8158
  1.8004  1.7849  1.7658  1.7444  1.7212  1.6558  1.5789  1.4944  1.4041  1.3081
  1.2068  1.1019  0.9954  0.8884  0.7818  0.6755  0.5693  0.4633  0.3599  0.2611
  1.9925  1.9462  1.9139  1.8919  1.8744  1.8576  1.8459  1.8459  1.8371  1.8198
  1.8002  1.7821  1.7632  1.7417  1.7185  1.6536  1.5773  1.4927  1.4020  1.3061
  1.2057  1.1022  0.9972  0.8921  0.7875  0.6834  0.5796  0.4763  0.3742  0.2740
  0.1779
  2.0480  1.9895  1.9445  1.9112  1.8865  1.8670  1.8505  1.8367  1.8280  1.8214
  1.8054  1.7830  1.7622  1.7406  1.7173  1.6526  1.5771  1.4924  1.4012  1.3052
  1.2053  1.1026  0.9988  0.8949  0.7917  0.6894  0.5879  0.4873  0.3872  0.2878
  0.1903
  2.1111  2.0431  1.9872  1.9422  1.9070  1.8793  1.8563  1.8368  1.8196  1.8051
  1.7939  1.7819  1.7624  1.7406  1.7172  1.6524  1.5775  1.4926  1.4008  1.3043
  1.2044  1.1021  0.9988  0.8955  0.7931  0.6919  0.5918  0.4927  0.3947  0.2975
  0.2011
  2.1779  2.1044  2.0406  1.9856  1.9397  1.9021  1.8709  1.8443  1.8206  1.7992
  1.7794  1.7616  1.7461  1.7307  1.7133  1.6535  1.5798  1.4953  1.4032  1.3064
  1.2064  1.1044  1.0015  0.8986  0.7966  0.6961  0.5970  0.4993  0.4029  0.3076
  0.2133
  2.2460  2.1694  2.1005  2.0386  1.9838  1.9365  1.8962  1.8617  1.8312  1.8037
  1.7782  1.7538  1.7308  1.7100  1.6923  1.6474  1.5821  1.4989  1.4068  1.3097
  1.2096  1.1077  1.0050  0.9024  0.8006  0.7002  0.6014  0.5045  0.4091  0.3152
  0.2228
  2.3152  2.2381  2.1638  2.0967  2.0362  1.9816  1.9328  1.8900  1.8520  1.8180
  1.7868  1.7575  1.7294  1.7028  1.6542  1.6341  1.5844  1.5034  1.4116
 [Fe/H] =  0.25 [alpha/Fe] =-0.40 BC value = F140M
  1.9408  1.9365  1.9263  1.9108  1.9032  1.8970  1.8902  1.8824  1.8783  1.8677
  1.8533  1.8358  1.8159  1.7941  1.7706  1.7028  1.6243  1.5374  1.4434
  1.9020  1.9151  1.9132  1.9031  1.8901  1.8812  1.8725  1.8639  1.8601  1.8504
  1.8363  1.8188  1.7988  1.7768  1.7531  1.6846  1.6053  1.5201  1.4297  1.3316
  1.8818  1.8835  1.8970  1.8964  1.8854  1.8737  1.8630  1.8526  1.8438  1.8378
  1.8242  1.8069  1.7869  1.7648  1.7409  1.6725  1.5936  1.5091  1.4200  1.3239
  1.2194
  1.8881  1.8434  1.8732  1.8873  1.8840  1.8718  1.8592  1.8468  1.8351  1.8275
  1.8150  1.7981  1.7782  1.7561  1.7323  1.6644  1.5860  1.5018  1.4131  1.3184
  1.2165  1.1088
  1.9139  1.8905  1.8494  1.8662  1.8788  1.8737  1.8606  1.8461  1.8317  1.8183
  1.8078  1.7915  1.7719  1.7498  1.7260  1.6589  1.5812  1.4970  1.4084  1.3144
  1.2144  1.1094  1.0013  0.8920
  1.9367  1.9099  1.8909  1.8634  1.8589  1.8703  1.8643  1.8496  1.8330  1.8164
  1.8015  1.7865  1.7673  1.7453  1.7215  1.6550  1.5782  1.4941  1.4053  1.3118
  1.2130  1.1099  1.0042  0.8974  0.7906  0.6837  0.5766  0.4705  0.3671  0.2683
  1.9734  1.9337  1.9069  1.8881  1.8701  1.8553  1.8592  1.8542  1.8383  1.8193
  1.8000  1.7827  1.7640  1.7423  1.7185  1.6524  1.5765  1.4926  1.4036  1.3102
  1.2122  1.1105  1.0066  0.9017  0.7969  0.6925  0.5886  0.4848  0.3817  0.2814
  0.1854
  2.0236  1.9711  1.9318  1.9033  1.8824  1.8653  1.8510  1.8442  1.8405  1.8261
  1.8047  1.7823  1.7621  1.7406  1.7168  1.6509  1.5759  1.4923  1.4031  1.3096
  1.2120  1.1113  1.0087  0.9052  0.8021  0.6995  0.5971  0.4954  0.3948  0.2956
  0.1981
  2.0827  2.0201  1.9694  1.9294  1.8986  1.8743  1.8545  1.8383  1.8258  1.8178
  1.8079  1.7881  1.7631  1.7402  1.7164  1.6503  1.5759  1.4925  1.4027  1.3087
  1.2112  1.1108  1.0089  0.9064  0.8043  0.7030  0.6025  0.5029  0.4041  0.3062
  0.2091
  2.1460  2.0779  2.0190  1.9684  1.9268  1.8930  1.8650  1.8414  1.8211  1.8036
  1.7889  1.7763  1.7617  1.7404  1.7172  1.6513  1.5776  1.4949  1.4051  1.3107
  1.2131  1.1130  1.0116  0.9098  0.8085  0.7080  0.6087  0.5105  0.4134  0.3173
  0.2222
  2.2190  2.1437  2.0771  2.0184  1.9671  1.9234  1.8865  1.8549  1.8272  1.8026
  1.7803  1.7597  1.7409  1.7235  1.7057  1.6516  1.5802  1.4984  1.4087  1.3140
  1.2162  1.1162  1.0151  0.9137  0.8128  0.7128  0.6140  0.5167  0.4208  0.3261
  0.2326
  2.3018  2.2175  2.1448  2.0761  2.0178  1.9656  1.9197  1.8797  1.8444  1.8129
  1.7843  1.7576  1.7324  1.7085  1.6819  1.6512  1.5837  1.5030  1.4135
 [Fe/H] =  0.50 [alpha/Fe] =-0.40 BC value = F140M
  1.9724  1.9587  1.9423  1.9235  1.9157  1.9065  1.8970  1.8897  1.8823  1.8719
  1.8568  1.8382  1.8172  1.7942  1.7695  1.7007  1.6180  1.5303  1.4379
  1.9430  1.9408  1.9316  1.9161  1.9011  1.8901  1.8791  1.8687  1.8653  1.8549
  1.8402  1.8219  1.8010  1.7781  1.7534  1.6838  1.6035  1.5171  1.4267  1.3309
  1.8894  1.9149  1.9194  1.9109  1.8947  1.8816  1.8691  1.8570  1.8500  1.8421
  1.8280  1.8102  1.7895  1.7666  1.7419  1.6724  1.5927  1.5072  1.4181  1.3242
  1.2229
  1.8992  1.8734  1.8999  1.9041  1.8948  1.8792  1.8648  1.8507  1.8380  1.8314
  1.8185  1.8012  1.7809  1.7581  1.7336  1.6646  1.5856  1.5006  1.4121  1.3194
  1.2205  1.1152
  1.9120  1.8718  1.8647  1.8897  1.8924  1.8816  1.8651  1.8492  1.8339  1.8203
  1.8105  1.7941  1.7742  1.7517  1.7273  1.6591  1.5810  1.4964  1.4083  1.3161
  1.2188  1.1160  1.0093  0.9005
  1.9296  1.9068  1.8817  1.8605  1.8809  1.8821  1.8697  1.8522  1.8342  1.8171
  1.8031  1.7883  1.7690  1.7469  1.7226  1.6549  1.5780  1.4938  1.4057  1.3140
  1.2178  1.1169  1.0126  0.9063  0.7995  0.6927  0.5856  0.4787  0.3755  0.2765
  1.9596  1.9256  1.9030  1.8846  1.8639  1.8701  1.8715  1.8583  1.8389  1.8192
  1.7998  1.7834  1.7650  1.7432  1.7191  1.6520  1.5760  1.4925  1.4043  1.3128
  1.2173  1.1178  1.0153  0.9112  0.8066  0.7021  0.5978  0.4938  0.3902  0.2900
  0.1940
  2.0033  1.9570  1.9229  1.8985  1.8802  1.8642  1.8574  1.8583  1.8461  1.8256
  1.8034  1.7815  1.7620  1.7408  1.7170  1.6500  1.5750  1.4921  1.4040  1.3125
  1.2174  1.1188  1.0177  0.9152  0.8125  0.7100  0.6078  0.5063  0.4051  0.3045
  0.2070
  2.0580  2.0011  1.9554  1.9198  1.8927  1.8716  1.8549  1.8432  1.8383  1.8306
  1.8115  1.7867  1.7618  1.7395  1.7158  1.6489  1.5743  1.4919  1.4036  1.3117
  1.2166  1.1184  1.0181  0.9167  0.8153  0.7142  0.6137  0.5139  0.4147  0.3162
  0.2184
  2.1222  2.0562  2.0006  1.9544  1.9166  1.8862  1.8612  1.8408  1.8245  1.8125
  1.8035  1.7907  1.7683  1.7413  1.7165  1.6496  1.5754  1.4938  1.4056  1.3135
  1.2183  1.1205  1.0208  0.9203  0.8199  0.7200  0.6208  0.5225  0.4250  0.3271
  0.2305
  2.2009  2.1223  2.0560  2.0008  1.9532  1.9129  1.8788  1.8500  1.8251  1.8040
  1.7858  1.7702  1.7558  1.7388  1.7159  1.6513  1.5776  1.4968  1.4090  1.3165
  1.2211  1.1234  1.0241  0.9242  0.8244  0.7253  0.6269  0.5296  0.4334  0.3381
  0.2439
  2.2940  2.1994  2.1230  2.0565  2.0010  1.9518  1.9087  1.8713  1.8384  1.8094
  1.7837  1.7603  1.7387  1.7187  1.7140  1.6540  1.5809  1.5009  1.4138
 [Fe/H] =  0.75 [alpha/Fe] =-0.40 BC value = F140M
  1.9977  1.9780  1.9573  1.9357  1.9276  1.9146  1.9041  1.8963  1.8880  1.8765
  1.8603  1.8408  1.8187  1.7947  1.7691  1.6989  1.6155  1.5270  1.4337
  1.9758  1.9649  1.9490  1.9286  1.9123  1.8988  1.8856  1.8748  1.8713  1.8609
  1.8443  1.8253  1.8036  1.7798  1.7543  1.6835  1.6023  1.5148  1.4236  1.3288
  1.9316  1.9441  1.9393  1.9252  1.9054  1.8903  1.8756  1.8621  1.8565  1.8470
  1.8322  1.8138  1.7925  1.7688  1.7435  1.6729  1.5924  1.5058  1.4160  1.3231
  1.2246
  1.8751  1.9096  1.9239  1.9200  1.9055  1.8869  1.8710  1.8554  1.8414  1.8359
  1.8222  1.8046  1.7838  1.7606  1.7354  1.6654  1.5858  1.4999  1.4109  1.3192
  1.2227  1.1201
  1.9076  1.8653  1.8958  1.9098  1.9048  1.8892  1.8708  1.8531  1.8367  1.8230
  1.8137  1.7969  1.7768  1.7540  1.7291  1.6598  1.5813  1.4962  1.4076  1.3166
  1.2215  1.1213  1.0165  0.9087
  1.9265  1.9044  1.8678  1.8858  1.8985  1.8919  1.8748  1.8552  1.8361  1.8184
  1.8049  1.7903  1.7709  1.7486  1.7241  1.6555  1.5782  1.4938  1.4056  1.3150
  1.2210  1.1224  1.0199  0.9148  0.8085  0.7018  0.5946  0.4877  0.3848  0.2858
  1.9504  1.9209  1.9009  1.8763  1.8758  1.8875  1.8796  1.8614  1.8401  1.8195
  1.7998  1.7842  1.7661  1.7443  1.7202  1.6522  1.5760  1.4925  1.4046  1.3142
  1.2209  1.1236  1.0230  0.9200  0.8161  0.7119  0.6077  0.5034  0.3997  0.2998
  0.2036
  1.9878  1.9470  1.9169  1.8959  1.8782  1.8675  1.8743  1.8671  1.8481  1.8249
  1.8024  1.7806  1.7620  1.7411  1.7173  1.6498  1.5744  1.4919  1.4043  1.3140
  1.2211  1.1248  1.0256  0.9244  0.8224  0.7204  0.6186  0.5169  0.4153  0.3145
  0.2171
  2.0382  1.9860  1.9446  1.9129  1.8891  1.8710  1.8581  1.8560  1.8519  1.8342
  1.8100  1.7846  1.7602  1.7386  1.7153  1.6481  1.5731  1.4912  1.4038  1.3133
  1.2203  1.1245  1.0261  0.9261  0.8256  0.7252  0.6251  0.5254  0.4260  0.3271
  0.2289
  2.0984  2.0370  1.9856  1.9432  1.9088  1.8814  1.8596  1.8432  1.8330  1.8276
  1.8166  1.7940  1.7665  1.7394  1.7150  1.6482  1.5735  1.4924  1.4054  1.3148
  1.2219  1.1265  1.0288  0.9299  0.8306  0.7315  0.6328  0.5348  0.4373  0.3404
  0.2441
  2.1742  2.1000  2.0376  1.9859  1.9416  1.9043  1.8730  1.8469  1.8255  1.8089
  1.7965  1.7855  1.7702  1.7459  1.7173  1.6496  1.5751  1.4946  1.4081  1.3174
  1.2242  1.1289  1.0318  0.9336  0.8351  0.7370  0.6394  0.5426  0.4466  0.3512
  0.2566
  2.2658  2.1750  2.0984  2.0391  1.9864  1.9399  1.8994  1.8644  1.8339  1.8078
  1.7856  1.7665  1.7496  1.7329  1.7222  1.6523  1.5779  1.4978  1.4119
 [Fe/H] =  1.00 [alpha/Fe] =-0.40 BC value = F140M
  2.0238  1.9935  1.9684  1.9480  1.9376  1.9287  1.9186  1.9070  1.8936  1.8783
  1.8609  1.8413  1.8194  1.7952  1.7688  1.6969  1.6131  1.5204  1.4272
  2.0016  1.9857  1.9648  1.9394  1.9226  1.9074  1.8929  1.8803  1.8774  1.8650
  1.8485  1.8287  1.8061  1.7814  1.7551  1.6831  1.6013  1.5117  1.4198  1.3252
  1.9748  1.9707  1.9581  1.9379  1.9155  1.8992  1.8825  1.8680  1.8629  1.8520
  1.8364  1.8174  1.7955  1.7712  1.7451  1.6735  1.5924  1.5048  1.4140  1.3211
  1.2245
  1.9164  1.9429  1.9461  1.9352  1.9152  1.8953  1.8779  1.8609  1.8458  1.8407
  1.8263  1.8081  1.7869  1.7631  1.7373  1.6663  1.5864  1.4997  1.4098  1.3181
  1.2233  1.1233
  1.8913  1.8967  1.9241  1.9277  1.9166  1.8961  1.8769  1.8581  1.8405  1.8278
  1.8172  1.7999  1.7795  1.7563  1.7310  1.6608  1.5820  1.4964  1.4072  1.3162
  1.2227  1.1248  1.0222  0.9161
  1.9263  1.8941  1.8846  1.9107  1.9132  1.9008  1.8798  1.8595  1.8391  1.8203
  1.8078  1.7926  1.7730  1.7505  1.7257  1.6564  1.5787  1.4941  1.4055  1.3152
  1.2226  1.1263  1.0260  0.9224  0.8172  0.7108  0.6036  0.4975  0.3952  0.2962
  1.9449  1.9190  1.8970  1.8778  1.8992  1.9004  1.8864  1.8645  1.8421  1.8206
  1.8003  1.7855  1.7673  1.7455  1.7213  1.6527  1.5762  1.4927  1.4047  1.3147
  1.2228  1.1278  1.0292  0.9278  0.8249  0.7213  0.6175  0.5132  0.4100  0.3106
  0.2144
  1.9774  1.9401  1.9136  1.8947  1.8767  1.8859  1.8875  1.8724  1.8495  1.8252
  1.8019  1.7798  1.7622  1.7414  1.7176  1.6499  1.5742  1.4918  1.4044  1.3147
  1.2233  1.1292  1.0320  0.9324  0.8316  0.7302  0.6288  0.5275  0.4260  0.3254
  0.2285
  2.0227  1.9744  1.9366  1.9083  1.8877  1.8721  1.8698  1.8723  1.8580  1.8347
  1.8087  1.7827  1.7585  1.7378  1.7146  1.6475  1.5722  1.4906  1.4037  1.3139
  1.2225  1.1289  1.0327  0.9344  0.8350  0.7355  0.6359  0.5367  0.4378  0.3388
  0.2406
  2.0795  2.0217  1.9736  1.9343  1.9031  1.8788  1.8607  1.8506  1.8492  1.8410
  1.8192  1.7918  1.7638  1.7370  1.7133  1.6468  1.5719  1.4910  1.4048  1.3152
  1.2239  1.1307  1.0353  0.9381  0.8401  0.7421  0.6442  0.5468  0.4498  0.3531
  0.2566
  2.1532  2.0820  2.0225  1.9736  1.9321  1.8975  1.8689  1.8462  1.8295  1.8197
  1.8126  1.7987  1.7739  1.7441  1.7150  1.6475  1.5727  1.4923  1.4067  1.3172
  1.2257  1.1327  1.0379  0.9416  0.8446  0.7477  0.6511  0.5551  0.4597  0.3647
  0.2701
  2.2438  2.1553  2.0833  2.0243  1.9740  1.9299  1.8918  1.8590  1.8313  1.8088
  1.7914  1.7778  1.7644  1.7467  1.7197  1.6496  1.5746  1.4945  1.4094
