 [Fe/H] = -2.50 [alpha/Fe] = 0.00 BC value = F090W
 -1.7356 -1.7744 -1.8270 -1.8820 -1.9181 -1.9231 -1.8072 -1.8062 -1.7993 -1.7817
 -1.7519 -1.7017 -1.6689 -1.6284 -1.5895 -1.5242 -1.5258 -1.5690 -1.6146
 -1.7130 -1.6846 -1.6781 -1.6912 -1.7198 -1.7442 -1.7581 -1.7648 -1.7665 -1.7632
 -1.7492 -1.7224 -1.6873 -1.6525 -1.6228 -1.5800 -1.5758 -1.5993 -1.6353 -1.6771
 -1.6983 -1.6831 -1.6705 -1.6632 -1.6651 -1.6805 -1.7076 -1.7306 -1.7407 -1.7388
 -1.7323 -1.7193 -1.6951 -1.6665 -1.6406 -1.6010 -1.5988 -1.6231 -1.6593 -1.7007
 -1.7446
 -1.6717 -1.6673 -1.6602 -1.6524 -1.6467 -1.6462 -1.6529 -1.6680 -1.6883 -1.7029
 -1.7066 -1.7049 -1.6943 -1.6744 -1.6533 -1.6186 -1.6168 -1.6417 -1.6786 -1.7200
 -1.7636 -1.8083
 -1.6220 -1.6316 -1.6349 -1.6335 -1.6296 -1.6264 -1.6259 -1.6295 -1.6374 -1.6490
 -1.6607 -1.6683 -1.6725 -1.6681 -1.6569 -1.6298 -1.6287 -1.6542 -1.6930 -1.7355
 -1.7796 -1.8246 -1.8700 -1.9149
 -1.5512 -1.5755 -1.5917 -1.6004 -1.6034 -1.6035 -1.6030 -1.6039 -1.6070 -1.6120
 -1.6184 -1.6255 -1.6339 -1.6390 -1.6399 -1.6325 -1.6339 -1.6596 -1.7012 -1.7466
 -1.7924 -1.8385 -1.8848 -1.9312 -1.9774 -2.0241 -2.0724 -2.1229 -2.1762 -2.2326
 -1.4664 -1.5016 -1.5307 -1.5512 -1.5641 -1.5713 -1.5753 -1.5780 -1.5810 -1.5850
 -1.5896 -1.5945 -1.6003 -1.6068 -1.6118 -1.6211 -1.6317 -1.6581 -1.7018 -1.7514
 -1.8009 -1.8493 -1.8973 -1.9451 -1.9924 -2.0385 -2.0849 -2.1336 -2.1859 -2.2424
 -2.3012
 -1.3694 -1.4154 -1.4548 -1.4864 -1.5104 -1.5273 -1.5385 -1.5463 -1.5526 -1.5582
 -1.5640 -1.5697 -1.5754 -1.5815 -1.5870 -1.6020 -1.6214 -1.6504 -1.6953 -1.7488
 -1.8031 -1.8556 -1.9066 -1.9565 -2.0056 -2.0539 -2.1009 -2.1482 -2.1979 -2.2514
 -2.3097
 -1.2700 -1.3230 -1.3694 -1.4098 -1.4436 -1.4703 -1.4907 -1.5059 -1.5178 -1.5276
 -1.5363 -1.5444 -1.5523 -1.5599 -1.5668 -1.5839 -1.6072 -1.6395 -1.6844 -1.7400
 -1.7988 -1.8565 -1.9119 -1.9652 -2.0170 -2.0674 -2.1170 -2.1669 -2.2174 -2.2682
 -2.3194
 -1.1681 -1.2244 -1.2780 -1.3247 -1.3660 -1.4017 -1.4313 -1.4552 -1.4746 -1.4905
 -1.5040 -1.5160 -1.5269 -1.5373 -1.5470 -1.5681 -1.5931 -1.6269 -1.6714 -1.7263
 -1.7872 -1.8491 -1.9094 -1.9673 -2.0228 -2.0762 -2.1282 -2.1790 -2.2329 -2.2830
 -2.3307
 -1.0639 -1.1196 -1.1806 -1.2363 -1.2819 -1.3240 -1.3616 -1.3940 -1.4216 -1.4450
 -1.4649 -1.4823 -1.4978 -1.5118 -1.5248 -1.5534 -1.5802 -1.6148 -1.6590 -1.7124
 -1.7727 -1.8363 -1.9002 -1.9627 -2.0226 -2.0800 -2.1353 -2.1888 -2.2409 -2.2923
 -2.3438
 -0.9572 -1.0086 -1.0772 -1.1459 -1.1952 -1.2416 -1.2847 -1.3241 -1.3594 -1.3906
 -1.4179 -1.4420 -1.4633 -1.4823 -1.5002 -1.5398 -1.5685 -1.6032 -1.6472
 [Fe/H] = -2.00 [alpha/Fe] = 0.00 BC value = F090W
 -1.6673 -1.6769 -1.7043 -1.7422 -1.7795 -1.8075 -1.7923 -1.8086 -1.8123 -1.8014
 -1.7760 -1.7360 -1.6983 -1.6597 -1.6243 -1.5610 -1.5433 -1.5636 -1.6041
 -1.6464 -1.6363 -1.6527 -1.6734 -1.6946 -1.7188 -1.7439 -1.7657 -1.7793 -1.7816
 -1.7704 -1.7458 -1.7126 -1.6788 -1.6485 -1.5960 -1.5798 -1.5961 -1.6301 -1.6708
 -1.6669 -1.6424 -1.6312 -1.6357 -1.6603 -1.6937 -1.7198 -1.7372 -1.7494 -1.7574
 -1.7570 -1.7454 -1.7216 -1.6931 -1.6665 -1.6200 -1.6049 -1.6199 -1.6533 -1.6940
 -1.7377
 -1.6792 -1.6596 -1.6453 -1.6368 -1.6363 -1.6457 -1.6686 -1.7000 -1.7245 -1.7356
 -1.7387 -1.7358 -1.7233 -1.7017 -1.6797 -1.6382 -1.6248 -1.6386 -1.6716 -1.7124
 -1.7560 -1.8008
 -1.6690 -1.6595 -1.6506 -1.6419 -1.6353 -1.6330 -1.6365 -1.6465 -1.6656 -1.6894
 -1.7061 -1.7144 -1.7135 -1.7022 -1.6849 -1.6501 -1.6386 -1.6521 -1.6851 -1.7268
 -1.7711 -1.8163 -1.8622 -1.9085
 -1.6334 -1.6375 -1.6382 -1.6353 -1.6303 -1.6254 -1.6226 -1.6233 -1.6278 -1.6367
 -1.6510 -1.6666 -1.6793 -1.6842 -1.6799 -1.6553 -1.6463 -1.6597 -1.6932 -1.7369
 -1.7830 -1.8295 -1.8763 -1.9233 -1.9703 -2.0175 -2.0658 -2.1165 -2.1718 -2.2286
 -1.5737 -1.5925 -1.6057 -1.6123 -1.6135 -1.6114 -1.6084 -1.6065 -1.6066 -1.6088
 -1.6132 -1.6205 -1.6319 -1.6433 -1.6504 -1.6517 -1.6477 -1.6614 -1.6950 -1.7413
 -1.7907 -1.8397 -1.8883 -1.9366 -1.9846 -2.0323 -2.0804 -2.1294 -2.1811 -2.2381
 -2.2971
 -1.4946 -1.5265 -1.5525 -1.5709 -1.5815 -1.5862 -1.5872 -1.5868 -1.5867 -1.5877
 -1.5896 -1.5927 -1.5982 -1.6056 -1.6140 -1.6310 -1.6416 -1.6576 -1.6911 -1.7392
 -1.7926 -1.8455 -1.8970 -1.9475 -1.9972 -2.0462 -2.0950 -2.1439 -2.1936 -2.2468
 -2.3056
 -1.4034 -1.4448 -1.4816 -1.5114 -1.5330 -1.5470 -1.5551 -1.5595 -1.5624 -1.5649
 -1.5677 -1.5710 -1.5750 -1.5801 -1.5862 -1.6048 -1.6258 -1.6489 -1.6831 -1.7319
 -1.7886 -1.8462 -1.9020 -1.9558 -2.0081 -2.0592 -2.1095 -2.1594 -2.2094 -2.2606
 -2.3151
 -1.3057 -1.3536 -1.3979 -1.4367 -1.4684 -1.4927 -1.5101 -1.5220 -1.5303 -1.5368
 -1.5424 -1.5481 -1.5537 -1.5595 -1.5655 -1.5830 -1.6066 -1.6355 -1.6717 -1.7199
 -1.7778 -1.8390 -1.8994 -1.9576 -2.0135 -2.0676 -2.1203 -2.1719 -2.2228 -2.2740
 -2.3262
 -1.2041 -1.2567 -1.3057 -1.3510 -1.3907 -1.4244 -1.4513 -1.4721 -1.4881 -1.5006
 -1.5110 -1.5205 -1.5293 -1.5376 -1.5456 -1.5655 -1.5895 -1.6209 -1.6593 -1.7069
 -1.7640 -1.8266 -1.8904 -1.9530 -2.0132 -2.0711 -2.1271 -2.1813 -2.2342 -2.2865
 -2.3387
 -1.1024 -1.1568 -1.2088 -1.2581 -1.3035 -1.3443 -1.3798 -1.4095 -1.4340 -1.4542
 -1.4710 -1.4858 -1.5034 -1.5139 -1.5265 -1.5523 -1.5745 -1.6051 -1.6459
 [Fe/H] = -1.50 [alpha/Fe] = 0.00 BC value = F090W
 -1.7376 -1.7236 -1.7272 -1.7432 -1.7661 -1.7900 -1.8097 -1.8213 -1.8227 -1.8118
 -1.7879 -1.7541 -1.7159 -1.6802 -1.6485 -1.5890 -1.5598 -1.5627 -1.5942
 -1.6855 -1.6638 -1.6623 -1.6773 -1.7027 -1.7321 -1.7600 -1.7818 -1.7946 -1.7963
 -1.7847 -1.7606 -1.7289 -1.6972 -1.6689 -1.6161 -1.5902 -1.5944 -1.6226 -1.6620
 -1.6512 -1.6232 -1.6258 -1.6410 -1.6611 -1.6870 -1.7155 -1.7417 -1.7616 -1.7729
 -1.7731 -1.7604 -1.7366 -1.7091 -1.6836 -1.6368 -1.6145 -1.6183 -1.6449 -1.6837
 -1.7271
 -1.6697 -1.6293 -1.6072 -1.6040 -1.6205 -1.6531 -1.6857 -1.7114 -1.7317 -1.7463
 -1.7535 -1.7515 -1.7378 -1.7159 -1.6934 -1.6519 -1.6329 -1.6370 -1.6623 -1.7008
 -1.7442 -1.7893
 -1.6866 -1.6502 -1.6258 -1.6119 -1.6076 -1.6148 -1.6344 -1.6636 -1.6963 -1.7193
 -1.7312 -1.7347 -1.7304 -1.7165 -1.6981 -1.6615 -1.6456 -1.6506 -1.6753 -1.7137
 -1.7580 -1.8038 -1.8502 -1.8973
 -1.6856 -1.6583 -1.6387 -1.6247 -1.6155 -1.6119 -1.6142 -1.6224 -1.6376 -1.6616
 -1.6871 -1.7051 -1.7120 -1.7084 -1.6967 -1.6661 -1.6531 -1.6592 -1.6838 -1.7228
 -1.7685 -1.8158 -1.8634 -1.9112 -1.9591 -2.0069 -2.0563 -2.1089 -2.1649 -2.2214
 -1.6608 -1.6465 -1.6359 -1.6272 -1.6193 -1.6128 -1.6088 -1.6083 -1.6115 -1.6182
 -1.6301 -1.6480 -1.6667 -1.6793 -1.6826 -1.6656 -1.6557 -1.6630 -1.6878 -1.7274
 -1.7751 -1.8248 -1.8743 -1.9235 -1.9725 -2.0214 -2.0707 -2.1210 -2.1738 -2.2313
 -2.2903
 -1.6108 -1.6114 -1.6132 -1.6136 -1.6114 -1.6074 -1.6028 -1.5990 -1.5973 -1.5979
 -1.6005 -1.6060 -1.6165 -1.6304 -1.6431 -1.6565 -1.6536 -1.6625 -1.6873 -1.7271
 -1.7769 -1.8298 -1.8821 -1.9336 -1.9842 -2.0343 -2.0844 -2.1346 -2.1856 -2.2398
 -2.2991
 -1.5382 -1.5535 -1.5685 -1.5803 -1.5875 -1.5899 -1.5889 -1.5862 -1.5837 -1.5822
 -1.5822 -1.5836 -1.5870 -1.5935 -1.6028 -1.6280 -1.6446 -1.6578 -1.6832 -1.7229
 -1.7741 -1.8303 -1.8864 -1.9411 -1.9944 -2.0465 -2.0981 -2.1493 -2.2006 -2.2536
 -2.3084
 -1.4506 -1.4779 -1.5041 -1.5273 -1.5451 -1.5567 -1.5629 -1.5650 -1.5651 -1.5647
 -1.5648 -1.5659 -1.5679 -1.5712 -1.5763 -1.5974 -1.6234 -1.6475 -1.6752 -1.7143
 -1.7653 -1.8236 -1.8836 -1.9424 -1.9992 -2.0542 -2.1081 -2.1609 -2.2131 -2.2656
 -2.3189
 -1.3551 -1.3900 -1.4249 -1.4573 -1.4848 -1.5064 -1.5217 -1.5315 -1.5373 -1.5407
 -1.5434 -1.5463 -1.5495 -1.5532 -1.5577 -1.5743 -1.6002 -1.6309 -1.6639 -1.7035
 -1.7535 -1.8123 -1.8749 -1.9376 -1.9985 -2.0572 -2.1142 -2.1696 -2.2237 -2.2773
 -2.3306
 -1.2543 -1.2949 -1.3351 -1.3743 -1.4097 -1.4401 -1.4647 -1.4835 -1.4972 -1.5071
 -1.5146 -1.5209 -1.5286 -1.5337 -1.5470 -1.5587 -1.5750 -1.6080 -1.6493
 [Fe/H] = -1.00 [alpha/Fe] = 0.00 BC value = F090W
 -1.9466 -1.9146 -1.8958 -1.8850 -1.8779 -1.8704 -1.8594 -1.8443 -1.8305 -1.8129
 -1.7876 -1.7559 -1.7216 -1.6899 -1.6620 -1.6082 -1.5752 -1.5662 -1.5848
 -1.8481 -1.8121 -1.7945 -1.7900 -1.7936 -1.8004 -1.8050 -1.8070 -1.8073 -1.8018
 -1.7866 -1.7619 -1.7325 -1.7036 -1.6780 -1.6297 -1.6014 -1.5950 -1.6130 -1.6481
 -1.7824 -1.7399 -1.7180 -1.7135 -1.7213 -1.7362 -1.7521 -1.7658 -1.7768 -1.7819
 -1.7775 -1.7620 -1.7381 -1.7123 -1.6886 -1.6450 -1.6210 -1.6170 -1.6344 -1.6684
 -1.7107
 -1.7221 -1.6763 -1.6597 -1.6579 -1.6649 -1.6810 -1.7021 -1.7228 -1.7410 -1.7543
 -1.7597 -1.7546 -1.7386 -1.7169 -1.6953 -1.6555 -1.6352 -1.6334 -1.6508 -1.6840
 -1.7262 -1.7718
 -1.7205 -1.6550 -1.6159 -1.6005 -1.6064 -1.6295 -1.6585 -1.6850 -1.7071 -1.7242
 -1.7353 -1.7388 -1.7323 -1.7169 -1.6983 -1.6620 -1.6449 -1.6452 -1.6631 -1.6958
 -1.7383 -1.7846 -1.8320 -1.8802
 -1.7308 -1.6698 -1.6265 -1.5991 -1.5865 -1.5876 -1.6014 -1.6270 -1.6608 -1.6903
 -1.7090 -1.7177 -1.7184 -1.7111 -1.6973 -1.6651 -1.6508 -1.6531 -1.6716 -1.7044
 -1.7472 -1.7948 -1.8434 -1.8925 -1.9419 -1.9920 -2.0433 -2.0974 -2.1546 -2.2112
 -1.7329 -1.6779 -1.6379 -1.6102 -1.5929 -1.5847 -1.5848 -1.5923 -1.6067 -1.6285
 -1.6557 -1.6798 -1.6939 -1.6966 -1.6906 -1.6651 -1.6533 -1.6574 -1.6766 -1.7096
 -1.7530 -1.8020 -1.8525 -1.9031 -1.9536 -2.0043 -2.0555 -2.1080 -2.1628 -2.2211
 -2.2799
 -1.7174 -1.6724 -1.6395 -1.6163 -1.6003 -1.5896 -1.5839 -1.5831 -1.5867 -1.5942
 -1.6052 -1.6212 -1.6409 -1.6582 -1.6682 -1.6614 -1.6526 -1.6584 -1.6783 -1.7114
 -1.7552 -1.8058 -1.8586 -1.9115 -1.9638 -2.0158 -2.0678 -2.1201 -2.1734 -2.2291
 -2.2889
 -1.6785 -1.6469 -1.6245 -1.6093 -1.5985 -1.5904 -1.5838 -1.5793 -1.5775 -1.5785
 -1.5818 -1.5873 -1.5958 -1.6080 -1.6221 -1.6464 -1.6482 -1.6562 -1.6770 -1.7101
 -1.7542 -1.8062 -1.8618 -1.9176 -1.9725 -2.0265 -2.0801 -2.1334 -2.1868 -2.2416
 -2.2980
 -1.6156 -1.6000 -1.5897 -1.5847 -1.5820 -1.5798 -1.5767 -1.5730 -1.5697 -1.5676
 -1.5672 -1.5686 -1.5717 -1.5767 -1.5842 -1.6121 -1.6358 -1.6503 -1.6720 -1.7049
 -1.7486 -1.8012 -1.8590 -1.9181 -1.9763 -2.0331 -2.0888 -2.1436 -2.1979 -2.2524
 -2.3077
 -1.5341 -1.5324 -1.5347 -1.5407 -1.5477 -1.5535 -1.5570 -1.5578 -1.5568 -1.5551
 -1.5539 -1.5539 -1.5551 -1.5577 -1.5617 -1.5807 -1.6099 -1.6380 -1.6640 -1.6971
 -1.7400 -1.7923 -1.8514 -1.9134 -1.9751 -2.0352 -2.0939 -2.1511 -2.2072 -2.2627
 -2.3180
 -1.4409 -1.4499 -1.4631 -1.4789 -1.4950 -1.5095 -1.5211 -1.5290 -1.5335 -1.5356
 -1.5365 -1.5375 -1.5391 -1.5415 -1.5546 -1.5522 -1.5705 -1.6193 -1.6530
 [Fe/H] = -0.75 [alpha/Fe] = 0.00 BC value = F090W
 -2.1031 -2.0642 -2.0347 -2.0087 -1.9807 -1.9474 -1.9066 -1.8619 -1.8306 -1.8062
 -1.7802 -1.7507 -1.7200 -1.6907 -1.6648 -1.6145 -1.5825 -1.5696 -1.5803
 -1.9792 -1.9372 -1.9106 -1.8934 -1.8806 -1.8668 -1.8468 -1.8256 -1.8107 -1.7978
 -1.7804 -1.7567 -1.7294 -1.7027 -1.6787 -1.6333 -1.6057 -1.5971 -1.6086 -1.6400
 -1.8911 -1.8418 -1.8123 -1.7976 -1.7926 -1.7921 -1.7898 -1.7856 -1.7835 -1.7809
 -1.7729 -1.7568 -1.7342 -1.7099 -1.6875 -1.6461 -1.6225 -1.6163 -1.6295 -1.6598
 -1.7008
 -1.8168 -1.7707 -1.7387 -1.7217 -1.7181 -1.7239 -1.7332 -1.7413 -1.7494 -1.7559
 -1.7572 -1.7500 -1.7341 -1.7134 -1.6928 -1.6546 -1.6345 -1.6311 -1.6452 -1.6751
 -1.7157 -1.7610
 -1.7779 -1.7172 -1.6628 -1.6506 -1.6550 -1.6660 -1.6811 -1.6970 -1.7119 -1.7251
 -1.7340 -1.7357 -1.7282 -1.7130 -1.6950 -1.6597 -1.6427 -1.6417 -1.6569 -1.6867
 -1.7271 -1.7730 -1.8206 -1.8693
 -1.7679 -1.6919 -1.6395 -1.6071 -1.5935 -1.5974 -1.6179 -1.6470 -1.6740 -1.6940
 -1.7076 -1.7150 -1.7153 -1.7075 -1.6938 -1.6620 -1.6476 -1.6488 -1.6651 -1.6951
 -1.7356 -1.7822 -1.8310 -1.8806 -1.9308 -1.9815 -2.0339 -2.0895 -2.1477 -2.2046
 -1.7692 -1.6978 -1.6445 -1.6072 -1.5844 -1.5746 -1.5765 -1.5887 -1.6111 -1.6406
 -1.6687 -1.6877 -1.6958 -1.6953 -1.6880 -1.6618 -1.6496 -1.6528 -1.6702 -1.7004
 -1.7411 -1.7886 -1.8390 -1.8902 -1.9415 -1.9932 -2.0456 -2.0991 -2.1552 -2.2143
 -2.2730
 -1.7653 -1.6995 -1.6499 -1.6143 -1.5901 -1.5754 -1.5693 -1.5707 -1.5784 -1.5915
 -1.6095 -1.6319 -1.6535 -1.6681 -1.6730 -1.6588 -1.6490 -1.6540 -1.6721 -1.7026
 -1.7435 -1.7919 -1.8443 -1.8975 -1.9507 -2.0036 -2.0567 -2.1103 -2.1648 -2.2217
 -2.2820
 -1.7443 -1.6879 -1.6454 -1.6148 -1.5937 -1.5794 -1.5705 -1.5663 -1.5668 -1.5712
 -1.5785 -1.5883 -1.6012 -1.6170 -1.6324 -1.6494 -1.6454 -1.6523 -1.6715 -1.7022
 -1.7434 -1.7926 -1.8469 -1.9028 -1.9585 -2.0135 -2.0682 -2.1227 -2.1773 -2.2330
 -2.2908
 -1.7002 -1.6584 -1.6254 -1.6028 -1.5875 -1.5771 -1.5695 -1.5642 -1.5611 -1.5605
 -1.5623 -1.5661 -1.5715 -1.5789 -1.5888 -1.6191 -1.6372 -1.6474 -1.6676 -1.6983
 -1.7391 -1.7886 -1.8443 -1.9029 -1.9616 -2.0192 -2.0760 -2.1320 -2.1875 -2.2432
 -2.2997
 -1.6325 -1.6062 -1.5867 -1.5734 -1.5662 -1.5621 -1.5592 -1.5564 -1.5537 -1.5515
 -1.5506 -1.5514 -1.5537 -1.5573 -1.5622 -1.5842 -1.6137 -1.6381 -1.6608 -1.6917
 -1.7321 -1.7813 -1.8377 -1.8984 -1.9600 -2.0208 -2.0804 -2.1386 -2.1959 -2.2526
 -2.3092
 -1.5473 -1.5351 -1.5281 -1.5254 -1.5272 -1.5310 -1.5348 -1.5373 -1.5383 -1.5381
 -1.5376 -1.5376 -1.5388 -1.5411 -1.5526 -1.5447 -1.5749 -1.6244 -1.6511
 [Fe/H] = -0.50 [alpha/Fe] = 0.00 BC value = F090W
 -2.2904 -2.2492 -2.2123 -2.1726 -2.1220 -2.0570 -1.9754 -1.8866 -1.8280 -1.7935
 -1.7672 -1.7409 -1.7139 -1.6879 -1.6642 -1.6176 -1.5880 -1.5733 -1.5779
 -2.1387 -2.0946 -2.0619 -2.0335 -2.0029 -1.9635 -1.9096 -1.8526 -1.8127 -1.7881
 -1.7681 -1.7465 -1.7224 -1.6984 -1.6763 -1.6341 -1.6081 -1.5972 -1.6048 -1.6314
 -2.0249 -1.9728 -1.9380 -1.9144 -1.8958 -1.8759 -1.8476 -1.8148 -1.7905 -1.7752
 -1.7623 -1.7463 -1.7262 -1.7043 -1.6836 -1.6447 -1.6222 -1.6148 -1.6245 -1.6509
 -1.6896
 -1.9420 -1.8823 -1.8414 -1.8162 -1.8022 -1.7940 -1.7848 -1.7712 -1.7605 -1.7546
 -1.7493 -1.7402 -1.7254 -1.7068 -1.6878 -1.6515 -1.6322 -1.6277 -1.6392 -1.6658
 -1.7040 -1.7486
 -1.8486 -1.7927 -1.7596 -1.7378 -1.7247 -1.7206 -1.7222 -1.7231 -1.7240 -1.7268
 -1.7292 -1.7276 -1.7196 -1.7057 -1.6892 -1.6555 -1.6389 -1.6369 -1.6500 -1.6770
 -1.7150 -1.7598 -1.8075 -1.8566
 -1.8155 -1.7367 -1.6824 -1.6510 -1.6407 -1.6466 -1.6601 -1.6739 -1.6850 -1.6947
 -1.7033 -1.7085 -1.7078 -1.7001 -1.6875 -1.6572 -1.6429 -1.6432 -1.6576 -1.6851
 -1.7230 -1.7682 -1.8168 -1.8668 -1.9177 -1.9696 -2.0234 -2.0801 -2.1392 -2.1967
 -1.8120 -1.7291 -1.6662 -1.6219 -1.5950 -1.5837 -1.5868 -1.6034 -1.6288 -1.6543
 -1.6735 -1.6850 -1.6900 -1.6890 -1.6819 -1.6567 -1.6444 -1.6469 -1.6624 -1.6903
 -1.7285 -1.7740 -1.8238 -1.8753 -1.9274 -1.9800 -2.0335 -2.0885 -2.1460 -2.2061
 -2.2651
 -1.8112 -1.7299 -1.6669 -1.6203 -1.5883 -1.5692 -1.5614 -1.5636 -1.5747 -1.5932
 -1.6172 -1.6420 -1.6606 -1.6698 -1.6704 -1.6539 -1.6436 -1.6479 -1.6645 -1.6927
 -1.7311 -1.7771 -1.8282 -1.8815 -1.9354 -1.9893 -2.0437 -2.0986 -2.1546 -2.2128
 -2.2739
 -1.8027 -1.7258 -1.6664 -1.6221 -1.5905 -1.5695 -1.5573 -1.5529 -1.5553 -1.5631
 -1.5748 -1.5896 -1.6073 -1.6255 -1.6400 -1.6470 -1.6403 -1.6463 -1.6642 -1.6929
 -1.7316 -1.7782 -1.8306 -1.8860 -1.9422 -1.9981 -2.0540 -2.1098 -2.1658 -2.2230
 -2.2822
 -1.7780 -1.7116 -1.6577 -1.6180 -1.5898 -1.5706 -1.5581 -1.5508 -1.5482 -1.5498
 -1.5546 -1.5618 -1.5705 -1.5810 -1.5937 -1.6242 -1.6341 -1.6420 -1.6610 -1.6899
 -1.7284 -1.7753 -1.8286 -1.8859 -1.9445 -2.0029 -2.0607 -2.1179 -2.1748 -2.2320
 -2.2900
 -1.7295 -1.6771 -1.6347 -1.6014 -1.5789 -1.5639 -1.5542 -1.5477 -1.5437 -1.5421
 -1.5427 -1.5456 -1.5500 -1.5555 -1.5622 -1.5876 -1.6159 -1.6345 -1.6550 -1.6844
 -1.7227 -1.7694 -1.8231 -1.8818 -1.9428 -2.0038 -2.0642 -2.1235 -2.1821 -2.2402
 -2.2983
 -1.6583 -1.6212 -1.5912 -1.5689 -1.5533 -1.5445 -1.5396 -1.5367 -1.5347 -1.5332
 -1.5324 -1.5330 -1.5350 -1.5384 -1.5455 -1.5372 -1.5857 -1.6238 -1.6462
 [Fe/H] = -0.25 [alpha/Fe] = 0.00 BC value = F090W
 -2.4995 -2.4631 -2.4252 -2.3761 -2.3037 -2.2028 -2.0708 -1.9242 -1.8289 -1.7807
 -1.7530 -1.7303 -1.7076 -1.6853 -1.6639 -1.6212 -1.5936 -1.5790 -1.5790
 -2.3214 -2.2815 -2.2479 -2.2115 -2.1640 -2.0963 -2.0009 -1.8949 -1.8190 -1.7779
 -1.7543 -1.7350 -1.7150 -1.6945 -1.6748 -1.6359 -1.6116 -1.6003 -1.6040 -1.6251
 -2.1796 -2.1306 -2.0954 -2.0662 -2.0351 -1.9936 -1.9336 -1.8611 -1.8033 -1.7691
 -1.7495 -1.7341 -1.7174 -1.6991 -1.6808 -1.6448 -1.6237 -1.6157 -1.6223 -1.6445
 -1.6798
 -2.0747 -2.0139 -1.9713 -1.9419 -1.9191 -1.8957 -1.8635 -1.8193 -1.7795 -1.7538
 -1.7392 -1.7281 -1.7155 -1.7001 -1.6837 -1.6503 -1.6320 -1.6268 -1.6358 -1.6590
 -1.6941 -1.7370
 -1.9811 -1.9226 -1.8758 -1.8422 -1.8197 -1.8046 -1.7905 -1.7696 -1.7472 -1.7315
 -1.7229 -1.7169 -1.7091 -1.6977 -1.6838 -1.6532 -1.6374 -1.6348 -1.6456 -1.6698
 -1.7049 -1.7479 -1.7949 -1.8435
 -1.8874 -1.8153 -1.7702 -1.7461 -1.7326 -1.7237 -1.7190 -1.7145 -1.7073 -1.7021
 -1.7005 -1.7003 -1.6979 -1.6914 -1.6811 -1.6541 -1.6405 -1.6402 -1.6526 -1.6776
 -1.7129 -1.7560 -1.8036 -1.8535 -1.9046 -1.9570 -2.0115 -2.0694 -2.1292 -2.1873
 -1.8636 -1.7757 -1.7097 -1.6647 -1.6386 -1.6291 -1.6339 -1.6469 -1.6590 -1.6670
 -1.6730 -1.6783 -1.6814 -1.6805 -1.6748 -1.6529 -1.6413 -1.6433 -1.6571 -1.6827
 -1.7184 -1.7616 -1.8100 -1.8611 -1.9133 -1.9664 -2.0206 -2.0766 -2.1353 -2.1962
 -2.2556
 -1.8580 -1.7670 -1.6954 -1.6416 -1.6042 -1.5815 -1.5717 -1.5738 -1.5866 -1.6069
 -1.6291 -1.6476 -1.6592 -1.6642 -1.6640 -1.6497 -1.6400 -1.6439 -1.6592 -1.6853
 -1.7214 -1.7650 -1.8141 -1.8666 -1.9203 -1.9747 -2.0298 -2.0854 -2.1426 -2.2022
 -2.2642
 -1.8532 -1.7633 -1.6916 -1.6366 -1.5963 -1.5688 -1.5527 -1.5465 -1.5490 -1.5586
 -1.5738 -1.5931 -1.6139 -1.6316 -1.6428 -1.6431 -1.6364 -1.6420 -1.6590 -1.6859
 -1.7223 -1.7666 -1.8167 -1.8706 -1.9262 -1.9824 -2.0389 -2.0956 -2.1528 -2.2112
 -2.2717
 -1.8436 -1.7576 -1.6880 -1.6344 -1.5949 -1.5670 -1.5487 -1.5386 -1.5356 -1.5385
 -1.5459 -1.5564 -1.5690 -1.5835 -1.5989 -1.6270 -1.6304 -1.6376 -1.6559 -1.6835
 -1.7200 -1.7647 -1.8154 -1.8705 -1.9280 -1.9862 -2.0445 -2.1026 -2.1607 -2.2191
 -2.2784
 -1.8158 -1.7398 -1.6766 -1.6264 -1.5897 -1.5640 -1.5469 -1.5360 -1.5304 -1.5292
 -1.5318 -1.5372 -1.5443 -1.5525 -1.5619 -1.5916 -1.6171 -1.6306 -1.6503 -1.6786
 -1.7153 -1.7599 -1.8111 -1.8671 -1.9262 -1.9866 -2.0471 -2.1071 -2.1667 -2.2260
 -2.2855
 -1.7641 -1.7020 -1.6493 -1.6072 -1.5749 -1.5531 -1.5389 -1.5301 -1.5250 -1.5225
 -1.5223 -1.5244 -1.5283 -1.5334 -1.5318 -1.5369 -1.5965 -1.6210 -1.6422
 [Fe/H] =  0.00 [alpha/Fe] = 0.00 BC value = F090W
 -2.7075 -2.6837 -2.6525 -2.6004 -2.5115 -2.3636 -2.1666 -1.9579 -1.8239 -1.7578
 -1.7266 -1.7064 -1.6879 -1.6690 -1.6509 -1.6128 -1.5886 -1.5765 -1.5751
 -2.5120 -2.4831 -2.4548 -2.4153 -2.3521 -2.2526 -2.1061 -1.9406 -1.8212 -1.7585
 -1.7289 -1.7109 -1.6947 -1.6779 -1.6610 -1.6261 -1.6046 -1.5947 -1.5970 -1.6140
 -2.3460 -2.3066 -2.2764 -2.2454 -2.2030 -2.1381 -2.0396 -1.9167 -1.8151 -1.7554
 -1.7262 -1.7100 -1.6964 -1.6818 -1.6665 -1.6341 -1.6149 -1.6076 -1.6128 -1.6320
 -1.6643
 -2.2158 -2.1618 -2.1237 -2.0941 -2.0643 -2.0247 -1.9648 -1.8814 -1.8014 -1.7478
 -1.7196 -1.7050 -1.6940 -1.6821 -1.6688 -1.6389 -1.6219 -1.6169 -1.6244 -1.6451
 -1.6778 -1.7193
 -2.0971 -2.0512 -2.0024 -1.9673 -1.9407 -1.9151 -1.8823 -1.8331 -1.7772 -1.7339
 -1.7088 -1.6961 -1.6878 -1.6790 -1.6683 -1.6416 -1.6266 -1.6237 -1.6330 -1.6548
 -1.6879 -1.7293 -1.7762 -1.8258
 -1.9945 -1.9404 -1.8999 -1.8654 -1.8374 -1.8159 -1.7975 -1.7736 -1.7413 -1.7117
 -1.6927 -1.6832 -1.6780 -1.6725 -1.6648 -1.6422 -1.6293 -1.6285 -1.6392 -1.6618
 -1.6953 -1.7368 -1.7840 -1.8342 -1.8862 -1.9396 -1.9959 -2.0559 -2.1169 -2.1764
 -1.9263 -1.8427 -1.7841 -1.7476 -1.7283 -1.7187 -1.7123 -1.7062 -1.6949 -1.6806
 -1.6702 -1.6655 -1.6640 -1.6623 -1.6582 -1.6410 -1.6300 -1.6313 -1.6433 -1.6666
 -1.7004 -1.7421 -1.7896 -1.8407 -1.8936 -1.9475 -2.0031 -2.0612 -2.1221 -2.1843
 -2.2450
 -1.9077 -1.8133 -1.7391 -1.6842 -1.6469 -1.6243 -1.6145 -1.6161 -1.6245 -1.6326
 -1.6381 -1.6421 -1.6455 -1.6479 -1.6479 -1.6374 -1.6287 -1.6318 -1.6456 -1.6694
 -1.7033 -1.7454 -1.7933 -1.8452 -1.8994 -1.9546 -2.0109 -2.0684 -2.1275 -2.1893
 -2.2527
 -1.9003 -1.8032 -1.7246 -1.6633 -1.6176 -1.5860 -1.5665 -1.5574 -1.5578 -1.5663
 -1.5805 -1.5977 -1.6139 -1.6257 -1.6321 -1.6310 -1.6253 -1.6301 -1.6457 -1.6705
 -1.7048 -1.7473 -1.7958 -1.8487 -1.9042 -1.9609 -2.0185 -2.0768 -2.1359 -2.1964
 -2.2591
 -1.8970 -1.7988 -1.7193 -1.6564 -1.6084 -1.5735 -1.5498 -1.5359 -1.5305 -1.5322
 -1.5396 -1.5515 -1.5664 -1.5828 -1.5982 -1.6195 -1.6199 -1.6261 -1.6432 -1.6689
 -1.7034 -1.7461 -1.7950 -1.8486 -1.9052 -1.9636 -2.0227 -2.0822 -2.1420 -2.2026
 -2.2639
 -1.8849 -1.7916 -1.7129 -1.6509 -1.6033 -1.5684 -1.5440 -1.5282 -1.5198 -1.5176
 -1.5205 -1.5273 -1.5363 -1.5470 -1.5588 -1.5903 -1.6102 -1.6199 -1.6382 -1.6650
 -1.6997 -1.7424 -1.7916 -1.8457 -1.9034 -1.9632 -2.0242 -2.0854 -2.1465 -2.2077
 -2.2693
 -1.8542 -1.7706 -1.6990 -1.6401 -1.5945 -1.5613 -1.5383 -1.5231 -1.5141 -1.5100
 -1.5099 -1.5131 -1.5187 -1.5257 -1.5139 -1.5434 -1.5962 -1.6115 -1.6307
 [Fe/H] =  0.25 [alpha/Fe] = 0.00 BC value = F090W
 -2.8932 -2.8906 -2.8768 -2.7799 -2.6132 -2.4091 -2.1945 -1.9917 -1.8276 -1.7400
 -1.7017 -1.6823 -1.6674 -1.6527 -1.6371 -1.6039 -1.5827 -1.5740 -1.5716
 -2.6925 -2.6828 -2.6687 -2.6351 -2.5634 -2.4278 -2.2283 -1.9968 -1.8331 -1.7444
 -1.7050 -1.6865 -1.6736 -1.6608 -1.6472 -1.6169 -1.5980 -1.5898 -1.5917 -1.6056
 -2.5109 -2.4888 -2.4711 -2.4453 -2.3970 -2.3103 -2.1703 -1.9893 -1.8376 -1.7472
 -1.7046 -1.6857 -1.6745 -1.6639 -1.6521 -1.6244 -1.6071 -1.6010 -1.6053 -1.6215
 -1.6499
 -2.3593 -2.3201 -2.2933 -2.2694 -2.2368 -2.1827 -2.0938 -1.9648 -1.8364 -1.7477
 -1.7019 -1.6815 -1.6714 -1.6630 -1.6536 -1.6289 -1.6134 -1.6090 -1.6153 -1.6333
 -1.6632 -1.7025
 -2.2421 -2.1847 -2.1442 -2.1147 -2.0881 -2.0543 -2.0022 -1.9206 -1.8231 -1.7438
 -1.6969 -1.6750 -1.6652 -1.6589 -1.6519 -1.6313 -1.6177 -1.6149 -1.6228 -1.6422
 -1.6727 -1.7123 -1.7581 -1.8078
 -2.1345 -2.0764 -2.0272 -1.9888 -1.9591 -1.9331 -1.9029 -1.8574 -1.7939 -1.7313
 -1.6882 -1.6660 -1.6565 -1.6518 -1.6474 -1.6315 -1.6202 -1.6192 -1.6285 -1.6487
 -1.6798 -1.7196 -1.7656 -1.8157 -1.8680 -1.9223 -1.9795 -2.0410 -2.1030 -2.1636
 -2.0035 -1.9401 -1.8980 -1.8721 -1.8491 -1.8265 -1.8053 -1.7822 -1.7482 -1.7072
 -1.6733 -1.6536 -1.6451 -1.6420 -1.6399 -1.6296 -1.6207 -1.6217 -1.6325 -1.6533
 -1.6848 -1.7249 -1.7712 -1.8217 -1.8746 -1.9292 -1.9856 -2.0447 -2.1074 -2.1706
 -2.2324
 -1.9586 -1.8680 -1.7998 -1.7528 -1.7233 -1.7072 -1.6990 -1.6932 -1.6846 -1.6681
 -1.6493 -1.6360 -1.6303 -1.6292 -1.6294 -1.6251 -1.6191 -1.6222 -1.6347 -1.6563
 -1.6879 -1.7283 -1.7749 -1.8259 -1.8796 -1.9349 -1.9918 -2.0502 -2.1108 -2.1746
 -2.2391
 -1.9431 -1.8446 -1.7647 -1.7029 -1.6576 -1.6265 -1.6067 -1.5970 -1.5951 -1.5980
 -1.6014 -1.6049 -1.6083 -1.6121 -1.6156 -1.6180 -1.6154 -1.6203 -1.6348 -1.6577
 -1.6897 -1.7304 -1.7775 -1.8291 -1.8836 -1.9401 -1.9980 -2.0571 -2.1176 -2.1797
 -2.2444
 -1.9389 -1.8368 -1.7525 -1.6850 -1.6326 -1.5940 -1.5670 -1.5497 -1.5408 -1.5393
 -1.5438 -1.5532 -1.5659 -1.5795 -1.5916 -1.6074 -1.6097 -1.6162 -1.6325 -1.6566
 -1.6890 -1.7296 -1.7770 -1.8290 -1.8843 -1.9418 -2.0009 -2.0610 -2.1220 -2.1840
 -2.2473
 -1.9356 -1.8327 -1.7463 -1.6767 -1.6220 -1.5806 -1.5505 -1.5301 -1.5180 -1.5128
 -1.5135 -1.5192 -1.5285 -1.5404 -1.5538 -1.5851 -1.6009 -1.6101 -1.6276 -1.6532
 -1.6861 -1.7267 -1.7741 -1.8265 -1.8824 -1.9409 -2.0014 -2.0629 -2.1249 -2.1876
 -2.2509
 -1.9219 -1.8235 -1.7394 -1.6690 -1.6142 -1.5724 -1.5420 -1.5208 -1.5074 -1.5003
 -1.4987 -1.5014 -1.5074 -1.5157 -1.5022 -1.5511 -1.5890 -1.6020 -1.6201
 [Fe/H] =  0.50 [alpha/Fe] = 0.00 BC value = F090W
 -3.0409 -3.0632 -3.0178 -2.9117 -2.7512 -2.5416 -2.2879 -2.0209 -1.8367 -1.7263
 -1.6764 -1.6548 -1.6422 -1.6308 -1.6191 -1.5909 -1.5737 -1.5677 -1.5661
 -2.8440 -2.8614 -2.8673 -2.8494 -2.7586 -2.5865 -2.3372 -2.0496 -1.8509 -1.7347
 -1.6812 -1.6593 -1.6481 -1.6387 -1.6286 -1.6036 -1.5878 -1.5818 -1.5847 -1.5976
 -2.6561 -2.6612 -2.6599 -2.6477 -2.6015 -2.4976 -2.3124 -2.0683 -1.8676 -1.7440
 -1.6840 -1.6592 -1.6485 -1.6411 -1.6331 -1.6111 -1.5962 -1.5915 -1.5960 -1.6102
 -1.6360
 -2.4909 -2.4733 -2.4648 -2.4534 -2.4243 -2.3598 -2.2411 -2.0618 -1.8804 -1.7538
 -1.6859 -1.6566 -1.6452 -1.6395 -1.6337 -1.6156 -1.6022 -1.5986 -1.6046 -1.6206
 -1.6476 -1.6847
 -2.3567 -2.3171 -2.2926 -2.2751 -2.2538 -2.2149 -2.1439 -2.0269 -1.8816 -1.7608
 -1.6876 -1.6530 -1.6396 -1.6346 -1.6311 -1.6178 -1.6064 -1.6041 -1.6113 -1.6285
 -1.6565 -1.6940 -1.7387 -1.7882
 -2.2495 -2.1933 -2.1519 -2.1224 -2.0988 -2.0722 -2.0314 -1.9626 -1.8628 -1.7603
 -1.6875 -1.6486 -1.6325 -1.6273 -1.6254 -1.6176 -1.6089 -1.6082 -1.6166 -1.6346
 -1.6632 -1.7012 -1.7461 -1.7957 -1.8482 -1.9032 -1.9616 -2.0239 -2.0871 -2.1492
 -2.1175 -2.0521 -2.0321 -1.9989 -1.9693 -1.9430 -1.9160 -1.8785 -1.8199 -1.7462
 -1.6823 -1.6426 -1.6241 -1.6182 -1.6173 -1.6148 -1.6094 -1.6106 -1.6204 -1.6392
 -1.6682 -1.7065 -1.7516 -1.8014 -1.8542 -1.9091 -1.9663 -2.0265 -2.0908 -2.1549
 -2.2181
 -2.0112 -1.9347 -1.8839 -1.8548 -1.8381 -1.8242 -1.8064 -1.7849 -1.7560 -1.7136
 -1.6671 -1.6324 -1.6137 -1.6073 -1.6069 -1.6093 -1.6076 -1.6111 -1.6227 -1.6423
 -1.6714 -1.7099 -1.7553 -1.8054 -1.8586 -1.9139 -1.9711 -2.0304 -2.0924 -2.1580
 -2.2235
 -1.9809 -1.8869 -1.8124 -1.7575 -1.7200 -1.6958 -1.6815 -1.6732 -1.6659 -1.6534
 -1.6331 -1.6124 -1.5989 -1.5938 -1.5943 -1.6009 -1.6034 -1.6092 -1.6229 -1.6440
 -1.6735 -1.7121 -1.7579 -1.8085 -1.8622 -1.9182 -1.9761 -2.0357 -2.0972 -2.1611
 -2.2277
 -1.9716 -1.8708 -1.7870 -1.7199 -1.6685 -1.6310 -1.6047 -1.5867 -1.5758 -1.5708
 -1.5686 -1.5675 -1.5684 -1.5717 -1.5768 -1.5899 -1.5970 -1.6050 -1.6206 -1.6433
 -1.6733 -1.7118 -1.7575 -1.8084 -1.8626 -1.9192 -1.9780 -2.0382 -2.1000 -2.1634
 -2.2284
 -1.9700 -1.8645 -1.7766 -1.7043 -1.6467 -1.6025 -1.5698 -1.5466 -1.5311 -1.5218
 -1.5182 -1.5197 -1.5254 -1.5344 -1.5454 -1.5726 -1.5879 -1.5987 -1.6158 -1.6402
 -1.6711 -1.7095 -1.7550 -1.8060 -1.8607 -1.9180 -1.9777 -2.0389 -2.1014 -2.1652
 -2.2299
 -1.9659 -1.8610 -1.7704 -1.6959 -1.6356 -1.5886 -1.5531 -1.5273 -1.5098 -1.4990
 -1.4939 -1.4936 -1.4975 -1.5048 -1.5001 -1.5490 -1.5761 -1.5903 -1.6085
 [Fe/H] =  0.75 [alpha/Fe] = 0.00 BC value = F090W
 -3.1517 -3.0400 -2.9096 -2.7625 -2.6005 -2.4254 -2.2384 -2.0409 -1.8487 -1.7180
 -1.6527 -1.6255 -1.6130 -1.6043 -1.5956 -1.5732 -1.5608 -1.5574 -1.5584
 -2.9607 -3.0012 -3.0361 -3.0402 -2.9242 -2.6999 -2.4031 -2.0907 -1.8733 -1.7317
 -1.6603 -1.6309 -1.6189 -1.6118 -1.6048 -1.5859 -1.5732 -1.5701 -1.5742 -1.5854
 -2.7715 -2.8238 -2.8262 -2.8345 -2.7995 -2.6856 -2.4510 -2.1396 -1.9025 -1.7484
 -1.6670 -1.6325 -1.6196 -1.6139 -1.6090 -1.5934 -1.5814 -1.5786 -1.5842 -1.5974
 -1.6207
 -2.5971 -2.6060 -2.6214 -2.6294 -2.6115 -2.5437 -2.3985 -2.1650 -1.9310 -1.7678
 -1.6748 -1.6327 -1.6169 -1.6119 -1.6091 -1.5980 -1.5874 -1.5851 -1.5916 -1.6064
 -1.6313 -1.6659
 -2.4507 -2.4354 -2.4333 -2.4342 -2.4246 -2.3863 -2.2999 -2.1459 -1.9494 -1.7862
 -1.6841 -1.6331 -1.6128 -1.6069 -1.6057 -1.6001 -1.5919 -1.5905 -1.5977 -1.6134
 -1.6391 -1.6745 -1.7179 -1.7669
 -2.3344 -2.2953 -2.2722 -2.2593 -2.2477 -2.2251 -2.1766 -2.0846 -1.9452 -1.7992
 -1.6931 -1.6342 -1.6082 -1.6001 -1.5994 -1.5994 -1.5947 -1.5947 -1.6027 -1.6191
 -1.6453 -1.6812 -1.7249 -1.7741 -1.8269 -1.8826 -1.9425 -2.0063 -2.0695 -2.1332
 -2.2207 -2.1776 -2.1423 -2.1144 -2.0931 -2.0728 -2.0440 -1.9932 -1.9083 -1.7975
 -1.6987 -1.6350 -1.6035 -1.5923 -1.5910 -1.5958 -1.5952 -1.5974 -1.6067 -1.6238
 -1.6501 -1.6863 -1.7302 -1.7795 -1.8324 -1.8877 -1.9457 -2.0072 -2.0727 -2.1374
 -2.2021
 -2.0691 -2.0244 -1.9954 -1.9786 -1.9631 -1.9413 -1.9168 -1.8873 -1.8415 -1.7723
 -1.6940 -1.6331 -1.5985 -1.5838 -1.5811 -1.5890 -1.5933 -1.5981 -1.6092 -1.6271
 -1.6537 -1.6898 -1.7338 -1.7833 -1.8363 -1.8917 -1.9494 -2.0093 -2.0727 -2.1397
 -2.2060
 -2.0124 -1.9296 -1.8694 -1.8299 -1.8082 -1.7977 -1.7896 -1.7757 -1.7531 -1.7185
 -1.6703 -1.6227 -1.5900 -1.5740 -1.5700 -1.5796 -1.5885 -1.5962 -1.6096 -1.6292
 -1.6562 -1.6923 -1.7365 -1.7862 -1.8395 -1.8953 -1.9533 -2.0133 -2.0756 -2.1408
 -2.2091
 -1.9945 -1.8998 -1.8216 -1.7606 -1.7164 -1.6863 -1.6661 -1.6526 -1.6431 -1.6328
 -1.6164 -1.5935 -1.5726 -1.5603 -1.5568 -1.5678 -1.5810 -1.5919 -1.6074 -1.6289
 -1.6567 -1.6925 -1.7364 -1.7861 -1.8397 -1.8958 -1.9542 -2.0144 -2.0767 -2.1412
 -2.2076
 -1.9891 -1.8885 -1.8031 -1.7326 -1.6765 -1.6340 -1.6030 -1.5805 -1.5638 -1.5518
 -1.5437 -1.5375 -1.5329 -1.5314 -1.5341 -1.5529 -1.5710 -1.5851 -1.6026 -1.6261
 -1.6552 -1.6910 -1.7344 -1.7840 -1.8378 -1.8944 -1.9533 -2.0140 -2.0766 -2.1410
 -2.2071
 -1.9886 -1.8845 -1.7946 -1.7195 -1.6581 -1.6095 -1.5723 -1.5447 -1.5248 -1.5106
 -1.5010 -1.4958 -1.4947 -1.4976 -1.5019 -1.5349 -1.5585 -1.5758 -1.5952
 [Fe/H] =  1.00 [alpha/Fe] = 0.00 BC value = F090W
 -3.2350 -3.1223 -2.9883 -2.8354 -2.6656 -2.4808 -2.2826 -2.0723 -1.8655 -1.7167
 -1.6326 -1.5961 -1.5812 -1.5736 -1.5675 -1.5520 -1.5436 -1.5430 -1.5486
 -3.0474 -3.4300 -3.5870 -3.5414 -3.3137 -2.9216 -2.4491 -2.1321 -1.9013 -1.7369
 -1.6441 -1.6032 -1.5875 -1.5808 -1.5761 -1.5637 -1.5545 -1.5542 -1.5608 -1.5726
 -2.8550 -3.1376 -2.9619 -2.9930 -2.9754 -2.8606 -2.5525 -2.1960 -1.9422 -1.7616
 -1.6564 -1.6077 -1.5891 -1.5829 -1.5799 -1.5708 -1.5625 -1.5621 -1.5693 -1.5827
 -1.6044
 -2.6730 -2.7102 -2.7519 -2.7831 -2.7827 -2.7201 -2.5535 -2.2610 -1.9862 -1.7908
 -1.6714 -1.6120 -1.5882 -1.5812 -1.5798 -1.5754 -1.5685 -1.5681 -1.5758 -1.5904
 -1.6134 -1.6462
 -2.5160 -2.5288 -2.5531 -2.5772 -2.5857 -2.5549 -2.4588 -2.2701 -2.0230 -1.8208
 -1.6888 -1.6176 -1.5867 -1.5770 -1.5762 -1.5774 -1.5734 -1.5734 -1.5813 -1.5967
 -1.6204 -1.6539 -1.6959 -1.7446
 -2.3897 -2.3752 -2.3766 -2.3861 -2.3924 -2.3798 -2.3288 -2.2164 -2.0365 -1.8472
 -1.7077 -1.6254 -1.5858 -1.5717 -1.5700 -1.5762 -1.5765 -1.5779 -1.5863 -1.6020
 -1.6262 -1.6600 -1.7024 -1.7509 -1.8038 -1.8610 -1.9226 -1.9867 -2.0506 -2.1158
 -2.2864 -2.2523 -2.2312 -2.2211 -2.2164 -2.2077 -2.1814 -2.1206 -2.0091 -1.8591
 -1.7241 -1.6342 -1.5859 -1.5663 -1.5621 -1.5717 -1.5772 -1.5811 -1.5905 -1.6066
 -1.6309 -1.6647 -1.7071 -1.7559 -1.8085 -1.8644 -1.9240 -1.9872 -2.0530 -2.1185
 -2.1846
 -2.1371 -2.1202 -2.1030 -2.0857 -2.0692 -2.0535 -2.0341 -2.0018 -1.9409 -1.8438
 -1.7311 -1.6410 -1.5868 -1.5612 -1.5536 -1.5640 -1.5749 -1.5822 -1.5933 -1.6104
 -1.6347 -1.6683 -1.7105 -1.7593 -1.8123 -1.8682 -1.9263 -1.9874 -2.0521 -2.1198
 -2.1868
 -2.0359 -1.9732 -1.9369 -1.9214 -1.9191 -1.9155 -1.9019 -1.8784 -1.8451 -1.7917
 -1.7163 -1.6399 -1.5852 -1.5557 -1.5447 -1.5537 -1.5693 -1.5804 -1.5940 -1.6127
 -1.6377 -1.6711 -1.7132 -1.7619 -1.8151 -1.8711 -1.9295 -1.9898 -2.0529 -2.1194
 -2.1889
 -2.0056 -1.9217 -1.8547 -1.8067 -1.7766 -1.7604 -1.7528 -1.7475 -1.7361 -1.7124
 -1.6740 -1.6236 -1.5780 -1.5486 -1.5353 -1.5416 -1.5607 -1.5759 -1.5921 -1.6129
 -1.6389 -1.6720 -1.7135 -1.7619 -1.8150 -1.8710 -1.9295 -1.9899 -2.0524 -2.1176
 -2.1854
 -1.9948 -1.9027 -1.8241 -1.7596 -1.7100 -1.6745 -1.6500 -1.6327 -1.6197 -1.6083
 -1.5951 -1.5760 -1.5521 -1.5317 -1.5209 -1.5279 -1.5496 -1.5686 -1.5875 -1.6104
 -1.6380 -1.6714 -1.7123 -1.7601 -1.8130 -1.8692 -1.9279 -1.9885 -2.0510 -2.1157
 -2.1825
 -1.9925 -1.8947 -1.8105 -1.7390 -1.6803 -1.6339 -1.5989 -1.5731 -1.5537 -1.5381
 -1.5251 -1.5146 -1.5058 -1.4989 -1.5015 -1.5126 -1.5360 -1.5585 -1.5802
