 [Fe/H] = -2.50 [alpha/Fe] = 0.00 BC value =Btycho
 -7.9659 -7.4375 -7.1297 -6.9877 -6.9498 -6.9227 -6.6746 -6.4963 -6.3069 -6.0914
 -5.8451 -5.5627 -5.3019 -5.0239 -4.7448 -4.0234 -3.3253 -2.8082 -2.3342
 -7.5150 -7.1213 -6.8212 -6.6054 -6.4510 -6.3059 -6.1460 -5.9718 -5.7863 -5.5878
 -5.3611 -5.1008 -4.8224 -4.5472 -4.2811 -3.6425 -3.0754 -2.6167 -2.2774 -2.0204
 -7.2643 -6.8694 -6.5266 -6.2340 -5.9933 -5.8081 -5.6675 -5.5261 -5.3556 -5.1579
 -4.9492 -4.7222 -4.4718 -4.2214 -3.9829 -3.4317 -2.9342 -2.5244 -2.2198 -1.9904
 -1.8076
 -7.0731 -6.6906 -6.3427 -6.0272 -5.7450 -5.4984 -5.2884 -5.1149 -4.9631 -4.7977
 -4.6052 -4.4021 -4.1849 -3.9601 -3.7453 -3.2599 -2.8279 -2.4614 -2.1844 -1.9765
 -1.8109 -1.6714
 -6.8923 -6.5359 -6.2013 -5.8865 -5.5929 -5.3233 -5.0802 -4.8643 -4.6740 -4.5038
 -4.3371 -4.1579 -3.9666 -3.7656 -3.5696 -3.1337 -2.7527 -2.4225 -2.1661 -1.9742
 -1.8224 -1.6944 -1.5818 -1.4809
 -6.7102 -6.3865 -6.0765 -5.7765 -5.4877 -5.2143 -4.9592 -4.7251 -4.5133 -4.3214
 -4.1456 -3.9784 -3.8104 -3.6339 -3.4552 -3.0489 -2.7048 -2.4028 -2.1605 -1.9792
 -1.8382 -1.7202 -1.6163 -1.5223 -1.4319 -1.3467 -1.2695 -1.2026 -1.1479 -1.1063
 -6.5365 -6.2394 -5.9574 -5.6803 -5.4072 -5.1414 -4.8867 -4.6469 -4.4248 -4.2216
 -4.0356 -3.8638 -3.7012 -3.5410 -3.3813 -3.0011 -2.6781 -2.3977 -2.1644 -1.9882
 -1.8545 -1.7451 -1.6499 -1.5636 -1.4839 -1.4098 -1.3408 -1.2768 -1.2175 -1.1660
 -1.1347
 -6.3747 -6.1037 -5.8446 -5.5903 -5.3387 -5.0886 -4.8422 -4.6049 -4.3805 -4.1707
 -3.9778 -3.8007 -3.6362 -3.4796 -3.3296 -2.9774 -2.6664 -2.4018 -2.1758 -2.0002
 -1.8692 -1.7662 -1.6791 -1.6010 -1.5289 -1.4612 -1.3966 -1.3363 -1.2820 -1.2351
 -1.1962
 -6.2304 -5.9811 -5.7392 -5.5042 -5.2724 -5.0407 -4.8091 -4.5805 -4.3591 -4.1482
 -3.9507 -3.7680 -3.5994 -3.4419 -3.2938 -2.9591 -2.6617 -2.4066 -2.1889 -2.0131
 -1.8810 -1.7812 -1.7007 -1.6308 -1.5670 -1.5071 -1.4506 -1.3981 -1.3495 -1.3044
 -1.2626
 -6.1035 -5.8716 -5.6489 -5.4282 -5.2121 -4.9982 -4.7837 -4.5689 -4.3562 -4.1488
 -3.9502 -3.7634 -3.5896 -3.4288 -3.2791 -2.9495 -2.6639 -2.4152 -2.2041 -2.0298
 -1.8950 -1.7942 -1.7167 -1.6534 -1.5978 -1.5463 -1.4979 -1.4517 -1.4102 -1.3686
 -1.3292
 -5.9942 -5.7752 -5.5737 -5.3549 -5.1521 -4.9516 -4.7531 -4.5542 -4.3547 -4.1563
 -3.9615 -3.7740 -3.5966 -3.4311 -3.2776 -2.9446 -2.6656 -2.4233 -2.2167 -2.0449
 -1.9091 -1.8059 -1.7280 -1.6679 -1.6187 -1.5754 -1.5356 -1.4977 -1.4613 -1.4268
 -1.3948
 -5.9023 -5.6919 -5.5136 -5.2817 -5.0872 -4.8971 -4.7109 -4.5265 -4.3418 -4.1567
 -3.9719 -3.7894 -3.6123 -3.4441 -3.2893 -2.9444 -2.6668 -2.4309 -2.2267
 [Fe/H] = -2.00 [alpha/Fe] = 0.00 BC value =Btycho
 -7.5786 -7.1787 -6.9057 -6.7292 -6.6164 -6.5231 -6.3611 -6.2157 -6.0445 -5.8382
 -5.5942 -5.3193 -5.0473 -4.7805 -4.5242 -3.9057 -3.3173 -2.8277 -2.3875
 -7.1620 -6.8321 -6.5943 -6.3882 -6.2010 -6.0340 -5.8813 -5.7312 -5.5688 -5.3825
 -5.1647 -4.9159 -4.6525 -4.3973 -4.1567 -3.6060 -3.1022 -2.6589 -2.3093 -2.0382
 -6.9220 -6.5314 -6.2210 -5.9822 -5.8118 -5.6707 -5.5159 -5.3469 -5.1729 -4.9950
 -4.8012 -4.5829 -4.3424 -4.1034 -3.8805 -3.3866 -2.9505 -2.5633 -2.2500 -2.0101
 -1.8207
 -6.8137 -6.4110 -6.0714 -5.7847 -5.5449 -5.3470 -5.1914 -5.0559 -4.8952 -4.7072
 -4.5154 -4.3194 -4.1068 -3.8855 -3.6777 -3.2246 -2.8386 -2.4974 -2.2139 -1.9945
 -1.8215 -1.6777
 -6.7561 -6.3568 -6.0100 -5.7048 -5.4353 -5.1985 -4.9911 -4.8097 -4.6537 -4.5022
 -4.3237 -4.1317 -3.9358 -3.7337 -3.5370 -3.1135 -2.7623 -2.4556 -2.1956 -1.9914
 -1.8311 -1.6984 -1.5831 -1.4801
 -6.7200 -6.3328 -5.9886 -5.6779 -5.3952 -5.1380 -4.9052 -4.6951 -4.5042 -4.3308
 -4.1708 -4.0060 -3.8278 -3.6380 -3.4500 -3.0437 -2.7153 -2.4327 -2.1902 -1.9965
 -1.8457 -1.7223 -1.6156 -1.5201 -1.4327 -1.3524 -1.2785 -1.2085 -1.1433 -1.0991
 -6.6920 -6.3220 -5.9879 -5.6795 -5.3922 -5.1249 -4.8775 -4.6501 -4.4413 -4.2486
 -4.0702 -3.9042 -3.7453 -3.5795 -3.4066 -3.0068 -2.6905 -2.4237 -2.1937 -2.0064
 -1.8617 -1.7461 -1.6477 -1.5597 -1.4791 -1.4044 -1.3355 -1.2718 -1.2124 -1.1605
 -1.1293
 -6.6695 -6.3169 -5.9966 -5.6965 -5.4110 -5.1402 -4.8851 -4.6466 -4.4253 -4.2204
 -4.0298 -3.8528 -3.6882 -3.5307 -3.3751 -2.9991 -2.6823 -2.4246 -2.2034 -2.0195
 -1.8772 -1.7670 -1.6760 -1.5960 -1.5228 -1.4547 -1.3914 -1.3325 -1.2776 -1.2295
 -1.1904
 -6.6499 -6.3117 -6.0040 -5.7153 -5.4376 -5.1693 -4.9116 -4.6669 -4.4370 -4.2225
 -4.0228 -3.8372 -3.6641 -3.5018 -3.3483 -2.9951 -2.6849 -2.4294 -2.2144 -2.0328
 -1.8902 -1.7823 -1.6973 -1.6250 -1.5600 -1.4996 -1.4431 -1.3900 -1.3405 -1.2955
 -1.2568
 -6.6416 -6.3160 -6.0177 -5.7385 -5.4706 -5.2099 -4.9554 -4.7093 -4.4744 -4.2528
 -4.0452 -3.8514 -3.6706 -3.5019 -3.3441 -2.9954 -2.6954 -2.4407 -2.2289 -2.0498
 -1.9056 -1.7964 -1.7138 -1.6476 -1.5904 -1.5383 -1.4897 -1.4438 -1.4004 -1.3601
 -1.3231
 -6.6293 -6.3181 -6.0275 -5.7565 -5.4978 -5.2471 -5.0009 -4.7594 -4.5248 -4.2995
 -4.0857 -3.8846 -3.6964 -3.5207 -3.3570 -3.0004 -2.7052 -2.4535 -2.2422 -2.0655
 -1.9208 -1.8092 -1.7259 -1.6625 -1.6114 -1.5673 -1.5271 -1.4893 -1.4535 -1.4196
 -1.3881
 -6.6079 -6.3098 -6.0296 -5.7655 -5.5143 -5.2725 -5.0369 -4.8048 -4.5765 -4.3535
 -4.1378 -3.9319 -3.7367 -3.5525 -3.3870 -3.0101 -2.7143 -2.4678 -2.2543
 [Fe/H] = -1.50 [alpha/Fe] = 0.00 BC value =Btycho
 -7.4309 -7.1409 -6.9091 -6.7201 -6.5582 -6.4056 -6.2465 -6.0698 -5.8727 -5.6506
 -5.4003 -5.1305 -4.8583 -4.6033 -4.3657 -3.8234 -3.3203 -2.8645 -2.4550
 -7.0537 -6.7259 -6.4570 -6.2421 -6.0671 -5.9138 -5.7647 -5.6062 -5.4326 -5.2383
 -5.0173 -4.7710 -4.5151 -4.2718 -4.0473 -3.5512 -3.1122 -2.7109 -2.3620 -2.0826
 -6.7095 -6.3686 -6.1147 -5.8994 -5.7055 -5.5360 -5.3826 -5.2317 -5.0735 -4.9021
 -4.7107 -4.4943 -4.2587 -4.0268 -3.8126 -3.3509 -2.9584 -2.6078 -2.2990 -2.0462
 -1.8457
 -6.5987 -6.1953 -5.8723 -5.6199 -5.4297 -5.2834 -5.1345 -4.9736 -4.8108 -4.6455
 -4.4723 -4.2841 -4.0742 -3.8558 -3.6499 -3.2117 -2.8514 -2.5368 -2.2595 -2.0278
 -1.8427 -1.6911
 -6.6073 -6.1783 -5.8228 -5.5293 -5.2863 -5.0892 -4.9316 -4.7954 -4.6570 -4.4898
 -4.3112 -4.1310 -3.9435 -3.7425 -3.5441 -3.1207 -2.7814 -2.4915 -2.2377 -2.0225
 -1.8492 -1.7081 -1.5880 -1.4821
 -6.6782 -6.2301 -5.8554 -5.5386 -5.2681 -5.0362 -4.8355 -4.6597 -4.5050 -4.3672
 -4.2182 -4.0438 -3.8590 -3.6709 -3.4816 -3.0661 -2.7390 -2.4654 -2.2283 -2.0259
 -1.8617 -1.7291 -1.6174 -1.5190 -1.4301 -1.3498 -1.2753 -1.2034 -1.1375 -1.0952
 -6.7906 -6.3264 -5.9340 -5.5993 -5.3084 -5.0519 -4.8244 -4.6216 -4.4383 -4.2699
 -4.1155 -3.9692 -3.8114 -3.6350 -3.4514 -3.0388 -2.7165 -2.4531 -2.2274 -2.0345
 -1.8770 -1.7512 -1.6469 -1.5560 -1.4739 -1.3985 -1.3293 -1.2655 -1.2057 -1.1529
 -1.1214
 -6.9225 -6.4503 -6.0455 -5.6949 -5.3862 -5.1103 -4.8618 -4.6365 -4.4316 -4.2436
 -4.0684 -3.9049 -3.7534 -3.6024 -3.4402 -3.0344 -2.7090 -2.4506 -2.2323 -2.0460
 -1.8927 -1.7716 -1.6739 -1.5904 -1.5155 -1.4467 -1.3833 -1.3245 -1.2699 -1.2217
 -1.1819
 -7.0451 -6.5768 -6.1691 -5.8096 -5.4876 -5.1955 -4.9288 -4.6848 -4.4611 -4.2554
 -4.0649 -3.8871 -3.7212 -3.5659 -3.4157 -3.0431 -2.7119 -2.4527 -2.2389 -2.0571
 -1.9065 -1.7878 -1.6949 -1.6184 -1.5512 -1.4899 -1.4332 -1.3803 -1.3314 -1.2875
 -1.2484
 -7.1610 -6.7048 -6.3009 -5.9390 -5.6103 -5.3070 -5.0257 -4.7654 -4.5250 -4.3033
 -4.0981 -3.9075 -3.7294 -3.5630 -3.4067 -3.0513 -2.7312 -2.4649 -2.2515 -2.0722
 -1.9226 -1.8035 -1.7124 -1.6409 -1.5809 -1.5275 -1.4785 -1.4327 -1.3899 -1.3504
 -1.3143
 -7.2549 -6.8151 -6.4205 -6.0636 -5.7351 -5.4280 -5.1387 -4.8666 -4.6122 -4.3759
 -4.1569 -3.9536 -3.7642 -3.5869 -3.4216 -3.0577 -2.7491 -2.4834 -2.2662 -2.0877
 -1.9386 -1.8182 -1.7261 -1.6567 -1.6021 -1.5560 -1.5151 -1.4772 -1.4418 -1.4086
 -1.3780
 -7.3201 -6.9012 -6.5198 -6.1714 -5.8484 -5.5437 -5.2540 -4.9776 -4.7148 -4.4671
 -4.2356 -4.0202 -3.8164 -3.6286 -3.4604 -3.0623 -2.7656 -2.5082 -2.2830
 [Fe/H] = -1.00 [alpha/Fe] = 0.00 BC value =Btycho
 -7.5228 -7.3240 -7.1399 -6.9603 -6.7754 -6.5702 -6.3308 -6.0586 -5.7915 -5.5286
 -5.2634 -4.9962 -4.7349 -4.4924 -4.2694 -3.7766 -3.3344 -2.9187 -2.5366
 -7.0738 -6.8373 -6.6281 -6.4369 -6.2534 -6.0655 -5.8574 -5.6328 -5.4079 -5.1809
 -4.9442 -4.6967 -4.4490 -4.2148 -3.9995 -3.5333 -3.1316 -2.7685 -2.4373 -2.1490
 -6.7749 -6.4902 -6.2440 -6.0308 -5.8410 -5.6629 -5.4817 -5.2913 -5.0990 -4.9033
 -4.6972 -4.4757 -4.2442 -4.0185 -3.8095 -3.3622 -2.9892 -2.6615 -2.3670 -2.1069
 -1.8906
 -6.5570 -6.2325 -5.9747 -5.7494 -5.5442 -5.3612 -5.1919 -5.0234 -4.8542 -4.6828
 -4.5037 -4.3103 -4.1003 -3.8856 -3.6816 -3.2463 -2.8925 -2.5886 -2.3200 -2.0824
 -1.8819 -1.7174
 -6.5297 -6.1242 -5.7910 -5.5232 -5.3145 -5.1519 -5.0000 -4.8420 -4.6806 -4.5189
 -4.3549 -4.1835 -3.9975 -3.7980 -3.6000 -3.1711 -2.8292 -2.5415 -2.2909 -2.0707
 -1.8831 -1.7287 -1.6001 -1.4891
 -6.6163 -6.1608 -5.7785 -5.4630 -5.2073 -5.0005 -4.8321 -4.6934 -4.5693 -4.4265
 -4.2639 -4.0953 -3.9231 -3.7412 -3.5519 -3.1258 -2.7897 -2.5129 -2.2749 -2.0680
 -1.8911 -1.7451 -1.6244 -1.5209 -1.4290 -1.3461 -1.2702 -1.1979 -1.1315 -1.0878
 -6.7866 -6.2823 -5.8601 -5.5093 -5.2180 -4.9754 -4.7724 -4.6001 -4.4510 -4.3204
 -4.1951 -4.0498 -3.8821 -3.7065 -3.5275 -3.1039 -2.7678 -2.4975 -2.2684 -2.0712
 -1.9030 -1.7639 -1.6500 -1.5535 -1.4685 -1.3918 -1.3222 -1.2580 -1.1975 -1.1437
 -1.1109
 -7.0325 -6.4760 -6.0096 -5.6225 -5.2994 -5.0266 -4.7937 -4.5928 -4.4163 -4.2579
 -4.1126 -3.9776 -3.8425 -3.6894 -3.5201 -3.1014 -2.7601 -2.4918 -2.2686 -2.0782
 -1.9166 -1.7829 -1.6745 -1.5847 -1.5067 -1.4365 -1.3727 -1.3142 -1.2607 -1.2115
 -1.1701
 -7.3164 -6.7197 -6.2115 -5.7864 -5.4299 -5.1274 -4.8655 -4.6365 -4.4339 -4.2522
 -4.0859 -3.9311 -3.7859 -3.6469 -3.5035 -3.1119 -2.7624 -2.4913 -2.2714 -2.0856
 -1.9286 -1.7990 -1.6949 -1.6108 -1.5398 -1.4767 -1.4197 -1.3671 -1.3191 -1.2758
 -1.2368
 -7.6046 -6.9934 -6.4569 -6.0004 -5.6110 -5.2768 -4.9858 -4.7291 -4.5001 -4.2942
 -4.1070 -3.9345 -3.7736 -3.6224 -3.4786 -3.1272 -2.7835 -2.5029 -2.2821 -2.0985
 -1.9439 -1.8159 -1.7138 -1.6335 -1.5684 -1.5125 -1.4628 -1.4171 -1.3751 -1.3368
 -1.3022
 -7.8512 -7.2484 -6.7073 -6.2355 -5.8230 -5.4621 -5.1432 -4.8590 -4.6041 -4.3741
 -4.1651 -3.9738 -3.7971 -3.6325 -3.4780 -3.1298 -2.8104 -2.5248 -2.2976 -2.1136
 -1.9596 -1.8319 -1.7298 -1.6510 -1.5900 -1.5405 -1.4981 -1.4599 -1.4250 -1.3929
 -1.3636
 -8.0381 -7.4585 -6.9333 -6.4626 -6.0423 -5.6657 -5.3262 -5.0186 -4.7396 -4.4862
 -4.2556 -4.0450 -3.8515 -3.6725 -3.5017 -3.1197 -2.8431 -2.5570 -2.3179
 [Fe/H] = -0.75 [alpha/Fe] = 0.00 BC value =Btycho
 -7.6586 -7.4984 -7.3406 -7.1739 -6.9872 -6.7583 -6.4657 -6.1159 -5.7861 -5.4894
 -5.2133 -4.9495 -4.6978 -4.4618 -4.2446 -3.7665 -3.3456 -2.9523 -2.5827
 -7.1764 -6.9881 -6.8111 -6.6362 -6.4527 -6.2457 -5.9943 -5.7104 -5.4349 -5.1770
 -4.9275 -4.6808 -4.4394 -4.2108 -3.9993 -3.5421 -3.1517 -2.7995 -2.4802 -2.1926
 -6.8290 -6.5999 -6.3944 -6.2040 -6.0201 -5.8311 -5.6196 -5.3861 -5.1539 -4.9300
 -4.7088 -4.4838 -4.2563 -4.0353 -3.8288 -3.3854 -3.0168 -2.6945 -2.4057 -2.1464
 -1.9232
 -6.6172 -6.3467 -6.1024 -5.8839 -5.6869 -5.5032 -5.3188 -5.1227 -4.9249 -4.7307
 -4.5366 -4.3363 -4.1271 -3.9161 -3.7143 -3.2790 -2.9249 -2.6218 -2.3549 -2.1174
 -1.9108 -1.7384
 -6.5410 -6.1936 -5.8760 -5.6460 -5.4512 -5.2680 -5.0925 -4.9182 -4.7433 -4.5708
 -4.3987 -4.2216 -4.0336 -3.8363 -3.6403 -3.2094 -2.8638 -2.5739 -2.3222 -2.1011
 -1.9085 -1.7464 -1.6115 -1.4963
 -6.5894 -6.1592 -5.7961 -5.4976 -5.2558 -5.0625 -4.9087 -4.7704 -4.6215 -4.4610
 -4.2976 -4.1331 -3.9633 -3.7830 -3.5958 -3.1671 -2.8249 -2.5440 -2.3033 -2.0942
 -1.9131 -1.7598 -1.6326 -1.5248 -1.4305 -1.3461 -1.2685 -1.1949 -1.1282 -1.0840
 -6.7485 -6.2605 -5.8462 -5.4996 -5.2133 -4.9783 -4.7852 -4.6251 -4.4910 -4.3702
 -4.2374 -4.0824 -3.9166 -3.7471 -3.5716 -3.1464 -2.8027 -2.5270 -2.2943 -2.0941
 -1.9220 -1.7762 -1.6556 -1.5546 -1.4670 -1.3888 -1.3184 -1.2537 -1.1925 -1.1385
 -1.1047
 -7.0041 -6.4502 -5.9823 -5.5921 -5.2676 -4.9978 -4.7725 -4.5827 -4.4197 -4.2763
 -4.1469 -4.0231 -3.8870 -3.7296 -3.5613 -3.1440 -2.7947 -2.5199 -2.2927 -2.0987
 -1.9333 -1.7936 -1.6785 -1.5836 -1.5026 -1.4311 -1.3666 -1.3081 -1.2545 -1.2052
 -1.1630
 -7.3385 -6.7185 -6.1921 -5.7524 -5.3876 -5.0833 -4.8262 -4.6065 -4.4167 -4.2494
 -4.0979 -3.9573 -3.8246 -3.6929 -3.5500 -3.1537 -2.7973 -2.5189 -2.2941 -2.1046
 -1.9437 -1.8088 -1.6981 -1.6085 -1.5340 -1.4693 -1.4116 -1.3591 -1.3112 -1.2679
 -1.2293
 -7.7132 -7.0543 -6.4742 -5.9854 -5.5755 -5.2320 -4.9406 -4.6899 -4.4709 -4.2774
 -4.1038 -3.9447 -3.7959 -3.6552 -3.5198 -3.1710 -2.8180 -2.5305 -2.3041 -2.1165
 -1.9580 -1.8255 -1.7173 -1.6311 -1.5619 -1.5038 -1.4531 -1.4073 -1.3656 -1.3278
 -1.2937
 -8.0579 -7.3882 -6.7887 -6.2630 -5.8148 -5.4325 -5.1050 -4.8211 -4.5719 -4.3507
 -4.1523 -3.9725 -3.8070 -3.6527 -3.5071 -3.1724 -2.8477 -2.5528 -2.3199 -2.1313
 -1.9735 -1.8416 -1.7342 -1.6495 -1.5838 -1.5313 -1.4875 -1.4489 -1.4140 -1.3824
 -1.3538
 -8.3383 -7.6839 -7.0856 -6.5497 -6.0799 -5.6690 -5.3099 -4.9939 -4.7139 -4.4645
 -4.2405 -4.0380 -3.8533 -3.6833 -3.5119 -3.1579 -2.8864 -2.5858 -2.3415
 [Fe/H] = -0.50 [alpha/Fe] = 0.00 BC value =Btycho
 -7.8319 -7.7041 -7.5721 -7.4234 -7.2459 -7.0033 -6.6594 -6.2215 -5.8121 -5.4719
 -5.1843 -4.9231 -4.6795 -4.4514 -4.2394 -3.7717 -3.3653 -2.9885 -2.6340
 -7.3237 -7.1752 -7.0294 -6.8760 -6.7014 -6.4840 -6.1926 -5.8382 -5.4943 -5.1935
 -4.9275 -4.6814 -4.4469 -4.2250 -4.0179 -3.5664 -3.1825 -2.8392 -2.5264 -2.2418
 -6.9297 -6.7515 -6.5847 -6.4210 -6.2499 -6.0563 -5.8161 -5.5291 -5.2406 -4.9755
 -4.7334 -4.5041 -4.2814 -4.0664 -3.8637 -3.4229 -3.0555 -2.7349 -2.4488 -2.1912
 -1.9633
 -6.6802 -6.4522 -6.2494 -6.0635 -5.8852 -5.7042 -5.5036 -5.2701 -5.0283 -4.7975
 -4.5803 -4.3707 -4.1625 -3.9567 -3.7586 -3.3242 -2.9679 -2.6629 -2.3950 -2.1572
 -1.9466 -1.7665
 -6.5438 -6.2605 -6.0258 -5.8132 -5.6150 -5.4293 -5.2476 -5.0525 -4.8482 -4.6478
 -4.4550 -4.2660 -4.0752 -3.8811 -3.6890 -3.2582 -2.9081 -2.6143 -2.3594 -2.1362
 -1.9399 -1.7706 -1.6283 -1.5075
 -6.5659 -6.1809 -5.8604 -5.5997 -5.3891 -5.2131 -5.0493 -4.8813 -4.7038 -4.5256
 -4.3518 -4.1810 -4.0079 -3.8285 -3.6448 -3.2170 -2.8688 -2.5827 -2.3376 -2.1251
 -1.9402 -1.7805 -1.6458 -1.5322 -1.4342 -1.3478 -1.2683 -1.1923 -1.1251 -1.0803
 -6.7002 -6.2462 -5.8571 -5.5301 -5.2604 -5.0387 -4.8572 -4.7079 -4.5743 -4.4347
 -4.2803 -4.1190 -3.9565 -3.7908 -3.6185 -3.1961 -2.8457 -2.5638 -2.3262 -2.1216
 -1.9454 -1.7937 -1.6657 -1.5587 -1.4673 -1.3869 -1.3154 -1.2496 -1.1872 -1.1329
 -1.0984
 -6.9333 -6.4098 -5.9611 -5.5817 -5.2651 -5.0026 -4.7851 -4.6037 -4.4500 -4.3174
 -4.1964 -4.0707 -3.9261 -3.7678 -3.6046 -3.1924 -2.8370 -2.5551 -2.3225 -2.1238
 -1.9537 -1.8086 -1.6864 -1.5851 -1.5000 -1.4261 -1.3606 -1.3015 -1.2469 -1.1979
 -1.1555
 -7.2749 -6.6689 -6.1530 -5.7185 -5.3561 -5.0545 -4.8029 -4.5918 -4.4126 -4.2571
 -4.1184 -3.9909 -3.8683 -3.7395 -3.5946 -3.2004 -2.8394 -2.5532 -2.3225 -2.1280
 -1.9623 -1.8219 -1.7047 -1.6084 -1.5292 -1.4618 -1.4030 -1.3501 -1.3023 -1.2593
 -1.2208
 -7.7078 -7.0345 -6.4444 -5.9466 -5.5308 -5.1852 -4.8964 -4.6524 -4.4437 -4.2630
 -4.1029 -3.9574 -3.8213 -3.6918 -3.5646 -3.2182 -2.8598 -2.5649 -2.3319 -2.1391
 -1.9756 -1.8378 -1.7235 -1.6307 -1.5561 -1.4947 -1.4424 -1.3962 -1.3545 -1.3172
 -1.2838
 -8.1488 -7.4395 -6.8054 -6.2482 -5.7786 -5.3841 -5.0530 -4.7722 -4.5309 -4.3209
 -4.1354 -3.9690 -3.8165 -3.6738 -3.5385 -3.2189 -2.8905 -2.5877 -2.3478 -2.1537
 -1.9907 -1.8538 -1.7408 -1.6498 -1.5783 -1.5217 -1.4756 -1.4361 -1.4012 -1.3700
 -1.3422
 -8.5305 -7.8200 -7.1695 -6.5879 -6.0768 -5.6398 -5.2663 -4.9463 -4.6694 -4.4276
 -4.2137 -4.0228 -3.8500 -3.6915 -3.5163 -3.2025 -2.9315 -2.6216 -2.3702
 [Fe/H] = -0.25 [alpha/Fe] = 0.00 BC value =Btycho
 -8.0308 -7.9285 -7.8181 -7.6859 -7.5220 -7.2735 -6.8861 -6.3632 -5.8670 -5.4744
 -5.1647 -4.9011 -4.6626 -4.4414 -4.2341 -3.7761 -3.3809 -3.0195 -2.6805
 -7.4977 -7.3806 -7.2617 -7.1298 -6.9682 -6.7499 -6.4303 -6.0050 -5.5804 -5.2247
 -4.9345 -4.6836 -4.4536 -4.2380 -4.0353 -3.5891 -3.2106 -2.8742 -2.5693 -2.2903
 -7.0641 -6.9257 -6.7924 -6.6555 -6.5022 -6.3122 -6.0526 -5.7114 -5.3530 -5.0332
 -4.7617 -4.5235 -4.3031 -4.0940 -3.8956 -3.4578 -3.0914 -2.7729 -2.4896 -2.2354
 -2.0073
 -6.7531 -6.5784 -6.4188 -6.2664 -6.1111 -5.9393 -5.7282 -5.4562 -5.1583 -4.8763
 -4.6263 -4.4023 -4.1930 -3.9918 -3.7982 -3.3661 -3.0079 -2.7020 -2.4338 -2.1968
 -1.9858 -1.8003
 -6.5945 -6.3640 -6.1590 -5.9744 -5.8018 -5.6312 -5.4486 -5.2304 -4.9846 -4.7406
 -4.5147 -4.3073 -4.1107 -3.9190 -3.7313 -3.3033 -2.9496 -2.6530 -2.3960 -2.1716
 -1.9740 -1.8002 -1.6507 -1.5228
 -6.5448 -6.2254 -5.9697 -5.7613 -5.5748 -5.3951 -5.2191 -5.0341 -4.8296 -4.6199
 -4.4187 -4.2292 -4.0471 -3.8669 -3.6870 -3.2633 -2.9104 -2.6201 -2.3719 -2.1568
 -1.9697 -1.8058 -1.6643 -1.5441 -1.4406 -1.3502 -1.2687 -1.1898 -1.1217 -1.0758
 -6.6457 -6.2376 -5.8904 -5.6025 -5.3660 -5.1709 -5.0064 -4.8549 -4.6932 -4.5169
 -4.3379 -4.1645 -3.9963 -3.8290 -3.6589 -3.2423 -2.8872 -2.5997 -2.3584 -2.1505
 -1.9710 -1.8153 -1.6811 -1.5670 -1.4703 -1.3865 -1.3130 -1.2454 -1.1811 -1.1262
 -1.0910
 -6.8439 -6.3646 -5.9500 -5.5965 -5.3004 -5.0539 -4.8483 -4.6758 -4.5285 -4.3951
 -4.2611 -4.1154 -3.9599 -3.8020 -3.6425 -3.2380 -2.8789 -2.5901 -2.3529 -2.1505
 -1.9766 -1.8271 -1.6990 -1.5908 -1.4999 -1.4224 -1.3549 -1.2950 -1.2401 -1.1893
 -1.1463
 -7.1509 -6.5907 -6.1073 -5.6948 -5.3466 -5.0551 -4.8120 -4.6085 -4.4359 -4.2871
 -4.1556 -4.0347 -3.9134 -3.7796 -3.6320 -3.2442 -2.8816 -2.5881 -2.3518 -2.1531
 -1.9831 -1.8382 -1.7153 -1.6123 -1.5269 -1.4555 -1.3944 -1.3405 -1.2924 -1.2492
 -1.2104
 -7.5953 -6.9432 -6.3779 -5.8967 -5.4914 -5.1529 -4.8701 -4.6330 -4.4329 -4.2614
 -4.1114 -3.9763 -3.8510 -3.7308 -3.6084 -3.2619 -2.9024 -2.6008 -2.3611 -2.1634
 -1.9954 -1.8529 -1.7333 -1.6340 -1.5529 -1.4867 -1.4316 -1.3842 -1.3422 -1.3050
 -1.2720
 -8.1066 -7.3895 -6.7516 -6.1963 -5.7267 -5.3332 -5.0049 -4.7295 -4.4963 -4.2966
 -4.1230 -3.9689 -3.8284 -3.6970 -3.5720 -3.2654 -2.9342 -2.6249 -2.3778 -2.1779
 -2.0103 -1.8687 -1.7505 -1.6535 -1.5754 -1.5133 -1.4636 -1.4223 -1.3868 -1.3556
 -1.3281
 -8.5876 -7.8487 -7.1722 -6.5682 -6.0393 -5.5903 -5.2116 -4.8924 -4.6213 -4.3884
 -4.1859 -4.0073 -3.8471 -3.7007 -3.5228 -3.2547 -2.9770 -2.6604 -2.4019
 [Fe/H] =  0.00 [alpha/Fe] = 0.00 BC value =Btycho
 -8.2737 -8.1887 -8.0919 -7.9685 -7.7951 -7.5295 -7.1061 -6.5221 -5.9662 -5.5273
 -5.1990 -4.9347 -4.7036 -4.4893 -4.2894 -3.8363 -3.4412 -3.0831 -2.7482
 -7.7194 -7.6238 -7.5234 -7.4060 -7.2523 -7.0310 -6.6853 -6.2001 -5.7066 -5.3004
 -4.9878 -4.7337 -4.5101 -4.3028 -4.1067 -3.6649 -3.2829 -2.9432 -2.6365 -2.3558
 -7.2509 -7.1399 -7.0307 -6.9141 -6.7753 -6.5900 -6.3164 -5.9275 -5.5029 -5.1287
 -4.8289 -4.5830 -4.3667 -4.1658 -3.9746 -3.5417 -3.1703 -2.8452 -2.5564 -2.2978
 -2.0657
 -6.8853 -6.7484 -6.6209 -6.4955 -6.3612 -6.2006 -5.9846 -5.6798 -5.3249 -4.9883
 -4.7040 -4.4666 -4.2575 -4.0632 -3.8773 -3.4522 -3.0891 -2.7752 -2.4993 -2.2555
 -2.0393 -1.8471
 -6.6506 -6.4700 -6.3078 -6.1593 -6.0154 -5.8628 -5.6837 -5.4468 -5.1576 -4.8638
 -4.6005 -4.3738 -4.1727 -3.9856 -3.8054 -3.3869 -3.0293 -2.7246 -2.4592 -2.2265
 -2.0223 -1.8419 -1.6844 -1.5487
 -6.5538 -6.3118 -6.1075 -5.9222 -5.7505 -5.5868 -5.4205 -5.2292 -4.9969 -4.7470
 -4.5097 -4.2973 -4.1058 -3.9267 -3.7530 -3.3414 -2.9861 -2.6882 -2.4317 -2.2078
 -2.0130 -1.8423 -1.6932 -1.5647 -1.4546 -1.3596 -1.2725 -1.1896 -1.1210 -1.0738
 -6.5929 -6.2402 -5.9513 -5.7197 -5.5303 -5.3625 -5.1996 -5.0329 -4.8444 -4.6357
 -4.4269 -4.2318 -4.0520 -3.8821 -3.7162 -3.3136 -2.9580 -2.6634 -2.4140 -2.1975
 -2.0099 -1.8470 -1.7053 -1.5833 -1.4795 -1.3915 -1.3143 -1.2431 -1.1762 -1.1213
 -1.0856
 -6.7494 -6.3188 -5.9473 -5.6342 -5.3746 -5.1584 -4.9760 -4.8194 -4.6724 -4.5160
 -4.3472 -4.1751 -4.0083 -3.8484 -3.6914 -3.3015 -2.9445 -2.6492 -2.4045 -2.1940
 -2.0117 -1.8546 -1.7193 -1.6033 -1.5052 -1.4224 -1.3513 -1.2893 -1.2334 -1.1810
 -1.1382
 -7.0041 -6.4981 -6.0580 -5.6795 -5.3584 -5.0891 -4.8629 -4.6711 -4.5064 -4.3614
 -4.2282 -4.0988 -3.9640 -3.8209 -3.6735 -3.2999 -2.9430 -2.6437 -2.3998 -2.1933
 -2.0153 -1.8625 -1.7323 -1.6217 -1.5291 -1.4520 -1.3872 -1.3315 -1.2826 -1.2390
 -1.1999
 -7.4069 -6.8030 -6.2836 -5.8374 -5.4575 -5.1369 -4.8678 -4.6416 -4.4499 -4.2850
 -4.1406 -4.0117 -3.8925 -3.7760 -3.6537 -3.3117 -2.9597 -2.6543 -2.4069 -2.2015
 -2.0258 -1.8754 -1.7482 -1.6416 -1.5532 -1.4809 -1.4217 -1.3720 -1.3292 -1.2919
 -1.2595
 -7.9428 -7.2438 -6.6292 -6.1042 -5.6570 -5.2799 -4.9637 -4.6983 -4.4747 -4.2846
 -4.1206 -3.9762 -3.8458 -3.7250 -3.6096 -3.3154 -2.9878 -2.6770 -2.4229 -2.2152
 -2.0399 -1.8905 -1.7648 -1.6605 -1.5752 -1.5066 -1.4520 -1.4079 -1.3710 -1.3399
 -1.3131
 -8.5152 -7.7631 -7.0795 -6.4759 -5.9554 -5.5144 -5.1439 -4.8331 -4.5712 -4.3488
 -4.1578 -3.9916 -3.8439 -3.7095 -3.5412 -3.3110 -3.0273 -2.7118 -2.4478
 [Fe/H] =  0.25 [alpha/Fe] = 0.00 BC value =Btycho
 -8.5279 -8.4583 -8.3728 -8.2108 -7.9577 -7.6140 -7.1804 -6.6584 -6.0856 -5.6039
 -5.2474 -4.9740 -4.7445 -4.5380 -4.3417 -3.8957 -3.5000 -3.1455 -2.8166
 -7.9567 -7.8790 -7.7928 -7.6842 -7.5317 -7.3003 -6.9239 -6.3888 -5.8494 -5.3945
 -5.0509 -4.7857 -4.5634 -4.3626 -4.1733 -3.7387 -3.3548 -3.0118 -2.7038 -2.4237
 -7.4573 -7.3681 -7.2775 -7.1753 -7.0448 -6.8597 -6.5733 -6.1446 -5.6646 -5.2380
 -4.9038 -4.6429 -4.4257 -4.2305 -4.0464 -3.6218 -3.2478 -2.9174 -2.6244 -2.3625
 -2.1306
 -7.0454 -6.9373 -6.8345 -6.7299 -6.6113 -6.4589 -6.2402 -5.9090 -5.5032 -5.1112
 -4.7881 -4.5309 -4.3174 -4.1272 -3.9483 -3.5335 -3.1682 -2.8483 -2.5666 -2.3175
 -2.0968 -1.9000
 -6.7432 -6.6012 -6.4743 -6.3550 -6.2348 -6.0983 -5.9243 -5.6745 -5.3453 -4.9988
 -4.6924 -4.4408 -4.2309 -4.0452 -3.8713 -3.4655 -3.1071 -2.7962 -2.5242 -2.2850
 -2.0751 -1.8895 -1.7254 -1.5817
 -6.5971 -6.3938 -6.2191 -6.0664 -5.9260 -5.7870 -5.6342 -5.4408 -5.1833 -4.8890
 -4.6081 -4.3669 -4.1616 -3.9804 -3.8115 -3.4146 -3.0605 -2.7568 -2.4937 -2.2626
 -2.0610 -1.8845 -1.7290 -1.5930 -1.4753 -1.3725 -1.2798 -1.1916 -1.1216 -1.0719
 -6.5495 -6.2696 -6.0457 -5.8659 -5.7009 -5.5419 -5.3854 -5.2198 -5.0179 -4.7770
 -4.5294 -4.3037 -4.1061 -3.9303 -3.7667 -3.3797 -3.0278 -2.7282 -2.4723 -2.2487
 -2.0536 -1.8840 -1.7361 -1.6071 -1.4958 -1.4002 -1.3172 -1.2427 -1.1720 -1.1164
 -1.0793
 -6.6585 -6.2772 -5.9570 -5.6965 -5.4860 -5.3120 -5.1582 -5.0083 -4.8478 -4.6588
 -4.4510 -4.2472 -4.0610 -3.8921 -3.7345 -3.3597 -3.0096 -2.7102 -2.4590 -2.2416
 -2.0519 -1.8877 -1.7457 -1.6230 -1.5176 -1.4280 -1.3518 -1.2859 -1.2271 -1.1722
 -1.1291
 -6.8638 -6.4092 -6.0141 -5.6766 -5.3939 -5.1582 -4.9590 -4.7890 -4.6373 -4.4917
 -4.3391 -4.1794 -4.0178 -3.8610 -3.7109 -3.3500 -3.0035 -2.7014 -2.4509 -2.2378
 -2.0526 -1.8925 -1.7554 -1.6380 -1.5381 -1.4540 -1.3838 -1.3244 -1.2733 -1.2284
 -1.1878
 -7.2012 -6.6603 -6.1909 -5.7856 -5.4387 -5.1454 -4.8983 -4.6883 -4.5075 -4.3489
 -4.2063 -4.0745 -3.9488 -3.8230 -3.6928 -3.3545 -3.0152 -2.7094 -2.4557 -2.2436
 -2.0611 -1.9037 -1.7694 -1.6558 -1.5602 -1.4806 -1.4154 -1.3617 -1.3167 -1.2784
 -1.2455
 -7.6981 -7.0520 -6.4906 -6.0081 -5.5946 -5.2430 -4.9458 -4.6950 -4.4826 -4.3005
 -4.1419 -4.0019 -3.8763 -3.7607 -3.6495 -3.3588 -3.0384 -2.7305 -2.4708 -2.2562
 -2.0743 -1.9180 -1.7852 -1.6738 -1.5812 -1.5052 -1.4441 -1.3953 -1.3557 -1.3232
 -1.2964
 -8.3059 -7.5734 -6.9225 -6.3501 -5.8614 -5.4436 -5.0903 -4.7925 -4.5415 -4.3289
 -4.1468 -3.9891 -3.8498 -3.7245 -3.5810 -3.3629 -3.0731 -2.7647 -2.4962
 [Fe/H] =  0.50 [alpha/Fe] = 0.00 BC value =Btycho
 -8.7807 -8.8403 -8.7624 -8.5614 -8.2499 -7.8388 -7.3379 -6.7734 -6.2185 -5.7109
 -5.3234 -5.0354 -4.8046 -4.6018 -4.4135 -3.9724 -3.5761 -3.2184 -2.8898
 -8.2023 -8.1456 -8.0681 -7.9655 -7.8047 -7.5352 -7.1123 -6.5480 -5.9987 -5.5115
 -5.1363 -4.8556 -4.6308 -4.4346 -4.2522 -3.8274 -3.4415 -3.0922 -2.7776 -2.4939
 -7.6803 -7.6125 -7.5343 -7.4420 -7.3137 -7.1204 -6.8109 -6.3437 -5.8301 -5.3651
 -4.9972 -4.7177 -4.4955 -4.3038 -4.1267 -3.7143 -3.3392 -3.0016 -2.7025 -2.4357
 -2.1982
 -7.2301 -7.1449 -7.0616 -6.9720 -6.8626 -6.7118 -6.4843 -6.1282 -5.6818 -5.2480
 -4.8873 -4.6083 -4.3866 -4.1979 -4.0254 -3.6247 -3.2601 -2.9335 -2.6446 -2.3891
 -2.1624 -1.9602
 -6.8696 -6.7599 -6.6595 -6.5621 -6.4588 -6.3324 -6.1598 -5.8986 -5.5350 -5.1434
 -4.7968 -4.5193 -4.2974 -4.1104 -3.9418 -3.5521 -3.1965 -2.8801 -2.6006 -2.3539
 -2.1369 -1.9452 -1.7748 -1.6236
 -6.6383 -6.4792 -6.3446 -6.2247 -6.1105 -5.9910 -5.8486 -5.6538 -5.3755 -5.0406
 -4.7179 -4.4458 -4.2247 -4.0388 -3.8732 -3.4936 -3.1452 -2.8373 -2.5668 -2.3282
 -2.1185 -1.9350 -1.7734 -1.6305 -1.5049 -1.3942 -1.2931 -1.2009 -1.1256 -1.0722
 -6.5416 -6.3043 -6.1491 -5.9867 -5.8409 -5.7053 -5.5686 -5.4105 -5.2007 -4.9307
 -4.6436 -4.3844 -4.1662 -3.9820 -3.8191 -3.4493 -3.1066 -2.8041 -2.5415 -2.3103
 -2.1070 -1.9299 -1.7752 -1.6397 -1.5210 -1.4178 -1.3279 -1.2464 -1.1705 -1.1135
 -1.0739
 -6.5762 -6.2500 -5.9906 -5.7909 -5.6294 -5.4838 -5.3376 -5.1871 -5.0190 -4.8090
 -4.5669 -4.3296 -4.1196 -3.9389 -3.7787 -3.4190 -3.0816 -2.7815 -2.5241 -2.2994
 -2.1017 -1.9295 -1.7804 -1.6510 -1.5386 -1.4415 -1.3585 -1.2869 -1.2232 -1.1645
 -1.1207
 -6.7345 -6.3273 -5.9782 -5.6880 -5.4521 -5.2593 -5.0979 -4.9548 -4.8141 -4.6570
 -4.4709 -4.2702 -4.0778 -3.9044 -3.7485 -3.3992 -3.0684 -2.7679 -2.5120 -2.2921
 -2.0992 -1.9311 -1.7864 -1.6622 -1.5553 -1.4638 -1.3868 -1.3218 -1.2665 -1.2186
 -1.1755
 -7.0070 -6.5225 -6.1016 -5.7388 -5.4313 -5.1740 -4.9581 -4.7731 -4.6115 -4.4653
 -4.3217 -4.1734 -4.0227 -3.8738 -3.7299 -3.3942 -3.0723 -2.7715 -2.5135 -2.2949
 -2.1054 -1.9402 -1.7983 -1.6775 -1.5748 -1.4877 -1.4154 -1.3557 -1.3065 -1.2658
 -1.2314
 -7.4368 -6.8482 -6.3433 -5.9082 -5.5347 -5.2164 -4.9470 -4.7186 -4.5226 -4.3513
 -4.1986 -4.0600 -3.9317 -3.8108 -3.6931 -3.3962 -3.0878 -2.7886 -2.5263 -2.3056
 -2.1170 -1.9535 -1.8131 -1.6942 -1.5942 -1.5107 -1.4423 -1.3869 -1.3429 -1.3076
 -1.2793
 -8.0300 -7.3342 -6.7241 -6.2014 -5.7529 -5.3701 -5.0444 -4.7683 -4.5340 -4.3337
 -4.1602 -4.0079 -3.8728 -3.7516 -3.6381 -3.4052 -3.1149 -2.8192 -2.5504
 [Fe/H] =  0.75 [alpha/Fe] = 0.00 BC value =Btycho
 -9.0113 -8.9005 -8.7117 -8.4532 -8.1323 -7.7553 -7.3280 -6.8553 -6.3452 -5.8376
 -5.4241 -5.1176 -4.8810 -4.6815 -4.4977 -4.0627 -3.6644 -3.2998 -2.9677
 -8.4358 -8.3933 -8.3334 -8.2369 -8.0262 -7.6855 -7.2188 -6.6640 -6.1404 -5.6451
 -5.2434 -4.9431 -4.7116 -4.5175 -4.3414 -3.9289 -3.5405 -3.1835 -2.8644 -2.5782
 -7.9016 -7.8615 -7.7889 -7.7050 -7.5756 -7.3668 -7.0172 -6.5020 -5.9838 -5.5037
 -5.1077 -4.8075 -4.5763 -4.3852 -4.2140 -3.8173 -3.4436 -3.0982 -2.7903 -2.5174
 -2.2721
 -7.4243 -7.3592 -7.2930 -7.2156 -7.1110 -6.9556 -6.7128 -6.3254 -5.8485 -5.3914
 -5.0012 -4.6992 -4.4655 -4.2750 -4.1073 -3.7239 -3.3640 -3.0316 -2.7337 -2.4707
 -2.2366 -2.0276
 -7.0193 -6.9349 -6.8559 -6.7755 -6.6836 -6.5612 -6.3841 -6.1074 -5.7135 -5.2910
 -4.9137 -4.6104 -4.3737 -4.1819 -4.0161 -3.6441 -3.2963 -2.9765 -2.6888 -2.4341
 -2.2089 -2.0093 -1.8319 -1.6740
 -6.7132 -6.5947 -6.4913 -6.3961 -6.3009 -6.1940 -6.0567 -5.8577 -5.5611 -5.1937
 -4.8366 -4.5365 -4.2975 -4.1039 -3.9388 -3.5764 -3.2388 -2.9296 -2.6522 -2.4055
 -2.1874 -1.9954 -1.8264 -1.6766 -1.5432 -1.4237 -1.3130 -1.2117 -1.1347 -1.0759
 -6.5677 -6.3843 -6.2297 -6.0993 -5.9831 -5.8711 -5.7496 -5.5966 -5.3804 -5.0862
 -4.7645 -4.4740 -4.2348 -4.0402 -3.8753 -3.5211 -3.1923 -2.8909 -2.6226 -2.3839
 -2.1721 -1.9862 -1.8238 -1.6813 -1.5555 -1.4444 -1.3463 -1.2559 -1.1739 -1.1140
 -1.0706
 -6.5130 -6.2617 -6.0605 -5.9005 -5.7593 -5.6203 -5.4863 -5.3488 -5.1826 -4.9601
 -4.6889 -4.4195 -4.1861 -3.9911 -3.8261 -3.4790 -3.1588 -2.8622 -2.6003 -2.3687
 -2.1629 -1.9819 -1.8248 -1.6882 -1.5688 -1.4643 -1.3736 -1.2944 -1.2234 -1.1596
 -1.1143
 -6.6219 -6.2597 -5.9612 -5.7224 -5.5376 -5.3909 -5.2608 -5.1277 -4.9818 -4.8102
 -4.5968 -4.3624 -4.1423 -3.9518 -3.7885 -3.4477 -3.1362 -2.8427 -2.5835 -2.3572
 -2.1567 -1.9800 -1.8271 -1.6954 -1.5815 -1.4828 -1.3981 -1.3259 -1.2646 -1.2112
 -1.1642
 -6.8406 -6.4051 -6.0274 -5.7065 -5.4410 -5.2245 -5.0455 -4.8937 -4.7582 -4.6232
 -4.4700 -4.2904 -4.1017 -3.9245 -3.7661 -3.4321 -3.1299 -2.8401 -2.5806 -2.3562
 -2.1596 -1.9864 -1.8363 -1.7077 -1.5978 -1.5037 -1.4238 -1.3568 -1.3014 -1.2556
 -1.2183
 -7.1889 -6.6671 -6.2151 -5.8242 -5.4890 -5.2059 -4.9687 -4.7679 -4.5942 -4.4402
 -4.2985 -4.1588 -4.0168 -3.8756 -3.7395 -3.4274 -3.1354 -2.8506 -2.5896 -2.3638
 -2.1687 -1.9978 -1.8494 -1.7226 -1.6152 -1.5244 -1.4484 -1.3857 -1.3350 -1.2950
 -1.2642
 -7.7159 -7.0805 -6.5327 -6.0626 -5.6577 -5.3108 -5.0151 -4.7642 -4.5503 -4.3654
 -4.2021 -4.0555 -3.9221 -3.7990 -3.7087 -3.4336 -3.1527 -2.8742 -2.6105
 [Fe/H] =  1.00 [alpha/Fe] = 0.00 BC value =Btycho
 -9.2085 -9.0366 -8.8045 -8.5186 -8.1847 -7.8078 -7.3922 -6.9420 -6.4616 -5.9721
 -5.5407 -5.2145 -4.9689 -4.7685 -4.5895 -4.1652 -3.7622 -3.3886 -3.0504
 -8.6405 -8.9569 -9.0200 -8.8561 -8.4879 -7.9357 -7.2841 -6.7604 -6.2699 -5.7851
 -5.3648 -5.0446 -4.8030 -4.6080 -4.4362 -4.0380 -3.6475 -3.2831 -2.9550 -2.6637
 -8.1028 -8.3079 -8.0255 -7.9508 -7.8189 -7.5902 -7.1558 -6.6132 -6.1202 -5.6442
 -5.2314 -4.9103 -4.6668 -4.4731 -4.3059 -3.9260 -3.5564 -3.2032 -2.8852 -2.6049
 -2.3538
 -7.6086 -7.5633 -7.5145 -7.4492 -7.3478 -7.1839 -6.9173 -6.4849 -5.9956 -5.5330
 -5.1264 -4.8023 -4.5537 -4.3581 -4.1927 -3.8273 -3.4762 -3.1392 -2.8312 -2.5594
 -2.3183 -2.1017
 -7.1727 -7.1104 -7.0508 -6.9858 -6.9027 -6.7800 -6.5922 -6.2950 -5.8736 -5.4348
 -5.0383 -4.7128 -4.4595 -4.2597 -4.0939 -3.7390 -3.4036 -3.0829 -2.7867 -2.5229
 -2.2893 -2.0814 -1.8961 -1.7298
 -6.8150 -6.7264 -6.6475 -6.5721 -6.4916 -6.3926 -6.2546 -6.0464 -5.7307 -5.3402
 -4.9613 -4.6381 -4.3802 -4.1762 -4.0085 -3.6607 -3.3386 -3.0318 -2.7481 -2.4928
 -2.2661 -2.0651 -1.8874 -1.7302 -1.5901 -1.4608 -1.3393 -1.2335 -1.1502 -1.0842
 -6.5838 -6.4441 -6.3264 -6.2265 -6.1336 -6.0378 -5.9251 -5.7730 -5.5488 -5.2344
 -4.8881 -4.5737 -4.3138 -4.1066 -3.9365 -3.5937 -3.2830 -2.9869 -2.7146 -2.4682
 -2.2480 -2.0529 -1.8818 -1.7314 -1.5993 -1.4812 -1.3726 -1.2717 -1.1847 -1.1196
 -1.0706
 -6.4860 -6.2987 -6.1332 -5.9873 -5.8583 -5.7422 -5.6288 -5.5029 -5.3380 -5.1059
 -4.8122 -4.5163 -4.2606 -4.0513 -3.8790 -3.5394 -3.2388 -2.9513 -2.6872 -2.4491
 -2.2354 -2.0456 -1.8793 -1.7345 -1.6078 -1.4961 -1.3981 -1.3099 -1.2291 -1.1601
 -1.1113
 -6.5224 -6.2097 -5.9682 -5.7864 -5.6486 -5.5245 -5.3964 -5.2628 -5.1209 -4.9463
 -4.7177 -4.4580 -4.2138 -4.0063 -3.8337 -3.4963 -3.2050 -2.9240 -2.6650 -2.4330
 -2.2254 -2.0403 -1.8783 -1.7381 -1.6167 -1.5109 -1.4187 -1.3391 -1.2695 -1.2082
 -1.1562
 -6.6962 -6.3024 -5.9662 -5.6894 -5.4695 -5.2966 -5.1586 -5.0393 -4.9179 -4.7772
 -4.6051 -4.3955 -4.1763 -3.9769 -3.8055 -3.4696 -3.1866 -2.9130 -2.6565 -2.4277
 -2.2246 -2.0436 -1.8848 -1.7476 -1.6300 -1.5285 -1.4413 -1.3667 -1.3038 -1.2513
 -1.2081
 -6.9789 -6.5097 -6.1021 -5.7510 -5.4544 -5.2090 -5.0075 -4.8391 -4.6948 -4.5649
 -4.4353 -4.2883 -4.1185 -3.9445 -3.7837 -3.4558 -3.1803 -2.9142 -2.6598 -2.4312
 -2.2303 -2.0523 -1.8958 -1.7605 -1.6451 -1.5468 -1.4635 -1.3932 -1.3350 -1.2883
 -1.2517
 -7.4241 -6.8508 -6.3592 -5.9358 -5.5715 -5.2602 -4.9973 -4.7758 -4.5873 -4.4227
 -4.2755 -4.1394 -4.0062 -3.8722 -3.7683 -3.4549 -3.1861 -2.9276 -2.6749
