 [Fe/H] = -2.00 [alpha/Fe] =-0.40 BC value = F438W
 -6.9501 -6.7128 -6.7941 -6.6679 -6.4878 -6.1078 -5.5388 -5.2009 -4.8798 -4.5563
 -4.2535 -3.9691 -3.6978 -3.4335 -3.1757 -2.6090 -2.0051 -1.4574 -1.0707
 -6.6890 -6.2603 -5.9308 -5.7074 -5.5662 -5.3893 -5.1176 -4.7908 -4.4611 -4.1445
 -3.8429 -3.5594 -3.2936 -3.0435 -2.8062 -2.2555 -1.7551 -1.3323 -1.0094 -0.7651
 -6.2904 -5.8597 -5.4944 -5.1960 -4.9533 -4.7747 -4.6224 -4.4088 -4.1326 -3.8327
 -3.5409 -3.2636 -3.0056 -2.7665 -2.5449 -2.0524 -1.6207 -1.2501 -0.9609 -0.7412
 -0.5671
 -5.9690 -5.5676 -5.2038 -4.8896 -4.6160 -4.3697 -4.1531 -3.9754 -3.7907 -3.5593
 -3.2996 -3.0396 -2.7914 -2.5614 -2.3511 -1.8997 -1.5206 -1.1961 -0.9327 -0.7320
 -0.5728 -0.4390
 -5.6858 -5.3254 -4.9832 -4.6725 -4.3965 -4.1434 -3.9034 -3.6778 -3.4804 -3.2930
 -3.0924 -2.8687 -2.6404 -2.4215 -2.2191 -1.7940 -1.4507 -1.1590 -0.9194 -0.7332
 -0.5859 -0.4620 -0.3530 -0.2546
 -5.4303 -5.1076 -4.7977 -4.5023 -4.2319 -3.9846 -3.7503 -3.5229 -3.3052 -3.1012
 -2.9127 -2.7272 -2.5318 -2.3321 -2.1391 -1.7281 -1.4067 -1.1379 -0.9160 -0.7406
 -0.6026 -0.4876 -0.3865 -0.2943 -0.2044 -0.1190 -0.0417  0.0247  0.0778  0.1165
 -5.2019 -4.9112 -4.6316 -4.3596 -4.0995 -3.8595 -3.6347 -3.4183 -3.2072 -3.0016
 -2.8054 -2.6206 -2.4438 -2.2686 -2.0937 -1.6951 -1.3831 -1.1304 -0.9192 -0.7507
 -0.6196 -0.5126 -0.4193 -0.3343 -0.2551 -0.1810 -0.1116 -0.0469  0.0135  0.0657
  0.0951
 -4.9997 -4.7358 -4.4812 -4.2333 -3.9906 -3.7574 -3.5392 -3.3337 -3.1350 -2.9392
 -2.7474 -2.5624 -2.3864 -2.2196 -2.0592 -1.6858 -1.3758 -1.1305 -0.9268 -0.7619
 -0.6346 -0.5339 -0.4484 -0.3710 -0.2990 -0.2307 -0.1650 -0.1034 -0.0477  0.0009
  0.0415
 -4.8228 -4.5814 -4.3470 -4.1161 -3.8929 -3.6732 -3.4605 -3.2595 -3.0700 -2.8862
 -2.7044 -2.5256 -2.3526 -2.1877 -2.0315 -1.6780 -1.3768 -1.1332 -0.9351 -0.7722
 -0.6460 -0.5491 -0.4703 -0.4011 -0.3371 -0.2761 -0.2180 -0.1626 -0.1114 -0.0644
 -0.0214
 -4.6706 -4.4476 -4.2295 -4.0161 -3.8070 -3.6021 -3.4012 -3.2051 -3.0184 -2.8418
 -2.6707 -2.5018 -2.3354 -2.1750 -2.0219 -1.6753 -1.3833 -1.1422 -0.9463 -0.7854
 -0.6583 -0.5618 -0.4870 -0.4248 -0.3689 -0.3163 -0.2659 -0.2172 -0.1707 -0.1268
 -0.0864
 -4.5386 -4.3277 -4.1218 -3.9207 -3.7242 -3.5319 -3.3438 -3.1593 -2.9781 -2.8039
 -2.6381 -2.4779 -2.3206 -2.1658 -2.0155 -1.6745 -1.3885 -1.1504 -0.9554 -0.7969
 -0.6698 -0.5723 -0.4985 -0.4406 -0.3918 -0.3475 -0.3057 -0.2650 -0.2256 -0.1876
 -0.1518
 -4.4119 -4.1946 -3.9932 -3.8039 -3.6230 -3.4475 -3.2749 -3.1037 -2.9347 -2.7692
 -2.6081 -2.4523 -2.3020 -2.1551 -2.0110 -1.6756 -1.3918 -1.1573 -0.9638
 [Fe/H] = -1.50 [alpha/Fe] =-0.40 BC value = F438W
 -7.2765 -7.0665 -6.8304 -6.4775 -6.0593 -5.6054 -5.1846 -4.8273 -4.5027 -4.2010
 -3.9174 -3.6547 -3.4111 -3.1814 -2.9620 -2.4602 -1.9626 -1.4961 -1.1201
 -6.6435 -6.2616 -6.0454 -5.9081 -5.6571 -5.2980 -4.9005 -4.5270 -4.1937 -3.8874
 -3.6017 -3.3389 -3.0978 -2.8749 -2.6662 -2.1911 -1.7605 -1.3706 -1.0442 -0.7885
 -6.2772 -5.8469 -5.5141 -5.2732 -5.1260 -4.9537 -4.6560 -4.3046 -3.9654 -3.6572
 -3.3705 -3.1074 -2.8678 -2.6489 -2.4473 -2.0035 -1.6213 -1.2824 -0.9929 -0.7617
 -0.5787
 -6.0202 -5.5932 -5.2317 -4.9261 -4.6757 -4.4815 -4.3205 -4.0986 -3.7990 -3.4973
 -3.2137 -2.9509 -2.7116 -2.4946 -2.2968 -1.8724 -1.5225 -1.2215 -0.9620 -0.7503
 -0.5815 -0.4419
 -5.8189 -5.4132 -5.0492 -4.7370 -4.4667 -4.2180 -3.9907 -3.7909 -3.6046 -3.3703
 -3.1089 -2.8533 -2.6157 -2.3988 -2.2020 -1.7872 -1.4572 -1.1818 -0.9457 -0.7495
 -0.5920 -0.4621 -0.3499 -0.2482
 -5.6629 -5.2733 -4.9196 -4.6019 -4.3250 -4.0758 -3.8364 -3.6036 -3.3884 -3.1981
 -3.0041 -2.7858 -2.5609 -2.3473 -2.1504 -1.7374 -1.4175 -1.1581 -0.9390 -0.7554
 -0.6069 -0.4852 -0.3808 -0.2872 -0.2007 -0.1206 -0.0469  0.0207  0.0803  0.1232
 -5.5238 -5.1592 -4.8224 -4.5072 -4.2237 -3.9730 -3.7417 -3.5159 -3.2928 -3.0807
 -2.8847 -2.7027 -2.5164 -2.3220 -2.1302 -1.7143 -1.3969 -1.1462 -0.9383 -0.7640
 -0.6228 -0.5084 -0.4114 -0.3248 -0.2452 -0.1690 -0.0977 -0.0336  0.0216  0.0668
  0.1026
 -5.3996 -5.0622 -4.7469 -4.4415 -4.1558 -3.8974 -3.6669 -3.4518 -3.2410 -3.0318
 -2.8292 -2.6384 -2.4615 -2.2916 -2.1206 -1.7139 -1.3908 -1.1429 -0.9417 -0.7739
 -0.6377 -0.5290 -0.4389 -0.3598 -0.2872 -0.2179 -0.1524 -0.0921 -0.0378  0.0097
  0.0500
 -5.2953 -4.9784 -4.6818 -4.3916 -4.1116 -3.8483 -3.6097 -3.3946 -3.1939 -2.9974
 -2.8025 -2.6116 -2.4300 -2.2600 -2.0994 -1.7211 -1.3954 -1.1440 -0.9457 -0.7821
 -0.6490 -0.5441 -0.4601 -0.3885 -0.3236 -0.2627 -0.2052 -0.1516 -0.1019 -0.0556
 -0.0125
 -5.2152 -4.9053 -4.6224 -4.3554 -4.0880 -3.8292 -3.5843 -3.3603 -3.1578 -2.9691
 -2.7859 -2.6043 -2.4255 -2.2539 -2.0920 -1.7285 -1.4122 -1.1548 -0.9549 -0.7931
 -0.6612 -0.5573 -0.4768 -0.4115 -0.3544 -0.3015 -0.2516 -0.2038 -0.1583 -0.1157
 -0.0767
 -5.1510 -4.8424 -4.5681 -4.3158 -4.0631 -3.8195 -3.5799 -3.3511 -3.1396 -2.9471
 -2.7684 -2.5965 -2.4268 -2.2596 -2.0978 -1.7345 -1.4267 -1.1698 -0.9656 -0.8036
 -0.6723 -0.5682 -0.4886 -0.4272 -0.3767 -0.3320 -0.2904 -0.2505 -0.2120 -0.1751
 -0.1407
 -5.0912 -4.7897 -4.5190 -4.2682 -4.0312 -3.8018 -3.5751 -3.3539 -3.1410 -2.9411
 -2.7577 -2.5874 -2.4249 -2.2659 -2.1094 -1.7458 -1.4391 -1.1845 -0.9774
 [Fe/H] = -1.00 [alpha/Fe] =-0.40 BC value = F438W
 -7.4733 -7.1533 -6.7086 -6.2254 -5.7073 -5.2318 -4.8568 -4.5272 -4.2180 -3.9348
 -3.6696 -3.4244 -3.2000 -2.9936 -2.8007 -2.3562 -1.9381 -1.5377 -1.1783
 -6.6490 -6.4587 -6.2815 -5.9381 -5.5158 -5.0606 -4.6450 -4.2948 -3.9765 -3.6879
 -3.4187 -3.1713 -2.9465 -2.7421 -2.5539 -2.1334 -1.7564 -1.4090 -1.0955 -0.8306
 -6.2738 -5.8863 -5.6752 -5.5621 -5.3061 -4.9305 -4.5228 -4.1465 -3.8177 -3.5236
 -3.2516 -3.0015 -2.7748 -2.5701 -2.3836 -1.9769 -1.6270 -1.3163 -1.0388 -0.7998
 -0.6039
 -6.0767 -5.6351 -5.2978 -5.0625 -4.9202 -4.7483 -4.4331 -4.0711 -3.7277 -3.4245
 -3.1501 -2.8973 -2.6676 -2.4606 -2.2735 -1.8728 -1.5392 -1.2528 -1.0020 -0.7839
 -0.6022 -0.4526
 -5.9524 -5.5021 -5.1262 -4.8201 -4.5751 -4.3764 -4.2160 -3.9916 -3.6852 -3.3758
 -3.0979 -2.8426 -2.6091 -2.3984 -2.2086 -1.8076 -1.4826 -1.2115 -0.9795 -0.7783
 -0.6086 -0.4683 -0.3499 -0.2471
 -5.8728 -5.4262 -5.0308 -4.6965 -4.4141 -4.1696 -3.9513 -3.7541 -3.5711 -3.3401
 -3.0757 -2.8228 -2.5869 -2.3718 -2.1777 -1.7709 -1.4483 -1.1862 -0.9669 -0.7790
 -0.6198 -0.4877 -0.3766 -0.2797 -0.1933 -0.1143 -0.0403  0.0309  0.0949  0.1332
 -5.8252 -5.3883 -4.9866 -4.6326 -4.3309 -4.0734 -3.8389 -3.6128 -3.3991 -3.2066
 -3.0183 -2.8075 -2.5849 -2.3706 -2.1725 -1.7559 -1.4304 -1.1724 -0.9611 -0.7831
 -0.6327 -0.5079 -0.4038 -0.3137 -0.2327 -0.1587 -0.0903 -0.0266  0.0334  0.0858
  0.1143
 -5.7926 -5.3763 -4.9767 -4.6111 -4.2890 -4.0124 -3.7720 -3.5491 -3.3313 -3.1199
 -2.9229 -2.7415 -2.5621 -2.3742 -2.1838 -1.7587 -1.4258 -1.1673 -0.9601 -0.7889
 -0.6454 -0.5268 -0.4290 -0.3458 -0.2715 -0.2032 -0.1388 -0.0791 -0.0250  0.0226
  0.0632
 -5.7725 -5.3734 -4.9863 -4.6182 -4.2814 -3.9848 -3.7284 -3.5026 -3.2921 -3.0857
 -2.8839 -2.6922 -2.5131 -2.3454 -2.1806 -1.7738 -1.4300 -1.1668 -0.9608 -0.7935
 -0.6550 -0.5412 -0.4489 -0.3724 -0.3054 -0.2441 -0.1873 -0.1347 -0.0860 -0.0409
  0.0010
 -5.7663 -5.3820 -5.0106 -4.6519 -4.3107 -3.9981 -3.7213 -3.4803 -3.2669 -3.0681
 -2.8744 -2.6845 -2.5011 -2.3281 -2.1670 -1.7935 -1.4520 -1.1777 -0.9683 -0.8018
 -0.6657 -0.5546 -0.4657 -0.3945 -0.3345 -0.2809 -0.2313 -0.1845 -0.1405 -0.0995
 -0.0623
 -5.7713 -5.3812 -5.0284 -4.6883 -4.3577 -4.0410 -3.7491 -3.4884 -3.2598 -3.0564
 -2.8682 -2.6864 -2.5080 -2.3342 -2.1689 -1.8018 -1.4778 -1.1982 -0.9803 -0.8114
 -0.6757 -0.5656 -0.4784 -0.4105 -0.3562 -0.3099 -0.2683 -0.2291 -0.1919 -0.1568
 -0.1240
 -5.7813 -5.3847 -5.0342 -4.7119 -4.3978 -4.0923 -3.8005 -3.5275 -3.2810 -3.0626
 -2.8678 -2.6886 -2.5172 -2.3497 -2.1858 -1.8124 -1.4964 -1.2228 -0.9976
 [Fe/H] = -0.75 [alpha/Fe] =-0.40 BC value = F438W
 -7.5231 -7.0966 -6.5884 -6.0762 -5.5599 -5.0933 -4.7236 -4.4047 -4.1103 -3.8351
 -3.5788 -3.3408 -3.1228 -2.9238 -2.7397 -2.3210 -1.9326 -1.5596 -1.2107
 -6.7477 -6.6060 -6.2956 -5.8744 -5.4181 -4.9492 -4.5456 -4.2050 -3.8993 -3.6193
 -3.3587 -3.1181 -2.8990 -2.7004 -2.5188 -2.1174 -1.7600 -1.4294 -1.1258 -0.8596
 -6.2787 -5.9681 -5.8570 -5.6516 -5.2896 -4.8752 -4.4527 -4.0852 -3.7673 -3.4811
 -3.2174 -2.9738 -2.7521 -2.5518 -2.3702 -1.9771 -1.6392 -1.3372 -1.0658 -0.8258
 -0.6236
 -6.0949 -5.6594 -5.3655 -5.2148 -5.0846 -4.7892 -4.4155 -4.0351 -3.6979 -3.4020
 -3.1352 -2.8886 -2.6633 -2.4598 -2.2761 -1.8846 -1.5577 -1.2744 -1.0257 -0.8065
 -0.6192 -0.4631
 -6.0043 -5.5346 -5.1573 -4.8775 -4.6780 -4.5389 -4.3365 -4.0192 -3.6811 -3.3696
 -3.0967 -2.8470 -2.6176 -2.4097 -2.2222 -1.8272 -1.5049 -1.2331 -1.0001 -0.7973
 -0.6227 -0.4760 -0.3528 -0.2467
 -5.9660 -5.4841 -5.0713 -4.7351 -4.4685 -4.2460 -4.0578 -3.8888 -3.6598 -3.3718
 -3.0905 -2.8373 -2.6037 -2.3908 -2.1983 -1.7951 -1.4727 -1.2073 -0.9848 -0.7944
 -0.6309 -0.4928 -0.3768 -0.2769 -0.1885 -0.1076 -0.0319  0.0372  0.0968  0.1394
 -5.9649 -5.4806 -5.0476 -4.6772 -4.3718 -4.1177 -3.8924 -3.6812 -3.4904 -3.3060
 -3.0860 -2.8452 -2.6128 -2.3960 -2.1979 -1.7828 -1.4559 -1.1928 -0.9768 -0.7955
 -0.6413 -0.5108 -0.4017 -0.3084 -0.2258 -0.1509 -0.0830 -0.0194  0.0410  0.0933
  0.1227
 -5.9824 -5.5099 -5.0671 -4.6731 -4.3357 -4.0544 -3.8143 -3.5943 -3.3821 -3.1802
 -2.9945 -2.8129 -2.6170 -2.4130 -2.2152 -1.7873 -1.4519 -1.1871 -0.9745 -0.7990
 -0.6519 -0.5281 -0.4252 -0.3384 -0.2625 -0.1937 -0.1295 -0.0703 -0.0166  0.0309
  0.0720
 -6.0098 -5.5511 -5.1121 -4.7049 -4.3432 -4.0329 -3.7709 -3.5436 -3.3329 -3.1277
 -2.9294 -2.7437 -2.5696 -2.3997 -2.2255 -1.8036 -1.4566 -1.1865 -0.9741 -0.8021
 -0.6599 -0.5416 -0.4441 -0.3637 -0.2946 -0.2327 -0.1759 -0.1231 -0.0743 -0.0300
  0.0099
 -6.0429 -5.6006 -5.1778 -4.7709 -4.3940 -4.0589 -3.7700 -3.5232 -3.3072 -3.1067
 -2.9120 -2.7229 -2.5425 -2.3727 -2.2130 -1.8302 -1.4785 -1.1979 -0.9816 -0.8097
 -0.6698 -0.5546 -0.4610 -0.3854 -0.3228 -0.2680 -0.2184 -0.1721 -0.1289 -0.0889
 -0.0526
 -6.0832 -5.6419 -5.2391 -4.8478 -4.4717 -4.1221 -3.8094 -3.5374 -3.3029 -3.0963
 -2.9057 -2.7222 -2.5433 -2.3706 -2.2068 -1.8413 -1.5088 -1.2194 -0.9944 -0.8194
 -0.6794 -0.5656 -0.4739 -0.4017 -0.3442 -0.2963 -0.2542 -0.2153 -0.1788 -0.1446
 -0.1123
 -6.1292 -5.6776 -5.2826 -4.9133 -4.5532 -4.2058 -3.8814 -3.5885 -3.3308 -3.1063
 -2.9080 -2.7262 -2.5528 -2.3840 -2.2199 -1.8486 -1.5309 -1.2486 -1.0139
 [Fe/H] = -0.50 [alpha/Fe] =-0.40 BC value = F438W
 -7.5271 -7.0039 -6.4569 -5.9383 -5.4517 -5.0028 -4.6358 -4.3138 -4.0259 -3.7609
 -3.5130 -3.2820 -3.0694 -2.8752 -2.6969 -2.2970 -1.9316 -1.5822 -1.2453
 -6.9221 -6.6758 -6.2642 -5.7977 -5.3307 -4.8752 -4.4817 -4.1449 -3.8427 -3.5730
 -3.3209 -3.0870 -2.8727 -2.6782 -2.5009 -2.1131 -1.7707 -1.4536 -1.1590 -0.8936
 -6.3144 -6.1410 -5.9982 -5.6652 -5.2519 -4.8204 -4.4053 -4.0466 -3.7333 -3.4557
 -3.2004 -2.9634 -2.7463 -2.5495 -2.3711 -1.9875 -1.6590 -1.3637 -1.0962 -0.8563
 -0.6487
 -6.1049 -5.7018 -5.4998 -5.4061 -5.1527 -4.7855 -4.3899 -4.0097 -3.6795 -3.3913
 -3.1324 -2.8923 -2.6716 -2.4710 -2.2896 -1.9046 -1.5832 -1.3020 -1.0533 -0.8330
 -0.6410 -0.4785
 -6.0383 -5.5573 -5.2000 -4.9721 -4.8494 -4.6857 -4.3759 -4.0199 -3.6734 -3.3691
 -3.1030 -2.8595 -2.6348 -2.4297 -2.2439 -1.8528 -1.5336 -1.2609 -1.0251 -0.8199
 -0.6410 -0.4883 -0.3592 -0.2491
 -6.0375 -5.5235 -5.1001 -4.7753 -4.5370 -4.3605 -4.2161 -3.9984 -3.6959 -3.3847
 -3.1033 -2.8550 -2.6262 -2.4161 -2.2250 -1.8242 -1.5030 -1.2348 -1.0076 -0.8134
 -0.6458 -0.5019 -0.3802 -0.2760 -0.1846 -0.1025 -0.0270  0.0442  0.1075  0.1462
 -6.0836 -5.5504 -5.0890 -4.7101 -4.4089 -4.1711 -3.9672 -3.7879 -3.6151 -3.3928
 -3.1274 -2.8720 -2.6392 -2.4243 -2.2275 -1.8139 -1.4870 -1.2197 -0.9979 -0.8116
 -0.6531 -0.5173 -0.4023 -0.3046 -0.2194 -0.1433 -0.0740 -0.0101  0.0496  0.1017
  0.1307
 -6.1531 -5.6194 -5.1344 -4.7152 -4.3686 -4.0890 -3.8575 -3.6482 -3.4509 -3.2676
 -3.0870 -2.8818 -2.6628 -2.4488 -2.2480 -1.8199 -1.4834 -1.2138 -0.9944 -0.8131
 -0.6613 -0.5325 -0.4238 -0.3322 -0.2534 -0.1834 -0.1201 -0.0625 -0.0090  0.0407
  0.0820
 -6.2330 -5.7021 -5.2136 -4.7690 -4.3856 -4.0663 -3.8042 -3.5811 -3.3759 -3.1779
 -2.9891 -2.8122 -2.6387 -2.4576 -2.2712 -1.8372 -1.4889 -1.2133 -0.9936 -0.8151
 -0.6676 -0.5444 -0.4414 -0.3558 -0.2835 -0.2201 -0.1631 -0.1107 -0.0626 -0.0188
  0.0205
 -6.3137 -5.8046 -5.3206 -4.8657 -4.4559 -4.1014 -3.8037 -3.5553 -3.3413 -3.1436
 -2.9524 -2.7679 -2.5938 -2.4285 -2.2680 -1.8690 -1.5108 -1.2253 -1.0014 -0.8224
 -0.6767 -0.5567 -0.4578 -0.3770 -0.3105 -0.2538 -0.2036 -0.1576 -0.1151 -0.0762
 -0.0410
 -6.3921 -5.8913 -5.4277 -4.9813 -4.5613 -4.1822 -3.8520 -3.5714 -3.3344 -3.1283
 -2.9391 -2.7571 -2.5809 -2.4124 -2.2521 -1.8861 -1.5439 -1.2473 -1.0151 -0.8327
 -0.6864 -0.5675 -0.4709 -0.3935 -0.3317 -0.2812 -0.2380 -0.1991 -0.1633 -0.1300
 -0.0982
 -6.4753 -5.9660 -5.5161 -5.0908 -4.6801 -4.2934 -3.9417 -3.6321 -3.3658 -3.1379
 -2.9390 -2.7576 -2.5850 -2.4179 -2.2563 -1.8900 -1.5703 -1.2794 -1.0362
 [Fe/H] = -0.25 [alpha/Fe] =-0.40 BC value = F438W
 -7.4789 -6.8966 -6.3303 -5.8222 -5.3602 -4.9379 -4.5826 -4.2548 -3.9633 -3.7117
 -3.4722 -3.2475 -3.0401 -2.8498 -2.6751 -2.2877 -1.9387 -1.6061 -1.2852
 -6.9020 -6.6913 -6.2146 -5.7228 -5.2534 -4.8176 -4.4414 -4.1063 -3.8075 -3.5476
 -3.3039 -3.0767 -2.8673 -2.6761 -2.5016 -2.1222 -1.7903 -1.4832 -1.1957 -0.9320
 -6.4360 -6.3354 -6.0574 -5.6519 -5.2104 -4.7697 -4.3724 -4.0223 -3.7150 -3.4464
 -3.1994 -2.9695 -2.7573 -2.5636 -2.3874 -2.0095 -1.6874 -1.3969 -1.1315 -0.8915
 -0.6796
 -6.1190 -5.7977 -5.7061 -5.5158 -5.1682 -4.7687 -4.3641 -3.9946 -3.6725 -3.3915
 -3.1409 -2.9080 -2.6923 -2.4949 -2.3153 -1.9341 -1.6168 -1.3369 -1.0868 -0.8643
 -0.6683 -0.4995
 -6.0535 -5.5798 -5.2730 -5.1382 -5.0225 -4.7398 -4.3832 -4.0131 -3.6727 -3.3753
 -3.1166 -2.8801 -2.6606 -2.4588 -2.2747 -1.8862 -1.5694 -1.2961 -1.0567 -0.8473
 -0.6644 -0.5058 -0.3705 -0.2556
 -6.0827 -5.5432 -5.1244 -4.8313 -4.6486 -4.5329 -4.3432 -4.0397 -3.7085 -3.3947
 -3.1195 -2.8777 -2.6543 -2.4478 -2.2585 -1.8593 -1.5394 -1.2695 -1.0374 -0.8377
 -0.6654 -0.5161 -0.3880 -0.2785 -0.1844 -0.1007 -0.0227  0.0516  0.1144  0.1532
 -6.1747 -5.5920 -5.1101 -4.7324 -4.4529 -4.2462 -4.0852 -3.9349 -3.7174 -3.4362
 -3.1511 -2.8961 -2.6680 -2.4570 -2.2626 -1.8501 -1.5234 -1.2537 -1.0261 -0.8334
 -0.6693 -0.5282 -0.4071 -0.3037 -0.2147 -0.1362 -0.0668 -0.0023  0.0594  0.1109
  0.1400
 -6.3041 -5.6994 -5.1730 -4.7371 -4.3929 -4.1247 -3.9114 -3.7246 -3.5541 -3.3823
 -3.1733 -2.9314 -2.6982 -2.4831 -2.2835 -1.8568 -1.5200 -1.2472 -1.0214 -0.8331
 -0.6749 -0.5407 -0.4260 -0.3287 -0.2457 -0.1732 -0.1090 -0.0498  0.0042  0.0520
  0.0931
 -6.4401 -5.8360 -5.2853 -4.8059 -4.4073 -4.0876 -3.8340 -3.6227 -3.4301 -3.2468
 -3.0728 -2.8998 -2.7106 -2.5114 -2.3143 -1.8751 -1.5260 -1.2467 -1.0201 -0.8339
 -0.6796 -0.5505 -0.4417 -0.3502 -0.2733 -0.2072 -0.1491 -0.0967 -0.0492 -0.0061
  0.0329
 -6.5758 -5.9873 -5.4348 -4.9311 -4.4912 -4.1232 -3.8240 -3.5813 -3.3753 -3.1856
 -3.0028 -2.8275 -2.6611 -2.4975 -2.3302 -1.9106 -1.5483 -1.2594 -1.0282 -0.8412
 -0.6882 -0.5619 -0.4572 -0.3705 -0.2990 -0.2390 -0.1873 -0.1412 -0.0993 -0.0609
 -0.0270
 -6.7006 -6.1281 -5.5904 -5.0842 -4.6217 -4.2167 -3.8741 -3.5911 -3.3576 -3.1573
 -2.9736 -2.7970 -2.6267 -2.4647 -2.3090 -1.9372 -1.5827 -1.2819 -1.0429 -0.8522
 -0.6981 -0.5726 -0.4703 -0.3871 -0.3199 -0.2655 -0.2202 -0.1807 -0.1452 -0.1130
 -0.0819
 -6.8239 -6.2485 -5.7299 -5.2390 -4.7759 -4.3517 -3.9769 -3.6556 -3.3858 -3.1596
 -2.9646 -2.7875 -2.6188 -2.4561 -2.2994 -1.9395 -1.6142 -1.3152 -1.0653
 [Fe/H] =  0.00 [alpha/Fe] =-0.40 BC value = F438W
 -7.4010 -6.7845 -6.2204 -5.7321 -5.2812 -4.8776 -4.5399 -4.2252 -3.9339 -3.6883
 -3.4563 -3.2377 -3.0349 -2.8476 -2.6756 -2.2953 -1.9500 -1.6283 -1.3276
 -7.0320 -6.6725 -6.1557 -5.6565 -5.1981 -4.7754 -4.4193 -4.0925 -3.7964 -3.5441
 -3.3078 -3.0868 -2.8820 -2.6937 -2.5210 -2.1460 -1.8204 -1.5199 -1.2378 -0.9752
 -6.6460 -6.4525 -6.0745 -5.6259 -5.1728 -4.7397 -4.3555 -4.0185 -3.7162 -3.4546
 -3.2154 -2.9919 -2.7846 -2.5938 -2.4193 -2.0440 -1.7254 -1.4378 -1.1733 -0.9322
 -0.7168
 -6.2722 -5.9845 -5.8696 -5.5611 -5.1666 -4.7520 -4.3507 -3.9935 -3.6800 -3.4053
 -3.1625 -2.9363 -2.7259 -2.5317 -2.3538 -1.9743 -1.6589 -1.3800 -1.1280 -0.9020
 -0.7017 -0.5268
 -6.0570 -5.6199 -5.4134 -5.3386 -5.1043 -4.7598 -4.3829 -4.0130 -3.6812 -3.3911
 -3.1397 -2.9100 -2.6961 -2.4979 -2.3158 -1.9286 -1.6128 -1.3395 -1.0966 -0.8819
 -0.6938 -0.5294 -0.3876 -0.2673
 -6.0968 -5.5523 -5.1600 -4.9283 -4.8272 -4.6806 -4.3934 -4.0566 -3.7175 -3.4107
 -3.1421 -2.9070 -2.6893 -2.4870 -2.3001 -1.9020 -1.5825 -1.3119 -1.0756 -0.8696
 -0.6911 -0.5360 -0.4015 -0.2858 -0.1858 -0.0989 -0.0183  0.0589  0.1213  0.1604
 -6.2206 -5.6076 -5.1216 -4.7625 -4.5209 -4.3685 -4.2498 -4.0497 -3.7635 -3.4582
 -3.1735 -2.9241 -2.7018 -2.4950 -2.3035 -1.8926 -1.5658 -1.2948 -1.0627 -0.8628
 -0.6918 -0.5445 -0.4172 -0.3075 -0.2133 -0.1313 -0.0573  0.0097  0.0701  0.1208
  0.1499
 -6.4064 -5.7420 -5.1894 -4.7491 -4.4162 -4.1743 -3.9921 -3.8421 -3.6900 -3.4822
 -3.2247 -2.9635 -2.7307 -2.5200 -2.3235 -1.8991 -1.5617 -1.2872 -1.0565 -0.8607
 -0.6947 -0.5539 -0.4331 -0.3294 -0.2409 -0.1648 -0.0983 -0.0397  0.0144  0.0650
  0.1053
 -6.6212 -5.9213 -5.3253 -4.8232 -4.4200 -4.1090 -3.8720 -3.6796 -3.5081 -3.3467
 -3.1804 -2.9874 -2.7681 -2.5546 -2.3546 -1.9177 -1.5678 -1.2863 -1.0542 -0.8601
 -0.6977 -0.5614 -0.4464 -0.3486 -0.2659 -0.1957 -0.1352 -0.0819 -0.0344  0.0083
  0.0472
 -6.8136 -6.1250 -5.5128 -4.9699 -4.5095 -4.1360 -3.8424 -3.6112 -3.4180 -3.2410
 -3.0718 -2.9088 -2.7462 -2.5728 -2.3913 -1.9542 -1.5907 -1.2993 -1.0624 -0.8672
 -0.7056 -0.5717 -0.4605 -0.3675 -0.2900 -0.2254 -0.1708 -0.1235 -0.0816 -0.0443
 -0.0113
 -7.0077 -6.3294 -5.7146 -5.1576 -4.6604 -4.2358 -3.8868 -3.6069 -3.3816 -3.1907
 -3.0158 -2.8481 -2.6866 -2.5322 -2.3791 -1.9920 -1.6259 -1.3226 -1.0780 -0.8790
 -0.7161 -0.5825 -0.4733 -0.3837 -0.3105 -0.2508 -0.2020 -0.1608 -0.1250 -0.0934
 -0.0638
 -7.2033 -6.5344 -5.9098 -5.3566 -4.8464 -4.3912 -3.9971 -3.6683 -3.3996 -3.1791
 -2.9914 -2.8212 -2.6588 -2.5027 -2.3180 -2.0311 -1.6734 -1.3562 -1.1010
 [Fe/H] =  0.25 [alpha/Fe] =-0.40 BC value = F438W
 -7.3469 -6.6888 -6.1339 -5.6722 -5.2310 -4.8476 -4.5136 -4.2099 -3.9249 -3.6869
 -3.4610 -3.2483 -3.0499 -2.8663 -2.6965 -2.3205 -1.9809 -1.6666 -1.3745
 -7.1710 -6.6398 -6.1002 -5.6031 -5.1611 -4.7557 -4.4051 -4.0912 -3.8007 -3.5567
 -3.3274 -3.1126 -2.9127 -2.7278 -2.5572 -2.1848 -1.8623 -1.5654 -1.2864 -1.0245
 -6.6587 -6.5197 -6.0577 -5.5978 -5.1455 -4.7240 -4.3514 -4.0254 -3.7278 -3.4755
 -3.2435 -3.0266 -2.8245 -2.6374 -2.4648 -2.0912 -1.7739 -1.4875 -1.2230 -0.9799
 -0.7608
 -6.2802 -6.1990 -5.9607 -5.5814 -5.1575 -4.7404 -4.3477 -4.0024 -3.6972 -3.4290
 -3.1937 -2.9743 -2.7696 -2.5795 -2.4039 -2.0259 -1.7107 -1.4316 -1.1776 -0.9475
 -0.7422 -0.5613
 -6.0648 -5.7094 -5.6252 -5.4631 -5.1439 -4.7660 -4.3805 -4.0185 -3.6978 -3.4142
 -3.1702 -2.9475 -2.7396 -2.5461 -2.3668 -1.9812 -1.6655 -1.3914 -1.1453 -0.9250
 -0.7307 -0.5601 -0.4116 -0.2830
 -6.0909 -5.5622 -5.2255 -5.0963 -5.0021 -4.7472 -4.4160 -4.0656 -3.7305 -3.4320
 -3.1701 -2.9421 -2.7305 -2.5332 -2.3496 -1.9539 -1.6342 -1.3628 -1.1228 -0.9102
 -0.7244 -0.5626 -0.4216 -0.2994 -0.1944 -0.1004 -0.0129  0.0649  0.1274  0.1675
 -6.2333 -5.6025 -5.1304 -4.8103 -4.6339 -4.5434 -4.3762 -4.0987 -3.7860 -3.4772
 -3.1989 -2.9561 -2.7398 -2.5385 -2.3506 -1.9428 -1.6155 -1.3438 -1.1080 -0.9012
 -0.7220 -0.5674 -0.4335 -0.3175 -0.2172 -0.1317 -0.0561  0.0146  0.0808  0.1310
  0.1603
 -6.4577 -5.7501 -5.1845 -4.7558 -4.4509 -4.2494 -4.1165 -3.9937 -3.7975 -3.5325
 -3.2526 -2.9935 -2.7660 -2.5603 -2.3683 -1.9480 -1.6099 -1.3342 -1.0999 -0.8971
 -0.7226 -0.5738 -0.4460 -0.3361 -0.2414 -0.1600 -0.0878 -0.0239  0.0318  0.0792
  0.1186
 -6.7450 -5.9695 -5.3319 -4.8187 -4.4246 -4.1344 -3.9242 -3.7618 -3.6216 -3.4725
 -3.2798 -3.0456 -2.8067 -2.5930 -2.3971 -1.9652 -1.6148 -1.3317 -1.0959 -0.8948
 -0.7236 -0.5790 -0.4566 -0.3524 -0.2634 -0.1877 -0.1234 -0.0678 -0.0192  0.0241
  0.0634
 -6.9779 -6.2187 -5.5543 -4.9757 -4.5055 -4.1387 -3.8606 -3.6488 -3.4751 -3.3182
 -3.1677 -3.0117 -2.8365 -2.6381 -2.4419 -2.0010 -1.6374 -1.3441 -1.1031 -0.9010
 -0.7307 -0.5882 -0.4692 -0.3695 -0.2855 -0.2150 -0.1561 -0.1062 -0.0632 -0.0258
  0.0066
 -7.2650 -6.4890 -5.8017 -5.1947 -4.6666 -4.2323 -3.8877 -3.6197 -3.4092 -3.2328
 -3.0715 -2.9171 -2.7669 -2.6168 -2.4582 -2.0463 -1.6728 -1.3677 -1.1191 -0.9132
 -0.7415 -0.5990 -0.4816 -0.3850 -0.3051 -0.2392 -0.1855 -0.1411 -0.1037 -0.0720
 -0.0439
 -7.6063 -6.7803 -6.0522 -5.4374 -4.8821 -4.3985 -3.9946 -3.6679 -3.4081 -3.1994
 -3.0233 -2.8634 -2.7108 -2.5637 -2.4460 -2.1011 -1.7210 -1.4025 -1.1439
 [Fe/H] =  0.50 [alpha/Fe] =-0.40 BC value = F438W
 -7.2235 -6.6012 -6.0733 -5.6307 -5.1958 -4.8321 -4.5128 -4.2193 -3.9503 -3.7063
 -3.4850 -3.2774 -3.0835 -2.9028 -2.7344 -2.3622 -2.0215 -1.7143 -1.4208
 -7.2201 -6.6009 -6.0533 -5.5706 -5.1381 -4.7480 -4.4122 -4.1080 -3.8250 -3.5862
 -3.3624 -3.1531 -2.9580 -2.7765 -2.6082 -2.2380 -1.9166 -1.6210 -1.3430 -1.0817
 -6.9667 -6.5550 -6.0613 -5.5731 -5.1337 -4.7199 -4.3607 -4.0461 -3.7526 -3.5093
 -3.2837 -3.0726 -2.8756 -2.6924 -2.5223 -2.1506 -1.8337 -1.5472 -1.2816 -1.0357
 -0.8119
 -6.3869 -6.3524 -6.0151 -5.5878 -5.1481 -4.7355 -4.3539 -4.0222 -3.7253 -3.4633
 -3.2350 -3.0218 -2.8226 -2.6368 -2.4641 -2.0881 -1.7728 -1.4929 -1.2366 -1.0021
 -0.7909 -0.6034
 -6.0990 -5.8926 -5.8059 -5.5350 -5.1651 -4.7684 -4.3858 -4.0333 -3.7231 -3.4458
 -3.2096 -2.9934 -2.7913 -2.6027 -2.4266 -2.0437 -1.7274 -1.4522 -1.2030 -0.9776
 -0.7762 -0.5985 -0.4428 -0.3075
 -6.0770 -5.5908 -5.3571 -5.2989 -5.0991 -4.7841 -4.4289 -4.0758 -3.7504 -3.4609
 -3.2052 -2.9843 -2.7788 -2.5867 -2.4071 -2.0150 -1.6946 -1.4220 -1.1791 -0.9604
 -0.7665 -0.5969 -0.4489 -0.3200 -0.2077 -0.1095 -0.0180  0.0681  0.1314  0.1737
 -6.2133 -5.5904 -5.1520 -4.8987 -4.8111 -4.6916 -4.4364 -4.1248 -3.8040 -3.5000
 -3.2304 -2.9937 -2.7838 -2.5880 -2.4046 -2.0016 -1.6738 -1.4007 -1.1620 -0.9490
 -0.7612 -0.5981 -0.4569 -0.3342 -0.2277 -0.1351 -0.0538  0.0203  0.0903  0.1403
  0.1707
 -6.4657 -5.7306 -5.1730 -4.7708 -4.5105 -4.3716 -4.2811 -4.1082 -3.8486 -3.5608
 -3.2797 -3.0271 -2.8057 -2.6056 -2.4182 -2.0040 -1.6657 -1.3886 -1.1516 -0.9426
 -0.7595 -0.6016 -0.4661 -0.3493 -0.2483 -0.1611 -0.0860 -0.0211  0.0384  0.0934
  0.1322
 -6.7985 -5.9712 -5.3130 -4.8072 -4.4344 -4.1757 -4.0046 -3.8849 -3.7621 -3.5772
 -3.3353 -3.0787 -2.8432 -2.6345 -2.4435 -2.0189 -1.6686 -1.3839 -1.1454 -0.9385
 -0.7587 -0.6046 -0.4739 -0.3626 -0.2671 -0.1853 -0.1158 -0.0563 -0.0049  0.0401
  0.0812
 -7.1678 -6.2868 -5.5553 -4.9588 -4.4937 -4.1438 -3.8891 -3.7036 -3.5578 -3.4272
 -3.2866 -3.1129 -2.9022 -2.6836 -2.4860 -2.0524 -1.6898 -1.3946 -1.1509 -0.9434
 -0.7648 -0.6127 -0.4850 -0.3777 -0.2870 -0.2100 -0.1455 -0.0914 -0.0456 -0.0085
  0.0286
 -7.6854 -6.6774 -5.8539 -5.1969 -4.6520 -4.2204 -3.8889 -3.6390 -3.4480 -3.2907
 -3.1482 -3.0103 -2.8673 -2.7102 -2.5308 -2.0976 -1.7247 -1.4178 -1.1663 -0.9551
 -0.7755 -0.6237 -0.4971 -0.3924 -0.3054 -0.2328 -0.1729 -0.1238 -0.0834 -0.0500
 -0.0225
 -8.3513 -7.1430 -6.1572 -5.4766 -4.8864 -4.3863 -3.9826 -3.6660 -3.4203 -3.2269
 -3.0656 -2.9193 -2.7798 -2.6436 -2.5779 -2.1545 -1.7733 -1.4535 -1.1916
 [Fe/H] =  0.75 [alpha/Fe] =-0.40 BC value = F438W
 -7.1232 -6.5318 -6.0301 -5.6095 -5.1828 -4.8404 -4.5335 -4.2458 -3.9805 -3.7402
 -3.5238 -3.3207 -3.1307 -2.9531 -2.7869 -2.4168 -2.0783 -1.7721 -1.4812
 -7.1822 -6.5561 -6.0162 -5.5543 -5.1306 -4.7575 -4.4340 -4.1340 -3.8611 -3.6237
 -3.4090 -3.2048 -3.0141 -2.8362 -2.6704 -2.3028 -1.9818 -1.6861 -1.4079 -1.1451
 -7.0557 -6.5664 -6.0440 -5.5551 -5.1281 -4.7264 -4.3822 -4.0762 -3.7888 -3.5526
 -3.3327 -3.1272 -2.9353 -2.7561 -2.5890 -2.2206 -1.9039 -1.6167 -1.3492 -1.0998
 -0.8707
 -6.7172 -6.4566 -6.0460 -5.5868 -5.1446 -4.7419 -4.3708 -4.0501 -3.7614 -3.5055
 -3.2835 -3.0761 -2.8821 -2.7010 -2.5318 -2.1596 -1.8446 -1.5638 -1.3051 -1.0659
 -0.8482 -0.6532
 -6.1974 -6.1154 -5.9248 -5.5807 -5.1764 -4.7744 -4.3965 -4.0566 -3.7556 -3.4842
 -3.2552 -3.0453 -2.8489 -2.6650 -2.4931 -2.1147 -1.7986 -1.5224 -1.2710 -1.0401
 -0.8313 -0.6454 -0.4819 -0.3387
 -6.0700 -5.6618 -5.5640 -5.4414 -5.1597 -4.8069 -4.4422 -4.0934 -3.7770 -3.4961
 -3.2464 -3.0321 -2.8327 -2.6458 -2.4706 -2.0840 -1.7637 -1.4900 -1.2445 -1.0206
 -0.8189 -0.6406 -0.4845 -0.3482 -0.2290 -0.1233 -0.0248  0.0667  0.1320  0.1779
 -6.1768 -5.5840 -5.2025 -5.0573 -4.9895 -4.7739 -4.4727 -4.1448 -3.8246 -3.5293
 -3.2669 -3.0366 -2.8329 -2.6427 -2.4640 -2.0678 -1.7404 -1.4660 -1.2249 -1.0067
 -0.8107 -0.6385 -0.4888 -0.3587 -0.2456 -0.1466 -0.0594  0.0219  0.0967  0.1477
  0.1804
 -6.4364 -5.6958 -5.1649 -4.8055 -4.6154 -4.5446 -4.4105 -4.1667 -3.8790 -3.5862
 -3.3110 -3.0651 -2.8497 -2.6554 -2.4732 -2.0670 -1.7297 -1.4511 -1.2117 -0.9980
 -0.8068 -0.6392 -0.4947 -0.3703 -0.2627 -0.1692 -0.0889 -0.0181  0.0474  0.1064
  0.1451
 -6.7874 -5.9379 -5.2807 -4.7967 -4.4570 -4.2438 -4.1295 -4.0373 -3.8706 -3.6313
 -3.3676 -3.1125 -2.8826 -2.6796 -2.4937 -2.0782 -1.7299 -1.4438 -1.2030 -0.9916
 -0.8040 -0.6401 -0.5000 -0.3806 -0.2782 -0.1900 -0.1144 -0.0496  0.0061  0.0551
  0.0992
 -7.2588 -6.2942 -5.5236 -4.9279 -4.4806 -4.1569 -3.9342 -3.7854 -3.6759 -3.5586
 -3.3923 -3.1755 -2.9418 -2.7253 -2.5321 -2.1081 -1.7484 -1.4520 -1.2061 -0.9946
 -0.8088 -0.6472 -0.5096 -0.3937 -0.2956 -0.2121 -0.1413 -0.0815 -0.0315  0.0102
  0.0455
 -7.9119 -6.7647 -5.8581 -5.1684 -4.6221 -4.2052 -3.8948 -3.6689 -3.5036 -3.3721
 -3.2526 -3.1244 -2.9709 -2.7835 -2.5832 -2.1504 -1.7814 -1.4735 -1.2197 -1.0049
 -0.8190 -0.6580 -0.5216 -0.4076 -0.3126 -0.2330 -0.1665 -0.1114 -0.0663 -0.0297
 -0.0005
 -8.7468 -7.3494 -6.2246 -5.4805 -4.8613 -4.3578 -3.9655 -3.6658 -3.4394 -3.2657
 -3.1231 -2.9950 -2.8709 -2.7426 -2.6470 -2.2051 -1.8289 -1.5083 -1.2438
 [Fe/H] =  1.00 [alpha/Fe] =-0.40 BC value = F438W
 -7.0049 -6.4862 -6.0196 -5.6003 -5.1936 -4.8300 -4.5120 -4.2316 -3.9818 -3.7568
 -3.5513 -3.3612 -3.1824 -3.0119 -2.8480 -2.4798 -2.1434 -1.8245 -1.5347
 -7.1561 -6.5166 -5.9869 -5.5563 -5.1404 -4.7792 -4.4650 -4.1732 -3.9071 -3.6780
 -3.4644 -3.2646 -3.0778 -2.9032 -2.7399 -2.3752 -2.0550 -1.7547 -1.4756 -1.2115
 -7.1688 -6.5611 -6.0239 -5.5506 -5.1358 -4.7437 -4.4118 -4.1124 -3.8339 -3.6037
 -3.3891 -3.1886 -3.0012 -2.8260 -2.6622 -2.2978 -1.9820 -1.6942 -1.4247 -1.1715
 -0.9366
 -6.8840 -6.5263 -6.0593 -5.5824 -5.1535 -4.7549 -4.3944 -4.0839 -3.8021 -3.5539
 -3.3378 -3.1359 -2.9470 -2.7704 -2.6050 -2.2381 -1.9244 -1.6430 -1.3820 -1.1383
 -0.9138 -0.7104
 -6.4055 -6.2920 -6.0067 -5.6080 -5.1834 -4.7908 -4.4152 -4.0846 -3.7926 -3.5262
 -3.3058 -3.1018 -2.9108 -2.7319 -2.5642 -2.1921 -1.8776 -1.6011 -1.3475 -1.1119
 -0.8958 -0.7011 -0.5285 -0.3765
 -6.0887 -5.8181 -5.7568 -5.5367 -5.1991 -4.8223 -4.4609 -4.1143 -3.8088 -3.5357
 -3.2922 -3.0845 -2.8907 -2.7090 -2.5384 -2.1590 -1.8406 -1.5664 -1.3191 -1.0907
 -0.8817 -0.6942 -0.5287 -0.3839 -0.2578 -0.1435 -0.0358  0.0589  0.1280  0.1790
 -6.1414 -5.5957 -5.3091 -5.2564 -5.1047 -4.8271 -4.4973 -4.1665 -3.8492 -3.5629
 -3.3082 -3.0838 -2.8862 -2.7015 -2.5277 -2.1396 -1.8143 -1.5393 -1.2965 -1.0743
 -0.8712 -0.6896 -0.5304 -0.3917 -0.2709 -0.1651 -0.0705  0.0193  0.0978  0.1516
  0.1882
 -6.3711 -5.6620 -5.1705 -4.8750 -4.7816 -4.6982 -4.4843 -4.2035 -3.9050 -3.6139
 -3.3461 -3.1072 -2.8975 -2.7092 -2.5322 -2.1352 -1.8006 -1.5212 -1.2800 -1.0625
 -0.8647 -0.6879 -0.5336 -0.4003 -0.2851 -0.1849 -0.0974 -0.0196  0.0527  0.1157
  0.1559
 -6.7205 -5.8828 -5.2484 -4.7971 -4.5026 -4.3569 -4.2906 -4.1548 -3.9286 -3.6647
 -3.3971 -3.1495 -2.9255 -2.7280 -2.5478 -2.1425 -1.7979 -1.5110 -1.2682 -1.0535
 -0.8597 -0.6868 -0.5365 -0.4078 -0.2975 -0.2025 -0.1205 -0.0495  0.0122  0.0676
  0.1154
 -7.2489 -6.2510 -5.4742 -4.8966 -4.4764 -4.1861 -4.0064 -3.9061 -3.8164 -3.6656
 -3.4515 -3.2130 -2.9806 -2.7692 -2.5812 -2.1681 -1.8135 -1.5165 -1.2686 -1.0539
 -0.8626 -0.6924 -0.5447 -0.4190 -0.3126 -0.2219 -0.1445 -0.0784 -0.0229  0.0239
  0.0636
 -7.9851 -6.7666 -5.8221 -5.1245 -4.5922 -4.1970 -3.9124 -3.7163 -3.5841 -3.4834
 -3.3761 -3.2316 -3.0411 -2.8287 -2.6296 -2.2064 -1.8433 -1.5357 -1.2798 -1.0621
 -0.8712 -0.7023 -0.5559 -0.4319 -0.3280 -0.2408 -0.1675 -0.1059 -0.0547 -0.0134
  0.0194
 -8.9293 -7.4296 -6.2921 -5.4566 -4.8238 -4.3290 -3.9541 -3.6747 -3.4708 -3.3205
 -3.2016 -3.0940 -2.9804 -2.8477 -2.6930 -2.2574 -1.8873 -1.5686 -1.3018
