 [Fe/H] = -2.50 [alpha/Fe] = 0.00 BC value = F444W
  0.2802  0.2022  0.1345  0.0695  0.0133 -0.0333 -0.0536 -0.0926 -0.1396 -0.1975
 -0.2661 -0.3354 -0.4162 -0.4937 -0.5665 -0.7434 -0.9108 -1.0813 -1.2380
  0.3451  0.2650  0.1848  0.1046  0.0276 -0.0393 -0.0971 -0.1496 -0.2000 -0.2515
 -0.3092 -0.3748 -0.4460 -0.5194 -0.5929 -0.7719 -0.9408 -1.1014 -1.2651 -1.4242
  0.3332  0.2580  0.1824  0.1073  0.0334 -0.0398 -0.1115 -0.1764 -0.2351 -0.2905
 -0.3446 -0.4025 -0.4679 -0.5386 -0.6109 -0.7886 -0.9580 -1.1191 -1.2826 -1.4413
 -1.5928
  0.3076  0.2392  0.1689  0.0977  0.0266 -0.0435 -0.1121 -0.1804 -0.2481 -0.3123
 -0.3734 -0.4303 -0.4893 -0.5547 -0.6243 -0.7999 -0.9700 -1.1325 -1.2955 -1.4539
 -1.6051 -1.7495
  0.2664  0.2067  0.1440  0.0786  0.0115 -0.0563 -0.1234 -0.1893 -0.2548 -0.3209
 -0.3868 -0.4504 -0.5102 -0.5721 -0.6373 -0.8080 -0.9776 -1.1416 -1.3047 -1.4631
 -1.6143 -1.7584 -1.8963 -2.0287
  0.2088  0.1585  0.1053  0.0482 -0.0126 -0.0761 -0.1406 -0.2050 -0.2690 -0.3326
 -0.3968 -0.4618 -0.5239 -0.5863 -0.6504 -0.8152 -0.9822 -1.1465 -1.3101 -1.4694
 -1.6209 -1.7652 -1.9029 -2.0348 -2.1616 -2.2840 -2.4025 -2.5176 -2.6297 -2.7392
  0.1394  0.0947  0.0511  0.0039 -0.0482 -0.1050 -0.1647 -0.2260 -0.2879 -0.3499
 -0.4118 -0.4743 -0.5361 -0.5972 -0.6603 -0.8223 -0.9859 -1.1483 -1.3116 -1.4724
 -1.6253 -1.7701 -1.9079 -2.0398 -2.1662 -2.2878 -2.4054 -2.5192 -2.6299 -2.7378
 -2.8436
  0.0594  0.0196 -0.0180 -0.0562 -0.0981 -0.1458 -0.1982 -0.2542 -0.3124 -0.3715
 -0.4313 -0.4915 -0.5515 -0.6106 -0.6712 -0.8285 -0.9892 -1.1489 -1.3098 -1.4714
 -1.6267 -1.7730 -1.9115 -2.0436 -2.1700 -2.2914 -2.4083 -2.5213 -2.6308 -2.7374
 -2.8414
 -0.0256 -0.0634 -0.0986 -0.1314 -0.1645 -0.2021 -0.2452 -0.2935 -0.3455 -0.4003
 -0.4567 -0.5141 -0.5718 -0.6292 -0.6871 -0.8378 -0.9938 -1.1513 -1.3091 -1.4695
 -1.6268 -1.7759 -1.9161 -2.0491 -2.1760 -2.2975 -2.4144 -2.5273 -2.6364 -2.7420
 -2.8443
 -0.1155 -0.1543 -0.1834 -0.2150 -0.2439 -0.2730 -0.3064 -0.3452 -0.3889 -0.4367
 -0.4876 -0.5407 -0.5952 -0.6503 -0.7059 -0.8492 -0.9983 -1.1515 -1.3062 -1.4631
 -1.6201 -1.7716 -1.9145 -2.0493 -2.1772 -2.2992 -2.4163 -2.5288 -2.6398 -2.7449
 -2.8461
 -0.2105 -0.2531 -0.2724 -0.3006 -0.3311 -0.3576 -0.3833 -0.4126 -0.4469 -0.4858
 -0.5289 -0.5757 -0.6251 -0.6764 -0.7288 -0.8651 -1.0063 -1.1536 -1.3046 -1.4579
 -1.6121 -1.7637 -1.9092 -2.0468 -2.1766 -2.2999 -2.4177 -2.5306 -2.6392 -2.7440
 -2.8454
 -0.3105 -0.3598 -0.3656 -0.3869 -0.4200 -0.4482 -0.4721 -0.4952 -0.5208 -0.5503
 -0.5841 -0.6223 -0.6644 -0.7097 -0.7558 -0.8855 -1.0178 -1.1576 -1.3043
 [Fe/H] = -2.00 [alpha/Fe] = 0.00 BC value = F444W
  0.2983  0.2287  0.1668  0.1083  0.0536  0.0016 -0.0437 -0.0980 -0.1564 -0.2194
 -0.2875 -0.3577 -0.4331 -0.5079 -0.5809 -0.7583 -0.9250 -1.0877 -1.2412
  0.3309  0.2439  0.1594  0.0844  0.0183 -0.0411 -0.0956 -0.1479 -0.2016 -0.2588
 -0.3212 -0.3894 -0.4617 -0.5353 -0.6084 -0.7859 -0.9519 -1.1106 -1.2649 -1.4191
  0.3423  0.2594  0.1771  0.0966  0.0172 -0.0566 -0.1214 -0.1800 -0.2356 -0.2901
 -0.3474 -0.4100 -0.4791 -0.5517 -0.6248 -0.8022 -0.9697 -1.1283 -1.2832 -1.4393
 -1.5904
  0.3411  0.2624  0.1833  0.1052  0.0292 -0.0442 -0.1167 -0.1870 -0.2515 -0.3118
 -0.3696 -0.4285 -0.4921 -0.5619 -0.6337 -0.8120 -0.9815 -1.1412 -1.2966 -1.4519
 -1.6025 -1.7468
  0.3266  0.2538  0.1795  0.1047  0.0305 -0.0421 -0.1121 -0.1801 -0.2489 -0.3173
 -0.3828 -0.4444 -0.5054 -0.5706 -0.6404 -0.8173 -0.9884 -1.1499 -1.3063 -1.4610
 -1.6114 -1.7555 -1.8934 -2.0259
  0.2961  0.2314  0.1640  0.0946  0.0240 -0.0466 -0.1162 -0.1839 -0.2501 -0.3164
 -0.3842 -0.4518 -0.5158 -0.5800 -0.6465 -0.8199 -0.9915 -1.1548 -1.3124 -1.4673
 -1.6178 -1.7620 -1.8998 -2.0319 -2.1589 -2.2815 -2.4004 -2.5158 -2.6279 -2.7371
  0.2482  0.1929  0.1344  0.0727  0.0081 -0.0584 -0.1256 -0.1926 -0.2586 -0.3234
 -0.3883 -0.4545 -0.5204 -0.5857 -0.6523 -0.8217 -0.9921 -1.1562 -1.3149 -1.4707
 -1.6220 -1.7667 -1.9046 -2.0366 -2.1632 -2.2851 -2.4030 -2.5172 -2.6280 -2.7360
 -2.8419
  0.1859  0.1380  0.0888  0.0365 -0.0199 -0.0799 -0.1425 -0.2066 -0.2711 -0.3352
 -0.3987 -0.4623 -0.5259 -0.5901 -0.6557 -0.8236 -0.9917 -1.1554 -1.3142 -1.4706
 -1.6234 -1.7694 -1.9079 -2.0402 -2.1668 -2.2884 -2.4057 -2.5190 -2.6288 -2.7355
 -2.8396
  0.1139  0.0696  0.0275 -0.0157 -0.0629 -0.1146 -0.1704 -0.2293 -0.2903 -0.3523
 -0.4145 -0.4766 -0.5382 -0.5999 -0.6628 -0.8268 -0.9929 -1.1556 -1.3137 -1.4698
 -1.6241 -1.7722 -1.9123 -2.0454 -2.1724 -2.2941 -2.4113 -2.5243 -2.6335 -2.7394
 -2.8423
  0.0400 -0.0047 -0.0444 -0.0815 -0.1199 -0.1625 -0.2098 -0.2613 -0.3165 -0.3742
 -0.4335 -0.4933 -0.5532 -0.6131 -0.6734 -0.8305 -0.9922 -1.1530 -1.3098 -1.4642
 -1.6181 -1.7683 -1.9108 -2.0455 -2.1734 -2.2956 -2.4129 -2.5257 -2.6346 -2.7399
 -2.8441
 -0.0320 -0.0798 -0.1216 -0.1574 -0.1907 -0.2251 -0.2638 -0.3068 -0.3543 -0.4055
 -0.4597 -0.5158 -0.5731 -0.6309 -0.6890 -0.8388 -0.9942 -1.1513 -1.3063 -1.4587
 -1.6107 -1.7610 -1.9058 -2.0430 -2.1727 -2.2961 -2.4141 -2.5273 -2.6361 -2.7413
 -2.8430
 -0.0986 -0.1523 -0.1981 -0.2370 -0.2704 -0.3006 -0.3321 -0.3671 -0.4063 -0.4495
 -0.4966 -0.5470 -0.5982 -0.6527 -0.7096 -0.8517 -0.9989 -1.1505 -1.3032
 [Fe/H] = -1.50 [alpha/Fe] = 0.00 BC value = F444W
  0.3226  0.2582  0.1992  0.1429  0.0869  0.0289 -0.0329 -0.0992 -0.1673 -0.2360
 -0.3056 -0.3766 -0.4486 -0.5213 -0.5938 -0.7706 -0.9368 -1.0946 -1.2454
  0.3064  0.2302  0.1616  0.0990  0.0399 -0.0182 -0.0779 -0.1402 -0.2039 -0.2686
 -0.3350 -0.4044 -0.4765 -0.5497 -0.6225 -0.7990 -0.9640 -1.1202 -1.2704 -1.4202
  0.3303  0.2436  0.1589  0.0818  0.0130 -0.0500 -0.1099 -0.1698 -0.2305 -0.2919
 -0.3547 -0.4209 -0.4915 -0.5645 -0.6377 -0.8145 -0.9816 -1.1385 -1.2885 -1.4382
 -1.5870
  0.3481  0.2643  0.1817  0.1006  0.0209 -0.0559 -0.1254 -0.1888 -0.2499 -0.3102
 -0.3709 -0.4335 -0.5005 -0.5721 -0.6452 -0.8229 -0.9923 -1.1509 -1.3018 -1.4511
 -1.5990 -1.7429
  0.3542  0.2736  0.1928  0.1127  0.0350 -0.0405 -0.1144 -0.1865 -0.2561 -0.3209
 -0.3829 -0.4449 -0.5083 -0.5765 -0.6484 -0.8267 -0.9980 -1.1589 -1.3112 -1.4604
 -1.6077 -1.7512 -1.8892 -2.0219
  0.3488  0.2727  0.1953  0.1176  0.0406 -0.0346 -0.1072 -0.1772 -0.2464 -0.3169
 -0.3861 -0.4520 -0.5160 -0.5812 -0.6500 -0.8274 -1.0000 -1.1632 -1.3174 -1.4669
 -1.6140 -1.7574 -1.8951 -2.0274 -2.1547 -2.2779 -2.3973 -2.5130 -2.6253 -2.7345
  0.3296  0.2599  0.1880  0.1144  0.0403 -0.0335 -0.1060 -0.1765 -0.2450 -0.3125
 -0.3808 -0.4503 -0.5184 -0.5853 -0.6526 -0.8266 -0.9996 -1.1644 -1.3204 -1.4709
 -1.6181 -1.7616 -1.8995 -2.0317 -2.1586 -2.2809 -2.3993 -2.5140 -2.6252 -2.7331
 -2.8389
  0.2940  0.2327  0.1681  0.1008  0.0316 -0.0386 -0.1092 -0.1792 -0.2480 -0.3154
 -0.3819 -0.4489 -0.5165 -0.5844 -0.6529 -0.8253 -0.9974 -1.1632 -1.3207 -1.4721
 -1.6200 -1.7641 -1.9025 -2.0349 -2.1617 -2.2837 -2.4014 -2.5153 -2.6256 -2.7326
 -2.8367
  0.2418  0.1891  0.1328  0.0734  0.0110 -0.0537 -0.1201 -0.1875 -0.2552 -0.3224
 -0.3887 -0.4544 -0.5200 -0.5859 -0.6531 -0.8250 -0.9963 -1.1624 -1.3208 -1.4731
 -1.6218 -1.7671 -1.9066 -2.0398 -2.1670 -2.2891 -2.4066 -2.5201 -2.6298 -2.7361
 -2.8393
  0.1790  0.1316  0.0831  0.0322 -0.0219 -0.0793 -0.1395 -0.2021 -0.2664 -0.3316
 -0.3969 -0.4617 -0.5261 -0.5903 -0.6550 -0.8224 -0.9920 -1.1578 -1.3166 -1.4689
 -1.6176 -1.7639 -1.9051 -2.0396 -2.1677 -2.2902 -2.4078 -2.5211 -2.6304 -2.7362
 -2.8408
  0.1116  0.0649  0.0209 -0.0230 -0.0692 -0.1185 -0.1711 -0.2270 -0.2859 -0.3471
 -0.4096 -0.4728 -0.5359 -0.5987 -0.6617 -0.8227 -0.9885 -1.1527 -1.3115 -1.4637
 -1.6117 -1.7579 -1.9006 -2.0371 -2.1668 -2.2903 -2.4087 -2.5222 -2.6315 -2.7371
 -2.8392
  0.0444 -0.0048 -0.0487 -0.0888 -0.1292 -0.1713 -0.2162 -0.2646 -0.3165 -0.3717
 -0.4295 -0.4893 -0.5504 -0.6118 -0.6732 -0.8259 -0.9858 -1.1471 -1.3055
 [Fe/H] = -1.00 [alpha/Fe] = 0.00 BC value = F444W
  0.3530  0.2906  0.2314  0.1734  0.1131  0.0486 -0.0212 -0.0962 -0.1723 -0.2473
 -0.3204 -0.3920 -0.4628 -0.5339 -0.6052 -0.7802 -0.9462 -1.1019 -1.2505
  0.3201  0.2525  0.1896  0.1299  0.0706  0.0087 -0.0580 -0.1294 -0.2023 -0.2749
 -0.3465 -0.4177 -0.4893 -0.5616 -0.6338 -0.8097 -0.9747 -1.1308 -1.2782 -1.4224
  0.3100  0.2336  0.1645  0.1010  0.0406 -0.0196 -0.0830 -0.1508 -0.2206 -0.2908
 -0.3607 -0.4309 -0.5023 -0.5750 -0.6478 -0.8247 -0.9917 -1.1489 -1.2966 -1.4406
 -1.5841
  0.3358  0.2489  0.1655  0.0895  0.0216 -0.0412 -0.1030 -0.1677 -0.2345 -0.3021
 -0.3700 -0.4385 -0.5087 -0.5809 -0.6539 -0.8318 -1.0010 -1.1601 -1.3093 -1.4536
 -1.5964 -1.7377
  0.3566  0.2725  0.1905  0.1103  0.0319 -0.0439 -0.1141 -0.1801 -0.2457 -0.3117
 -0.3779 -0.4445 -0.5125 -0.5832 -0.6557 -0.8344 -1.0053 -1.1666 -1.3179 -1.4628
 -1.6052 -1.7457 -1.8831 -2.0159
  0.3659  0.2849  0.2042  0.1243  0.0470 -0.0281 -0.1019 -0.1751 -0.2475 -0.3168
 -0.3837 -0.4499 -0.5164 -0.5846 -0.6555 -0.8342 -1.0064 -1.1697 -1.3231 -1.4691
 -1.6114 -1.7515 -1.8884 -2.0208 -2.1484 -2.2720 -2.3920 -2.5086 -2.6216 -2.7306
  0.3658  0.2882  0.2101  0.1317  0.0538 -0.0226 -0.0965 -0.1680 -0.2384 -0.3094
 -0.3810 -0.4513 -0.5195 -0.5868 -0.6553 -0.8324 -1.0053 -1.1703 -1.3257 -1.4730
 -1.6156 -1.7555 -1.8923 -2.0244 -2.1516 -2.2745 -2.3935 -2.5089 -2.6209 -2.7292
 -2.8345
  0.3559  0.2827  0.2083  0.1328  0.0567 -0.0191 -0.0936 -0.1662 -0.2368 -0.3060
 -0.3750 -0.4451 -0.5159 -0.5862 -0.6556 -0.8297 -1.0028 -1.1689 -1.3260 -1.4748
 -1.6180 -1.7579 -1.8947 -2.0270 -2.1541 -2.2766 -2.3950 -2.5096 -2.6207 -2.7283
 -2.8324
  0.3323  0.2655  0.1965  0.1252  0.0525 -0.0210 -0.0944 -0.1669 -0.2382 -0.3080
 -0.3765 -0.4446 -0.5131 -0.5827 -0.6530 -0.8285 -1.0012 -1.1681 -1.3266 -1.4768
 -1.6209 -1.7613 -1.8984 -2.0312 -2.1587 -2.2813 -2.3995 -2.5136 -2.6242 -2.7313
 -2.8349
  0.2946  0.2351  0.1734  0.1083  0.0408 -0.0285 -0.0987 -0.1693 -0.2398 -0.3095
 -0.3782 -0.4460 -0.5133 -0.5807 -0.6488 -0.8228 -0.9959 -1.1635 -1.3228 -1.4739
 -1.6187 -1.7595 -1.8972 -2.0307 -2.1589 -2.2818 -2.4001 -2.5139 -2.6240 -2.7306
 -2.8339
  0.2438  0.1910  0.1365  0.0784  0.0177 -0.0457 -0.1111 -0.1779 -0.2457 -0.3138
 -0.3818 -0.4493 -0.5161 -0.5825 -0.6489 -0.8176 -0.9891 -1.1573 -1.3177 -1.4696
 -1.6147 -1.7557 -1.8939 -2.0285 -2.1578 -2.2816 -2.4003 -2.5145 -2.6245 -2.7308
 -2.8337
  0.1846  0.1362  0.0871  0.0357 -0.0183 -0.0749 -0.1340 -0.1953 -0.2586 -0.3234
 -0.3891 -0.4552 -0.5211 -0.5868 -0.6533 -0.8129 -0.9808 -1.1495 -1.3113
 [Fe/H] = -0.75 [alpha/Fe] = 0.00 BC value = F444W
  0.3705  0.3079  0.2475  0.1871  0.1236  0.0556 -0.0172 -0.0946 -0.1733 -0.2507
 -0.3257 -0.3984 -0.4694 -0.5399 -0.6103 -0.7840 -0.9500 -1.1057 -1.2534
  0.3344  0.2679  0.2051  0.1444  0.0832  0.0190 -0.0502 -0.1246 -0.2009 -0.2768
 -0.3511 -0.4237 -0.4953 -0.5670 -0.6386 -0.8140 -0.9791 -1.1346 -1.2826 -1.4248
  0.3153  0.2438  0.1777  0.1155  0.0552 -0.0061 -0.0713 -0.1422 -0.2157 -0.2898
 -0.3632 -0.4355 -0.5075 -0.5797 -0.6521 -0.8288 -0.9958 -1.1535 -1.3010 -1.4433
 -1.5840
  0.3238  0.2397  0.1644  0.0965  0.0339 -0.0266 -0.0885 -0.1555 -0.2257 -0.2974
 -0.3693 -0.4410 -0.5127 -0.5850 -0.6577 -0.8356 -1.0046 -1.1641 -1.3133 -1.4562
 -1.5965 -1.7353
  0.3432  0.2606  0.1836  0.1031  0.0278 -0.0403 -0.1033 -0.1676 -0.2349 -0.3039
 -0.3738 -0.4440 -0.5147 -0.5864 -0.6590 -0.8378 -1.0084 -1.1699 -1.3212 -1.4651
 -1.6053 -1.7435 -1.8796 -2.0122
  0.3621  0.2851  0.2036  0.1238  0.0466 -0.0280 -0.1012 -0.1725 -0.2417 -0.3099
 -0.3782 -0.4470 -0.5162 -0.5864 -0.6581 -0.8372 -1.0090 -1.1724 -1.3259 -1.4711
 -1.6115 -1.7492 -1.8847 -2.0167 -2.1445 -2.2684 -2.3888 -2.5057 -2.6191 -2.7283
  0.3728  0.2932  0.2138  0.1349  0.0571 -0.0185 -0.0915 -0.1628 -0.2347 -0.3076
 -0.3794 -0.4493 -0.5180 -0.5868 -0.6568 -0.8350 -1.0076 -1.1725 -1.3280 -1.4747
 -1.6156 -1.7532 -1.8883 -2.0200 -2.1473 -2.2704 -2.3897 -2.5056 -2.6180 -2.7268
 -2.8320
  0.3702  0.2936  0.2170  0.1399  0.0629 -0.0134 -0.0879 -0.1603 -0.2311 -0.3013
 -0.3722 -0.4443 -0.5162 -0.5869 -0.6564 -0.8319 -1.0049 -1.1709 -1.3280 -1.4762
 -1.6179 -1.7556 -1.8906 -2.0222 -2.1493 -2.2721 -2.3908 -2.5058 -2.6174 -2.7255
 -2.8299
  0.3579  0.2857  0.2125  0.1383  0.0633 -0.0121 -0.0869 -0.1603 -0.2321 -0.3024
 -0.3718 -0.4413 -0.5116 -0.5829 -0.6543 -0.8304 -1.0032 -1.1701 -1.3286 -1.4783
 -1.6210 -1.7592 -1.8942 -2.0262 -2.1536 -2.2763 -2.3948 -2.5094 -2.6204 -2.7280
 -2.8321
  0.3347  0.2679  0.2003  0.1303  0.0588 -0.0140 -0.0871 -0.1599 -0.2320 -0.3028
 -0.3723 -0.4411 -0.5096 -0.5785 -0.6481 -0.8246 -0.9982 -1.1655 -1.3248 -1.4758
 -1.6194 -1.7580 -1.8933 -2.0256 -2.1535 -2.2765 -2.3950 -2.5093 -2.6198 -2.7269
 -2.8306
  0.2977  0.2378  0.1760  0.1123  0.0457 -0.0228 -0.0928 -0.1633 -0.2340 -0.3042
 -0.3738 -0.4425 -0.5105 -0.5781 -0.6458 -0.8176 -0.9909 -1.1598 -1.3200 -1.4718
 -1.6162 -1.7552 -1.8908 -2.0236 -2.1523 -2.2760 -2.3950 -2.5094 -2.6197 -2.7265
 -2.8299
  0.2485  0.1947  0.1395  0.0820  0.0217 -0.0412 -0.1063 -0.1729 -0.2406 -0.3089
 -0.3772 -0.4453 -0.5129 -0.5799 -0.6474 -0.8094 -0.9813 -1.1530 -1.3142
 [Fe/H] = -0.50 [alpha/Fe] = 0.00 BC value = F444W
  0.3880  0.3249  0.2629  0.1998  0.1327  0.0612 -0.0145 -0.0938 -0.1741 -0.2529
 -0.3295 -0.4035 -0.4752 -0.5455 -0.6152 -0.7872 -0.9529 -1.1085 -1.2566
  0.3499  0.2838  0.2205  0.1581  0.0943  0.0273 -0.0445 -0.1213 -0.2001 -0.2783
 -0.3547 -0.4288 -0.5008 -0.5720 -0.6429 -0.8175 -0.9828 -1.1394 -1.2868 -1.4274
  0.3267  0.2573  0.1921  0.1298  0.0683  0.0054 -0.0620 -0.1353 -0.2118 -0.2891
 -0.3653 -0.4396 -0.5123 -0.5842 -0.6559 -0.8322 -0.9993 -1.1574 -1.3053 -1.4462
 -1.5848
  0.3190  0.2430  0.1735  0.1090  0.0477 -0.0128 -0.0756 -0.1448 -0.2182 -0.2935
 -0.3689 -0.4433 -0.5164 -0.5889 -0.6612 -0.8387 -1.0076 -1.1675 -1.3170 -1.4590
 -1.5973 -1.7338
  0.3441  0.2569  0.1746  0.0999  0.0329 -0.0290 -0.0895 -0.1542 -0.2238 -0.2962
 -0.3699 -0.4437 -0.5168 -0.5895 -0.6621 -0.8406 -1.0110 -1.1727 -1.3243 -1.4676
 -1.6061 -1.7420 -1.8761 -2.0081
  0.3663  0.2825  0.2001  0.1203  0.0433 -0.0302 -0.0985 -0.1635 -0.2306 -0.3001
 -0.3713 -0.4435 -0.5158 -0.5882 -0.6606 -0.8397 -1.0112 -1.1746 -1.3283 -1.4732
 -1.6121 -1.7478 -1.8812 -2.0123 -2.1399 -2.2640 -2.3847 -2.5021 -2.6160 -2.7255
  0.3762  0.2952  0.2148  0.1358  0.0588 -0.0154 -0.0872 -0.1584 -0.2306 -0.3027
 -0.3737 -0.4443 -0.5153 -0.5865 -0.6582 -0.8372 -1.0096 -1.1743 -1.3298 -1.4763
 -1.6160 -1.7517 -1.8846 -2.0152 -2.1423 -2.2656 -2.3853 -2.5016 -2.6145 -2.7239
 -2.8292
  0.3782  0.2996  0.2216  0.1439  0.0668 -0.0088 -0.0820 -0.1533 -0.2241 -0.2958
 -0.3689 -0.4424 -0.5148 -0.5858 -0.6563 -0.8337 -1.0068 -1.1724 -1.3294 -1.4775
 -1.6182 -1.7541 -1.8868 -2.0171 -2.1440 -2.2668 -2.3859 -2.5013 -2.6134 -2.7220
 -2.8270
  0.3728  0.2972  0.2216  0.1458  0.0698 -0.0059 -0.0806 -0.1535 -0.2251 -0.2958
 -0.3664 -0.4378 -0.5102 -0.5829 -0.6552 -0.8317 -1.0049 -1.1715 -1.3298 -1.4794
 -1.6213 -1.7577 -1.8906 -2.0209 -2.1478 -2.2706 -2.3894 -2.5043 -2.6158 -2.7240
 -2.8287
  0.3610  0.2886  0.2166  0.1437  0.0699 -0.0045 -0.0789 -0.1525 -0.2250 -0.2962
 -0.3664 -0.4362 -0.5062 -0.5767 -0.6480 -0.8266 -1.0000 -1.1669 -1.3261 -1.4769
 -1.6199 -1.7570 -1.8901 -2.0205 -2.1475 -2.2705 -2.3891 -2.5037 -2.6147 -2.7222
 -2.8266
  0.3381  0.2710  0.2031  0.1346  0.0642 -0.0076 -0.0802 -0.1529 -0.2252 -0.2967
 -0.3672 -0.4368 -0.5058 -0.5746 -0.6437 -0.8184 -0.9931 -1.1616 -1.3215 -1.4732
 -1.6172 -1.7549 -1.8884 -2.0189 -2.1463 -2.2697 -2.3887 -2.5034 -2.6141 -2.7213
 -2.8253
  0.3024  0.2416  0.1796  0.1158  0.0504 -0.0174 -0.0869 -0.1572 -0.2279 -0.2985
 -0.3686 -0.4380 -0.5067 -0.5748 -0.6423 -0.8071 -0.9842 -1.1556 -1.3160
 [Fe/H] = -0.25 [alpha/Fe] = 0.00 BC value = F444W
  0.4041  0.3402  0.2762  0.2100  0.1393  0.0645 -0.0137 -0.0943 -0.1752 -0.2546
 -0.3320 -0.4072 -0.4797 -0.5502 -0.6193 -0.7893 -0.9544 -1.1103 -1.2590
  0.3648  0.2987  0.2343  0.1699  0.1032  0.0331 -0.0414 -0.1202 -0.2006 -0.2801
 -0.3576 -0.4329 -0.5056 -0.5766 -0.6468 -0.8199 -0.9854 -1.1422 -1.2904 -1.4303
  0.3394  0.2712  0.2061  0.1429  0.0796  0.0141 -0.0556 -0.1312 -0.2101 -0.2894
 -0.3674 -0.4432 -0.5167 -0.5885 -0.6595 -0.8347 -1.0018 -1.1603 -1.3089 -1.4492
 -1.5861
  0.3247  0.2528  0.1857  0.1221  0.0605 -0.0013 -0.0659 -0.1370 -0.2131 -0.2912
 -0.3692 -0.4456 -0.5200 -0.5927 -0.6645 -0.8411 -1.0099 -1.1700 -1.3202 -1.4617
 -1.5988 -1.7333
  0.3317  0.2492  0.1747  0.1069  0.0439 -0.0165 -0.0772 -0.1430 -0.2150 -0.2905
 -0.3674 -0.4440 -0.5191 -0.5926 -0.6651 -0.8429 -1.0130 -1.1747 -1.3268 -1.4700
 -1.6074 -1.7416 -1.8735 -2.0037
  0.3618  0.2761  0.1925  0.1126  0.0388 -0.0280 -0.0896 -0.1515 -0.2190 -0.2909
 -0.3654 -0.4409 -0.5160 -0.5900 -0.6631 -0.8419 -1.0131 -1.1762 -1.3301 -1.4750
 -1.6132 -1.7473 -1.8786 -2.0081 -2.1351 -2.2592 -2.3801 -2.4980 -2.6122 -2.7221
  0.3771  0.2948  0.2136  0.1344  0.0579 -0.0159 -0.0871 -0.1554 -0.2238 -0.2936
 -0.3654 -0.4387 -0.5127 -0.5865 -0.6597 -0.8392 -1.0114 -1.1755 -1.3311 -1.4777
 -1.6169 -1.7511 -1.8821 -2.0109 -2.1373 -2.2605 -2.3803 -2.4969 -2.6103 -2.7202
 -2.8259
  0.3827  0.3028  0.2237  0.1456  0.0690 -0.0052 -0.0769 -0.1468 -0.2176 -0.2905
 -0.3644 -0.4380 -0.5109 -0.5835 -0.6561 -0.8354 -1.0084 -1.1735 -1.3304 -1.4786
 -1.6189 -1.7535 -1.8844 -2.0128 -2.1387 -2.2613 -2.3805 -2.4962 -2.6086 -2.7178
 -2.8235
  0.3816  0.3037  0.2266  0.1500  0.0738 -0.0014 -0.0749 -0.1464 -0.2170 -0.2880
 -0.3602 -0.4339 -0.5082 -0.5821 -0.6549 -0.8330 -1.0065 -1.1725 -1.3306 -1.4802
 -1.6218 -1.7572 -1.8883 -2.0166 -2.1423 -2.2647 -2.3835 -2.4987 -2.6105 -2.7192
 -2.8245
  0.3763  0.3006  0.2258  0.1512  0.0765  0.0017 -0.0726 -0.1456 -0.2175 -0.2885
 -0.3594 -0.4306 -0.5024 -0.5749 -0.6479 -0.8280 -1.0014 -1.1679 -1.3269 -1.4776
 -1.6204 -1.7567 -1.8881 -2.0163 -2.1419 -2.2642 -2.3827 -2.4975 -2.6088 -2.7168
 -2.8217
  0.3645  0.2919  0.2198  0.1479  0.0752  0.0019 -0.0717 -0.1451 -0.2178 -0.2895
 -0.3603 -0.4307 -0.5009 -0.5713 -0.6419 -0.8197 -0.9952 -1.1628 -1.3223 -1.4739
 -1.6178 -1.7550 -1.8869 -2.0153 -2.1408 -2.2632 -2.3819 -2.4967 -2.6077 -2.7153
 -2.8197
  0.3426  0.2749  0.2068  0.1381  0.0688 -0.0021 -0.0739 -0.1462 -0.2185 -0.2903
 -0.3613 -0.4316 -0.5012 -0.5704 -0.6369 -0.8081 -0.9879 -1.1572 -1.3168
 [Fe/H] =  0.00 [alpha/Fe] = 0.00 BC value = F444W
  0.4202  0.3552  0.2890  0.2196  0.1465  0.0689 -0.0118 -0.0938 -0.1755 -0.2551
 -0.3331 -0.4094 -0.4833 -0.5545 -0.6239 -0.7923 -0.9562 -1.1121 -1.2608
  0.3799  0.3136  0.2480  0.1813  0.1121  0.0391 -0.0381 -0.1190 -0.2006 -0.2807
 -0.3590 -0.4354 -0.5092 -0.5808 -0.6509 -0.8227 -0.9880 -1.1447 -1.2935 -1.4334
  0.3530  0.2857  0.2205  0.1563  0.0910  0.0231 -0.0494 -0.1275 -0.2084 -0.2891
 -0.3682 -0.4452 -0.5198 -0.5921 -0.6630 -0.8370 -1.0043 -1.1628 -1.3121 -1.4523
 -1.5877
  0.3348  0.2653  0.1995  0.1362  0.0739  0.0105 -0.0564 -0.1299 -0.2086 -0.2890
 -0.3687 -0.4467 -0.5223 -0.5957 -0.6675 -0.8432 -1.0121 -1.1722 -1.3229 -1.4644
 -1.6002 -1.7332
  0.3349  0.2531  0.1839  0.1192  0.0576 -0.0029 -0.0647 -0.1323 -0.2069 -0.2853
 -0.3648 -0.4434 -0.5201 -0.5947 -0.6675 -0.8448 -1.0149 -1.1764 -1.3288 -1.4720
 -1.6086 -1.7413 -1.8714 -1.9997
  0.3517  0.2648  0.1839  0.1108  0.0445 -0.0170 -0.0763 -0.1381 -0.2072 -0.2819
 -0.3596 -0.4379 -0.5153 -0.5909 -0.6648 -0.8436 -1.0149 -1.1775 -1.3315 -1.4764
 -1.6140 -1.7468 -1.8765 -2.0039 -2.1299 -2.2536 -2.3747 -2.4929 -2.6075 -2.7179
  0.3750  0.2914  0.2094  0.1297  0.0533 -0.0187 -0.0850 -0.1468 -0.2115 -0.2815
 -0.3559 -0.4325 -0.5095 -0.5856 -0.6602 -0.8407 -1.0130 -1.1766 -1.3320 -1.4786
 -1.6173 -1.7505 -1.8799 -2.0068 -2.1318 -2.2544 -2.3743 -2.4913 -2.6052 -2.7156
 -2.8219
  0.3846  0.3038  0.2240  0.1458  0.0698 -0.0035 -0.0743 -0.1430 -0.2117 -0.2825
 -0.3551 -0.4294 -0.5046 -0.5801 -0.6549 -0.8365 -1.0098 -1.1744 -1.3310 -1.4791
 -1.6190 -1.7528 -1.8822 -2.0087 -2.1329 -2.2549 -2.3740 -2.4900 -2.6028 -2.7127
 -2.8190
  0.3863  0.3074  0.2294  0.1523  0.0764  0.0022 -0.0696 -0.1392 -0.2084 -0.2793
 -0.3526 -0.4275 -0.5029 -0.5777 -0.6518 -0.8334 -1.0076 -1.1734 -1.3311 -1.4805
 -1.6219 -1.7565 -1.8862 -2.0125 -2.1364 -2.2579 -2.3765 -2.4919 -2.6041 -2.7133
 -2.8193
  0.3845  0.3073  0.2311  0.1555  0.0804  0.0060 -0.0673 -0.1387 -0.2090 -0.2792
 -0.3504 -0.4231 -0.4969 -0.5713 -0.6457 -0.8277 -1.0023 -1.1688 -1.3274 -1.4779
 -1.6205 -1.7561 -1.8863 -2.0126 -2.1361 -2.2572 -2.3753 -2.4901 -2.6017 -2.7102
 -2.8158
  0.3793  0.3035  0.2292  0.1553  0.0816  0.0078 -0.0657 -0.1385 -0.2103 -0.2813
 -0.3519 -0.4230 -0.4945 -0.5665 -0.6389 -0.8199 -0.9962 -1.1635 -1.3228 -1.4743
 -1.6180 -1.7547 -1.8855 -2.0120 -2.1353 -2.2562 -2.3742 -2.4888 -2.6000 -2.7080
 -2.8131
  0.3684  0.2953  0.2231  0.1513  0.0795  0.0072 -0.0656 -0.1384 -0.2108 -0.2826
 -0.3537 -0.4243 -0.4947 -0.5650 -0.6314 -0.8100 -0.9893 -1.1575 -1.3173
 [Fe/H] =  0.25 [alpha/Fe] = 0.00 BC value = F444W
  0.4340  0.3676  0.2986  0.2259  0.1499  0.0711 -0.0099 -0.0926 -0.1756 -0.2554
 -0.3334 -0.4103 -0.4852 -0.5577 -0.6273 -0.7945 -0.9569 -1.1132 -1.2613
  0.3931  0.3262  0.2588  0.1897  0.1180  0.0425 -0.0367 -0.1187 -0.2012 -0.2816
 -0.3600 -0.4369 -0.5116 -0.5841 -0.6544 -0.8248 -0.9897 -1.1463 -1.2956 -1.4364
  0.3656  0.2986  0.2328  0.1670  0.0997  0.0294 -0.0456 -0.1257 -0.2081 -0.2895
 -0.3690 -0.4466 -0.5220 -0.5950 -0.6660 -0.8388 -1.0058 -1.1643 -1.3144 -1.4551
 -1.5900
  0.3455  0.2775  0.2123  0.1487  0.0852  0.0199 -0.0495 -0.1253 -0.2063 -0.2881
 -0.3687 -0.4475 -0.5239 -0.5981 -0.6701 -0.8449 -1.0134 -1.1735 -1.3247 -1.4666
 -1.6017 -1.7334
  0.3324  0.2616  0.1950  0.1317  0.0704  0.0090 -0.0547 -0.1244 -0.2014 -0.2822
 -0.3633 -0.4432 -0.5209 -0.5964 -0.6697 -0.8464 -1.0162 -1.1774 -1.3300 -1.4735
 -1.6097 -1.7414 -1.8701 -1.9966
  0.3377  0.2575  0.1846  0.1178  0.0553 -0.0045 -0.0641 -0.1271 -0.1982 -0.2755
 -0.3557 -0.4360 -0.5148 -0.5916 -0.6662 -0.8451 -1.0161 -1.1783 -1.3323 -1.4774
 -1.6148 -1.7468 -1.8752 -2.0010 -2.1251 -2.2479 -2.3688 -2.4872 -2.6021 -2.7128
  0.3686  0.2827  0.2001  0.1214  0.0495 -0.0158 -0.0762 -0.1352 -0.1996 -0.2715
 -0.3486 -0.4280 -0.5071 -0.5848 -0.6606 -0.8420 -1.0141 -1.1774 -1.3325 -1.4791
 -1.6178 -1.7504 -1.8787 -2.0041 -2.1271 -2.2486 -2.3682 -2.4851 -2.5994 -2.7101
 -2.8169
  0.3839  0.3023  0.2219  0.1434  0.0676 -0.0056 -0.0755 -0.1410 -0.2046 -0.2720
 -0.3447 -0.4213 -0.4994 -0.5773 -0.6538 -0.8374 -1.0109 -1.1752 -1.3313 -1.4792
 -1.6192 -1.7526 -1.8810 -2.0061 -2.1285 -2.2490 -2.3675 -2.4833 -2.5964 -2.7067
 -2.8136
  0.3885  0.3089  0.2304  0.1531  0.0776  0.0045 -0.0661 -0.1344 -0.2024 -0.2719
 -0.3442 -0.4192 -0.4955 -0.5722 -0.6486 -0.8337 -1.0086 -1.1741 -1.3313 -1.4805
 -1.6218 -1.7562 -1.8851 -2.0101 -2.1320 -2.2518 -2.3696 -2.4847 -2.5970 -2.7065
 -2.8131
  0.3890  0.3109  0.2339  0.1579  0.0828  0.0091 -0.0627 -0.1323 -0.2007 -0.2697
 -0.3408 -0.4145 -0.4899 -0.5659 -0.6417 -0.8270 -1.0030 -1.1696 -1.3277 -1.4779
 -1.6204 -1.7558 -1.8852 -2.0102 -2.1318 -2.2511 -2.3681 -2.4825 -2.5941 -2.7029
 -2.8089
  0.3867  0.3096  0.2341  0.1594  0.0852  0.0115 -0.0613 -0.1327 -0.2027 -0.2722
 -0.3421 -0.4136 -0.4866 -0.5604 -0.6346 -0.8191 -0.9967 -1.1642 -1.3232 -1.4744
 -1.6180 -1.7544 -1.8846 -2.0098 -2.1313 -2.2502 -2.3669 -2.4808 -2.5918 -2.7000
 -2.8055
  0.3821  0.3062  0.2317  0.1586  0.0854  0.0125 -0.0603 -0.1326 -0.2041 -0.2748
 -0.3451 -0.4156 -0.4867 -0.5583 -0.6273 -0.8100 -0.9897 -1.1579 -1.3178
 [Fe/H] =  0.50 [alpha/Fe] = 0.00 BC value = F444W
  0.4463  0.3820  0.3125  0.2387  0.1609  0.0797 -0.0045 -0.0907 -0.1752 -0.2555
 -0.3334 -0.4105 -0.4862 -0.5596 -0.6305 -0.7970 -0.9579 -1.1141 -1.2624
  0.4050  0.3374  0.2677  0.1961  0.1222  0.0455 -0.0346 -0.1178 -0.2013 -0.2821
 -0.3604 -0.4375 -0.5129 -0.5862 -0.6572 -0.8269 -0.9909 -1.1474 -1.2949 -1.4353
  0.3770  0.3102  0.2432  0.1757  0.1064  0.0340 -0.0429 -0.1245 -0.2079 -0.2897
 -0.3693 -0.4471 -0.5231 -0.5969 -0.6685 -0.8406 -1.0068 -1.1652 -1.3158 -1.4573
 -1.5921
  0.3557  0.2888  0.2237  0.1594  0.0945  0.0274 -0.0440 -0.1220 -0.2046 -0.2874
 -0.3684 -0.4476 -0.5246 -0.5994 -0.6720 -0.8463 -1.0142 -1.1742 -1.3258 -1.4683
 -1.6031 -1.7338
  0.3393  0.2711  0.2061  0.1434  0.0818  0.0193 -0.0462 -0.1180 -0.1974 -0.2799
 -0.3620 -0.4425 -0.5210 -0.5972 -0.6710 -0.8475 -1.0168 -1.1779 -1.3307 -1.4746
 -1.6106 -1.7416 -1.8692 -1.9943
  0.3322  0.2593  0.1915  0.1278  0.0670  0.0075 -0.0528 -0.1176 -0.1909 -0.2707
 -0.3527 -0.4342 -0.5140 -0.5916 -0.6669 -0.8462 -1.0167 -1.1788 -1.3325 -1.4779
 -1.6152 -1.7468 -1.8743 -1.9988 -2.1211 -2.2423 -2.3626 -2.4807 -2.5957 -2.7068
  0.3530  0.2736  0.1903  0.1191  0.0542 -0.0063 -0.0644 -0.1235 -0.1892 -0.2634
 -0.3430 -0.4243 -0.5048 -0.5837 -0.6604 -0.8428 -1.0148 -1.1778 -1.3325 -1.4791
 -1.6179 -1.7502 -1.8777 -2.0020 -2.1235 -2.2432 -2.3618 -2.4784 -2.5928 -2.7037
 -2.8109
  0.3795  0.2969  0.2156  0.1364  0.0609 -0.0096 -0.0741 -0.1337 -0.1939 -0.2610
 -0.3356 -0.4148 -0.4950 -0.5746 -0.6524 -0.8379 -1.0116 -1.1757 -1.3312 -1.4790
 -1.6190 -1.7522 -1.8801 -2.0041 -2.1250 -2.2437 -2.3610 -2.4763 -2.5893 -2.6999
 -2.8071
  0.3880  0.3080  0.2291  0.1518  0.0769  0.0045 -0.0658 -0.1335 -0.1987 -0.2642
 -0.3343 -0.4097 -0.4881 -0.5672 -0.6455 -0.8334 -1.0092 -1.1747 -1.3313 -1.4802
 -1.6214 -1.7557 -1.8841 -2.0082 -2.1287 -2.2467 -2.3630 -2.4774 -2.5894 -2.6991
 -2.8061
  0.3905  0.3121  0.2348  0.1586  0.0839  0.0112 -0.0591 -0.1271 -0.1941 -0.2617
 -0.3316 -0.4050 -0.4810 -0.5586 -0.6363 -0.8257 -1.0034 -1.1702 -1.3279 -1.4776
 -1.6199 -1.7551 -1.8843 -2.0084 -2.1287 -2.2460 -2.3615 -2.4749 -2.5861 -2.6948
 -2.8011
  0.3896  0.3125  0.2363  0.1613  0.0870  0.0138 -0.0578 -0.1274 -0.1954 -0.2630
 -0.3317 -0.4032 -0.4770 -0.5524 -0.6283 -0.8168 -0.9965 -1.1648 -1.3236 -1.4743
 -1.6176 -1.7538 -1.8837 -2.0082 -2.1284 -2.2455 -2.3604 -2.4731 -2.5835 -2.6915
 -2.7970
  0.3879  0.3110  0.2360  0.1618  0.0884  0.0154 -0.0569 -0.1280 -0.1979 -0.2668
 -0.3356 -0.4054 -0.4769 -0.5497 -0.6215 -0.8067 -0.9885 -1.1585 -1.3184
 [Fe/H] =  0.75 [alpha/Fe] = 0.00 BC value = F444W
  0.4574  0.3900  0.3184  0.2430  0.1642  0.0826 -0.0015 -0.0879 -0.1746 -0.2559
 -0.3337 -0.4108 -0.4869 -0.5612 -0.6330 -0.7999 -0.9601 -1.1154 -1.2641
  0.4156  0.3468  0.2750  0.2010  0.1264  0.0498 -0.0308 -0.1157 -0.2008 -0.2823
 -0.3607 -0.4377 -0.5134 -0.5874 -0.6592 -0.8295 -0.9918 -1.1483 -1.2980 -1.4404
  0.3864  0.3189  0.2520  0.1827  0.1114  0.0372 -0.0407 -0.1227 -0.2070 -0.2894
 -0.3693 -0.4471 -0.5233 -0.5977 -0.6700 -0.8423 -1.0073 -1.1657 -1.3165 -1.4589
 -1.5932
  0.3648  0.2988  0.2336  0.1684  0.1021  0.0333 -0.0401 -0.1194 -0.2029 -0.2864
 -0.3677 -0.4471 -0.5244 -0.5998 -0.6729 -0.8474 -1.0144 -1.1743 -1.3261 -1.4693
 -1.6044 -1.7342
  0.3462  0.2800  0.2161  0.1537  0.0915  0.0279 -0.0392 -0.1130 -0.1941 -0.2777
 -0.3605 -0.4414 -0.5203 -0.5969 -0.6714 -0.8484 -1.0169 -1.1779 -1.3307 -1.4750
 -1.6113 -1.7417 -1.8684 -1.9924
  0.3328  0.2643  0.1995  0.1377  0.0778  0.0182 -0.0431 -0.1096 -0.1850 -0.2668
 -0.3499 -0.4322 -0.5125 -0.5907 -0.6666 -0.8468 -1.0168 -1.1787 -1.3322 -1.4778
 -1.6154 -1.7465 -1.8733 -1.9970 -2.1181 -2.2376 -2.3563 -2.4740 -2.5886 -2.6999
  0.3374  0.2596  0.1887  0.1237  0.0628  0.0045 -0.0531 -0.1128 -0.1802 -0.2566
 -0.3383 -0.4209 -0.5023 -0.5820 -0.6594 -0.8431 -1.0150 -1.1779 -1.3321 -1.4787
 -1.6175 -1.7497 -1.8767 -2.0001 -2.1205 -2.2386 -2.3557 -2.4716 -2.5856 -2.6966
 -2.8040
  0.3697  0.2843  0.2032  0.1265  0.0560 -0.0074 -0.0662 -0.1228 -0.1829 -0.2512
 -0.3281 -0.4093 -0.4910 -0.5716 -0.6503 -0.8376 -1.0118 -1.1759 -1.3310 -1.4784
 -1.6184 -1.7515 -1.8790 -2.0023 -2.1222 -2.2394 -2.3550 -2.4693 -2.5819 -2.6924
 -2.7997
  0.3842  0.3038  0.2246  0.1473  0.0725  0.0001 -0.0687 -0.1323 -0.1922 -0.2543
 -0.3242 -0.4014 -0.4817 -0.5624 -0.6421 -0.8324 -1.0093 -1.1749 -1.3312 -1.4795
 -1.6206 -1.7548 -1.8830 -2.0064 -2.1260 -2.2426 -2.3572 -2.4703 -2.5816 -2.6911
 -2.7982
  0.3893  0.3108  0.2334  0.1574  0.0833  0.0118 -0.0574 -0.1246 -0.1907 -0.2561
 -0.3228 -0.3948 -0.4719 -0.5514 -0.6311 -0.8236 -1.0031 -1.1705 -1.3280 -1.4772
 -1.6191 -1.7542 -1.8830 -2.0067 -2.1261 -2.2422 -2.3559 -2.4679 -2.5781 -2.6863
 -2.7926
  0.3898  0.3125  0.2364  0.1613  0.0874  0.0151 -0.0550 -0.1227 -0.1889 -0.2551
 -0.3224 -0.3927 -0.4664 -0.5428 -0.6206 -0.8137 -0.9957 -1.1650 -1.3239 -1.4742
 -1.6169 -1.7529 -1.8825 -2.0066 -2.1260 -2.2418 -2.3550 -2.4661 -2.5754 -2.6827
 -2.7881
  0.3886  0.3120  0.2369  0.1627  0.0893  0.0167 -0.0547 -0.1243 -0.1921 -0.2589
 -0.3259 -0.3947 -0.4659 -0.5395 -0.6106 -0.8027 -0.9871 -1.1584 -1.3189
 [Fe/H] =  1.00 [alpha/Fe] = 0.00 BC value = F444W
  0.4666  0.3979  0.3250  0.2484  0.1685  0.0857  0.0005 -0.0869 -0.1747 -0.2573
 -0.3356 -0.4122 -0.4884 -0.5632 -0.6360 -0.8046 -0.9638 -1.1174 -1.2663
  0.4252  0.3489  0.2732  0.1980  0.1235  0.0496 -0.0267 -0.1135 -0.2000 -0.2826
 -0.3615 -0.4381 -0.5139 -0.5883 -0.6608 -0.8323 -0.9933 -1.1491 -1.2993 -1.4423
  0.3957  0.3237  0.2596  0.1885  0.1153  0.0394 -0.0371 -0.1198 -0.2054 -0.2886
 -0.3689 -0.4467 -0.5230 -0.5977 -0.6706 -0.8438 -1.0080 -1.1660 -1.3170 -1.4599
 -1.5950
  0.3729  0.3076  0.2423  0.1760  0.1082  0.0377 -0.0370 -0.1166 -0.2007 -0.2847
 -0.3665 -0.4462 -0.5235 -0.5992 -0.6728 -0.8481 -1.0144 -1.1741 -1.3260 -1.4695
 -1.6055 -1.7352
  0.3522  0.2878  0.2248  0.1625  0.0996  0.0348 -0.0337 -0.1088 -0.1909 -0.2752
 -0.3583 -0.4397 -0.5187 -0.5957 -0.6706 -0.8486 -1.0165 -1.1774 -1.3302 -1.4750
 -1.6117 -1.7419 -1.8679 -1.9911
  0.3347  0.2694  0.2069  0.1465  0.0870  0.0271 -0.0350 -0.1028 -0.1799 -0.2629
 -0.3468 -0.4296 -0.5104 -0.5889 -0.6653 -0.8466 -1.0164 -1.1781 -1.3316 -1.4772
 -1.6151 -1.7462 -1.8726 -1.9953 -2.1153 -2.2334 -2.3506 -2.4670 -2.5811 -2.6923
  0.3270  0.2567  0.1912  0.1299  0.0714  0.0143 -0.0431 -0.1035 -0.1724 -0.2508
 -0.3338 -0.4172 -0.4993 -0.5794 -0.6574 -0.8424 -1.0146 -1.1773 -1.3314 -1.4778
 -1.6168 -1.7489 -1.8756 -1.9983 -2.1177 -2.2346 -2.3502 -2.4649 -2.5782 -2.6887
 -2.7963
  0.3516  0.2663  0.1896  0.1206  0.0577 -0.0007 -0.0565 -0.1121 -0.1726 -0.2427
 -0.3215 -0.4040 -0.4867 -0.5681 -0.6475 -0.8363 -1.0114 -1.1756 -1.3304 -1.4775
 -1.6174 -1.7505 -1.8776 -2.0004 -2.1196 -2.2358 -2.3499 -2.4627 -2.5745 -2.6845
 -2.7917
  0.3758  0.2949  0.2151  0.1373  0.0627 -0.0063 -0.0687 -0.1262 -0.1822 -0.2439
 -0.3150 -0.3940 -0.4758 -0.5576 -0.6381 -0.8303 -1.0086 -1.1747 -1.3308 -1.4786
 -1.6195 -1.7536 -1.8815 -2.0045 -2.1234 -2.2391 -2.3523 -2.4639 -2.5741 -2.6829
 -2.7898
  0.3849  0.3064  0.2291  0.1534  0.0801  0.0093 -0.0595 -0.1259 -0.1888 -0.2496
 -0.3131 -0.3852 -0.4639 -0.5449 -0.6257 -0.8206 -1.0020 -1.1704 -1.3279 -1.4766
 -1.6180 -1.7529 -1.8815 -2.0049 -2.1237 -2.2389 -2.3513 -2.4618 -2.5706 -2.6779
 -2.7838
  0.3869  0.3099  0.2340  0.1591  0.0859  0.0149 -0.0535 -0.1196 -0.1846 -0.2496
 -0.3151 -0.3828 -0.4558 -0.5335 -0.6133 -0.8098 -0.9940 -1.1647 -1.3241 -1.4739
 -1.6162 -1.7518 -1.8811 -2.0049 -2.1238 -2.2387 -2.3506 -2.4602 -2.5680 -2.6743
 -2.7788
  0.3861  0.3101  0.2352  0.1613  0.0883  0.0165 -0.0535 -0.1211 -0.1868 -0.2517
 -0.3171 -0.3845 -0.4546 -0.5280 -0.6009 -0.7979 -0.9846 -1.1576 -1.3194
