 [Fe/H] = -2.00 [alpha/Fe] =-0.40 BC value = F275W
-13.1437-13.1373-13.3190-13.3245-13.2661-13.1212-12.9097-12.7770-12.6503-12.5025
-12.3442-12.1690-11.9769-11.7655-11.5340-10.8644 -9.9145 -8.7862 -7.7966
-13.1504-13.0701-12.9967-12.9486-12.9302-12.8807-12.7705-12.6254-12.4698-12.3044
-12.1184-11.9089-11.6755-11.4195-11.1392-10.3055 -9.2514 -8.2023 -7.3818 -6.7788
-13.0294-12.9455-12.8454-12.7375-12.6349-12.5617-12.5041-12.4097-12.2729-12.1000
-11.8930-11.6469-11.3694-11.0647-10.7355 -9.8117 -8.7557 -7.7364 -6.9467 -6.3823
 -5.9796
-12.9191-12.8445-12.7358-12.5956-12.4360-12.2727-12.1262-12.0143-11.9115-11.7802
-11.5932-11.3393-11.0243-10.6717-10.2992 -9.3175 -8.2987 -7.3469 -6.5777 -6.0454
 -5.6748 -5.4159
-12.8081-12.7511-12.6498-12.4964-12.2988-12.0769-11.8502-11.6337-11.4523-11.2941
-11.1327-10.9211-10.6327-10.2724 -9.8746 -8.8796 -7.9219 -7.0296 -6.2959 -5.7785
 -5.4254 -5.1832 -5.0166 -4.8999
-12.6952-12.6558-12.5753-12.4312-12.2205-11.9605-11.6788-11.3950-11.1239-10.8765
-10.6518-10.4339-10.1866 -9.8810 -9.5194 -8.5489 -7.6511 -6.8192 -6.1142 -5.5919
 -5.2363 -4.9962 -4.8327 -4.7210 -4.6472 -4.5987 -4.5646 -4.5361 -4.5062 -4.4699
-12.5823-12.5618-12.5021-12.3850-12.1898-11.9211-11.6070-11.2766-10.9519-10.6436
-10.3532-10.0779 -9.8126 -9.5380 -9.2307 -8.3447 -7.4894 -6.7153 -6.0279 -5.4906
 -5.1133 -4.8583 -4.6861 -4.5686 -4.4888 -4.4335 -4.3956 -4.3701 -4.3529 -4.3375
 -4.3096
-12.4714-12.4747-12.4339-12.3410-12.1841-11.9399-11.6230-11.2674-10.9046-10.5537
-10.2219 -9.9062 -9.6032 -9.3124 -9.0234 -8.2378 -7.4190 -6.6824 -6.0176 -5.4667
 -5.0583 -4.7738 -4.5803 -4.4479 -4.3576 -4.2958 -4.2529 -4.2237 -4.2042 -4.1914
 -4.1829
-12.3644-12.4005-12.3808-12.2878-12.1757-11.9808-11.6954-11.3414-10.9574-10.5740
-10.2070 -9.8605 -9.5303 -9.2143 -8.9113 -8.1739 -7.4080 -6.6904 -6.0483 -5.4940
 -5.0594 -4.7401 -4.5155 -4.3602 -4.2526 -4.1780 -4.1271 -4.0925 -4.0679 -4.0516
 -4.0426
-12.2633-12.3448-12.3540-12.2982-12.1841-12.0175-11.7927-11.4791-11.1004-10.6991
-10.3023 -9.9241 -9.5671 -9.2305 -8.9105 -8.1593 -7.4405 -6.7395 -6.1095 -5.5604
 -5.1098 -4.7607 -4.5015 -4.3153 -4.1835 -4.0904 -4.0251 -3.9795 -3.9482 -3.9269
 -3.9123
-12.1693-12.2814-12.3194-12.2909-12.2027-12.0605-11.8696-11.6236-11.2908-10.8966
-10.4832-10.0757 -9.6870 -9.3209 -8.9747 -8.1892 -7.4842 -6.8091 -6.1853 -5.6376
 -5.1801 -4.8131 -4.5267 -4.3098 -4.1501 -4.0341 -3.9505 -3.8905 -3.8479 -3.8182
 -3.7978
-12.0811-12.0866-12.1074-12.1204-12.1030-12.0369-11.9077-11.7067-11.4382-11.1089
-10.7247-10.3014 -9.8833 -9.4835 -9.1068 -8.2635 -7.5369 -6.8808 -6.2690
 [Fe/H] = -1.50 [alpha/Fe] =-0.40 BC value = F275W
-13.4304-13.4368-13.4057-13.2918-13.1433-12.9810-12.8151-12.6618-12.5201-12.3778
-12.2252-12.0590-11.8779-11.6794-11.4623-10.8331-10.0067 -9.0152 -8.0985
-13.2535-13.1757-13.1426-13.1328-13.0456-12.8952-12.7163-12.5295-12.3594-12.1926
-12.0117-11.8122-11.5926-11.3526-11.0914-10.3397 -9.4385 -8.4721 -7.6325 -6.9962
-13.1435-13.0401-12.9311-12.8368-12.7875-12.7210-12.5744-12.3800-12.1735-11.9766
-11.7644-11.5294-11.2700-10.9872-10.6820 -9.8372 -8.9144 -7.9947 -7.2011 -6.6043
 -6.1742
-13.0511-12.9482-12.8107-12.6437-12.4780-12.3455-12.2514-12.1268-11.9361-11.7189
-11.4790-11.2073-10.9079-10.5850-10.2429 -9.3414 -8.4340 -7.5772 -6.8345 -6.2702
 -5.8690 -5.5846
-12.9616-12.8737-12.7338-12.5400-12.3098-12.0706-11.8550-11.6804-11.5404-11.3727
-11.1523-10.8752-10.5529-10.2022 -9.8377 -8.9190 -8.0462 -7.2482 -6.5494 -6.0043
 -5.6179 -5.3482 -5.1588 -5.0147
-12.8717-12.8035-12.6832-12.4903-12.2323-11.9387-11.6416-11.3633-11.1209-10.9257
-10.7488-10.5311-10.2472 -9.9088 -9.5404 -8.6213 -7.7798 -7.0247 -6.3574 -5.8166
 -5.4269 -5.1575 -4.9706 -4.8394 -4.7460 -4.6788 -4.6288 -4.5886 -4.5512 -4.5069
-12.7742-12.7291-12.6402-12.4769-12.2277-11.9138-11.5729-11.2368-10.9215-10.6398
-10.3950-10.1796 -9.9546 -9.6835 -9.3600 -8.4634 -7.6364 -6.9054 -6.2574 -5.7107
 -5.3017 -5.0167 -4.8203 -4.6833 -4.5868 -4.5187 -4.4698 -4.4325 -4.4005 -4.3695
 -4.3387
-12.6740-12.6460-12.5898-12.4718-12.2641-11.9661-11.6118-11.2406-10.8807-10.5443
-10.2401 -9.9680 -9.7187 -9.4767 -9.2150 -8.4218 -7.5995 -6.8749 -6.2360 -5.6816
 -5.2450 -4.9306 -4.7121 -4.5601 -4.4530 -4.3756 -4.3198 -4.2799 -4.2513 -4.2301
 -4.2134
-12.5747-12.5583-12.5247-12.4501-12.3014-12.0528-11.7175-11.3360-10.9465-10.5726
-10.2253 -9.9094 -9.6193 -9.3483 -9.0888 -8.4044 -7.6317 -6.9045 -6.2666 -5.7073
 -5.2454 -4.8968 -4.6468 -4.4706 -4.3462 -4.2576 -4.1945 -4.1469 -4.1117 -4.0878
 -4.0741
-12.4802-12.4715-12.4523-12.4074-12.3161-12.1414-11.8622-11.5006-11.1024-10.7027
-10.3216 -9.9677 -9.6423 -9.3396 -9.0543 -8.3894 -7.6951 -6.9835 -6.3422 -5.7801
 -5.3013 -4.9211 -4.6353 -4.4270 -4.2772 -4.1695 -4.0920 -4.0361 -3.9958 -3.9665
 -3.9446
-12.3943-12.3865-12.3749-12.3495-12.2989-12.1891-11.9946-11.6934-11.3126-10.9025
-10.4966-10.1108 -9.7513 -9.4175 -9.1047 -8.3985 -7.7449 -7.0760 -6.4363 -5.8708
 -5.3834 -4.9819 -4.6663 -4.4254 -4.2460 -4.1142 -4.0178 -3.9472 -3.8957 -3.8584
 -3.8311
-12.3158-12.3035-12.2925-12.2778-12.2483-12.1889-12.0712-11.8632-11.5482-11.1532
-10.7338-10.3224 -9.9318 -9.5662 -9.2245 -8.4592 -7.7917 -7.1602 -6.5385
 [Fe/H] = -1.00 [alpha/Fe] =-0.40 BC value = F275W
-13.6125-13.5519-13.3992-13.2291-13.0447-12.8608-12.6949-12.5482-12.4091-12.2726
-12.1294-11.9761-11.8110-11.6321-11.4374-10.8702-10.1565 -9.3008 -8.4440
-13.3524-13.3467-13.3213-13.1862-13.0120-12.8086-12.5911-12.4028-12.2348-12.0745
-11.9053-11.7230-11.5256-11.3116-11.0791-10.4128 -9.6258 -8.7760 -7.9670 -7.2985
-13.2343-13.1251-13.0643-13.0446-12.9284-12.7323-12.4895-12.2403-12.0299-11.8400
-11.6439-11.4331-11.2050-10.9583-10.6923 -9.9469 -9.1199 -8.2951 -7.5425 -6.9181
 -6.4483
-13.1604-13.0278-12.8739-12.7328-12.6482-12.5497-12.3456-12.0784-11.8057-11.5728
-11.3479-11.1096-10.8542-10.5806-10.2893 -9.4989 -8.6679 -7.8792 -7.1784 -6.5925
 -6.1489 -5.8272
-13.0937-12.9706-12.7897-12.5703-12.3390-12.1470-12.0118-11.8443-11.5928-11.3140
-11.0583-10.7967-10.5207-10.2291 -9.9234 -9.1188 -8.3053 -7.5510 -6.8884 -6.3299
 -5.9002 -5.5898 -5.3674 -5.2032
-13.0241-12.9253-12.7624-12.5228-12.2278-11.9221-11.6470-11.4315-11.2622-11.0637
-10.8161-10.5514-10.2662 -9.9653 -9.6528 -8.8465 -8.0520 -7.3225 -6.6824 -6.1381
 -5.7092 -5.3972 -5.1755 -5.0161 -4.8972 -4.8068 -4.7364 -4.6788 -4.6256 -4.5631
-12.9477-12.8762-12.7498-12.5371-12.2361-11.8840-11.5304-11.2098-10.9381-10.7206
-10.5346-10.3379-10.0951 -9.8111 -9.5016 -8.6951 -7.9097 -7.1925 -6.5618 -6.0206
 -5.5818 -5.2551 -5.0225 -4.8567 -4.7358 -4.6443 -4.5739 -4.5188 -4.4741 -4.4331
 -4.3830
-12.8650-12.8155-12.7285-12.5690-12.3078-11.9586-11.5701-11.1901-10.8460-10.5456
-10.2907-10.0839 -9.8957 -9.6849 -9.4291 -8.6562 -7.8687 -7.1516 -6.5201 -5.9749
 -5.5202 -5.1689 -4.9139 -4.7317 -4.5997 -4.5024 -4.4284 -4.3712 -4.3265 -4.2905
 -4.2604
-12.7801-12.7436-12.6863-12.5803-12.3859-12.0839-11.7023-11.2931-10.8994-10.5419
-10.2258 -9.9533 -9.7222 -9.5157 -9.3109 -8.6775 -7.9065 -7.1799 -6.5409 -5.9871
 -5.5153 -5.1352 -4.8498 -4.6424 -4.4920 -4.3816 -4.2999 -4.2358 -4.1860 -4.1490
 -4.1238
-12.6977-12.6714-12.6283-12.5624-12.4374-12.2135-11.8833-11.4840-11.0660-10.6650
-10.2991 -9.9730 -9.6879 -9.4373 -9.2096 -8.6609 -7.9991 -7.2758 -6.6238 -6.0581
 -5.5704 -5.1626 -4.8420 -4.6016 -4.4246 -4.2940 -4.1976 -4.1254 -4.0711 -4.0294
 -3.9971
-12.6225-12.5924-12.5614-12.5203-12.4436-12.3007-12.0529-11.7027-11.2942-10.8731
-10.4693-10.0979 -9.7640 -9.4674 -9.2008 -8.6167 -8.0482 -7.3967 -6.7411 -6.1621
 -5.6604 -5.2313 -4.8799 -4.6055 -4.3974 -4.2414 -4.1250 -4.0377 -3.9722 -3.9228
 -3.8849
-12.5559-12.5224-12.4934-12.4610-12.4198-12.3355-12.1726-11.9063-11.5417-11.1267
-10.7058-10.3022 -9.9277 -9.5872 -9.2796 -8.6198 -8.0548 -7.4843 -6.8685
 [Fe/H] = -0.75 [alpha/Fe] =-0.40 BC value = F275W
-13.6643-13.5403-13.3610-13.1865-13.0044-12.8082-12.6358-12.4920-12.3608-12.2273
-12.0902-11.9448-11.7896-11.6230-11.4425-10.9144-10.2530 -9.4649 -8.6331
-13.4293-13.4414-13.3338-13.1620-12.9761-12.7524-12.5283-12.3429-12.1825-12.0274
-11.8668-11.6959-11.5126-11.3149-11.1005-10.4829 -9.7453 -8.9413 -8.1628 -7.4883
-13.2676-13.1855-13.1810-13.1030-12.9236-12.6966-12.4217-12.1728-11.9726-11.7906
-11.6070-11.4124-11.2040-10.9799-10.7379-10.0524 -9.2707 -8.4745 -7.7437 -7.1154
 -6.6219
-13.1992-13.0564-12.9186-12.8408-12.7744-12.5865-12.3156-12.0071-11.7418-11.5229
-11.3156-11.0997-10.8707-10.6263-10.3651 -9.6422 -8.8502 -8.0751 -7.3847 -6.7950
 -6.3283 -5.9822
-13.1454-13.0035-12.8120-12.5959-12.4076-12.2827-12.1237-11.8573-11.5455-11.2670
-11.0309-10.7966-10.5522-10.2949-10.0232 -9.2893 -8.5092 -7.7587 -7.0970 -6.5339
 -6.0829 -5.7472 -5.5029 -5.3203
-13.0901-12.9711-12.7861-12.5276-12.2300-11.9470-11.7229-11.5547-11.3546-11.0816
-10.8075-10.5562-10.3005-10.0354 -9.7587 -9.0254 -8.2634 -7.5345 -6.8896 -6.3398
 -5.8930 -5.5555 -5.3108 -5.1324 -4.9981 -4.8944 -4.8110 -4.7394 -4.6719 -4.6009
-13.0269-12.9371-12.7885-12.5493-12.2257-11.8676-11.5252-11.2354-11.0093-10.8259
-10.6231-10.3915-10.1414 -9.8747 -9.5958 -8.8644 -8.1150 -7.4007 -6.7632 -6.2168
 -5.7648 -5.4142 -5.1578 -4.9720 -4.8349 -4.7303 -4.6477 -4.5806 -4.5238 -4.4721
 -4.4146
-12.9556-12.8899-12.7844-12.6002-12.3088-11.9357-11.5382-11.1672-10.8457-10.5777
-10.3613-10.1789 -9.9964 -9.7797 -9.5251 -8.8032 -8.0584 -7.3493 -6.7132 -6.1626
 -5.6993 -5.3284 -5.0498 -4.8467 -4.6979 -4.5864 -4.5000 -4.4319 -4.3770 -4.3313
 -4.2917
-12.8805-12.8292-12.7559-12.6307-12.4099-12.0767-11.6710-11.2532-10.8668-10.5283
-10.2386 -9.9950 -9.7966 -9.6196 -9.4320 -8.8167 -8.0774 -7.3653 -6.7242 -6.1653
 -5.6883 -5.2939 -4.9866 -4.7581 -4.5899 -4.4650 -4.3710 -4.2985 -4.2413 -4.1948
 -4.1575
-12.8063-12.7628-12.7092-12.6274-12.4821-12.2316-11.8720-11.4502-11.0233-10.6281
-10.2786 -9.9746 -9.7147 -9.4947 -9.2994 -8.8080 -8.1633 -7.4511 -6.8009 -6.2303
 -5.7377 -5.3196 -4.9803 -4.7192 -4.5239 -4.3783 -4.2692 -4.1863 -4.1225 -4.0725
 -4.0326
-12.7376-12.6953-12.6518-12.5969-12.5034-12.3393-12.0659-11.6907-11.2630-10.8334
-10.4332-10.0751 -9.7600 -9.4868 -9.2481 -8.7367 -8.2130 -7.5730 -6.9176 -6.3336
 -5.8255 -5.3874 -5.0199 -4.7259 -4.4994 -4.3277 -4.1981 -4.0998 -4.0248 -3.9672
 -3.9219
-12.6778-12.6318-12.5913-12.5467-12.4857-12.3844-12.2033-11.9130-11.5290-11.1004
-10.6727-10.2708 -9.9063 -9.5817 -9.2953 -8.7012 -8.1961 -7.6609 -7.0520
 [Fe/H] = -0.50 [alpha/Fe] =-0.40 BC value = F275W
-13.6795-13.5028-13.3157-13.1442-12.9711-12.7740-12.5968-12.4473-12.3192-12.1917
-12.0616-11.9250-11.7807-11.6268-11.4612-10.9757-10.3639 -9.6432 -8.8331
-13.5304-13.4775-13.3132-13.1295-12.9402-12.7120-12.4861-12.3002-12.1412-11.9947
-11.8440-11.6856-11.5174-11.3373-11.1425-10.5782 -9.8909 -9.1254 -8.3736 -7.7018
-13.3038-13.2872-13.2607-13.1059-12.9025-12.6538-12.3700-12.1274-11.9327-11.7613
-11.5916-11.4144-11.2269-11.0265-10.8103-10.1912 -9.4602 -8.6865 -7.9670 -7.3392
 -6.8242
-13.2258-13.0870-13.0049-12.9758-12.8279-12.5805-12.2687-11.9518-11.7018-11.4985
-11.3100-11.1169-10.9146-10.7001-10.4707 -9.8238 -9.0802 -8.3148 -7.6216 -7.0269
 -6.5384 -6.1644
-13.1841-13.0253-12.8335-12.6574-12.5519-12.4223-12.1597-11.8248-11.4979-11.2437
-11.0309-10.8238-10.6107-10.3875-10.1513 -9.4980 -8.7645 -8.0172 -7.3433 -6.7700
 -6.2982 -5.9342 -5.6635 -5.4593
-13.1444-13.0038-12.7988-12.5335-12.2592-12.0370-11.8774-11.6747-11.3786-11.0620
-10.8034-10.5797-10.3572-10.1280 -9.8884 -9.2386 -8.5245 -7.7994 -7.1391 -6.5758
 -6.1104 -5.7456 -5.4733 -5.2713 -5.1166 -4.9951 -4.8966 -4.8128 -4.7342 -4.6479
-13.0972-12.9860-12.8130-12.5446-12.2119-11.8637-11.5587-11.3235-11.1397-10.9323
-10.6677-10.4171-10.1839 -9.9489 -9.7067 -9.0613 -8.3651 -7.6607 -7.0102 -6.4490
 -5.9807 -5.6059 -5.3216 -5.1111 -4.9536 -4.8319 -4.7343 -4.6536 -4.5844 -4.5200
 -4.4485
-13.0399-12.9548-12.8277-12.6151-12.2944-11.9038-11.5118-11.1644-10.8790-10.6551
-10.4710-10.2809-10.0760 -9.8518 -9.6114 -8.9691 -8.2845 -7.5950 -6.9517 -6.3877
 -5.9109 -5.5198 -5.2149 -4.9862 -4.8162 -4.6873 -4.5870 -4.5056 -4.4383 -4.3812
 -4.3301
-12.9767-12.9152-12.8159-12.6680-12.4160-12.0501-11.6262-11.2105-10.8422-10.5316
-10.2758-10.0670 -9.8934 -9.7300 -9.5454 -8.9498 -8.2722 -7.5896 -6.9495 -6.3804
 -5.8918 -5.4820 -5.1518 -4.8982 -4.7084 -4.5657 -4.4568 -4.3713 -4.3026 -4.2458
 -4.1986
-12.9126-12.8531-12.7828-12.6828-12.5143-12.2317-11.8390-11.3979-10.9708-10.5902
-10.2643 -9.9882 -9.7563 -9.5669 -9.4010 -8.9502 -8.3274 -7.6509 -7.0106 -6.4345
 -5.9322 -5.5025 -5.1449 -4.8609 -4.6438 -4.4800 -4.3558 -4.2601 -4.1851 -4.1250
 -4.0760
-12.8524-12.7955-12.7366-12.6635-12.5541-12.3667-12.0629-11.6570-11.2100-10.7775
-10.3887-10.0505 -9.7595 -9.5117 -9.3022 -8.8627 -8.3785 -7.7532 -7.1130 -6.5286
 -6.0127 -5.5649 -5.1834 -4.8694 -4.6219 -4.4317 -4.2868 -4.1754 -4.0891 -4.0216
 -3.9673
-12.7999-12.7400-12.6856-12.6263-12.5494-12.4297-12.2259-11.9088-11.4986-11.0532
-10.6204-10.2258 -9.8773 -9.5735 -9.3109 -8.7869 -8.3425 -7.8393 -7.2396
 [Fe/H] = -0.25 [alpha/Fe] =-0.40 BC value = F275W
-13.6521-13.4548-13.2689-13.1040-12.9357-12.7442-12.5691-12.4135-12.2856-12.1681
-12.0454-11.9176-11.7842-11.6434-11.4926-11.0525-10.4919 -9.8084 -9.0566
-13.5148-13.4685-13.2800-13.0952-12.9029-12.6760-12.4564-12.2700-12.1153-11.9778
-11.8373-11.6913-11.5381-11.3754-11.2005-10.6932-10.0617 -9.3336 -8.6015 -7.9351
-13.3714-13.3888-13.2753-13.0896-12.8771-12.6115-12.3343-12.0995-11.9124-11.7525
-11.5964-11.4358-11.2678-11.0900-10.8994-10.3509 -9.6811 -8.9343 -8.2172 -7.5872
 -7.0555
-13.2459-13.1409-13.1328-13.0422-12.8378-12.5611-12.2268-11.9215-11.6869-11.4974
-11.3265-11.1543-10.9762-10.7894-10.5905-10.0253 -9.3463 -8.6003 -7.8965 -7.2893
 -6.7810 -6.3769
-13.2092-13.0413-12.8753-12.7848-12.7048-12.4808-12.1541-11.7873-11.4776-11.2448
-11.0528-10.8700-10.6844-10.4923-10.2900 -9.7244 -9.0574 -8.3277 -7.6367 -7.0432
 -6.5493 -6.1547 -5.8527 -5.6214
-13.1849-13.0229-12.8059-12.5567-12.3473-12.2113-12.0251-11.7145-11.3580-11.0489
-10.8166-10.6193-10.4261-10.2294-10.0250 -9.4654 -8.8202 -8.1167 -7.4401 -6.8536
 -6.3655 -5.9717 -5.6674 -5.4363 -5.2575 -5.1159 -4.9999 -4.9000 -4.8062 -4.7058
-13.1542-13.0202-12.8231-12.5410-12.2094-11.9011-11.6647-11.4846-11.2658-10.9697
-10.6705-10.4365-10.2314-10.0288 -9.8218 -9.2667 -8.6426 -7.9676 -7.3077 -6.7245
 -6.2344 -5.8337 -5.5188 -5.2780 -5.0950 -4.9523 -4.8366 -4.7403 -4.6572 -4.5789
 -4.4938
-13.1153-13.0074-12.8554-12.6139-12.2667-11.8759-11.5079-11.2039-10.9712-10.7844
-10.5849-10.3424-10.1160 -9.9040 -9.6922 -9.1384 -8.5299 -7.8792 -7.2361 -6.6549
 -6.1580 -5.7453 -5.4128 -5.1546 -4.9583 -4.8077 -4.6894 -4.5932 -4.5124 -4.4418
 -4.3775
-13.0664-12.9768-12.8636-12.6891-12.4024-12.0083-11.5776-11.1781-10.8404-10.5679
-10.3525-10.1739 -9.9996 -9.8220 -9.6262 -9.0762 -8.4774 -7.8427 -7.2137 -6.6340
 -6.1283 -5.7005 -5.3476 -5.0669 -4.8510 -4.6864 -4.5594 -4.4582 -4.3759 -4.3073
 -4.2487
-13.0149-12.9363-12.8469-12.7265-12.5298-12.2094-11.7859-11.3351-10.9190-10.5626
-10.2669-10.0242 -9.8241 -9.6586 -9.5102 -9.0688 -8.4881 -7.8672 -7.2494 -6.6714
 -6.1564 -5.7119 -5.3367 -5.0295 -4.7879 -4.6022 -4.4598 -4.3487 -4.2603 -4.1882
 -4.1286
-12.9653-12.8906-12.8141-12.7233-12.5939-12.3784-12.0370-11.5993-11.1400-10.7144
-10.3451-10.0331 -9.7706 -9.5501 -9.3686 -8.9897 -8.5287 -7.9329 -7.3244 -6.7476
 -6.2248 -5.7652 -5.3699 -5.0374 -4.7679 -4.5565 -4.3930 -4.2661 -4.1664 -4.0870
 -4.0222
-12.9216-12.8454-12.7744-12.6986-12.6051-12.4659-12.2357-11.8843-11.4444-10.9844
-10.5538-10.1742 -9.8481 -9.5695 -9.3322 -8.8783 -8.4881 -8.0089 -7.4263
 [Fe/H] =  0.00 [alpha/Fe] =-0.40 BC value = F275W
-13.5956-13.3979-13.2216-13.0662-12.8986-12.7124-12.5462-12.3980-12.2672-12.1551
-12.0407-11.9220-11.7994-11.6712-11.5356-11.1422-10.6301-10.0065 -9.2897
-13.5657-13.4316-13.2392-13.0603-12.8727-12.6475-12.4391-12.2565-12.1037-11.9748
-11.8447-11.7106-11.5716-11.4254-11.2693-10.8191-10.2498 -9.5661 -8.8518 -8.1866
-13.4711-13.4261-13.2575-13.0646-12.8524-12.5868-12.3151-12.0908-11.9096-11.7600
-11.6168-11.4708-11.3200-11.1621-10.9942-10.5136 -9.9149 -9.2098 -8.4961 -7.8582
 -7.3134
-13.3285-13.2408-13.2167-13.0543-12.8332-12.5432-12.2052-11.9135-11.6917-11.5143
-11.3588-11.2038-11.0458-10.8817-10.7089-10.2206 -9.6200 -8.9160 -8.2070 -7.5817
 -7.0537 -6.6203
-13.2222-13.0617-12.9641-12.9338-12.7733-12.5008-12.1402-11.7700-11.4800-11.2645
-11.0901-10.9268-10.7634-10.5965-10.4226 -9.9398 -9.3551 -8.6706 -7.9731 -7.3545
 -6.8351 -6.4093 -6.0732 -5.8102
-13.2091-13.0317-12.8182-12.6221-12.5149-12.3749-12.0871-11.7106-11.3389-11.0558
-10.8449-10.6693-10.4996-10.3294-10.1546 -9.6799 -9.1190 -8.4659 -7.7883 -7.1757
 -6.6594 -6.2346 -5.8955 -5.6306 -5.4234 -5.2568 -5.1196 -5.0022 -4.8913 -4.7758
-13.1976-13.0393-12.8224-12.5363-12.2394-12.0120-11.8515-11.6325-11.3074-10.9559
-10.6739-10.4643-10.2838-10.1075 -9.9299 -9.4593 -8.9202 -8.3016 -7.6507 -7.0461
 -6.5287 -6.0992 -5.7517 -5.4768 -5.2626 -5.0940 -4.9577 -4.8436 -4.7437 -4.6497
 -4.5503
-13.1763-13.0452-12.8669-12.5985-12.2416-11.8683-11.5510-11.3148-11.1279-10.9112
-10.6294-10.3508-10.1380 -9.9512 -9.7675 -9.2948 -8.7707 -8.1815 -7.5591 -6.9655
 -6.4448 -6.0069 -5.6460 -5.3559 -5.1282 -4.9508 -4.8104 -4.6951 -4.5983 -4.5143
 -4.4355
-13.0939-13.0335-12.8967-12.6916-12.3711-11.9593-11.5389-11.1728-10.8813-10.6577
-10.4749-10.2882-10.0682 -9.8633 -9.6706 -9.1906 -8.6740 -8.1053 -7.5062 -6.9246
 -6.4016 -5.9524 -5.5764 -5.2680 -5.0225 -4.8309 -4.6813 -4.5620 -4.4636 -4.3806
 -4.3094
-13.0821-13.0097-12.8994-12.7553-12.5244-12.1648-11.7197-11.2733-10.8813-10.5590
-10.3012-10.0956 -9.9243 -9.7613 -9.6037 -9.1495 -8.6375 -8.0852 -7.5063 -6.9371
 -6.4122 -5.9509 -5.5574 -5.2282 -4.9606 -4.7490 -4.5839 -4.4540 -4.3495 -4.2637
 -4.1913
-13.0562-12.9776-12.8824-12.7723-12.6194-12.3680-11.9849-11.5226-11.0632-10.6554
-10.3138-10.0334 -9.8034 -9.6127 -9.4531 -9.1021 -8.6465 -8.1062 -7.5438 -6.9865
 -6.4622 -5.9909 -5.5810 -5.2315 -4.9405 -4.7055 -4.5201 -4.3742 -4.2583 -4.1648
 -4.0879
-13.0160-12.9373-12.8540-12.7602-12.6507-12.4893-12.2239-11.8317-11.3656-10.9007
-10.4828-10.1262 -9.8276 -9.5778 -9.2188 -9.0484 -8.7010 -8.1683 -7.6187
 [Fe/H] =  0.25 [alpha/Fe] =-0.40 BC value = F275W
-13.5359-13.3445-13.1778-13.0335-12.8671-12.6891-12.5231-12.3823-12.2568-12.1517
-12.0441-11.9337-11.8204-11.7036-11.5812-11.2309-10.7673-10.1945 -9.5303
-13.5842-13.3855-13.1977-13.0262-12.8468-12.6300-12.4214-12.2488-12.1019-11.9818
-11.8607-11.7370-11.6099-11.4778-11.3378-10.9390-10.4340 -9.8066 -9.1185 -8.4562
-13.4462-13.4180-13.2279-13.0370-12.8321-12.5740-12.3090-12.0931-11.9175-11.7787
-11.6459-11.5119-11.3749-11.2329-11.0832-10.6608-10.1341 -9.4887 -8.7943 -8.1497
 -7.5927
-13.3225-13.3433-13.2349-13.0461-12.8231-12.5345-12.2027-11.9227-11.7106-11.5432
-11.3996-11.2577-11.1147-10.9680-10.8150-10.3895 -9.8667 -9.2277 -8.5364 -7.8973
 -7.3505 -6.8919
-13.2309-13.1056-13.0951-13.0065-12.8004-12.5080-12.1333-11.7732-11.5007-11.2971
-11.1362-10.9876-10.8405-10.6921-10.5392-10.1222 -9.6191 -9.0046 -8.3279 -7.6927
 -7.1485 -6.6943 -6.3242 -6.0278
-13.2206-13.0372-12.8523-12.7556-12.6780-12.4535-12.1100-11.7018-11.3411-11.0793
-10.8842-10.7250-10.5730-10.4224-10.2698 -9.8632 -9.3851 -8.8056 -8.1558 -7.5288
 -6.9846 -6.5291 -6.1560 -5.8560 -5.6149 -5.4198 -5.2590 -5.1198 -4.9898 -4.8579
-13.2238-13.0457-12.8188-12.5515-12.3330-12.2044-12.0164-11.6914-11.3000-10.9461
-10.6900-10.5000-10.3384-10.1827-10.0278 -9.6258 -9.1687 -8.6265 -8.0129 -7.4017
 -6.8583 -6.3983 -6.0178 -5.7086 -5.4601 -5.2601 -5.0971 -4.9618 -4.8447 -4.7330
 -4.6184
-13.2215-13.0667-12.8646-12.5786-12.2287-11.9058-11.6735-11.4987-11.2707-10.9494
-10.6117-10.3534-10.1624 -9.9964 -9.8356 -9.4301 -8.9858 -8.4740 -7.8981 -7.3094
 -6.7693 -6.3039 -5.9130 -5.5914 -5.3301 -5.1211 -4.9539 -4.8174 -4.7020 -4.5998
 -4.5050
-13.1538-13.0749-12.9133-12.6778-12.3313-11.9176-11.5283-11.2177-10.9893-10.8035
-10.5974-10.3317-10.0710 -9.8754 -9.7036 -9.2870 -8.8467 -8.3542 -7.8081 -7.2435
 -6.7105 -6.2401 -5.8389 -5.5030 -5.2268 -5.0041 -4.8269 -4.6844 -4.5666 -4.4671
 -4.3813
-13.1630-13.0708-12.9373-12.7669-12.4993-12.1071-11.6537-11.2268-10.8730-10.5964
-10.3832-10.2072-10.0338 -9.8296 -9.6406 -9.2069 -8.7654 -8.2862 -7.7640 -7.2220
 -6.6983 -6.2234 -5.8105 -5.4592 -5.1655 -4.9250 -4.7327 -4.5792 -4.4550 -4.3515
 -4.2656
-13.1362-13.0561-12.9454-12.8075-12.6273-12.3347-11.9143-11.4394-10.9921-10.6127
-10.3065-10.0629 -9.8677 -9.7042 -9.5473 -9.1714 -8.7336 -8.2611 -7.7564 -7.2338
 -6.7208 -6.2439 -5.8204 -5.4543 -5.1428 -4.8830 -4.6719 -4.5027 -4.3670 -4.2567
 -4.1655
-13.0736-13.0308-12.9236-12.8151-12.6840-12.4950-12.1882-11.7563-11.2731-10.8146
-10.4182-10.0908 -9.8241 -9.6061 -9.4237 -9.1805 -8.7513 -8.2789 -7.7853
 [Fe/H] =  0.50 [alpha/Fe] =-0.40 BC value = F275W
-13.4600-13.2911-13.1387-13.0013-12.8341-12.6656-12.5094-12.3756-12.2596-12.1539
-12.0518-11.9485-11.8436-11.7339-11.6188-11.3110-10.8997-10.3719 -9.7443
-13.5324-13.3351-13.1571-12.9966-12.8217-12.6127-12.4138-12.2489-12.1094-11.9949
-11.8809-11.7658-11.6487-11.5280-11.4013-11.0458-10.5997-10.0346 -9.3862 -8.7394
-13.5619-13.3854-13.1911-13.0085-12.8174-12.5659-12.3104-12.1028-11.9319-11.8031
-11.6788-11.5544-11.4284-11.2990-11.1639-10.7877-10.3241 -9.7459 -9.0905 -8.4507
 -7.8834
-13.3530-13.3864-13.2220-13.0281-12.8111-12.5314-12.2098-11.9416-11.7373-11.5780
-11.4438-11.3123-11.1805-11.0468-10.9088-10.5304-10.0729 -9.5058 -8.8572 -8.2208
 -7.6604 -7.1819
-13.2446-13.1977-13.1828-13.0267-12.8093-12.5121-12.1408-11.7919-11.5319-11.3366
-11.1869-11.0491-10.9137-10.7786-10.6407-10.2713 -9.8338 -9.2941 -8.6656 -8.0357
 -7.4757 -6.9984 -6.5985 -6.2691
-13.2237-13.0484-12.9327-12.9068-12.7561-12.4947-12.1204-11.7037-11.3605-11.1147
-10.9308-10.7842-10.6450-10.5083-10.3715-10.0134 -9.6003 -9.0966 -8.5016 -7.8849
 -7.3245 -6.8443 -6.4411 -6.1080 -5.8337 -5.6055 -5.4152 -5.2534 -5.1017 -4.9523
-13.2348-13.0445-12.8213-12.6086-12.5037-12.3738-12.0981-11.7061-11.2899-10.9537
-10.7188-10.5432-10.3960-10.2556-10.1172 -9.7654 -9.3739 -8.9064 -8.3530 -7.7601
 -7.2044 -6.7198 -6.3100 -5.9686 -5.6870 -5.4548 -5.2617 -5.0996 -4.9610 -4.8294
 -4.6984
-13.2508-13.0739-12.8544-12.5634-12.2493-12.0200-11.8721-11.6572-11.3200-10.9316
-10.5997-10.3664-10.1928-10.0433 -9.8997 -9.5453 -9.1660 -8.7287 -8.2167 -7.6567
 -7.1122 -6.6259 -6.2079 -5.8559 -5.5632 -5.3214 -5.1226 -4.9574 -4.8189 -4.6996
 -4.5864
-13.1997-13.0996-12.9144-12.6531-12.2926-11.8985-11.5695-11.3408-11.1614-10.9371
-10.6278-10.3035-10.0653 -9.8889 -9.7350 -9.3689 -8.9913 -8.5714 -8.0918 -7.5653
 -7.0386 -6.5542 -6.1302 -5.7677 -5.4626 -5.2086 -5.0002 -4.8294 -4.6879 -4.5684
 -4.4657
-13.2239-13.1152-12.9593-12.7613-12.4589-12.0453-11.6004-11.2121-10.9145-10.6950
-10.5153-10.3238-10.0744 -9.8250 -9.6403 -9.2529 -8.8706 -8.4596 -8.0035 -7.5073
 -7.0015 -6.5223 -6.0930 -5.7199 -5.4013 -5.1324 -4.9101 -4.7284 -4.5800 -4.4553
 -4.3540
-13.2472-13.1207-12.9802-12.8273-12.6159-12.2817-11.8342-11.3605-10.9389-10.5999
-10.3381-10.1355 -9.9680 -9.8063 -9.6103 -9.1927 -8.8007 -8.3915 -7.9495 -7.4757
 -6.9900 -6.5193 -6.0873 -5.7053 -5.3739 -5.0901 -4.8520 -4.6557 -4.4957 -4.3650
 -4.2562
-13.2694-13.1161-12.9831-12.8650-12.7025-12.4807-12.1283-11.6652-11.1775-10.7363
-10.3707-10.0790 -9.8482 -9.6629 -9.6450 -9.1883 -8.7816 -8.3671 -7.9298
 [Fe/H] =  0.75 [alpha/Fe] =-0.40 BC value = F275W
-13.4003-13.2445-13.1021-12.9719-12.8061-12.6504-12.5093-12.3803-12.2630-12.1573
-12.0604-11.9632-11.8651-11.7635-11.6579-11.3789-11.0145-10.5241 -9.9638
-13.4678-13.2844-13.1188-12.9694-12.7988-12.6008-12.4118-12.2495-12.1184-12.0065
-11.9009-11.7931-11.6840-11.5721-11.4564-11.1356-10.7390-10.2274 -9.6332 -9.0093
-13.5386-13.3417-13.1533-12.9804-12.8006-12.5599-12.3166-12.1154-11.9500-11.8282
-11.7107-11.5941-11.4768-11.3574-11.2337-10.8939-10.4810 -9.9651 -9.3596 -8.7391
 -8.1707
-13.4969-13.3828-13.1950-13.0050-12.7997-12.5349-12.2239-11.9643-11.7665-11.6137
-11.4869-11.3632-11.2403-11.1166-10.9899-10.6476-10.2405 -9.7372 -9.1430 -8.5278
 -7.9652 -7.4740
-13.2826-13.3006-13.2068-13.0241-12.8082-12.5188-12.1551-11.8197-11.5679-11.3782
-11.2373-11.1076-10.9812-10.8557-10.7290-10.3945-10.0058 -9.5299 -8.9614 -8.3573
 -7.7963 -7.3055 -6.8838 -6.5253
-13.2248-13.0791-13.0580-12.9849-12.7932-12.5177-12.1333-11.7214-11.3912-11.1563
-10.9805-10.8431-10.7132-10.5866-10.4608-10.1372 -9.7714 -9.3303 -8.7980 -8.2147
 -7.6568 -7.1635 -6.7387 -6.3774 -6.0723 -5.8131 -5.5926 -5.4027 -5.2263 -5.0582
-13.2353-13.0426-12.8432-12.7318-12.6663-12.4650-12.1412-11.7107-11.2934-10.9768
-10.7560-10.5913-10.4550-10.3256-10.1993 -9.8830 -9.5384 -9.1316 -8.6421 -8.0899
 -7.5415 -7.0465 -6.6161 -6.2483 -5.9370 -5.6730 -5.4481 -5.2573 -5.0930 -4.9388
 -4.7902
-13.2643-13.0707-12.8431-12.5665-12.3315-12.2111-12.0415-11.7325-11.3201-10.9136
-10.6040-10.3895-10.2295-10.0928 -9.9624 -9.6457 -9.3144 -8.9364 -8.4885 -7.9755
 -7.4463 -6.9537 -6.5181 -6.1417 -5.8213 -5.5492 -5.3180 -5.1220 -4.9564 -4.8141
 -4.6803
-13.2302-13.1090-12.9045-12.6256-12.2680-11.9244-11.6934-11.5324-11.3094-10.9733
-10.5938-10.2835-10.0680 -9.9077 -9.7682 -9.4413 -9.1123 -8.7515 -8.3359 -7.8607
 -7.3585 -6.8751 -6.4378 -6.0543 -5.7242 -5.4421 -5.2026 -5.0002 -4.8301 -4.6862
 -4.5632
-13.2664-13.1429-12.9663-12.7423-12.4121-11.9915-11.5760-11.2517-11.0288-10.8512
-10.6410-10.3497-10.0362 -9.8073 -9.6400 -9.2926 -8.9577 -8.6040 -8.2108 -7.7694
 -7.2973 -6.8286 -6.3926 -6.0029 -5.6626 -5.3688 -5.1177 -4.9053 -4.7276 -4.5790
 -4.4537
-13.3293-13.1724-13.0062-12.8319-12.5875-12.2173-11.7559-11.2987-10.9193-10.6347
-10.4247-10.2531-10.0769 -9.8429 -9.5985 -9.2005 -8.8532 -8.4981 -8.1156 -7.6968
 -7.2513 -6.8008 -6.3707 -5.9780 -5.6294 -5.3246 -5.0613 -4.8369 -4.6486 -4.4923
 -4.3618
-13.4191-13.1975-13.0325-12.8954-12.7053-12.4460-12.0518-11.5693-11.0900-10.6778
-10.3523-10.1033 -9.9106 -9.7512 -9.6437 -9.1650 -8.7988 -8.4338 -8.0503
 [Fe/H] =  1.00 [alpha/Fe] =-0.40 BC value = F275W
-13.3361-13.2072-13.0762-12.9435-12.7853-12.6365-12.5040-12.3842-12.2741-12.1710
-12.0726-11.9772-11.8830-11.7887-11.6926-11.4325-11.1048-10.6277-10.0863
-13.4181-13.2393-13.0830-12.9471-12.7798-12.5900-12.4089-12.2535-12.1273-12.0213
-11.9184-11.8157-11.7135-11.6093-11.5019-11.2082-10.8513-10.3787 -9.8231 -9.2313
-13.4943-13.2945-13.1159-12.9565-12.7863-12.5548-12.3218-12.1253-11.9682-11.8513
-11.7389-11.6283-11.5178-11.4061-11.2917-10.9806-10.6086-10.1444 -9.5886 -8.9966
 -8.4376
-13.5221-13.3544-13.1615-12.9798-12.7928-12.5384-12.2377-11.9853-11.7926-11.6469
-11.5256-11.4080-11.2921-11.1762-11.0586-10.7445-10.3767 -9.9248 -9.3828 -8.7989
 -8.2449 -7.7508
-13.3676-13.3511-13.1988-13.0095-12.8021-12.5338-12.1764-11.8482-11.6027-11.4163
-11.2838-11.1604-11.0406-10.9227-10.8047-10.4971-10.1457 -9.7199 -9.2057 -8.6382
 -8.0887 -7.5956 -7.1619 -6.7830
-13.2308-13.1529-13.1505-13.0113-12.8093-12.5325-12.1563-11.7457-11.4267-11.1986
-11.0288-10.8985-10.7754-10.6562-10.5388-10.2407 -9.9106 -9.5172 -9.0407 -8.4997
 -7.9588 -7.4656 -7.0296 -6.6489 -6.3186 -6.0329 -5.7855 -5.5662 -5.3629 -5.1741
-13.2314-13.0458-12.9036-12.8782-12.7518-12.5204-12.1671-11.7239-11.3106-11.0083
-10.7974-10.6405-10.5120-10.3908-10.2730 -9.9825 -9.6722 -9.3111 -8.8768 -8.3720
 -7.8470 -7.3559 -6.9173 -6.5319 -6.1969 -5.9062 -5.6534 -5.4339 -5.2404 -5.0608
 -4.8931
-13.2619-13.0630-12.8378-12.6050-12.4889-12.3812-12.1405-11.7664-11.3133-10.9111
-10.6211-10.4201-10.2703-10.1432-10.0227 -9.7334 -9.4369 -9.1037 -8.7091 -8.2458
 -7.7471 -7.2638 -6.8237 -6.4333 -6.0918 -5.7944 -5.5351 -5.3089 -5.1139 -4.9442
 -4.7867
-13.2496-13.1069-12.8887-12.6031-12.2729-12.0255-11.8884-11.6967-11.3727-10.9550
-10.5623-10.2780-10.0797 -9.9320 -9.8042 -9.5075 -9.2149 -8.8989 -8.5355 -8.1121
 -7.6457 -7.1777 -6.7409 -6.3471 -5.9992 -5.6946 -5.4285 -5.1959 -4.9942 -4.8225
 -4.6754
-13.2907-13.1552-12.9610-12.7144-12.3673-11.9585-11.6028-11.3715-11.2054-10.9903
-10.6698-10.3031-10.0040 -9.7968 -9.6445 -9.3297 -9.0322 -8.7237 -8.3823 -7.9932
 -7.5622 -7.1163 -6.6871 -6.2918 -5.9376 -5.6245 -5.3498 -5.1090 -4.9003 -4.7218
 -4.5712
-13.3919-13.2079-13.0179-12.8228-12.5471-12.1506-11.6902-11.2688-10.9525-10.7351
-10.5628-10.3711-10.1022 -9.7949 -9.5687 -9.2066 -8.8965 -8.5855 -8.2536 -7.8870
 -7.4854 -7.0647 -6.6485 -6.2559 -5.8978 -5.5774 -5.2943 -5.0450 -4.8279 -4.6423
 -4.4854
-13.5534-13.2650-13.0594-12.8909-12.6936-12.3958-11.9684-11.4793-11.0217-10.6518
-10.3778-10.1760-10.0125 -9.8512 -9.5768 -9.1382 -8.8078 -8.4843 -8.1494
