 [Fe/H] = -4.00 [alpha/Fe] = 0.40 BC value = F814W
 -2.4520 -1.5428 -0.3657  0.0130 -0.8210 -2.7094 -1.9641 -0.7449 -0.0135  0.0109
  0.0630  0.0278 -0.3824 -0.8857 -1.1557 -1.0712
 -2.2414 -1.8440 -1.2645 -1.0236 -1.2722 -2.0972 -1.7678 -1.2259 -0.8333 -0.7056
 -0.6116 -0.6023 -0.7692 -0.9883 -1.1069 -1.0415 -1.0012 -0.9839 -1.0465
 -1.9117 -1.8041 -1.6050 -1.4699 -1.4288 -1.6139 -1.5250 -1.3840 -1.2370 -1.1127
 -1.0294 -1.0004 -1.0232 -1.0653 -1.0846 -1.0342 -1.0207 -1.0121 -1.0378 -1.0670
 -1.0724
 -1.4629 -1.4231 -1.3872 -1.3259 -1.2907 -1.2595 -1.2357 -1.2190 -1.2246 -1.2102
 -1.1906 -1.1665 -1.1445 -1.1166 -1.0888 -1.0493 -1.0274 -1.0281 -1.0430 -1.0669
 -1.0957 -1.1282 -1.1630
 -1.2687 -1.2617 -1.2530 -1.2310 -1.2132 -1.1939 -1.1758 -1.1604 -1.1485 -1.1391
 -1.1292 -1.1167 -1.1037 -1.0889 -1.0719 -1.0455 -1.0403 -1.0483 -1.0650 -1.0879
 -1.1153 -1.1460 -1.1792 -1.2153 -1.2548
 -1.0901 -1.1081 -1.1214 -1.1283 -1.1287 -1.1239 -1.1157 -1.1063 -1.0973 -1.0893
 -1.0826 -1.0766 -1.0696 -1.0633 -1.0547 -1.0394 -1.0446 -1.0598 -1.0804 -1.1046
 -1.1321 -1.1622 -1.1946 -1.2291 -1.2659 -1.3057
 -0.9270 -0.9623 -0.9924 -1.0178 -1.0371 -1.0495 -1.0554 -1.0567 -1.0552 -1.0522
 -1.0487 -1.0454 -1.0425 -1.0406 -1.0372 -1.0310 -1.0403 -1.0626 -1.0892 -1.1170
 -1.1461 -1.1768 -1.2093 -1.2431 -1.2786 -1.3161 -1.3562 -1.4014 -1.4526 -1.5062
 -0.7794 -0.8243 -0.8660 -0.9048 -0.9394 -0.9679 -0.9894 -1.0039 -1.0128 -1.0177
 -1.0199 -1.0205 -1.0204 -1.0203 -1.0204 -1.0207 -1.0314 -1.0566 -1.0889 -1.1225
 -1.1556 -1.1886 -1.2222 -1.2566 -1.2919 -1.3282 -1.3658 -1.4068 -1.4533 -1.5059
 -1.5615
 -0.6554 -0.7024 -0.7493 -0.7960 -0.8405 -0.8813 -0.9165 -0.9446 -0.9655 -0.9801
 -0.9898 -0.9962 -1.0003 -1.0030 -1.0047 -1.0097 -1.0210 -1.0451 -1.0801 -1.1191
 -1.1579 -1.1954 -1.2319 -1.2682 -1.3044 -1.3410 -1.3785 -1.4170 -1.4588 -1.5059
 -1.5599
 -0.5523 -0.5998 -0.6486 -0.6985 -0.7481 -0.7961 -0.8407 -0.8801 -0.9126 -0.9376
 -0.9560 -0.9692 -0.9786 -0.9853 -0.9899 -0.9980 -1.0106 -1.0328 -1.0668 -1.1084
 -1.1524 -1.1957 -1.2371 -1.2768 -1.3155 -1.3535 -1.3915 -1.4302 -1.4702 -1.5135
 -1.5604
 -0.4730 -0.5175 -0.5643 -0.6131 -0.6637 -0.7145 -0.7641 -0.8109 -0.8529 -0.8880
 -0.9157 -0.9371 -0.9532 -0.9651 -0.9736 -0.9871 -1.0000 -1.0212 -1.0526 -1.0930
 -1.1391 -1.1870 -1.2339 -1.2786 -1.3212 -1.3621 -1.4021 -1.4416 -1.4813 -1.5221
 -1.5652
 -0.4167 -0.4555 -0.4977 -0.5428 -0.5912 -0.6412 -0.6923 -0.7424 -0.7899 -0.8318
 -0.8677 -0.8977 -0.9220 -0.9410 -0.9550 -0.9760 -0.9906 -1.0106 -1.0400 -1.0782
 -1.1233 -1.1726 -1.2234 -1.2732 -1.3207 -1.3658 -1.4091 -1.4509 -1.4919 -1.5328
 -1.5746
 -0.3834 -0.4139 -0.4488 -0.4876 -0.5306 -0.5762 -0.6282 -0.6786 -0.7281 -0.7738
 -0.8154 -0.8530 -0.8871 -0.9130 -0.9339 -0.9646 -0.9824 -1.0010 -1.0290
 [Fe/H] = -3.00 [alpha/Fe] = 0.40 BC value = F814W
 -1.3467 -1.2834 -1.2523 -1.2618 -1.3204 -1.5513 -1.4713 -1.3753 -1.2987 -1.2413
 -1.1542 -1.0758 -1.0740 -1.1102 -1.1151 -1.0129
 -1.3779 -1.3161 -1.2776 -1.2677 -1.2923 -1.4148 -1.3889 -1.3487 -1.3095 -1.2730
 -1.2220 -1.1720 -1.1489 -1.1402 -1.1195 -1.0295 -0.9878 -0.9797 -0.9914
 -1.3838 -1.3275 -1.2868 -1.2646 -1.2648 -1.3105 -1.3152 -1.3101 -1.2969 -1.2772
 -1.2524 -1.2236 -1.1918 -1.1580 -1.1229 -1.0439 -1.0097 -1.0052 -1.0177 -1.0409
 -1.0705
 -1.3644 -1.3176 -1.2799 -1.2525 -1.2378 -1.2384 -1.2502 -1.2596 -1.2610 -1.2542
 -1.2454 -1.2306 -1.2028 -1.1638 -1.1253 -1.0561 -1.0276 -1.0266 -1.0404 -1.0630
 -1.0911 -1.1233 -1.1588
 -1.3197 -1.2864 -1.2569 -1.2314 -1.2114 -1.1985 -1.1939 -1.1971 -1.2017 -1.2038
 -1.2010 -1.1930 -1.1818 -1.1575 -1.1267 -1.0661 -1.0415 -1.0439 -1.0594 -1.0819
 -1.1092 -1.1400 -1.1738 -1.2105 -1.2507
 -1.2497 -1.2339 -1.2178 -1.2013 -1.1856 -1.1721 -1.1622 -1.1566 -1.1548 -1.1554
 -1.1543 -1.1495 -1.1454 -1.1369 -1.1195 -1.0714 -1.0497 -1.0554 -1.0740 -1.0978
 -1.1252 -1.1555 -1.1883 -1.2235 -1.2610 -1.3014
 -1.1573 -1.1589 -1.1587 -1.1552 -1.1488 -1.1410 -1.1330 -1.1261 -1.1212 -1.1178
 -1.1145 -1.1105 -1.1053 -1.1037 -1.0957 -1.0683 -1.0514 -1.0595 -1.0823 -1.1095
 -1.1386 -1.1695 -1.2023 -1.2368 -1.2731 -1.3113 -1.3521 -1.3980 -1.4497 -1.5033
 -1.0505 -1.0660 -1.0800 -1.0906 -1.0964 -1.0981 -1.0967 -1.0937 -1.0902 -1.0869
 -1.0837 -1.0799 -1.0748 -1.0721 -1.0681 -1.0538 -1.0458 -1.0559 -1.0824 -1.1146
 -1.1476 -1.1808 -1.2148 -1.2498 -1.2858 -1.3231 -1.3622 -1.4036 -1.4501 -1.5031
 -1.5588
 -0.9538 -0.9687 -0.9876 -1.0099 -1.0278 -1.0408 -1.0487 -1.0529 -1.0547 -1.0547
 -1.0538 -1.0521 -1.0494 -1.0462 -1.0441 -1.0355 -1.0342 -1.0461 -1.0745 -1.1115
 -1.1472 -1.1874 -1.2243 -1.2611 -1.2981 -1.3354 -1.3737 -1.4151 -1.4597 -1.5072
 -1.5573
 -0.8161 -0.8638 -0.8977 -0.9191 -0.9463 -0.9696 -0.9879 -1.0014 -1.0107 -1.0167
 -1.0203 -1.0224 -1.0231 -1.0228 -1.0227 -1.0180 -1.0200 -1.0339 -1.0622 -1.1014
 -1.1447 -1.1879 -1.2295 -1.2697 -1.3090 -1.3477 -1.3865 -1.4258 -1.4664 -1.5096
 -1.5577
 -0.7068 -0.7596 -0.7979 -0.8231 -0.8569 -0.8876 -0.9150 -0.9379 -0.9563 -0.9704
 -0.9808 -0.9883 -0.9936 -0.9974 -1.0004 -1.0023 -1.0063 -1.0209 -1.0482 -1.0866
 -1.1320 -1.1797 -1.2266 -1.2717 -1.3148 -1.3563 -1.3969 -1.4370 -1.4773 -1.5187
 -1.5624
 -0.6079 -0.6561 -0.6997 -0.7390 -0.7773 -0.8139 -0.8475 -0.8648 -0.8919 -0.9146
 -0.9332 -0.9479 -0.9593 -0.9682 -0.9752 -0.9869 -0.9935 -1.0088 -1.0352 -1.0720
 -1.1166 -1.1658 -1.2166 -1.2666 -1.3145 -1.3601 -1.4039 -1.4463 -1.4878 -1.5293
 -1.5716
 -0.5195 -0.5534 -0.6030 -0.6668 -0.7073 -0.7485 -0.7628 -0.7984 -0.8309 -0.8508
 -0.8774 -0.9001 -0.9189 -0.9342 -0.9471 -0.9718 -0.9816 -0.9976 -1.0232
 [Fe/H] = -2.50 [alpha/Fe] = 0.40 BC value = F814W
 -1.3226 -1.3659 -1.4748 -1.5197 -1.4646 -1.4039 -1.4254 -1.4901 -1.5134 -1.4634
 -1.3872 -1.3017 -1.2275 -1.1710 -1.1177 -1.0124
 -1.3336 -1.3202 -1.3536 -1.3707 -1.3556 -1.3429 -1.3622 -1.3949 -1.4070 -1.3851
 -1.3447 -1.2909 -1.2329 -1.1791 -1.1294 -1.0346 -0.9877 -0.9773 -0.9813
 -1.3414 -1.2920 -1.2744 -1.2692 -1.2733 -1.2857 -1.3021 -1.3163 -1.3231 -1.3197
 -1.3039 -1.2743 -1.2321 -1.1843 -1.1392 -1.0540 -1.0111 -1.0025 -1.0116 -1.0333
 -1.0658
 -1.3460 -1.2813 -1.2372 -1.2152 -1.2177 -1.2323 -1.2451 -1.2543 -1.2617 -1.2672
 -1.2648 -1.2519 -1.2251 -1.1866 -1.1471 -1.0706 -1.0311 -1.0238 -1.0359 -1.0579
 -1.0857 -1.1181 -1.1542
 -1.3474 -1.2881 -1.2420 -1.2087 -1.1888 -1.1827 -1.1912 -1.2089 -1.2228 -1.2276
 -1.2274 -1.2237 -1.2119 -1.1860 -1.1531 -1.0844 -1.0477 -1.0412 -1.0541 -1.0762
 -1.1033 -1.1343 -1.1683 -1.2050 -1.2454
 -1.3273 -1.2800 -1.2408 -1.2087 -1.1841 -1.1679 -1.1604 -1.1607 -1.1688 -1.1807
 -1.1878 -1.1887 -1.1872 -1.1764 -1.1531 -1.0935 -1.0595 -1.0537 -1.0681 -1.0912
 -1.1187 -1.1492 -1.1823 -1.2179 -1.2561 -1.2972
 -1.2805 -1.2486 -1.2213 -1.1968 -1.1753 -1.1576 -1.1448 -1.1373 -1.1343 -1.1351
 -1.1387 -1.1424 -1.1448 -1.1462 -1.1383 -1.0959 -1.0652 -1.0600 -1.0762 -1.1021
 -1.1312 -1.1625 -1.1957 -1.2308 -1.2677 -1.3066 -1.3482 -1.3946 -1.4465 -1.5003
 -1.2085 -1.1928 -1.1793 -1.1664 -1.1529 -1.1396 -1.1277 -1.1180 -1.1113 -1.1071
 -1.1044 -1.1028 -1.1016 -1.1040 -1.1040 -1.0861 -1.0641 -1.0599 -1.0773 -1.1069
 -1.1397 -1.1733 -1.2077 -1.2433 -1.2799 -1.3178 -1.3577 -1.3998 -1.4468 -1.5001
 -1.5559
 -1.1181 -1.1162 -1.1159 -1.1153 -1.1127 -1.1078 -1.1012 -1.0940 -1.0876 -1.0826
 -1.0785 -1.0749 -1.0715 -1.0691 -1.0696 -1.0625 -1.0541 -1.0536 -1.0717 -1.1043
 -1.1418 -1.1796 -1.2168 -1.2541 -1.2916 -1.3296 -1.3687 -1.4093 -1.4523 -1.4998
 -1.5545
 -1.0163 -1.0258 -1.0361 -1.0461 -1.0542 -1.0593 -1.0609 -1.0599 -1.0575 -1.0547
 -1.0520 -1.0494 -1.0466 -1.0436 -1.0426 -1.0376 -1.0365 -1.0422 -1.0613 -1.0954
 -1.1370 -1.1800 -1.2218 -1.2624 -1.3022 -1.3415 -1.3811 -1.4211 -1.4624 -1.5063
 -1.5548
 -0.9104 -0.9281 -0.9465 -0.9643 -0.9810 -0.9952 -1.0061 -1.0133 -1.0175 -1.0197
 -1.0206 -1.0210 -1.0207 -1.0200 -1.0195 -1.0169 -1.0181 -1.0279 -1.0482 -1.0818
 -1.1251 -1.1722 -1.2191 -1.2644 -1.3079 -1.3499 -1.3912 -1.4320 -1.4730 -1.5151
 -1.5592
 -0.8021 -0.8267 -0.8512 -0.8749 -0.8976 -0.9190 -0.9378 -0.9533 -0.9655 -0.9746
 -0.9814 -0.9865 -0.9904 -0.9933 -0.9956 -0.9988 -1.0017 -1.0133 -1.0350 -1.0676
 -1.1102 -1.1588 -1.2095 -1.2595 -1.3077 -1.3537 -1.3981 -1.4411 -1.4832 -1.5253
 -1.5682
 -0.6913 -0.7216 -0.7538 -0.7813 -0.8088 -0.8352 -0.8598 -0.8823 -0.9020 -0.9187
 -0.9325 -0.9439 -0.9534 -0.9613 -0.9709 -0.9833 -0.9873 -0.9984 -1.0217
 [Fe/H] = -2.00 [alpha/Fe] = 0.40 BC value = F814W
 -1.7067 -1.6613 -1.6313 -1.6147 -1.5983 -1.5803 -1.5554 -1.5220 -1.4801 -1.4307
 -1.3734 -1.3111 -1.2487 -1.1899 -1.1270 -1.0233
 -1.5476 -1.5030 -1.4759 -1.4610 -1.4544 -1.4505 -1.4440 -1.4310 -1.4107 -1.3829
 -1.3457 -1.2992 -1.2463 -1.1934 -1.1417 -1.0471 -0.9920 -0.9747 -0.9830
 -1.4467 -1.3917 -1.3598 -1.3453 -1.3422 -1.3455 -1.3502 -1.3512 -1.3467 -1.3356
 -1.3154 -1.2844 -1.2430 -1.1972 -1.1536 -1.0676 -1.0171 -1.0003 -1.0082 -1.0294
 -1.0586
 -1.4040 -1.3274 -1.2830 -1.2676 -1.2616 -1.2652 -1.2740 -1.2826 -1.2881 -1.2888
 -1.2825 -1.2667 -1.2388 -1.2013 -1.1627 -1.0848 -1.0384 -1.0220 -1.0294 -1.0500
 -1.0774 -1.1100 -1.1469
 -1.3995 -1.3093 -1.2510 -1.2204 -1.2099 -1.2122 -1.2211 -1.2315 -1.2393 -1.2445
 -1.2459 -1.2417 -1.2282 -1.2018 -1.1690 -1.0987 -1.0559 -1.0398 -1.0466 -1.0671
 -1.0942 -1.1253 -1.1599 -1.1974 -1.2386
 -1.4074 -1.3241 -1.2587 -1.2146 -1.1890 -1.1774 -1.1764 -1.1831 -1.1948 -1.2073
 -1.2122 -1.2123 -1.2077 -1.1947 -1.1701 -1.1079 -1.0684 -1.0533 -1.0599 -1.0809
 -1.1083 -1.1393 -1.1730 -1.2094 -1.2484 -1.2903
 -1.4004 -1.3255 -1.2648 -1.2171 -1.1811 -1.1566 -1.1424 -1.1373 -1.1403 -1.1513
 -1.1650 -1.1742 -1.1784 -1.1758 -1.1630 -1.1114 -1.0756 -1.0616 -1.0686 -1.0908
 -1.1198 -1.1517 -1.1856 -1.2214 -1.2592 -1.2991 -1.3418 -1.3891 -1.4415 -1.4951
 -1.3701 -1.3083 -1.2568 -1.2149 -1.1809 -1.1542 -1.1345 -1.1218 -1.1152 -1.1132
 -1.1153 -1.1216 -1.1293 -1.1365 -1.1380 -1.1085 -1.0771 -1.0645 -1.0720 -1.0957
 -1.1274 -1.1616 -1.1968 -1.2331 -1.2706 -1.3095 -1.3505 -1.3937 -1.4415 -1.4951
 -1.5508
 -1.3151 -1.2685 -1.2290 -1.1963 -1.1689 -1.1455 -1.1259 -1.1104 -1.0993 -1.0922
 -1.0878 -1.0854 -1.0853 -1.0890 -1.0949 -1.0916 -1.0725 -1.0623 -1.0700 -1.0948
 -1.1296 -1.1673 -1.2052 -1.2432 -1.2816 -1.3206 -1.3607 -1.4024 -1.4464 -1.4947
 -1.5496
 -1.2362 -1.2050 -1.1792 -1.1576 -1.1393 -1.1231 -1.1081 -1.0944 -1.0829 -1.0739
 -1.0671 -1.0620 -1.0580 -1.0555 -1.0569 -1.0600 -1.0578 -1.0547 -1.0636 -1.0886
 -1.1258 -1.1678 -1.2098 -1.2510 -1.2916 -1.3318 -1.3723 -1.4135 -1.4559 -1.5007
 -1.5499
 -1.1425 -1.1255 -1.1120 -1.1010 -1.0921 -1.0844 -1.0766 -1.0683 -1.0600 -1.0524
 -1.0460 -1.0408 -1.0365 -1.0328 -1.0307 -1.0310 -1.0348 -1.0410 -1.0532 -1.0780
 -1.1156 -1.1606 -1.2071 -1.2527 -1.2968 -1.3396 -1.3818 -1.4237 -1.4658 -1.5089
 -1.5540
 -1.0433 -1.0352 -1.0318 -1.0300 -1.0295 -1.0297 -1.0297 -1.0286 -1.0262 -1.0229
 -1.0193 -1.0163 -1.0137 -1.0114 -1.0096 -1.0084 -1.0124 -1.0233 -1.0400 -1.0654
 -1.1023 -1.1481 -1.1979 -1.2479 -1.2965 -1.3431 -1.3883 -1.4323 -1.4754 -1.5186
 -1.5624
 -0.9405 -0.9414 -0.9445 -0.9495 -0.9557 -0.9624 -0.9691 -0.9750 -0.9795 -0.9824
 -0.9839 -0.9848 -0.9856 -0.9863 -0.9936 -0.9922 -0.9906 -1.0016 -1.0240
 [Fe/H] = -1.50 [alpha/Fe] = 0.40 BC value = F814W
 -2.0336 -1.9741 -1.9215 -1.8703 -1.8226 -1.7644 -1.6888 -1.5962 -1.5135 -1.4418
 -1.3751 -1.3110 -1.2503 -1.1944 -1.1434 -1.0415
 -1.8555 -1.7912 -1.7403 -1.6973 -1.6598 -1.6197 -1.5691 -1.5074 -1.4525 -1.4033
 -1.3543 -1.3026 -1.2496 -1.1990 -1.1529 -1.0612 -1.0016 -0.9741 -0.9759
 -1.7173 -1.6468 -1.5945 -1.5553 -1.5246 -1.4976 -1.4666 -1.4289 -1.3952 -1.3639
 -1.3304 -1.2915 -1.2476 -1.2029 -1.1613 -1.0783 -1.0249 -1.0000 -1.0009 -1.0192
 -1.0476
 -1.6190 -1.5409 -1.4841 -1.4443 -1.4171 -1.3980 -1.3813 -1.3607 -1.3416 -1.3236
 -1.3034 -1.2777 -1.2443 -1.2061 -1.1686 -1.0928 -1.0442 -1.0213 -1.0214 -1.0385
 -1.0653 -1.0974 -1.1342
 -1.5557 -1.4616 -1.3957 -1.3570 -1.3313 -1.3158 -1.3065 -1.2976 -1.2888 -1.2805
 -1.2707 -1.2568 -1.2356 -1.2061 -1.1733 -1.1039 -1.0594 -1.0382 -1.0379 -1.0543
 -1.0805 -1.1119 -1.1472 -1.1856 -1.2280
 -1.5272 -1.4191 -1.3394 -1.2848 -1.2524 -1.2394 -1.2405 -1.2419 -1.2409 -1.2384
 -1.2346 -1.2286 -1.2182 -1.1998 -1.1737 -1.1112 -1.0702 -1.0508 -1.0508 -1.0668
 -1.0931 -1.1246 -1.1591 -1.1965 -1.2367 -1.2802
 -1.5268 -1.4172 -1.3284 -1.2599 -1.2116 -1.1815 -1.1689 -1.1718 -1.1826 -1.1936
 -1.1992 -1.1985 -1.1936 -1.1846 -1.1680 -1.1142 -1.0767 -1.0592 -1.0600 -1.0762
 -1.1032 -1.1355 -1.1703 -1.2072 -1.2463 -1.2876 -1.3318 -1.3805 -1.4336 -1.4869
 -1.5240 -1.4178 -1.3300 -1.2599 -1.2061 -1.1676 -1.1430 -1.1297 -1.1255 -1.1296
 -1.1406 -1.1528 -1.1599 -1.1600 -1.1532 -1.1127 -1.0790 -1.0634 -1.0651 -1.0819
 -1.1100 -1.1440 -1.1801 -1.2176 -1.2564 -1.2968 -1.3393 -1.3843 -1.4332 -1.4871
 -1.5424
 -1.5087 -1.4102 -1.3272 -1.2596 -1.2063 -1.1652 -1.1350 -1.1144 -1.1020 -1.0957
 -1.0941 -1.0973 -1.1050 -1.1139 -1.1198 -1.1054 -1.0771 -1.0636 -1.0661 -1.0835
 -1.1103 -1.1489 -1.1874 -1.2265 -1.2662 -1.3066 -1.3483 -1.3912 -1.4367 -1.4865
 -1.5415
 -1.4681 -1.3853 -1.3106 -1.2495 -1.2000 -1.1608 -1.1299 -1.1062 -1.0890 -1.0775
 -1.0702 -1.0660 -1.0644 -1.0665 -1.0721 -1.0809 -1.0698 -1.0596 -1.0633 -1.0809
 -1.1110 -1.1495 -1.1912 -1.2333 -1.2751 -1.3167 -1.3588 -1.4015 -1.4456 -1.4918
 -1.5419
 -1.4043 -1.3375 -1.2766 -1.2248 -1.1820 -1.1474 -1.1194 -1.0966 -1.0782 -1.0639
 -1.0535 -1.0461 -1.0409 -1.0375 -1.0368 -1.0443 -1.0506 -1.0509 -1.0565 -1.0741
 -1.1040 -1.1438 -1.1886 -1.2344 -1.2795 -1.3236 -1.3672 -1.4106 -1.4543 -1.4990
 -1.5456
 -1.3243 -1.2714 -1.2241 -1.1825 -1.1482 -1.1201 -1.0973 -1.0782 -1.0621 -1.0485
 -1.0373 -1.0287 -1.0222 -1.0174 -1.0141 -1.0140 -1.0227 -1.0339 -1.0458 -1.0644
 -1.0937 -1.1335 -1.1803 -1.2297 -1.2788 -1.3264 -1.3728 -1.4181 -1.4628 -1.5075
 -1.5528
 -1.2338 -1.1927 -1.1566 -1.1252 -1.0991 -1.0781 -1.0613 -1.0475 -1.0358 -1.0255
 -1.0164 -1.0089 -1.0029 -0.9983 -1.0040 -0.9900 -0.9861 -1.0086 -1.0312
 [Fe/H] = -1.00 [alpha/Fe] = 0.40 BC value = F814W
 -2.5491 -2.4842 -2.4155 -2.3364 -2.2499 -2.1303 -1.9606 -1.7506 -1.5908 -1.4537
 -1.3694 -1.3021 -1.2448 -1.1934 -1.1470 -1.0525
 -2.3055 -2.2385 -2.1761 -2.1110 -2.0392 -1.9462 -1.8172 -1.6572 -1.5230 -1.4271
 -1.3562 -1.2971 -1.2444 -1.1968 -1.1540 -1.0681 -1.0078 -0.9749 -0.9676
 -2.1100 -2.0365 -1.9748 -1.9178 -1.8584 -1.7882 -1.6943 -1.5761 -1.4751 -1.3993
 -1.3407 -1.2901 -1.2430 -1.1994 -1.1599 -1.0811 -1.0282 -0.9991 -0.9928 -1.0056
 -1.0314
 -1.9626 -1.8782 -1.8116 -1.7568 -1.7075 -1.6563 -1.5919 -1.5073 -1.4305 -1.3703
 -1.3229 -1.2811 -1.2406 -1.2012 -1.1647 -1.0915 -1.0434 -1.0176 -1.0122 -1.0239
 -1.0483 -1.0798 -1.1170
 -1.8545 -1.7597 -1.6848 -1.6263 -1.5795 -1.5390 -1.4970 -1.4403 -1.3836 -1.3370
 -1.2998 -1.2672 -1.2345 -1.2006 -1.1674 -1.0994 -1.0549 -1.0317 -1.0274 -1.0387
 -1.0620 -1.0930 -1.1288 -1.1681 -1.2118
 -1.7479 -1.6516 -1.5784 -1.5202 -1.4736 -1.4368 -1.4060 -1.3717 -1.3327 -1.2984
 -1.2705 -1.2465 -1.2224 -1.1957 -1.1671 -1.1043 -1.0632 -1.0422 -1.0390 -1.0504
 -1.0732 -1.1038 -1.1390 -1.1775 -1.2190 -1.2643
 -1.6953 -1.5755 -1.4811 -1.4115 -1.3645 -1.3356 -1.3166 -1.2999 -1.2785 -1.2560
 -1.2362 -1.2194 -1.2031 -1.1846 -1.1625 -1.1064 -1.0684 -1.0494 -1.0473 -1.0592
 -1.0820 -1.1128 -1.1481 -1.1863 -1.2269 -1.2703 -1.3168 -1.3673 -1.4219 -1.4754
 -1.6788 -1.5513 -1.4452 -1.3600 -1.2956 -1.2501 -1.2210 -1.2066 -1.2015 -1.1993
 -1.1953 -1.1881 -1.1782 -1.1664 -1.1517 -1.1053 -1.0705 -1.0536 -1.0525 -1.0650
 -1.0882 -1.1196 -1.1558 -1.1946 -1.2351 -1.2775 -1.3221 -1.3694 -1.4204 -1.4755
 -1.5302
 -1.6729 -1.5434 -1.4338 -1.3433 -1.2709 -1.2159 -1.1766 -1.1505 -1.1348 -1.1275
 -1.1279 -1.1333 -1.1383 -1.1385 -1.1327 -1.1004 -1.0696 -1.0546 -1.0546 -1.0675
 -1.0913 -1.1235 -1.1612 -1.2015 -1.2429 -1.2854 -1.3293 -1.3749 -1.4232 -1.4741
 -1.5296
 -1.6665 -1.5377 -1.4283 -1.3366 -1.2619 -1.2030 -1.1582 -1.1258 -1.1040 -1.0902
 -1.0823 -1.0795 -1.0814 -1.0870 -1.0925 -1.0883 -1.0648 -1.0523 -1.0536 -1.0672
 -1.0915 -1.1247 -1.1641 -1.2067 -1.2500 -1.2937 -1.3380 -1.3830 -1.4294 -1.4779
 -1.5297
 -1.6484 -1.5286 -1.4222 -1.3321 -1.2576 -1.1977 -1.1508 -1.1150 -1.0887 -1.0703
 -1.0581 -1.0505 -1.0459 -1.0444 -1.0461 -1.0569 -1.0551 -1.0466 -1.0493 -1.0633
 -1.0878 -1.1214 -1.1623 -1.2072 -1.2532 -1.2991 -1.3448 -1.3903 -1.4362 -1.4833
 -1.5321
 -1.6095 -1.5019 -1.4058 -1.3208 -1.2489 -1.1904 -1.1438 -1.1073 -1.0792 -1.0579
 -1.0423 -1.0315 -1.0241 -1.0191 -1.0161 -1.0192 -1.0300 -1.0361 -1.0417 -1.0564
 -1.0809 -1.1146 -1.1562 -1.2031 -1.2521 -1.3009 -1.3490 -1.3962 -1.4431 -1.4900
 -1.5375
 -1.5510 -1.4573 -1.3720 -1.2963 -1.2302 -1.1753 -1.1310 -1.0957 -1.0680 -1.0462
 -1.0292 -1.0163 -1.0069 -1.0002 -1.0025 -0.9752 -0.9895 -1.0208 -1.0308
 [Fe/H] = -0.75 [alpha/Fe] = 0.30 BC value = F814W
 -2.7509 -2.6869 -2.6159 -2.5288 -2.4261 -2.2785 -2.0664 -1.8043 -1.6084 -1.4536
 -1.3637 -1.2957 -1.2391 -1.1896 -1.1446 -1.0526
 -2.4906 -2.4234 -2.3581 -2.2857 -2.2000 -2.0838 -1.9201 -1.7166 -1.5476 -1.4323
 -1.3532 -1.2916 -1.2389 -1.1924 -1.1506 -1.0666 -1.0081 -0.9733 -0.9624
 -2.2779 -2.2030 -2.1380 -2.0746 -2.0038 -1.9152 -1.7937 -1.6399 -1.5070 -1.4106
 -1.3414 -1.2863 -1.2380 -1.1946 -1.1556 -1.0780 -1.0252 -0.9948 -0.9864 -0.9972
 -1.0210
 -2.1128 -2.0257 -1.9556 -1.8955 -1.8375 -1.7726 -1.6872 -1.5742 -1.4694 -1.3885
 -1.3283 -1.2798 -1.2364 -1.1962 -1.1596 -1.0868 -1.0384 -1.0115 -1.0047 -1.0149
 -1.0383 -1.0698 -1.1076
 -1.9907 -1.8905 -1.8108 -1.7473 -1.6938 -1.6436 -1.5867 -1.5083 -1.4280 -1.3618
 -1.3107 -1.2694 -1.2319 -1.1959 -1.1620 -1.0934 -1.0485 -1.0242 -1.0188 -1.0289
 -1.0513 -1.0821 -1.1178 -1.1580 -1.2029
 -1.8738 -1.7773 -1.6962 -1.6290 -1.5742 -1.5291 -1.4881 -1.4382 -1.3804 -1.3286
 -1.2870 -1.2532 -1.2226 -1.1921 -1.1618 -1.0978 -1.0558 -1.0337 -1.0296 -1.0399
 -1.0617 -1.0920 -1.1273 -1.1663 -1.2089 -1.2551
 -1.7812 -1.6627 -1.5724 -1.5068 -1.4601 -1.4241 -1.3935 -1.3634 -1.3264 -1.2890
 -1.2570 -1.2307 -1.2071 -1.1833 -1.1581 -1.0997 -1.0605 -1.0404 -1.0373 -1.0481
 -1.0699 -1.0999 -1.1353 -1.1740 -1.2155 -1.2597 -1.3073 -1.3593 -1.4147 -1.4687
 -1.7504 -1.6177 -1.5083 -1.4225 -1.3580 -1.3121 -1.2828 -1.2663 -1.2536 -1.2383
 -1.2206 -1.2026 -1.1855 -1.1683 -1.1493 -1.0988 -1.0626 -1.0444 -1.0422 -1.0535
 -1.0755 -1.1059 -1.1419 -1.1812 -1.2226 -1.2660 -1.3119 -1.3604 -1.4126 -1.4685
 -1.5236
 -1.7407 -1.6029 -1.4865 -1.3906 -1.3146 -1.2570 -1.2151 -1.1864 -1.1683 -1.1583
 -1.1555 -1.1555 -1.1530 -1.1457 -1.1339 -1.0946 -1.0619 -1.0456 -1.0442 -1.0560
 -1.0785 -1.1094 -1.1464 -1.1870 -1.2292 -1.2728 -1.3178 -1.3647 -1.4139 -1.4664
 -1.5228
 -1.7366 -1.5973 -1.4784 -1.3790 -1.2980 -1.2340 -1.1853 -1.1498 -1.1250 -1.1084
 -1.0981 -1.0939 -1.0952 -1.0989 -1.1009 -1.0851 -1.0577 -1.0436 -1.0436 -1.0559
 -1.0788 -1.1105 -1.1489 -1.1913 -1.2354 -1.2800 -1.3255 -1.3718 -1.4194 -1.4692
 -1.5221
 -1.7300 -1.5950 -1.4759 -1.3757 -1.2927 -1.2260 -1.1735 -1.1335 -1.1040 -1.0831
 -1.0687 -1.0592 -1.0535 -1.0513 -1.0527 -1.0593 -1.0499 -1.0386 -1.0399 -1.0525
 -1.0757 -1.1078 -1.1472 -1.1915 -1.2378 -1.2845 -1.3312 -1.3779 -1.4252 -1.4735
 -1.5236
 -1.7077 -1.5814 -1.4690 -1.3705 -1.2883 -1.2209 -1.1672 -1.1252 -1.0928 -1.0685
 -1.0507 -1.0381 -1.0292 -1.0231 -1.0192 -1.0212 -1.0290 -1.0298 -1.0332 -1.0465
 -1.0696 -1.1019 -1.1419 -1.1876 -1.2364 -1.2856 -1.3346 -1.3829 -1.4309 -1.4791
 -1.5279
 -1.6668 -1.5524 -1.4487 -1.3573 -1.2781 -1.2122 -1.1590 -1.1168 -1.0836 -1.0577
 -1.0377 -1.0226 -1.0115 -1.0035 -1.0004 -0.9708 -0.9950 -1.0172 -1.0235
 [Fe/H] = -0.50 [alpha/Fe] = 0.20 BC value = F814W
 -2.9548 -2.8946 -2.8243 -2.7318 -2.6102 -2.4291 -2.1695 -1.8668 -1.6205 -1.4611
 -1.3557 -1.2872 -1.2319 -1.1836 -1.1415 -1.0530
 -2.6842 -2.6183 -2.5518 -2.4734 -2.3725 -2.2295 -2.0258 -1.7735 -1.5680 -1.4343
 -1.3476 -1.2842 -1.2320 -1.1865 -1.1463 -1.0648 -1.0068 -0.9706 -0.9566
 -2.4589 -2.3831 -2.3155 -2.2460 -2.1631 -2.0536 -1.8997 -1.7048 -1.5370 -1.4187
 -1.3394 -1.2806 -1.2316 -1.1887 -1.1504 -1.0743 -1.0215 -0.9897 -0.9790 -0.9876
 -1.0096
 -2.2789 -2.1890 -2.1154 -2.0496 -1.9820 -1.9013 -1.7912 -1.6453 -1.5084 -1.4044
 -1.3311 -1.2764 -1.2307 -1.1902 -1.1538 -1.0815 -1.0328 -1.0045 -0.9960 -1.0046
 -1.0268 -1.0584 -1.0960
 -2.1430 -2.0374 -1.9529 -1.8839 -1.8230 -1.7613 -1.6864 -1.5827 -1.4749 -1.3859
 -1.3196 -1.2695 -1.2277 -1.1902 -1.1558 -1.0870 -1.0414 -1.0158 -1.0089 -1.0178
 -1.0391 -1.0695 -1.1058 -1.1465 -1.1918
 -2.0237 -1.9169 -1.8259 -1.7507 -1.6884 -1.6345 -1.5812 -1.5127 -1.4326 -1.3600
 -1.3026 -1.2582 -1.2212 -1.1875 -1.1558 -1.0906 -1.0478 -1.0244 -1.0188 -1.0280
 -1.0488 -1.0785 -1.1140 -1.1536 -1.1968 -1.2440
 -1.8876 -1.7735 -1.6884 -1.6239 -1.5702 -1.5225 -1.4795 -1.4353 -1.3807 -1.3257
 -1.2787 -1.2411 -1.2097 -1.1809 -1.1529 -1.0924 -1.0520 -1.0305 -1.0259 -1.0356
 -1.0563 -1.0856 -1.1209 -1.1601 -1.2023 -1.2476 -1.2966 -1.3498 -1.4061 -1.4607
 -1.8338 -1.6966 -1.5862 -1.5015 -1.4385 -1.3936 -1.3629 -1.3397 -1.3132 -1.2805
 -1.2471 -1.2176 -1.1923 -1.1691 -1.1461 -1.0917 -1.0538 -1.0342 -1.0305 -1.0406
 -1.0615 -1.0908 -1.1264 -1.1660 -1.2081 -1.2526 -1.2997 -1.3495 -1.4032 -1.4600
 -1.5156
 -1.8167 -1.6705 -1.5480 -1.4483 -1.3699 -1.3104 -1.2664 -1.2354 -1.2144 -1.1999
 -1.1897 -1.1797 -1.1667 -1.1511 -1.1338 -1.0882 -1.0532 -1.0355 -1.0326 -1.0430
 -1.0643 -1.0939 -1.1301 -1.1707 -1.2135 -1.2581 -1.3044 -1.3524 -1.4031 -1.4571
 -1.5145
 -1.8124 -1.6623 -1.5344 -1.4279 -1.3414 -1.2732 -1.2210 -1.1823 -1.1540 -1.1336
 -1.1202 -1.1138 -1.1126 -1.1122 -1.1084 -1.0804 -1.0497 -1.0338 -1.0323 -1.0431
 -1.0647 -1.0951 -1.1322 -1.1742 -1.2185 -1.2641 -1.3107 -1.3584 -1.4075 -1.4587
 -1.5130
 -1.8140 -1.6633 -1.5329 -1.4231 -1.3324 -1.2593 -1.2019 -1.1578 -1.1249 -1.1008
 -1.0833 -1.0712 -1.0637 -1.0606 -1.0610 -1.0607 -1.0431 -1.0295 -1.0292 -1.0404
 -1.0621 -1.0928 -1.1307 -1.1740 -1.2202 -1.2674 -1.3152 -1.3632 -1.4119 -1.4616
 -1.5132
 -1.8057 -1.6606 -1.5328 -1.4218 -1.3295 -1.2541 -1.1939 -1.1466 -1.1101 -1.0826
 -1.0622 -1.0472 -1.0363 -1.0285 -1.0236 -1.0236 -1.0268 -1.0219 -1.0232 -1.0351
 -1.0568 -1.0876 -1.1260 -1.1704 -1.2184 -1.2678 -1.3176 -1.3670 -1.4164 -1.4660
 -1.5164
 -1.7818 -1.6463 -1.5242 -1.4176 -1.3253 -1.2495 -1.1881 -1.1393 -1.1010 -1.0712
 -1.0481 -1.0307 -1.0176 -1.0078 -0.9962 -0.9691 -1.0008 -1.0110 -1.0143
 [Fe/H] = -0.25 [alpha/Fe] = 0.10 BC value = F814W
 -3.1585 -3.1021 -3.0342 -2.9392 -2.7913 -2.5662 -2.2572 -1.8861 -1.6261 -1.4547
 -1.3512 -1.2797 -1.2237 -1.1750 -1.1361 -1.0513
 -2.8842 -2.8193 -2.7524 -2.6691 -2.5501 -2.3746 -2.1248 -1.8209 -1.5834 -1.4329
 -1.3403 -1.2757 -1.2240 -1.1800 -1.1410 -1.0621 -1.0055 -0.9680 -0.9508
 -2.6522 -2.5747 -2.5043 -2.4285 -2.3326 -2.1990 -2.0055 -1.7660 -1.5620 -1.4234
 -1.3351 -1.2734 -1.2244 -1.1821 -1.1448 -1.0704 -1.0178 -0.9845 -0.9712 -0.9769
 -0.9978
 -2.4625 -2.3683 -2.2899 -2.2174 -2.1388 -2.0394 -1.8993 -1.7163 -1.5446 -1.4169
 -1.3312 -1.2713 -1.2241 -1.1835 -1.1475 -1.0762 -1.0271 -0.9972 -0.9864 -0.9930
 -1.0138 -1.0447 -1.0827
 -2.3160 -2.2035 -2.1124 -2.0363 -1.9660 -1.8903 -1.7933 -1.6600 -1.5211 -1.4073
 -1.3257 -1.2676 -1.2224 -1.1837 -1.1492 -1.0805 -1.0343 -1.0070 -0.9980 -1.0053
 -1.0254 -1.0553 -1.0917 -1.1329 -1.1793
 -2.1930 -2.0734 -1.9723 -1.8884 -1.8174 -1.7526 -1.6837 -1.5927 -1.4866 -1.3905
 -1.3159 -1.2609 -1.2183 -1.1819 -1.1493 -1.0834 -1.0397 -1.0145 -1.0069 -1.0146
 -1.0344 -1.0634 -1.0990 -1.1390 -1.1830 -1.2312
 -2.0233 -1.9144 -1.8303 -1.7579 -1.6916 -1.6313 -1.5755 -1.5145 -1.4394 -1.3635
 -1.2994 -1.2496 -1.2105 -1.1773 -1.1471 -1.0848 -1.0432 -1.0201 -1.0134 -1.0215
 -1.0412 -1.0697 -1.1049 -1.1444 -1.1873 -1.2336 -1.2837 -1.3385 -1.3957 -1.4512
 -1.9356 -1.7943 -1.6840 -1.6014 -1.5406 -1.4956 -1.4584 -1.4220 -1.3771 -1.3245
 -1.2743 -1.2321 -1.1979 -1.1687 -1.1419 -1.0842 -1.0448 -1.0236 -1.0178 -1.0262
 -1.0460 -1.0743 -1.1094 -1.1491 -1.1918 -1.2372 -1.2853 -1.3367 -1.3920 -1.4498
 -1.5062
 -1.9071 -1.7513 -1.6220 -1.5189 -1.4391 -1.3783 -1.3326 -1.2992 -1.2740 -1.2510
 -1.2278 -1.2035 -1.1785 -1.1549 -1.1325 -1.0812 -1.0443 -1.0248 -1.0202 -1.0287
 -1.0486 -1.0772 -1.1125 -1.1527 -1.1959 -1.2413 -1.2888 -1.3382 -1.3904 -1.4460
 -1.5046
 -1.9008 -1.7378 -1.5998 -1.4859 -1.3942 -1.3222 -1.2668 -1.2244 -1.1919 -1.1670
 -1.1497 -1.1394 -1.1327 -1.1253 -1.1140 -1.0747 -1.0410 -1.0234 -1.0200 -1.0291
 -1.0492 -1.0783 -1.1142 -1.1554 -1.1998 -1.2459 -1.2936 -1.3426 -1.3933 -1.4461
 -1.5021
 -1.9076 -1.7399 -1.5972 -1.4772 -1.3787 -1.2996 -1.2373 -1.1892 -1.1523 -1.1241
 -1.1026 -1.0871 -1.0775 -1.0728 -1.0709 -1.0604 -1.0354 -1.0195 -1.0174 -1.0269
 -1.0471 -1.0764 -1.1129 -1.1549 -1.2006 -1.2481 -1.2967 -1.3460 -1.3961 -1.4476
 -1.5008
 -1.9104 -1.7455 -1.6009 -1.4776 -1.3752 -1.2918 -1.2252 -1.1728 -1.1322 -1.1010
 -1.0772 -1.0591 -1.0455 -1.0358 -1.0296 -1.0265 -1.0230 -1.0128 -1.0121 -1.0223
 -1.0425 -1.0718 -1.1087 -1.1515 -1.1984 -1.2477 -1.2980 -1.3484 -1.3991 -1.4503
 -1.5024
 -1.9011 -1.7435 -1.6023 -1.4797 -1.3749 -1.2891 -1.2198 -1.1647 -1.1215 -1.0876
 -1.0613 -1.0411 -1.0255 -1.0135 -0.9901 -0.9730 -1.0038 -1.0033 -1.0041
 [Fe/H] =  0.00 [alpha/Fe] = 0.00 BC value = F814W
 -3.3672 -3.3086 -3.2401 -3.0705 -2.8146 -2.5113 -2.1931 -1.8867 -1.6228 -1.4455
 -1.3399 -1.2688 -1.2113 -1.1666 -1.1260 -1.0396
 -3.0966 -3.0281 -2.9576 -2.8674 -2.7321 -2.5100 -2.2007 -1.8491 -1.5893 -1.4277
 -1.3314 -1.2664 -1.2159 -1.1726 -1.1351 -1.0589 -1.0037 -0.9660 -0.9455
 -2.8631 -2.7794 -2.7029 -2.6185 -2.5065 -2.3426 -2.0999 -1.8126 -1.5776 -1.4233
 -1.3289 -1.2655 -1.2166 -1.1751 -1.1388 -1.0663 -1.0144 -0.9797 -0.9634 -0.9657
 -0.9854
 -2.6701 -2.5667 -2.4796 -2.3970 -2.3038 -2.1807 -2.0029 -1.7776 -1.5717 -1.4236
 -1.3285 -1.2650 -1.2169 -1.1766 -1.1412 -1.0711 -1.0219 -0.9903 -0.9767 -0.9806
 -0.9995 -1.0297 -1.0675
 -2.5189 -2.3943 -2.2921 -2.2047 -2.1211 -2.0269 -1.9012 -1.7327 -1.5604 -1.4229
 -1.3281 -1.2639 -1.2163 -1.1770 -1.1427 -1.0746 -1.0278 -0.9985 -0.9868 -0.9917
 -1.0103 -1.0393 -1.0758 -1.1175 -1.1651
 -2.3609 -2.2567 -2.1419 -2.0454 -1.9619 -1.8819 -1.7920 -1.6726 -1.5369 -1.4160
 -1.3252 -1.2613 -1.2141 -1.1760 -1.1428 -1.0768 -1.0322 -1.0050 -0.9946 -1.0002
 -1.0185 -1.0468 -1.0822 -1.1227 -1.1670 -1.2165
 -2.1987 -2.0896 -1.9964 -1.9089 -1.8274 -1.7524 -1.6804 -1.5978 -1.4979 -1.3987
 -1.3167 -1.2555 -1.2096 -1.1729 -1.1412 -1.0776 -1.0352 -1.0100 -1.0006 -1.0064
 -1.0248 -1.0525 -1.0873 -1.1272 -1.1706 -1.2175 -1.2690 -1.3254 -1.3835 -1.4400
 -2.0667 -1.9190 -1.8074 -1.7259 -1.6653 -1.6146 -1.5643 -1.5092 -1.4423 -1.3681
 -1.2998 -1.2445 -1.2016 -1.1670 -1.1372 -1.0769 -1.0363 -1.0132 -1.0048 -1.0108
 -1.0291 -1.0566 -1.0912 -1.1308 -1.1739 -1.2197 -1.2688 -1.3219 -1.3790 -1.4378
 -1.4951
 -2.0222 -1.8527 -1.7150 -1.6071 -1.5248 -1.4621 -1.4144 -1.3777 -1.3441 -1.3067
 -1.2655 -1.2247 -1.1882 -1.1572 -1.1302 -1.0742 -1.0356 -1.0142 -1.0072 -1.0134
 -1.0316 -1.0591 -1.0937 -1.1335 -1.1768 -1.2226 -1.2710 -1.3219 -1.3756 -1.4330
 -1.4927
 -2.0122 -1.8317 -1.6805 -1.5573 -1.4594 -1.3829 -1.3234 -1.2764 -1.2389 -1.2090
 -1.1862 -1.1691 -1.1538 -1.1366 -1.1171 -1.0685 -1.0323 -1.0128 -1.0073 -1.0141
 -1.0325 -1.0603 -1.0952 -1.1354 -1.1794 -1.2259 -1.2743 -1.3245 -1.3767 -1.4313
 -1.4892
 -2.0227 -1.8344 -1.6752 -1.5426 -1.4348 -1.3488 -1.2812 -1.2282 -1.1864 -1.1529
 -1.1265 -1.1074 -1.0949 -1.0875 -1.0817 -1.0583 -1.0273 -1.0092 -1.0051 -1.0125
 -1.0308 -1.0587 -1.0939 -1.1346 -1.1794 -1.2268 -1.2759 -1.3262 -1.3778 -1.4311
 -1.4860
 -2.0338 -1.8457 -1.6810 -1.5431 -1.4288 -1.3364 -1.2630 -1.2051 -1.1597 -1.1241
 -1.0959 -1.0739 -1.0572 -1.0452 -1.0375 -1.0294 -1.0178 -1.0031 -1.0003 -1.0085
 -1.0269 -1.0547 -1.0901 -1.1313 -1.1769 -1.2255 -1.2759 -1.3273 -1.3792 -1.4320
 -1.4859
 -2.0353 -1.8531 -1.6902 -1.5491 -1.4306 -1.3338 -1.2561 -1.1945 -1.1460 -1.1079
 -1.0777 -1.0540 -1.0353 -1.0207 -0.9845 -0.9818 -1.0038 -0.9945 -0.9929
 [Fe/H] =  0.25 [alpha/Fe] = 0.00 BC value = F814W
 -3.5234 -3.4953 -3.4610 -3.1803 -2.7372 -2.3392 -2.0775 -1.9285 -1.6514 -1.4523
 -1.3307 -1.2550 -1.1997 -1.1505 -1.1123 -1.0331
 -3.2689 -3.2308 -3.1918 -3.0580 -2.8359 -2.5565 -2.2456 -1.9248 -1.6302 -1.4365
 -1.3236 -1.2531 -1.2019 -1.1602 -1.1232 -1.0501 -0.9973 -0.9619 -0.9392
 -3.0434 -2.9891 -2.9405 -2.8789 -2.7759 -2.5839 -2.2870 -1.9203 -1.6303 -1.4381
 -1.3238 -1.2532 -1.2031 -1.1625 -1.1274 -1.0573 -1.0071 -0.9731 -0.9552 -0.9546
 -0.9707
 -2.8469 -2.7702 -2.7071 -2.6431 -2.5573 -2.4213 -2.2016 -1.9076 -1.6387 -1.4473
 -1.3282 -1.2545 -1.2039 -1.1640 -1.1298 -1.0616 -1.0135 -0.9817 -0.9663 -0.9675
 -0.9831 -1.0108 -1.0484
 -2.6858 -2.5833 -2.5008 -2.4287 -2.3522 -2.2508 -2.0977 -1.8766 -1.6440 -1.4583
 -1.3349 -1.2566 -1.2043 -1.1645 -1.1310 -1.0647 -1.0184 -0.9886 -0.9748 -0.9772
 -0.9937 -1.0212 -1.0571 -1.0993 -1.1470
 -2.5563 -2.4317 -2.3290 -2.2433 -2.1664 -2.0837 -1.9768 -1.8216 -1.6348 -1.4654
 -1.3411 -1.2589 -1.2041 -1.1639 -1.1310 -1.0667 -1.0223 -0.9942 -0.9817 -0.9847
 -1.0012 -1.0281 -1.0629 -1.1036 -1.1489 -1.1992
 -2.4077 -2.2921 -2.1851 -2.0902 -2.0064 -1.9288 -1.8473 -1.7419 -1.6042 -1.4612
 -1.3434 -1.2601 -1.2029 -1.1620 -1.1296 -1.0673 -1.0248 -0.9986 -0.9872 -0.9905
 -1.0070 -1.0335 -1.0675 -1.1072 -1.1511 -1.1989 -1.2514 -1.3095 -1.3685 -1.4260
 -2.1969 -2.0815 -1.9931 -1.9248 -1.8585 -1.7901 -1.7203 -1.6451 -1.5504 -1.4402
 -1.3375 -1.2575 -1.1999 -1.1584 -1.1263 -1.0664 -1.0257 -1.0015 -0.9912 -0.9947
 -1.0111 -1.0374 -1.0710 -1.1101 -1.1533 -1.1998 -1.2499 -1.3041 -1.3630 -1.4228
 -1.4811
 -2.1080 -1.9504 -1.8268 -1.7344 -1.6659 -1.6136 -1.5693 -1.5235 -1.4677 -1.3959
 -1.3177 -1.2478 -1.1933 -1.1524 -1.1209 -1.0636 -1.0249 -1.0026 -0.9938 -0.9975
 -1.0137 -1.0399 -1.0733 -1.1122 -1.1551 -1.2011 -1.2501 -1.3021 -1.3574 -1.4169
 -1.4777
 -2.0806 -1.9046 -1.7577 -1.6398 -1.5478 -1.4765 -1.4199 -1.3746 -1.3353 -1.2967
 -1.2557 -1.2144 -1.1752 -1.1407 -1.1119 -1.0581 -1.0217 -1.0011 -0.9942 -0.9988
 -1.0149 -1.0411 -1.0747 -1.1137 -1.1567 -1.2029 -1.2516 -1.3028 -1.3565 -1.4130
 -1.4729
 -2.0863 -1.8987 -1.7383 -1.6049 -1.4967 -1.4106 -1.3426 -1.2879 -1.2426 -1.2037
 -1.1708 -1.1439 -1.1229 -1.1059 -1.0903 -1.0502 -1.0168 -0.9977 -0.9923 -0.9979
 -1.0140 -1.0400 -1.0736 -1.1128 -1.1561 -1.2026 -1.2517 -1.3027 -1.3556 -1.4105
 -1.4676
 -2.1062 -1.9116 -1.7416 -1.5981 -1.4792 -1.3827 -1.3056 -1.2441 -1.1949 -1.1546
 -1.1209 -1.0935 -1.0723 -1.0572 -1.0469 -1.0296 -1.0091 -0.9922 -0.9880 -0.9947
 -1.0110 -1.0368 -1.0704 -1.1098 -1.1535 -1.2006 -1.2505 -1.3021 -1.3551 -1.4095
 -1.4652
 -2.1258 -1.9306 -1.7567 -1.6049 -1.4788 -1.3746 -1.2905 -1.2233 -1.1699 -1.1275
 -1.0932 -1.0656 -1.0434 -1.0261 -0.9817 -0.9963 -0.9986 -0.9846 -0.9813
 [Fe/H] =  0.50 [alpha/Fe] = 0.00 BC value = F814W
 -3.6182 -3.8774 -3.7979 -3.4544 -3.0344 -2.6254 -2.2591 -1.9621 -1.6848 -1.4650
 -1.3247 -1.2409 -1.1839 -1.1379 -1.0943 -1.0170
 -3.3843 -3.4649 -3.4333 -3.3013 -3.0791 -2.7755 -2.3986 -1.9902 -1.6771 -1.4533
 -1.3193 -1.2397 -1.1862 -1.1444 -1.1090 -1.0379 -0.9883 -0.9550 -0.9315
 -3.1705 -3.1508 -3.1342 -3.1051 -3.0012 -2.7885 -2.4472 -2.0176 -1.6888 -1.4607
 -1.3228 -1.2415 -1.1880 -1.1474 -1.1132 -1.0451 -0.9970 -0.9641 -0.9465 -0.9442
 -0.9566
 -2.9768 -2.9353 -2.9006 -2.8658 -2.8007 -2.6643 -2.4049 -2.0396 -1.7132 -1.4792
 -1.3328 -1.2454 -1.1898 -1.1492 -1.1157 -1.0495 -1.0024 -0.9710 -0.9544 -0.9531
 -0.9665 -0.9926 -1.0295
 -2.8123 -2.7395 -2.6856 -2.6391 -2.5811 -2.4833 -2.3072 -2.0318 -1.7364 -1.5028
 -1.3468 -1.2515 -1.1917 -1.1500 -1.1170 -1.0527 -1.0070 -0.9769 -0.9616 -0.9614
 -0.9756 -1.0016 -1.0368 -1.0792 -1.1281
 -2.6794 -2.5784 -2.4992 -2.4351 -2.3751 -2.2982 -2.1795 -1.9885 -1.7457 -1.5242
 -1.3631 -1.2595 -1.1941 -1.1503 -1.1171 -1.0547 -1.0106 -0.9819 -0.9676 -0.9680
 -0.9824 -1.0079 -1.0419 -1.0827 -1.1286 -1.1801
 -2.5582 -2.4428 -2.3443 -2.2616 -2.1901 -2.1197 -2.0340 -1.9067 -1.7280 -1.5357
 -1.3778 -1.2682 -1.1972 -1.1500 -1.1161 -1.0552 -1.0130 -0.9860 -0.9726 -0.9733
 -0.9876 -1.0128 -1.0461 -1.0856 -1.1299 -1.1784 -1.2321 -1.2910 -1.3512 -1.4101
 -2.3645 -2.2454 -2.1876 -2.1090 -2.0329 -1.9600 -1.8866 -1.7989 -1.6774 -1.5276
 -1.3851 -1.2754 -1.1998 -1.1493 -1.1139 -1.0542 -1.0139 -0.9888 -0.9767 -0.9775
 -0.9916 -1.0166 -1.0493 -1.0881 -1.1312 -1.1781 -1.2289 -1.2843 -1.3449 -1.4055
 -1.4652
 -2.1915 -2.0596 -1.9640 -1.8978 -1.8472 -1.7987 -1.7427 -1.6775 -1.5972 -1.4927
 -1.3774 -1.2763 -1.2004 -1.1476 -1.1104 -1.0512 -1.0130 -0.9899 -0.9794 -0.9806
 -0.9943 -1.0190 -1.0515 -1.0897 -1.1322 -1.1781 -1.2275 -1.2804 -1.3372 -1.3986
 -1.4603
 -2.1362 -1.9736 -1.8407 -1.7380 -1.6612 -1.6031 -1.5571 -1.5165 -1.4724 -1.4143
 -1.3398 -1.2615 -1.1938 -1.1422 -1.1046 -1.0458 -1.0097 -0.9884 -0.9799 -0.9822
 -0.9959 -1.0203 -1.0527 -1.0908 -1.1331 -1.1787 -1.2275 -1.2792 -1.3341 -1.3923
 -1.4544
 -2.1299 -1.9510 -1.7977 -1.6710 -1.5698 -1.4907 -1.4281 -1.3764 -1.3319 -1.2910
 -1.2487 -1.2047 -1.1626 -1.1253 -1.0940 -1.0390 -1.0049 -0.9851 -0.9784 -0.9820
 -0.9956 -1.0195 -1.0517 -1.0897 -1.1320 -1.1775 -1.2261 -1.2773 -1.3312 -1.3875
 -1.4465
 -2.1493 -1.9580 -1.7918 -1.6502 -1.5329 -1.4379 -1.3621 -1.3010 -1.2503 -1.2065
 -1.1672 -1.1325 -1.1029 -1.0791 -1.0602 -1.0255 -0.9977 -0.9798 -0.9744 -0.9794
 -0.9935 -1.0170 -1.0488 -1.0869 -1.1292 -1.1750 -1.2239 -1.2752 -1.3287 -1.3843
 -1.4417
 -2.1775 -1.9814 -1.8050 -1.6532 -1.5245 -1.4182 -1.3319 -1.2625 -1.2065 -1.1605
 -1.1217 -1.0885 -1.0606 -1.0383 -1.0032 -1.0053 -0.9881 -0.9725 -0.9679
 [Fe/H] =  0.75 [alpha/Fe] = 0.00 BC value = F814W
 -3.6748 -3.4173 -2.9611 -2.4333 -2.1074 -1.9947 -1.9993 -1.9939 -1.7161 -1.4847
 -1.3233 -1.2276 -1.1662 -1.1215 -1.0815 -1.0110
 -3.4566 -3.3793 -3.2525 -3.0813 -2.8706 -2.6243 -2.3459 -2.0388 -1.7243 -1.4780
 -1.3205 -1.2279 -1.1692 -1.1265 -1.0913 -1.0218 -0.9757 -0.9445 -0.9225
 -3.2519 -3.2617 -3.2827 -3.2869 -3.1728 -2.9226 -2.5439 -2.0937 -1.7497 -1.4927
 -1.3287 -1.2322 -1.1724 -1.1299 -1.0959 -1.0296 -0.9830 -0.9520 -0.9336 -0.9287
 -0.9390
 -3.0607 -3.0644 -3.0518 -3.0500 -3.0140 -2.8899 -2.5932 -2.1547 -1.7899 -1.5207
 -1.3449 -1.2398 -1.1758 -1.1326 -1.0989 -1.0344 -0.9884 -0.9577 -0.9407 -0.9375
 -0.9490 -0.9739 -1.0098
 -2.8925 -2.8531 -2.8326 -2.8183 -2.7880 -2.7055 -2.5176 -2.1877 -1.8329 -1.5566
 -1.3673 -1.2510 -1.1803 -1.1345 -1.1007 -1.0379 -0.9929 -0.9628 -0.9466 -0.9442
 -0.9562 -0.9806 -1.0149 -1.0576 -1.1076
 -2.7564 -2.6858 -2.6373 -2.6028 -2.5689 -2.5082 -2.3872 -2.1633 -1.8633 -1.5922
 -1.3941 -1.2657 -1.1864 -1.1363 -1.1013 -1.0402 -0.9967 -0.9675 -0.9519 -0.9499
 -0.9618 -0.9859 -1.0193 -1.0599 -1.1067 -1.1596
 -2.6443 -2.5482 -2.4725 -2.4140 -2.3649 -2.3112 -2.2293 -2.0846 -1.8640 -1.6207
 -1.4210 -1.2829 -1.1946 -1.1385 -1.1012 -1.0408 -0.9994 -0.9717 -0.9567 -0.9548
 -0.9665 -0.9902 -1.0228 -1.0623 -1.1070 -1.1563 -1.2114 -1.2716 -1.3317 -1.3921
 -2.4995 -2.4101 -2.3284 -2.2543 -2.1892 -2.1288 -2.0624 -1.9677 -1.8203 -1.6280
 -1.4424 -1.3000 -1.2036 -1.1415 -1.1006 -1.0398 -1.0004 -0.9746 -0.9609 -0.9591
 -0.9703 -0.9935 -1.0255 -1.0640 -1.1074 -1.1548 -1.2064 -1.2631 -1.3247 -1.3860
 -1.4471
 -2.2763 -2.1903 -2.1246 -2.0744 -2.0255 -1.9673 -1.9039 -1.8327 -1.7363 -1.6023
 -1.4481 -1.3124 -1.2127 -1.1448 -1.0997 -1.0369 -0.9995 -0.9757 -0.9638 -0.9625
 -0.9733 -0.9959 -1.0274 -1.0652 -1.1076 -1.1538 -1.2035 -1.2571 -1.3153 -1.3781
 -1.4406
 -2.1790 -2.0390 -1.9317 -1.8539 -1.8013 -1.7634 -1.7278 -1.6827 -1.6210 -1.5354
 -1.4251 -1.3106 -1.2152 -1.1456 -1.0976 -1.0317 -0.9961 -0.9744 -0.9645 -0.9646
 -0.9754 -0.9973 -1.0285 -1.0660 -1.1079 -1.1534 -1.2022 -1.2542 -1.3099 -1.3696
 -1.4335
 -2.1540 -1.9910 -1.8525 -1.7404 -1.6544 -1.5899 -1.5398 -1.4984 -1.4600 -1.4159
 -1.3562 -1.2813 -1.2054 -1.1419 -1.0942 -1.0258 -0.9912 -0.9712 -0.9632 -0.9649
 -0.9759 -0.9972 -1.0277 -1.0648 -1.1064 -1.1514 -1.1996 -1.2507 -1.3049 -1.3625
 -1.4231
 -2.1640 -1.9868 -1.8309 -1.6981 -1.5887 -1.5016 -1.4330 -1.3774 -1.3297 -1.2863
 -1.2443 -1.2002 -1.1547 -1.1122 -1.0762 -1.0168 -0.9843 -0.9659 -0.9594 -0.9628
 -0.9747 -0.9956 -1.0253 -1.0620 -1.1035 -1.1484 -1.1964 -1.2472 -1.3007 -1.3570
 -1.4159
 -2.1944 -2.0066 -1.8379 -1.6915 -1.5669 -1.4638 -1.3802 -1.3129 -1.2577 -1.2106
 -1.1683 -1.1295 -1.0945 -1.0638 -1.0436 -1.0047 -0.9754 -0.9585 -0.9531
 [Fe/H] =  1.00 [alpha/Fe] = 0.00 BC value = F814W
 -3.7093 -2.4204 -1.2248 -0.8975 -1.0641 -1.6117 -2.1359 -2.0455 -1.7525 -1.5078
 -1.3280 -1.2163 -1.1479 -1.1006 -1.0644 -0.9937
 -3.5022 -3.4389 -3.3215 -3.1556 -2.9463 -2.6980 -2.4147 -2.0997 -1.7744 -1.5112
 -1.3287 -1.2191 -1.1523 -1.1065 -1.0710 -1.0035 -0.9589 -0.9301 -0.9120
 -3.3011 -3.7708 -3.9681 -3.9210 -3.6540 -3.1887 -2.6113 -2.1660 -1.8144 -1.5345
 -1.3427 -1.2272 -1.1575 -1.1111 -1.0760 -1.0109 -0.9655 -0.9361 -0.9193 -0.9135
 -0.9221
 -3.1060 -3.4158 -3.1646 -3.1938 -3.1873 -3.0838 -2.7258 -2.2444 -1.8685 -1.5719
 -1.3667 -1.2399 -1.1638 -1.1151 -1.0798 -1.0159 -0.9709 -0.9414 -0.9248 -0.9205
 -0.9296 -0.9527 -0.9881
 -2.9309 -2.9269 -2.9409 -2.9595 -2.9596 -2.9008 -2.7119 -2.3267 -1.9301 -1.6195
 -1.3988 -1.2578 -1.1720 -1.1189 -1.0825 -1.0199 -0.9756 -0.9459 -0.9296 -0.9258
 -0.9353 -0.9581 -0.9918 -1.0346 -1.0857
 -2.7882 -2.7515 -2.7371 -2.7360 -2.7334 -2.6967 -2.5840 -2.3358 -1.9830 -1.6690
 -1.4357 -1.2801 -1.1832 -1.1234 -1.0844 -1.0227 -0.9799 -0.9506 -0.9343 -0.9304
 -0.9399 -0.9623 -0.9949 -1.0357 -1.0832 -1.1376
 -2.6762 -2.6084 -2.5628 -2.5352 -2.5159 -2.4869 -2.4182 -2.2645 -2.0048 -1.7135
 -1.4750 -1.3067 -1.1976 -1.1294 -1.0860 -1.0237 -0.9831 -0.9550 -0.9390 -0.9350
 -0.9440 -0.9657 -0.9976 -1.0369 -1.0818 -1.1326 -1.1894 -1.2496 -1.3102 -1.3721
 -2.5683 -2.4855 -2.4182 -2.3651 -2.3239 -2.2862 -2.2353 -2.1416 -1.9720 -1.7373
 -1.5097 -1.3346 -1.2143 -1.1373 -1.0881 -1.0229 -0.9845 -0.9583 -0.9433 -0.9393
 -0.9477 -0.9685 -0.9996 -1.0379 -1.0812 -1.1293 -1.1825 -1.2407 -1.3025 -1.3643
 -1.4269
 -2.3646 -2.3134 -2.2617 -2.2098 -2.1587 -2.1088 -2.0569 -1.9915 -1.8856 -1.7233
 -1.5298 -1.3581 -1.2318 -1.1465 -1.0908 -1.0204 -0.9838 -0.9599 -0.9465 -0.9432
 -0.9509 -0.9709 -1.0010 -1.0384 -1.0811 -1.1278 -1.1781 -1.2326 -1.2921 -1.3556
 -1.4186
 -2.2083 -2.1005 -2.0285 -1.9841 -1.9571 -1.9295 -1.8894 -1.8349 -1.7631 -1.6585
 -1.5176 -1.3681 -1.2438 -1.1540 -1.0932 -1.0160 -0.9804 -0.9587 -0.9475 -0.9456
 -0.9535 -0.9726 -1.0019 -1.0387 -1.0807 -1.1264 -1.1756 -1.2279 -1.2843 -1.3454
 -1.4103
 -2.1590 -2.0178 -1.9010 -1.8120 -1.7494 -1.7069 -1.6768 -1.6497 -1.6134 -1.5553
 -1.4676 -1.3567 -1.2478 -1.1598 -1.0959 -1.0114 -0.9754 -0.9556 -0.9465 -0.9464
 -0.9549 -0.9732 -1.0014 -1.0374 -1.0786 -1.1236 -1.1718 -1.2230 -1.2775 -1.3358
 -1.3978
 -2.1555 -1.9971 -1.8575 -1.7397 -1.6451 -1.5724 -1.5173 -1.4733 -1.4353 -1.3980
 -1.3542 -1.2950 -1.2220 -1.1502 -1.0911 -1.0056 -0.9687 -0.9504 -0.9430 -0.9448
 -0.9545 -0.9726 -0.9998 -1.0349 -1.0756 -1.1201 -1.1678 -1.2182 -1.2716 -1.3281
 -1.3878
 -2.1798 -2.0079 -1.8539 -1.7189 -1.6041 -1.5096 -1.4341 -1.3738 -1.3239 -1.2795
 -1.2375 -1.1959 -1.1521 -1.1070 -1.0788 -0.9986 -0.9603 -0.9431 -0.9370
