 [Fe/H] = -4.00 [alpha/Fe] = 0.40 BC value = F360M
  4.0353  4.1428  4.0786  3.5870  2.7284  2.2245  2.1748  2.0189  1.8947  1.8744
  1.7387  1.7660  2.0598  2.3907  2.5561  2.3834
  3.6447  3.7112  3.7171  3.5233  3.1466  2.8902  2.7854  2.6146  2.4621  2.3671
  2.2720  2.2750  2.3946  2.5221  2.5665  2.3739  2.2006  2.0260  1.8555
  3.4073  3.4122  3.4169  3.3644  3.2524  3.1427  3.0336  2.8939  2.7640  2.6593
  2.5949  2.5747  2.5828  2.5843  2.5549  2.3642  2.1804  2.0053  1.8380  1.6799
  1.5287
  3.3231  3.2458  3.1780  3.1103  3.0458  2.9821  2.9194  2.8569  2.8003  2.7510
  2.7075  2.6651  2.6242  2.5775  2.5213  2.3543  2.1596  1.9877  1.8232  1.6645
  1.5130  1.3680  1.2284
  3.2273  3.1718  3.1185  3.0627  3.0049  2.9454  2.8853  2.8252  2.7655  2.7085
  2.6575  2.6118  2.5687  2.5241  2.4752  2.3298  2.1537  1.9779  1.8110  1.6529
  1.5023  1.3583  1.2200  1.0865  0.9572
  3.1258  3.0860  3.0446  3.0001  2.9513  2.8989  2.8441  2.7883  2.7318  2.6755
  2.6209  2.5701  2.5240  2.4811  2.4345  2.3034  2.1442  1.9708  1.8027  1.6441
  1.4937  1.3502  1.2128  1.0806  0.9529  0.8290
  3.0186  2.9884  2.9563  2.9225  2.8850  2.8426  2.7958  2.7462  2.6948  2.6422
  2.5891  2.5372  2.4881  2.4433  2.3992  2.2751  2.1311  1.9664  1.7983  1.6381
  1.4872  1.3437  1.2068  1.0755  0.9490  0.8267  0.7078  0.5921  0.4794  0.3694
  2.9056  2.8790  2.8536  2.8293  2.8030  2.7724  2.7369  2.6963  2.6522  2.6054
  2.5566  2.5068  2.4575  2.4108  2.3666  2.2505  2.1142  1.9613  1.7974  1.6358
  1.4831  1.3389  1.2019  1.0709  0.9451  0.8239  0.7066  0.5927  0.4817  0.3733
  0.2672
  2.7881  2.7634  2.7419  2.7234  2.7059  2.6868  2.6637  2.6351  2.6008  2.5622
  2.5203  2.4754  2.4287  2.3817  2.3370  2.2259  2.0983  1.9532  1.7973  1.6373
  1.4824  1.3363  1.1984  1.0671  0.9416  0.8209  0.7045  0.5919  0.4826  0.3760
  0.2717
  2.6839  2.6503  2.6251  2.6075  2.5953  2.5850  2.5733  2.5575  2.5358  2.5082
  2.4755  2.4383  2.3972  2.3534  2.3098  2.2001  2.0809  1.9429  1.7932  1.6379
  1.4829  1.3342  1.1942  1.0618  0.9357  0.8151  0.6990  0.5869  0.4786  0.3733
  0.2708
  2.5880  2.5476  2.5173  2.4961  2.4842  2.4771  2.4724  2.4669  2.4579  2.4427
  2.4203  2.3920  2.3592  2.3232  2.2849  2.1800  2.0629  1.9334  1.7902  1.6406
  1.4888  1.3393  1.1966  1.0619  0.9346  0.8134  0.6971  0.5854  0.4775  0.3731
  0.2699
  2.5055  2.4553  2.4179  2.3921  2.3760  2.3676  2.3655  2.3655  2.3653  2.3606
  2.3503  2.3344  2.3129  2.2857  2.2532  2.1545  2.0419  1.9213  1.7854  1.6413
  1.4940  1.3467  1.2028  1.0654  0.9356  0.8128  0.6957  0.5836  0.4758  0.3716
  0.2709
  2.4364  2.3733  2.3269  2.2955  2.2707  2.2565  2.2590  2.2600  2.2634  2.2650
  2.2638  2.2603  2.2545  2.2409  2.2147  2.1237  2.0179  1.9066  1.7788
 [Fe/H] = -3.00 [alpha/Fe] = 0.40 BC value = F360M
  3.2813  3.2002  3.1273  3.0595  3.0001  3.0098  3.0533  3.0310  2.9606  2.8590
  2.7333  2.6426  2.6203  2.6204  2.5926  2.4046
  3.3188  3.2366  3.1599  3.0877  3.0227  2.9954  2.9898  2.9595  2.9100  2.8467
  2.7714  2.7057  2.6619  2.6236  2.5710  2.3822  2.2000  2.0257  1.8586
  3.3359  3.2554  3.1780  3.1041  3.0359  2.9839  2.9447  2.9062  2.8669  2.8254
  2.7805  2.7311  2.6765  2.6161  2.5491  2.3623  2.1802  2.0058  1.8395  1.6809
  1.5289
  3.3326  3.2566  3.1816  3.1087  3.0396  2.9753  2.9180  2.8710  2.8312  2.7951
  2.7605  2.7189  2.6641  2.5979  2.5269  2.3449  2.1645  1.9902  1.8242  1.6661
  1.5150  1.3700  1.2298
  3.3089  3.2402  3.1707  3.1015  3.0339  2.9696  2.9097  2.8540  2.8030  2.7558
  2.7115  2.6690  2.6246  2.5691  2.5044  2.3300  2.1529  1.9789  1.8126  1.6547
  1.5042  1.3602  1.2218  1.0882  0.9586
  3.2648  3.2062  3.1453  3.0825  3.0188  2.9558  2.8952  2.8378  2.7832  2.7311
  2.6801  2.6301  2.5833  2.5338  2.4768  2.3150  2.1438  1.9715  1.8044  1.6461
  1.4958  1.3523  1.2149  1.0826  0.9547  0.8305
  3.1994  3.1517  3.1017  3.0484  2.9920  2.9336  2.8749  2.8174  2.7616  2.7075
  2.6544  2.6018  2.5498  2.5011  2.4471  2.2968  2.1348  1.9671  1.7999  1.6403
  1.4895  1.3461  1.2091  1.0776  0.9510  0.8284  0.7093  0.5934  0.4806  0.3706
  3.1166  3.0778  3.0382  2.9959  2.9497  2.8992  2.8460  2.7914  2.7368  2.6827
  2.6291  2.5758  2.5226  2.4718  2.4199  2.2773  2.1234  1.9633  1.7989  1.6379
  1.4855  1.3414  1.2044  1.0732  0.9473  0.8259  0.7083  0.5941  0.4830  0.3745
  0.2683
  3.0593  3.0021  2.9577  2.9250  2.8895  2.8493  2.8045  2.7562  2.7057  2.6540
  2.6019  2.5493  2.4964  2.4441  2.3937  2.2582  2.1112  1.9577  1.7992  1.6392
  1.4855  1.3388  1.2009  1.0696  0.9438  0.8230  0.7064  0.5933  0.4835  0.3767
  0.2728
  2.9161  2.8997  2.8732  2.8375  2.8105  2.7809  2.7463  2.7069  2.6635  2.6171
  2.5688  2.5189  2.4679  2.4163  2.3661  2.2364  2.0973  1.9492  1.7962  1.6400
  1.4851  1.3367  1.1967  1.0643  0.9381  0.8172  0.7009  0.5887  0.4802  0.3748
  0.2720
  2.8310  2.8019  2.7720  2.7415  2.7201  2.6972  2.6724  2.6431  2.6089  2.5705
  2.5285  2.4838  2.4368  2.3881  2.3389  2.2139  2.0829  1.9420  1.7943  1.6431
  1.4909  1.3415  1.1990  1.0644  0.9370  0.8156  0.6991  0.5872  0.4792  0.3747
  0.2712
  2.7464  2.7085  2.6763  2.6492  2.6299  2.6143  2.5970  2.5630  2.5388  2.5098
  2.4766  2.4393  2.3986  2.3550  2.3093  2.1897  2.0653  1.9324  1.7907  1.6444
  1.4962  1.3488  1.2051  1.0678  0.9380  0.8151  0.6978  0.5855  0.4775  0.3732
  0.2723
  2.6623  2.6196  2.5861  2.5607  2.5400  2.5321  2.4975  2.4834  2.4665  2.4338
  2.4102  2.3823  2.3500  2.3137  2.2773  2.1638  2.0445  1.9204  1.7854
 [Fe/H] = -2.50 [alpha/Fe] = 0.40 BC value = F360M
  3.2258  3.1339  3.0689  3.0602  3.1024  3.1548  3.1797  3.1671  3.1131  3.0201
  2.9172  2.8176  2.7375  2.6697  2.5982  2.4119
  3.2718  3.1817  3.1066  3.0625  3.0479  3.0466  3.0416  3.0247  2.9894  2.9340
  2.8666  2.7911  2.7160  2.6435  2.5698  2.3841  2.2018  2.0272  1.8605
  3.3041  3.2166  3.1358  3.0686  3.0160  2.9771  2.9481  2.9232  2.8958  2.8619
  2.8174  2.7602  2.6923  2.6194  2.5453  2.3609  2.1807  2.0071  1.8412  1.6825
  1.5305
  3.3227  3.2386  3.1565  3.0785  3.0067  2.9463  2.8992  2.8626  2.8323  2.8038
  2.7696  2.7249  2.6664  2.5974  2.5247  2.3423  2.1639  1.9912  1.8257  1.6677
  1.5167  1.3717  1.2318
  3.3276  3.2477  3.1687  3.0922  3.0200  2.9542  2.8949  2.8429  2.7989  2.7597
  2.7232  2.6852  2.6383  2.5775  2.5080  2.3283  2.1514  1.9795  1.8141  1.6565
  1.5061  1.3620  1.2236  1.0899  0.9602
  3.3174  3.2440  3.1699  3.0965  3.0251  2.9576  2.8958  2.8404  2.7888  2.7400
  2.6934  2.6483  2.6049  2.5542  2.4916  2.3173  2.1424  1.9715  1.8060  1.6481
  1.4979  1.3544  1.2169  1.0845  0.9564  0.8319
  3.2874  3.2232  3.1571  3.0898  3.0221  2.9555  2.8917  2.8325  2.7782  2.7269
  2.6760  2.6245  2.5745  2.5259  2.4704  2.3071  2.1357  1.9668  1.8013  1.6424
  1.4918  1.3483  1.2113  1.0797  0.9529  0.8302  0.7108  0.5947  0.4818  0.3718
  3.2348  3.1814  3.1257  3.0674  3.0068  2.9448  2.8826  2.8222  2.7647  2.7105
  2.6583  2.6059  2.5522  2.5007  2.4470  2.2943  2.1295  1.9639  1.7998  1.6400
  1.4879  1.3439  1.2067  1.0755  0.9494  0.8279  0.7100  0.5956  0.4843  0.3757
  0.2695
  3.1625  3.1181  3.0731  3.0257  2.9747  2.9205  2.8639  2.8063  2.7489  2.6929
  2.6388  2.5858  2.5324  2.4787  2.4259  2.2789  2.1216  1.9610  1.8002  1.6409
  1.4871  1.3414  1.2035  1.0720  0.9462  0.8252  0.7083  0.5952  0.4855  0.3786
  0.2740
  3.0779  3.0378  3.0003  2.9629  2.9226  2.8784  2.8301  2.7787  2.7251  2.6707
  2.6164  2.5628  2.5095  2.4560  2.4036  2.2620  2.1105  1.9548  1.7983  1.6415
  1.4871  1.3392  1.1994  1.0668  0.9405  0.8195  0.7030  0.5906  0.4818  0.3762
  0.2733
  2.9915  2.9507  2.9156  2.8842  2.8531  2.8187  2.7802  2.7374  2.6909  2.6415
  2.5902  2.5380  2.4856  2.4330  2.3806  2.2451  2.1003  1.9500  1.7977  1.6450
  1.4927  1.3438  1.2015  1.0671  0.9396  0.8180  0.7014  0.5892  0.4810  0.3763
  0.2726
  2.9056  2.8626  2.8267  2.7958  2.7685  2.7420  2.7125  2.6791  2.6414  2.5997
  2.5545  2.5066  2.4570  2.4065  2.3554  2.2250  2.0873  1.9433  1.7957  1.6470
  1.4983  1.3508  1.2074  1.0703  0.9406  0.8176  0.7002  0.5876  0.4794  0.3749
  0.2738
  2.8202  2.7735  2.7381  2.7042  2.6768  2.6528  2.6294  2.6041  2.5752  2.5423
  2.5054  2.4645  2.4205  2.3741  2.3280  2.2017  2.0715  1.9347  1.7923
 [Fe/H] = -2.00 [alpha/Fe] = 0.40 BC value = F360M
  3.3749  3.3437  3.3125  3.2696  3.2331  3.1936  3.1499  3.0984  3.0399  2.9734
  2.9012  2.8264  2.7535  2.6796  2.5973  2.4156
  3.3021  3.2484  3.2035  3.1657  3.1313  3.0969  3.0598  3.0184  2.9724  2.9197
  2.8588  2.7899  2.7170  2.6429  2.5663  2.3845  2.2050  2.0298  1.8627
  3.2749  3.2042  3.1451  3.0962  3.0551  3.0187  2.9834  2.9475  2.9097  2.8674
  2.8171  2.7565  2.6873  2.6144  2.5409  2.3592  2.1816  2.0091  1.8434  1.6849
  1.5331
  3.2933  3.2111  3.1373  3.0611  3.0046  2.9591  2.9207  2.8857  2.8518  2.8165
  2.7761  2.7262  2.6644  2.5941  2.5211  2.3397  2.1633  1.9926  1.8280  1.6703
  1.5193  1.3744  1.2343
  3.3232  3.2373  3.1548  3.0760  3.0032  2.9390  2.8851  2.8417  2.8040  2.7689
  2.7332  2.6927  2.6419  2.5780  2.5069  2.3260  2.1501  1.9803  1.8165  1.6593
  1.5091  1.3650  1.2265  1.0925  0.9625
  3.3342  3.2526  3.1716  3.0936  3.0200  2.9514  2.8887  2.8322  2.7822  2.7384
  2.6979  2.6579  2.6144  2.5612  2.4952  2.3166  2.1410  1.9717  1.8082  1.6512
  1.5012  1.3577  1.2201  1.0874  0.9591  0.8343
  3.3331  3.2563  3.1791  3.1025  3.0277  2.9565  2.8912  2.8330  2.7800  2.7291
  2.6799  2.6324  2.5870  2.5392  2.4821  2.3099  2.1352  1.9663  1.8030  1.6457
  1.4953  1.3519  1.2148  1.0830  0.9559  0.8328  0.7131  0.5967  0.4837  0.3739
  3.3173  3.2470  3.1757  3.1037  3.0319  2.9615  2.8940  2.8313  2.7742  2.7218
  2.6708  2.6187  2.5665  2.5165  2.4638  2.3039  2.1315  1.9635  1.8006  1.6429
  1.4916  1.3477  1.2105  1.0791  0.9528  0.8309  0.7127  0.5979  0.4863  0.3778
  0.2716
  3.2812  3.2202  3.1570  3.0921  3.0261  2.9596  2.8936  2.8295  2.7686  2.7119
  2.6587  2.6064  2.5528  2.4987  2.4453  2.2946  2.1285  1.9623  1.8005  1.6430
  1.4906  1.3454  1.2074  1.0758  0.9498  0.8285  0.7114  0.5979  0.4878  0.3807
  0.2761
  3.2223  3.1722  3.1184  3.0625  3.0045  2.9447  2.8836  2.8221  2.7610  2.7018
  2.6452  2.5908  2.5371  2.4824  2.4282  2.2807  2.1218  1.9591  1.7992  1.6428
  1.4900  1.3430  1.2035  1.0709  0.9444  0.8232  0.7064  0.5936  0.4845  0.3785
  0.2754
  3.1488  3.1049  3.0603  3.0139  2.9652  2.9142  2.8608  2.8052  2.7479  2.6899
  2.6325  2.5762  2.5212  2.4667  2.4122  2.2691  2.1151  1.9575  1.8005  1.6464
  1.4949  1.3471  1.2055  1.0712  0.9437  0.8219  0.7050  0.5925  0.4839  0.3788
  0.2749
  3.0696  3.0250  2.9855  2.9469  2.9069  2.8650  2.8204  2.7730  2.7225  2.6694
  2.6146  2.5591  2.5038  2.4490  2.3946  2.2558  2.1071  1.9541  1.8007  1.6494
  1.5004  1.3536  1.2110  1.0744  0.9448  0.8217  0.7040  0.5912  0.4827  0.3778
  0.2764
  2.9866  2.9419  2.9022  2.8667  2.8329  2.7985  2.7620  2.7231  2.6810  2.6354
  2.5865  2.5350  2.4820  2.4283  2.3754  2.2408  2.0978  1.9489  1.7998
 [Fe/H] = -1.50 [alpha/Fe] = 0.40 BC value = F360M
  3.4238  3.3847  3.3521  3.3213  3.2821  3.2364  3.1834  3.1195  3.0494  2.9741
  2.8965  2.8207  2.7473  2.6749  2.6029  2.4229
  3.3483  3.3030  3.2646  3.2307  3.1951  3.1548  3.1078  3.0536  2.9943  2.9299
  2.8603  2.7870  2.7126  2.6388  2.5658  2.3862  2.2095  2.0359  1.8682
  3.2998  3.2446  3.1979  3.1582  3.1218  3.0837  3.0409  2.9936  2.9425  2.8871
  2.8257  2.7577  2.6852  2.6114  2.5379  2.3581  2.1831  2.0125  1.8473  1.6888
  1.5370
  3.2783  3.2095  3.1520  3.1038  3.0621  3.0232  2.9827  2.9395  2.8940  2.8457
  2.7927  2.7328  2.6651  2.5927  2.5192  2.3386  2.1639  1.9949  1.8315  1.6743
  1.5235  1.3785  1.2385
  3.2986  3.2183  3.1383  3.0721  3.0185  2.9734  2.9316  2.8898  2.8472  2.8036
  2.7576  2.7063  2.6468  2.5788  2.5065  2.3254  2.1504  1.9821  1.8198  1.6636
  1.5135  1.3695  1.2308  1.0965  0.9661
  3.3308  3.2459  3.1635  3.0856  3.0144  2.9517  2.8981  2.8514  2.8074  2.7643
  2.7211  2.6757  2.6252  2.5654  2.4968  2.3168  2.1414  1.9731  1.8113  1.6556
  1.5061  1.3626  1.2248  1.0919  0.9631  0.8380
  3.3437  3.2623  3.1815  3.1026  3.0276  2.9592  2.8969  2.8398  2.7871  2.7383
  2.6923  2.6467  2.5996  2.5480  2.4870  2.3111  2.1358  1.9673  1.8056  1.6501
  1.5006  1.3573  1.2200  1.0880  0.9605  0.8370  0.7167  0.5998  0.4865  0.3771
  3.3466  3.2688  3.1911  3.1138  3.0382  2.9658  2.8985  2.8378  2.7826  2.7300
  2.6781  2.6274  2.5778  2.5274  2.4732  2.3070  2.1325  1.9640  1.8023  1.6467
  1.4970  1.3534  1.2162  1.0845  0.9579  0.8356  0.7169  0.6015  0.4895  0.3809
  0.2751
  3.3400  3.2666  3.1927  3.1186  3.0448  2.9722  2.9024  2.8370  2.7769  2.7218
  2.6695  2.6171  2.5636  2.5103  2.4563  2.3028  2.1308  1.9627  1.8011  1.6455
  1.4963  1.3513  1.2135  1.0817  0.9554  0.8337  0.7161  0.6021  0.4914  0.3839
  0.2795
  3.3174  3.2520  3.1839  3.1142  3.0441  2.9740  2.9049  2.8379  2.7740  2.7143
  2.6586  2.6051  2.5516  2.4968  2.4413  2.2925  2.1277  1.9605  1.7993  1.6439
  1.4937  1.3486  1.2098  1.0772  0.9505  0.8288  0.7116  0.5983  0.4886  0.3821
  0.2787
  3.2779  3.2207  3.1614  3.0984  3.0340  2.9686  2.9030  2.8377  2.7734  2.7112
  2.6518  2.5951  2.5402  2.4854  2.4299  2.2830  2.1250  1.9617  1.8014  1.6469
  1.4972  1.3517  1.2116  1.0777  0.9500  0.8280  0.7107  0.5977  0.4886  0.3829
  0.2784
  3.2218  3.1717  3.1195  3.0653  3.0084  2.9499  2.8901  2.8294  2.7680  2.7067
  2.6462  2.5871  2.5298  2.4738  2.4180  2.2741  2.1199  1.9618  1.8038  1.6504
  1.5018  1.3570  1.2162  1.0806  0.9513  0.8281  0.7101  0.5969  0.4878  0.3824
  0.2805
  3.1497  3.1049  3.0595  3.0132  2.9646  2.9140  2.8617  2.8078  2.7520  2.6948
  2.6366  2.5780  2.5197  2.4623  2.4056  2.2658  2.1124  1.9608  1.8065
 [Fe/H] = -1.00 [alpha/Fe] = 0.40 BC value = F360M
  3.4923  3.4603  3.4292  3.3938  3.3492  3.2939  3.2275  3.1494  3.0710  2.9800
  2.8974  2.8186  2.7436  2.6707  2.5997  2.4242
  3.4110  3.3729  3.3391  3.3059  3.2681  3.2224  3.1666  3.0999  3.0257  2.9474
  2.8677  2.7887  2.7117  2.6369  2.5640  2.3868  2.2135  2.0427  1.8759
  3.3494  3.3039  3.2653  3.2311  3.1967  3.1576  3.1102  3.0529  2.9877  2.9165
  2.8414  2.7644  2.6874  2.6117  2.5376  2.3587  2.1857  2.0173  1.8534  1.6950
  1.5427
  3.3075  3.2533  3.2078  3.1694  3.1350  3.0995  3.0583  3.0084  2.9509  2.8873
  2.8185  2.7457  2.6707  2.5951  2.5205  2.3399  2.1664  1.9988  1.8367  1.6802
  1.5295  1.3844  1.2442
  3.2868  3.2204  3.1651  3.1193  3.0807  3.0452  3.0079  2.9639  2.9129  2.8563
  2.7945  2.7279  2.6571  2.5835  2.5092  2.3275  2.1533  1.9858  1.8246  1.6693
  1.5198  1.3758  1.2369  1.1024  0.9717
  3.3103  3.2242  3.1484  3.0863  3.0374  2.9968  2.9591  2.9190  2.8730  2.8222
  2.7670  2.7073  2.6428  2.5735  2.5010  2.3195  2.1446  1.9769  1.8159  1.6614
  1.5126  1.3695  1.2316  1.0984  0.9691  0.8433
  3.3401  3.2552  3.1728  3.0963  3.0287  2.9707  2.9222  2.8787  2.8343  2.7868
  2.7363  2.6824  2.6246  2.5618  2.4936  2.3143  2.1390  1.9711  1.8101  1.6557
  1.5075  1.3647  1.2275  1.0952  0.9674  0.8432  0.7223  0.6046  0.4906  0.3811
  3.3531  3.2720  3.1919  3.1141  3.0408  2.9743  2.9153  2.8616  2.8102  2.7590
  2.7081  2.6564  2.6027  2.5457  2.4840  2.3108  2.1357  1.9675  1.8064  1.6521
  1.5040  1.3614  1.2244  1.0925  0.9655  0.8426  0.7232  0.6071  0.4942  0.3849
  0.2796
  3.3567  3.2787  3.2014  3.1249  3.0504  2.9793  2.9134  2.8536  2.7987  2.7456
  2.6919  2.6374  2.5827  2.5273  2.4700  2.3078  2.1340  1.9658  1.8046  1.6502
  1.5020  1.3594  1.2223  1.0905  0.9637  0.8415  0.7232  0.6084  0.4969  0.3886
  0.2817
  3.3542  3.2782  3.2037  3.1295  3.0561  2.9839  2.9144  2.8490  2.7882  2.7317
  2.6776  2.6237  2.5684  2.5117  2.4540  2.3012  2.1313  1.9632  1.8018  1.6473
  1.4991  1.3563  1.2188  1.0865  0.9595  0.8374  0.7195  0.6055  0.4950  0.3876
  0.2835
  3.3441  3.2723  3.2013  3.1302  3.0590  2.9881  2.9182  2.8503  2.7853  2.7241
  2.6664  2.6111  2.5564  2.5007  2.4434  2.2928  2.1314  1.9645  1.8034  1.6491
  1.5008  1.3580  1.2200  1.0871  0.9595  0.8371  0.7192  0.6056  0.4958  0.3893
  0.2860
  3.3233  3.2570  3.1904  3.1236  3.0561  2.9879  2.9197  2.8522  2.7860  2.7219
  2.6606  2.6020  2.5455  2.4897  2.4332  2.2854  2.1286  1.9664  1.8058  1.6518
  1.5039  1.3612  1.2231  1.0895  0.9609  0.8376  0.7192  0.6054  0.4957  0.3895
  0.2868
  3.2853  3.2258  3.1660  3.1050  3.0429  2.9795  2.9149  2.8500  2.7852  2.7211
  2.6584  2.5972  2.5380  2.4803  2.4234  2.2790  2.1229  1.9689  1.8090
 [Fe/H] = -0.75 [alpha/Fe] = 0.30 BC value = F360M
  3.5239  3.4925  3.4603  3.4227  3.3751  3.3157  3.2438  3.1602  3.0777  2.9846
  2.9012  2.8216  2.7454  2.6720  2.6007  2.4268
  3.4406  3.4041  3.3710  3.3370  3.2973  3.2488  3.1890  3.1173  3.0379  2.9555
  2.8731  2.7925  2.7145  2.6391  2.5660  2.3893  2.2169  2.0469  1.8803
  3.3761  3.3330  3.2963  3.2627  3.2277  3.1871  3.1371  3.0757  3.0051  2.9286
  2.8493  2.7696  2.6912  2.6147  2.5403  2.3613  2.1888  2.0207  1.8571  1.6986
  1.5463
  3.3304  3.2792  3.2362  3.1998  3.1662  3.1306  3.0881  3.0354  2.9733  2.9039
  2.8298  2.7529  2.6755  2.5988  2.5236  2.3428  2.1695  2.0021  1.8401  1.6838
  1.5330  1.3878  1.2474
  3.3029  3.2412  3.1896  3.1470  3.1106  3.0765  3.0392  2.9938  2.9395  2.8777
  2.8101  2.7381  2.6635  2.5878  2.5127  2.3306  2.1565  1.9891  1.8280  1.6729
  1.5235  1.3794  1.2402  1.1054  0.9745
  3.3119  3.2303  3.1619  3.1071  3.0633  3.0259  2.9902  2.9503  2.9026  2.8479
  2.7873  2.7216  2.6519  2.5791  2.5051  2.3227  2.1480  1.9804  1.8194  1.6650
  1.5165  1.3734  1.2355  1.1021  0.9727  0.8468
  3.3458  3.2599  3.1781  3.1042  3.0408  2.9892  2.9469  2.9072  2.8636  2.8144
  2.7602  2.7011  2.6376  2.5698  2.4986  2.3176  2.1424  1.9746  1.8137  1.6594
  1.5114  1.3689  1.2317  1.0994  0.9713  0.8467  0.7255  0.6076  0.4933  0.3834
  3.3624  3.2803  3.1997  3.1223  3.0510  2.9877  2.9318  2.8812  2.8323  2.7827
  2.7312  2.6769  2.6190  2.5572  2.4911  2.3143  2.1391  1.9710  1.8101  1.6559
  1.5081  1.3658  1.2290  1.0971  0.9699  0.8467  0.7269  0.6104  0.4972  0.3875
  0.2820
  3.3686  3.2893  3.2111  3.1344  3.0604  2.9911  2.9279  2.8710  2.8178  2.7648
  2.7102  2.6546  2.5984  2.5406  2.4798  2.3116  2.1373  1.9692  1.8082  1.6540
  1.5062  1.3640  1.2272  1.0954  0.9685  0.8461  0.7275  0.6122  0.5001  0.3915
  0.2864
  3.3678  3.2913  3.2155  3.1405  3.0666  2.9948  2.9265  2.8630  2.8042  2.7488
  2.6943  2.6388  2.5817  2.5233  2.4638  2.3062  2.1346  1.9665  1.8052  1.6510
  1.5031  1.3608  1.2238  1.0917  0.9647  0.8423  0.7241  0.6098  0.4988  0.3910
  0.2865
  3.3632  3.2891  3.2163  3.1436  3.0713  2.9997  2.9296  2.8621  2.7981  2.7379
  2.6808  2.6250  2.5690  2.5115  2.4525  2.2988  2.1349  1.9676  1.8066  1.6524
  1.5045  1.3622  1.2249  1.0925  0.9649  0.8424  0.7243  0.6103  0.5001  0.3932
  0.2894
  3.3509  3.2806  3.2109  3.1416  3.0719  3.0020  2.9326  2.8642  2.7976  2.7337
  2.6726  2.6141  2.5571  2.5002  2.4424  2.2914  2.1331  1.9696  1.8088  1.6548
  1.5071  1.3649  1.2276  1.0946  0.9664  0.8431  0.7246  0.6105  0.5005  0.3939
  0.2907
  3.3250  3.2604  3.1958  3.1308  3.0653  2.9989  2.9318  2.8648  2.7984  2.7331
  2.6697  2.6082  2.5487  2.4905  2.4335  2.2840  2.1292  1.9725  1.8118
 [Fe/H] = -0.50 [alpha/Fe] = 0.20 BC value = F360M
  3.5576  3.5262  3.4928  3.4524  3.4007  3.3362  3.2587  3.1751  3.0847  2.9964
  2.9065  2.8258  2.7486  2.6748  2.6030  2.4301
  3.4729  3.4378  3.4048  3.3696  3.3274  3.2752  3.2107  3.1336  3.0495  2.9639
  2.8796  2.7977  2.7188  2.6429  2.5694  2.3930  2.2213  2.0517  1.8852
  3.4061  3.3653  3.3299  3.2965  3.2604  3.2175  3.1639  3.0975  3.0214  2.9402
  2.8577  2.7760  2.6964  2.6192  2.5444  2.3653  2.1930  2.0250  1.8614  1.7030
  1.5504
  3.3572  3.3087  3.2681  3.2331  3.1996  3.1630  3.1183  3.0618  2.9945  2.9196
  2.8408  2.7607  2.6814  2.6037  2.5280  2.3470  2.1738  2.0063  1.8443  1.6879
  1.5371  1.3917  1.2512
  3.3248  3.2667  3.2184  3.1781  3.1433  3.1096  3.0716  3.0238  2.9653  2.8981
  2.8248  2.7482  2.6705  2.5932  2.5173  2.3348  2.1609  1.9934  1.8321  1.6770
  1.5277  1.3836  1.2445  1.1096  0.9785
  3.3199  3.2451  3.1836  3.1339  3.0935  3.0581  3.0232  2.9825  2.9321  2.8729
  2.8067  2.7353  2.6611  2.5855  2.5100  2.3269  2.1523  1.9847  1.8237  1.6692
  1.5208  1.3778  1.2398  1.1064  0.9768  0.8506
  3.3533  3.2671  3.1871  3.1172  3.0600  3.0148  2.9768  2.9390  2.8949  2.8430
  2.7841  2.7193  2.6502  2.5781  2.5044  2.3217  2.1467  1.9790  1.8180  1.6638
  1.5159  1.3736  1.2365  1.1040  0.9758  0.8510  0.7293  0.6111  0.4965  0.3864
  3.3733  3.2905  3.2098  3.1336  3.0649  3.0047  2.9519  2.9048  2.8591  2.8103
  2.7570  2.6986  2.6357  2.5687  2.4985  2.3184  2.1432  1.9753  1.8144  1.6603
  1.5126  1.3707  1.2341  1.1022  0.9749  0.8514  0.7313  0.6145  0.5008  0.3907
  0.2849
  3.3818  3.3016  3.2227  3.1460  3.0732  3.0062  2.9462  2.8919  2.8400  2.7870
  2.7319  2.6753  2.6167  2.5552  2.4902  2.3160  2.1413  1.9733  1.8124  1.6584
  1.5108  1.3690  1.2325  1.1009  0.9740  0.8513  0.7323  0.6168  0.5044  0.3951
  0.2895
  3.3834  3.3055  3.2286  3.1530  3.0791  3.0082  2.9418  2.8806  2.8239  2.7691
  2.7138  2.6564  2.5973  2.5371  2.4756  2.3116  2.1385  1.9704  1.8093  1.6552
  1.5075  1.3657  1.2292  1.0975  0.9705  0.8480  0.7296  0.6148  0.5034  0.3952
  0.2901
  3.3818  3.3061  3.2316  3.1577  3.0847  3.0128  2.9431  2.8767  2.8142  2.7551
  2.6982  2.6413  2.5835  2.5240  2.4631  2.3057  2.1389  1.9714  1.8104  1.6563
  1.5087  1.3668  1.2302  1.0983  0.9711  0.8485  0.7301  0.6159  0.5052  0.3979
  0.2936
  3.3753  3.3021  3.2300  3.1588  3.0875  3.0166  2.9464  2.8778  2.8114  2.7479
  2.6873  2.6287  2.5707  2.5122  2.4526  2.2983  2.1380  1.9732  1.8124  1.6585
  1.5110  1.3692  1.2325  1.1003  0.9726  0.8495  0.7309  0.6165  0.5061  0.3991
  0.2954
  3.3591  3.2902  3.2219  3.1536  3.0856  3.0169  2.9480  2.8797  2.8122  2.7464
  2.6827  2.6210  2.5611  2.5021  2.4441  2.2894  2.1358  1.9758  1.8153
 [Fe/H] = -0.25 [alpha/Fe] = 0.10 BC value = F360M
  3.5935  3.5615  3.5263  3.4827  3.4259  3.3554  3.2727  3.1847  3.0926  3.0035
  2.9179  2.8362  2.7583  2.6839  2.6074  2.4353
  3.5083  3.4739  3.4405  3.4035  3.3580  3.3013  3.2314  3.1488  3.0610  2.9732
  2.8875  2.8046  2.7251  2.6486  2.5748  2.3985  2.2271  2.0576  1.8909
  3.4400  3.4009  3.3663  3.3324  3.2945  3.2484  3.1900  3.1178  3.0366  2.9518
  2.8669  2.7838  2.7033  2.6255  2.5504  2.3710  2.1988  2.0305  1.8666  1.7080
  1.5551
  3.3886  3.3425  3.3037  3.2694  3.2353  3.1967  3.1485  3.0870  3.0141  2.9342
  2.8518  2.7694  2.6887  2.6103  2.5342  2.3528  2.1796  2.0118  1.8493  1.6928
  1.5419  1.3963  1.2555
  3.3526  3.2975  3.2517  3.2133  3.1792  3.1448  3.1047  3.0532  2.9896  2.9168
  2.8386  2.7584  2.6785  2.6000  2.5234  2.3406  2.1667  1.9990  1.8372  1.6818
  1.5324  1.3883  1.2490  1.1140  0.9827
  3.3378  3.2691  3.2124  3.1662  3.1279  3.0934  3.0580  3.0152  2.9609  2.8964
  2.8245  2.7483  2.6704  2.5927  2.5161  2.3324  2.1579  1.9903  1.8289  1.6741
  1.5257  1.3827  1.2447  1.1111  0.9814  0.8550
  3.3651  3.2797  3.2030  3.1388  3.0879  3.0471  3.0109  2.9731  2.9269  2.8710
  2.8066  2.7362  2.6622  2.5866  2.5109  2.3270  2.1521  1.9844  1.8233  1.6688
  1.5209  1.3787  1.2417  1.1092  0.9809  0.8560  0.7341  0.6153  0.5003  0.3899
  3.3876  3.3043  3.2242  3.1500  3.0842  3.0268  2.9776  2.9341  2.8902  2.8404
  2.7835  2.7200  2.6515  2.5798  2.5063  2.3235  2.1483  1.9806  1.8196  1.6654
  1.5177  1.3760  1.2395  1.1078  0.9804  0.8568  0.7365  0.6192  0.5050  0.3945
  0.2884
  3.3978  3.3168  3.2377  3.1616  3.0906  3.0264  2.9691  2.9167  2.8656  2.8128
  2.7572  2.6986  2.6362  2.5700  2.5005  2.3212  2.1461  1.9783  1.8175  1.6634
  1.5159  1.3743  1.2382  1.1068  0.9799  0.8571  0.7379  0.6220  0.5092  0.3995
  0.2933
  3.4012  3.3222  3.2446  3.1686  3.0952  3.0257  2.9615  2.9027  2.8475  2.7926
  2.7359  2.6767  2.6157  2.5532  2.4887  2.3174  2.1431  1.9751  1.8142  1.6601
  1.5125  1.3710  1.2349  1.1036  0.9768  0.8544  0.7357  0.6207  0.5088  0.4001
  0.2945
  3.4018  3.3249  3.2490  3.1742  3.1007  3.0290  2.9602  2.8952  2.8341  2.7759
  2.7184  2.6600  2.5999  2.5384  2.4756  2.3136  2.1435  1.9758  1.8149  1.6610
  1.5135  1.3719  1.2358  1.1045  0.9777  0.8552  0.7368  0.6223  0.5112  0.4034
  0.2986
  3.3993  3.3240  3.2502  3.1772  3.1048  3.0331  2.9626  2.8942  2.8284  2.7655
  2.7051  2.6457  2.5862  2.5257  2.4642  2.3063  2.1435  1.9774  1.8167  1.6628
  1.5155  1.3739  1.2378  1.1063  0.9793  0.8565  0.7380  0.6235  0.5127  0.4053
  0.3011
  3.3899  3.3178  3.2466  3.1759  3.1058  3.0354  2.9653  2.8960  2.8280  2.7620
  2.6981  2.6362  2.5755  2.5151  2.4545  2.2955  2.1431  1.9799  1.8196
 [Fe/H] =  0.00 [alpha/Fe] = 0.00 BC value = F360M
  3.6364  3.6036  3.5661  3.5138  3.4473  3.3702  3.2852  3.1947  3.1019  3.0122
  2.9260  2.8437  2.7656  2.6908  2.6191  2.4483
  3.5472  3.5129  3.4781  3.4384  3.3895  3.3270  3.2506  3.1631  3.0728  2.9838
  2.8972  2.8137  2.7335  2.6566  2.5825  2.4060  2.2347  2.0648  1.8976
  3.4785  3.4404  3.4059  3.3706  3.3300  3.2793  3.2148  3.1366  3.0510  2.9637
  2.8775  2.7935  2.7124  2.6342  2.5587  2.3790  2.2064  2.0375  1.8729  1.7138
  1.5604
  3.4258  3.3813  3.3435  3.3091  3.2734  3.2315  3.1782  3.1106  3.0320  2.9481
  2.8632  2.7794  2.6979  2.6189  2.5426  2.3609  2.1873  2.0188  1.8555  1.6984
  1.5472  1.4013  1.2604
  3.3876  3.3347  3.2906  3.2531  3.2186  3.1823  3.1383  3.0816  3.0120  2.9338
  2.8518  2.7691  2.6877  2.6084  2.5315  2.3485  2.1743  2.0060  1.8435  1.6875
  1.5379  1.3936  1.2542  1.1190  0.9874
  3.3747  3.3025  3.2490  3.2048  3.1674  3.1324  3.0947  3.0478  2.9881  2.9177
  2.8406  2.7605  2.6802  2.6011  2.5238  2.3398  2.1653  1.9973  1.8353  1.6799
  1.5312  1.3881  1.2501  1.1164  0.9866  0.8600
  3.3854  3.3022  3.2301  3.1714  3.1246  3.0855  3.0491  3.0090  2.9587  2.8973
  2.8271  2.7515  2.6736  2.5956  2.5186  2.3338  2.1590  1.9912  1.8297  1.6747
  1.5265  1.3843  1.2472  1.1147  0.9863  0.8613  0.7393  0.6202  0.5049  0.3942
  3.4084  3.3254  3.2467  3.1752  3.1120  3.0576  3.0113  2.9694  2.9244  2.8710
  2.8089  2.7396  2.6660  2.5904  2.5146  2.3299  2.1547  1.9871  1.8259  1.6713
  1.5234  1.3816  1.2453  1.1136  0.9863  0.8626  0.7420  0.6245  0.5100  0.3991
  0.2926
  3.4192  3.3378  3.2590  3.1842  3.1155  3.0540  2.9986  2.9468  2.8957  2.8424
  2.7851  2.7226  2.6551  2.5838  2.5105  2.3274  2.1520  1.9844  1.8235  1.6693
  1.5216  1.3800  1.2441  1.1129  0.9862  0.8635  0.7442  0.6280  0.5148  0.4046
  0.2979
  3.4239  3.3440  3.2658  3.1899  3.1174  3.0497  2.9876  2.9305  2.8754  2.8193
  2.7607  2.6995  2.6361  2.5705  2.5022  2.3240  2.1486  1.9808  1.8199  1.6657
  1.5181  1.3766  1.2408  1.1099  0.9835  0.8611  0.7425  0.6272  0.5151  0.4059
  0.2997
  3.4263  3.3481  3.2711  3.1956  3.1218  3.0505  2.9827  2.9191  2.8589  2.8004
  2.7413  2.6806  2.6183  2.5546  2.4897  2.3221  2.1488  1.9811  1.8203  1.6663
  1.5189  1.3774  1.2416  1.1108  0.9845  0.8624  0.7441  0.6294  0.5181  0.4099
  0.3045
  3.4262  3.3493  3.2741  3.1996  3.1262  3.0539  2.9833  2.9151  2.8498  2.7871
  2.7259  2.6649  2.6032  2.5405  2.4771  2.3155  2.1495  1.9824  1.8217  1.6679
  1.5206  1.3792  1.2434  1.1126  0.9862  0.8640  0.7456  0.6311  0.5201  0.4124
  0.3076
  3.4214  3.3467  3.2733  3.2007  3.1287  3.0570  2.9858  2.9158  2.8474  2.7810
  2.7167  2.6539  2.5917  2.5294  2.4644  2.3042  2.1507  1.9847  1.8241
 [Fe/H] =  0.25 [alpha/Fe] = 0.00 BC value = F360M
  3.6737  3.6395  3.5978  3.5324  3.4499  3.3657  3.2841  3.2067  3.1127  3.0220
  2.9345  2.8505  2.7706  2.6951  2.6225  2.4510
  3.5873  3.5544  3.5187  3.4720  3.4135  3.3444  3.2658  3.1787  3.0859  2.9952
  2.9075  2.8226  2.7412  2.6631  2.5882  2.4109  2.2403  2.0713  1.9042
  3.5150  3.4803  3.4470  3.4111  3.3680  3.3121  3.2410  3.1561  3.0663  2.9766
  2.8888  2.8035  2.7211  2.6419  2.5656  2.3850  2.2125  2.0440  1.8794  1.7203
  1.5668
  3.4568  3.4172  3.3827  3.3497  3.3135  3.2687  3.2097  3.1350  3.0504  2.9627
  2.8755  2.7901  2.7072  2.6272  2.5501  2.3674  2.1938  2.0254  1.8620  1.7047
  1.5535  1.4076  1.2663
  3.4115  3.3646  3.3255  3.2915  3.2585  3.2213  3.1739  3.1112  3.0347  2.9511
  2.8656  2.7805  2.6974  2.6169  2.5391  2.3551  2.1809  2.0128  1.8501  1.6938
  1.5440  1.3997  1.2602  1.1249  0.9933
  3.3801  3.3237  3.2769  3.2381  3.2044  3.1709  3.1322  3.0817  3.0159  2.9391
  2.8569  2.7733  2.6906  2.6098  2.5314  2.3462  2.1718  2.0040  1.8419  1.6862
  1.5373  1.3942  1.2562  1.1225  0.9926  0.8659
  3.3742  3.3014  3.2418  3.1938  3.1546  3.1202  3.0858  3.0450  2.9910  2.9236
  2.8473  2.7668  2.6854  2.6049  2.5263  2.3398  2.1650  1.9977  1.8362  1.6810
  1.5326  1.3903  1.2534  1.1210  0.9926  0.8676  0.7455  0.6261  0.5106  0.3996
  3.4027  3.3180  3.2421  3.1752  3.1206  3.0769  3.0397  3.0029  2.9587  2.9019
  2.8339  2.7587  2.6802  2.6011  2.5229  2.3356  2.1602  1.9931  1.8321  1.6775
  1.5294  1.3876  1.2514  1.1200  0.9928  0.8692  0.7487  0.6310  0.5161  0.4049
  0.2980
  3.4181  3.3363  3.2578  3.1852  3.1202  3.0629  3.0121  2.9668  2.9229  2.8734
  2.8144  2.7466  2.6731  2.5969  2.5202  2.3332  2.1571  1.9898  1.8293  1.6752
  1.5274  1.3858  1.2501  1.1193  0.9929  0.8705  0.7513  0.6350  0.5216  0.4109
  0.3037
  3.4246  3.3441  3.2658  3.1908  3.1208  3.0573  3.0003  2.9479  2.8970  2.8446
  2.7880  2.7261  2.6593  2.5884  2.5148  2.3300  2.1534  1.9857  1.8253  1.6713
  1.5237  1.3823  1.2467  1.1163  0.9904  0.8685  0.7501  0.6349  0.5226  0.4129
  0.3062
  3.4285  3.3493  3.2718  3.1963  3.1236  3.0547  2.9909  2.9322  2.8768  2.8217
  2.7645  2.7038  2.6403  2.5744  2.5064  2.3296  2.1535  1.9856  1.8251  1.6714
  1.5241  1.3828  1.2473  1.1171  0.9915  0.8700  0.7522  0.6377  0.5263  0.4176
  0.3118
  3.4305  3.3524  3.2761  3.2011  3.1278  3.0565  2.9880  2.9231  2.8617  2.8028
  2.7442  2.6839  2.6216  2.5576  2.4925  2.3258  2.1546  1.9866  1.8261  1.6724
  1.5253  1.3842  1.2488  1.1186  0.9931  0.8718  0.7540  0.6398  0.5289  0.4209
  0.3157
  3.4311  3.3540  3.2786  3.2050  3.1320  3.0602  2.9898  2.9212  2.8550  2.7913
  2.7295  2.6682  2.6064  2.5435  2.4731  2.3186  2.1567  1.9887  1.8283
 [Fe/H] =  0.50 [alpha/Fe] = 0.00 BC value = F360M
  3.7154  3.7157  3.6742  3.5991  3.5089  3.4126  3.3133  3.2194  3.1243  3.0325
  2.9437  2.8584  2.7769  2.6995  2.6268  2.4545
  3.6283  3.6086  3.5721  3.5204  3.4553  3.3780  3.2898  3.1940  3.0996  3.0077
  2.9189  2.8328  2.7501  2.6709  2.5948  2.4163  2.2458  2.0775  1.9105
  3.5531  3.5219  3.4883  3.4509  3.4032  3.3419  3.2650  3.1744  3.0816  2.9902
  2.9013  2.8148  2.7313  2.6511  2.5738  2.3918  2.2190  2.0507  1.8868  1.7278
  1.5739
  3.4898  3.4555  3.4229  3.3905  3.3527  3.3042  3.2389  3.1571  3.0678  2.9775
  2.8887  2.8020  2.7180  2.6369  2.5589  2.3748  2.2010  2.0327  1.8691  1.7114
  1.5599  1.4139  1.2726
  3.4379  3.3967  3.3621  3.3309  3.2985  3.2596  3.2078  3.1383  3.0554  2.9676
  2.8796  2.7929  2.7085  2.6268  2.5481  2.3626  2.1883  2.0203  1.8574  1.7007
  1.5505  1.4061  1.2666  1.1313  0.9996
  3.3983  3.3487  3.3079  3.2738  3.2429  3.2099  3.1692  3.1136  3.0411  2.9585
  2.8725  2.7865  2.7020  2.6198  2.5404  2.3536  2.1790  2.0114  1.8492  1.6932
  1.5439  1.4006  1.2627  1.1289  0.9990  0.8723
  3.3751  3.3138  3.2635  3.2226  3.1885  3.1572  3.1235  3.0804  3.0212  2.9473
  2.8657  2.7815  2.6976  2.6153  2.5353  2.3469  2.1718  2.0047  1.8434  1.6880
  1.5392  1.3967  1.2598  1.1275  0.9991  0.8742  0.7521  0.6328  0.5172  0.4059
  3.3889  3.3143  3.2400  3.1851  3.1418  3.1064  3.0739  3.0386  2.9924  2.9306
  2.8566  2.7763  2.6941  2.6124  2.5323  2.3424  2.1664  1.9996  1.8390  1.6843
  1.5360  1.3939  1.2577  1.1264  0.9994  0.8761  0.7557  0.6381  0.5230  0.4116
  0.3043
  3.4142  3.3319  3.2543  3.1843  3.1235  3.0727  3.0309  2.9941  2.9551  2.9055
  2.8419  2.7683  2.6899  2.6100  2.5306  2.3399  2.1627  1.9958  1.8357  1.6817
  1.5338  1.3921  1.2563  1.1257  0.9997  0.8775  0.7586  0.6426  0.5290  0.4180
  0.3106
  3.4235  3.3427  3.2646  3.1911  3.1245  3.0656  3.0130  2.9649  2.9195  2.8728
  2.8182  2.7534  2.6810  2.6046  2.5271  2.3370  2.1587  1.9911  1.8311  1.6775
  1.5299  1.3883  1.2528  1.1225  0.9971  0.8758  0.7578  0.6430  0.5307  0.4209
  0.3137
  3.4287  3.3490  3.2712  3.1962  3.1252  3.0597  3.0008  2.9473  2.8966  2.8456
  2.7915  2.7320  2.6668  2.5970  2.5239  2.3375  2.1587  1.9904  1.8303  1.6770
  1.5299  1.3887  1.2533  1.1233  0.9982  0.8774  0.7601  0.6461  0.5349  0.4262
  0.3200
  3.4313  3.3530  3.2760  3.2009  3.1282  3.0585  2.9931  2.9327  2.8763  2.8219
  2.7665  2.7077  2.6453  2.5800  2.5125  2.3373  2.1601  1.9912  1.8307  1.6774
  1.5306  1.3897  1.2544  1.1245  0.9996  0.8791  0.7622  0.6486  0.5380  0.4301
  0.3247
  3.4338  3.3559  3.2801  3.2055  3.1325  3.0612  2.9923  2.9264  2.8638  2.8042
  2.7460  2.6870  2.6257  2.5622  2.4929  2.3364  2.1629  1.9935  1.8323
 [Fe/H] =  0.75 [alpha/Fe] = 0.00 BC value = F360M
  3.7574  3.7092  3.6383  3.5509  3.4645  3.3836  3.3069  3.2321  3.1360  3.0429
  2.9533  2.8666  2.7836  2.7045  2.6296  2.4515
  3.6702  3.6351  3.5878  3.5296  3.4617  3.3851  3.3008  3.2094  3.1136  3.0207
  2.9309  2.8438  2.7599  2.6794  2.6022  2.4218  2.2506  2.0828  1.9163
  3.5925  3.5634  3.5295  3.4896  3.4371  3.3697  3.2870  3.1920  3.0972  3.0045
  2.9146  2.8271  2.7426  2.6613  2.5830  2.3990  2.2257  2.0574  1.8929  1.7336
  1.5800
  3.5243  3.4942  3.4635  3.4309  3.3906  3.3373  3.2656  3.1777  3.0849  2.9927
  2.9025  2.8149  2.7299  2.6479  2.5689  2.3831  2.2086  2.0401  1.8763  1.7183
  1.5665  1.4204  1.2791
  3.4661  3.4305  3.3999  3.3706  3.3380  3.2964  3.2393  3.1630  3.0748  2.9839
  2.8940  2.8063  2.7208  2.6381  2.5584  2.3712  2.1963  2.0281  1.8650  1.7079
  1.5573  1.4127  1.2732  1.1379  1.0062
  3.4188  3.3758  3.3406  3.3105  3.2817  3.2484  3.2046  3.1433  3.0641  2.9768
  2.8880  2.8003  2.7145  2.6312  2.5507  2.3619  2.1868  2.0193  1.8571  1.7007
  1.5509  1.4074  1.2693  1.1356  1.0057  0.8791
  3.3849  3.3320  3.2889  3.2539  3.2240  3.1949  3.1607  3.1141  3.0490  2.9689
  2.8830  2.7961  2.7105  2.6268  2.5457  2.3550  2.1792  2.0124  1.8512  1.6956
  1.5464  1.4035  1.2665  1.1342  1.0059  0.8810  0.7591  0.6400  0.5246  0.4132
  3.3765  3.3067  3.2503  3.2058  3.1703  3.1399  3.1099  3.0742  3.0246  2.9568
  2.8771  2.7928  2.7081  2.6245  2.5429  2.3502  2.1733  2.0067  1.8464  1.6918
  1.5431  1.4008  1.2644  1.1331  1.0062  0.8830  0.7629  0.6455  0.5306  0.4192
  0.3116
  3.4055  3.3209  3.2470  3.1833  3.1315  3.0918  3.0588  3.0269  2.9887  2.9360
  2.8670  2.7881  2.7059  2.6233  2.5418  2.3477  2.1691  2.0021  1.8425  1.6888
  1.5408  1.3988  1.2629  1.1323  1.0064  0.8845  0.7660  0.6503  0.5369  0.4259
  0.3183
  3.4199  3.3389  3.2615  3.1903  3.1274  3.0724  3.0250  2.9841  2.9460  2.9035
  2.8475  2.7776  2.7002  2.6200  2.5396  2.3451  2.1648  1.9968  1.8373  1.6840
  1.5366  1.3950  1.2593  1.1290  1.0038  0.8828  0.7653  0.6509  0.5390  0.4293
  0.3220
  3.4268  3.3469  3.2693  3.1953  3.1269  3.0657  3.0117  2.9627  2.9161  2.8701
  2.8206  2.7616  2.6926  2.6172  2.5393  2.3463  2.1647  1.9956  1.8357  1.6829
  1.5361  1.3950  1.2596  1.1296  1.0048  0.8844  0.7677  0.6543  0.5436  0.4352
  0.3290
  3.4303  3.3516  3.2745  3.1996  3.1279  3.0607  2.9994  2.9441  2.8929  2.8429
  2.7913  2.7353  2.6734  2.6061  2.5347  2.3483  2.1664  1.9960  1.8355  1.6826
  1.5361  1.3954  1.2604  1.1306  1.0060  0.8859  0.7697  0.6570  0.5470  0.4396
  0.3342
  3.4327  3.3549  3.2788  3.2041  3.1314  3.0612  2.9945  2.9322  2.8742  2.8195
  2.7655  2.7092  2.6495  2.5859  2.5258  2.3511  2.1699  1.9980  1.8367
 [Fe/H] =  1.00 [alpha/Fe] = 0.00 BC value = F360M
  3.7986  3.6922  3.5866  3.5111  3.4466  3.3859  3.3219  3.2429  3.1469  3.0527
  2.9622  2.8742  2.7899  2.7094  2.6327  2.4532
  3.7124  3.6707  3.6179  3.5552  3.4836  3.4041  3.3175  3.2245  3.1276  3.0336
  2.9425  2.8548  2.7698  2.6881  2.6096  2.4268  2.2544  2.0869  1.9218
  3.6330  3.6216  3.5905  3.5417  3.4770  3.3980  3.3069  3.2093  3.1129  3.0190
  2.9279  2.8399  2.7544  2.6720  2.5927  2.4063  2.2320  2.0632  1.8988  1.7394
  1.5856
  3.5604  3.5450  3.5044  3.4706  3.4267  3.3677  3.2902  3.1973  3.1020  3.0083
  2.9170  2.8287  2.7427  2.6597  2.5797  2.3917  2.2162  2.0473  1.8832  1.7250
  1.5729  1.4267  1.2855
  3.4956  3.4654  3.4383  3.4101  3.3762  3.3309  3.2680  3.1858  3.0935  3.0005
  2.9092  2.8202  2.7341  2.6504  2.5697  2.3804  2.2045  2.0359  1.8726  1.7152
  1.5641  1.4193  1.2798  1.1446  1.0130
  3.4405  3.4040  3.3742  3.3475  3.3198  3.2852  3.2377  3.1704  3.0855  2.9946
  2.9038  2.8146  2.7280  2.6437  2.5623  2.3713  2.1952  2.0274  1.8650  1.7083
  1.5580  1.4142  1.2760  1.1423  1.0126  0.8860
  3.3976  3.3521  3.3157  3.2860  3.2597  3.2318  3.1964  3.1457  3.0744  2.9891
  2.9000  2.8112  2.7241  2.6395  2.5573  2.3642  2.1873  2.0202  1.8591  1.7034
  1.5538  1.4105  1.2732  1.1409  1.0128  0.8881  0.7663  0.6477  0.5327  0.4212
  3.3723  3.3141  3.2673  3.2304  3.2006  3.1741  3.1457  3.1087  3.0545  2.9808
  2.8963  2.8090  2.7223  2.6375  2.5546  2.3594  2.1809  2.0140  1.8541  1.6995
  1.5506  1.4079  1.2713  1.1399  1.0130  0.8900  0.7701  0.6529  0.5385  0.4275
  0.3198
  3.3890  3.3070  3.2411  3.1894  3.1494  3.1182  3.0906  3.0609  3.0215  2.9645
  2.8899  2.8067  2.7214  2.6368  2.5540  2.3568  2.1763  2.0088  1.8496  1.6961
  1.5481  1.4060  1.2698  1.1391  1.0133  0.8915  0.7732  0.6579  0.5449  0.4343
  0.3269
  3.4123  3.3313  3.2550  3.1862  3.1273  3.0795  3.0418  3.0096  2.9768  2.9342
  2.8745  2.7996  2.7181  2.6350  2.5525  2.3545  2.1717  2.0029  1.8436  1.6908
  1.5436  1.4019  1.2661  1.1358  1.0105  0.8897  0.7725  0.6586  0.5473  0.4381
  0.3309
  3.4222  3.3425  3.2654  3.1930  3.1279  3.0713  3.0215  2.9770  2.9361  2.8962
  2.8499  2.7884  2.7143  2.6347  2.5538  2.3562  2.1716  2.0012  1.8413  1.6889
  1.5425  1.4015  1.2661  1.1362  1.0114  0.8912  0.7749  0.6621  0.5521  0.4443
  0.3384
  3.4267  3.3481  3.2713  3.1971  3.1271  3.0632  3.0067  2.9567  2.9100  2.8641
  2.8167  2.7645  2.7024  2.6309  2.5542  2.3592  2.1736  2.0014  1.8404  1.6878
  1.5418  1.4014  1.2665  1.1368  1.0123  0.8925  0.7768  0.6647  0.5556  0.4489
  0.3442
  3.4291  3.3518  3.2757  3.2012  3.1292  3.0607  2.9970  2.9391  2.8864  2.8366
  2.7867  2.7341  2.6768  2.6135  2.5537  2.3635  2.1777  2.0035  1.8409
