 [Fe/H] = -2.00 [alpha/Fe] =-0.40 BC value =F322W2
  3.4468  3.3515  3.3450  3.3426  3.2981  3.2386  3.1730  3.1093  3.0347  2.9606
  2.8843  2.8076  2.7300  2.6536  2.5780  2.3946  2.2227  2.0583  1.8785
  3.3598  3.3283  3.2917  3.2503  3.2109  3.1781  3.1318  3.0713  3.0031  2.9310
  2.8565  2.7808  2.7049  2.6295  2.5551  2.3746  2.2010  2.0309  1.8663  1.7086
  3.3067  3.2774  3.2403  3.1983  3.1535  3.1075  3.0682  3.0269  2.9716  2.9058
  2.8352  2.7615  2.6868  2.6121  2.5382  2.3588  2.1862  2.0171  1.8531  1.6962
  1.5460
  3.2481  3.2239  3.1902  3.1492  3.1036  3.0556  3.0068  2.9608  2.9184  2.8695
  2.8099  2.7426  2.6711  2.5982  2.5252  2.3468  2.1750  2.0066  1.8431  1.6866
  1.5372  1.3938
  3.1778  3.1638  3.1366  3.1003  3.0573  3.0101  2.9608  2.9108  2.8613  2.8132
  2.7656  2.7120  2.6507  2.5835  2.5132  2.3372  2.1664  1.9991  1.8362  1.6795
  1.5303  1.3876  1.2505  1.1183
  3.0964  3.0914  3.0750  3.0463  3.0089  2.9655  2.9182  2.8692  2.8187  2.7673
  2.7165  2.6666  2.6144  2.5575  2.4958  2.3280  2.1593  1.9939  1.8320  1.6749
  1.5253  1.3827  1.2461  1.1148  0.9878  0.8647  0.7452  0.6291  0.5162  0.4063
  3.0071  3.0082  3.0023  2.9827  2.9537  2.9166  2.8739  2.8278  2.7795  2.7297
  2.6786  2.6270  2.5753  2.5225  2.4670  2.3152  2.1522  1.9902  1.8300  1.6729
  1.5223  1.3791  1.2426  1.1118  0.9858  0.8641  0.7461  0.6314  0.5197  0.4107
  0.3045
  2.9126  2.9176  2.9175  2.9068  2.8873  2.8589  2.8232  2.7823  2.7378  2.6910
  2.6426  2.5929  2.5421  2.4902  2.4370  2.2956  2.1425  1.9853  1.8286  1.6732
  1.5219  1.3775  1.2403  1.1093  0.9837  0.8627  0.7458  0.6324  0.5221  0.4146
  0.3095
  2.8160  2.8231  2.8249  2.8177  2.8075  2.7885  2.7615  2.7279  2.6891  2.6468
  2.6022  2.5558  2.5080  2.4587  2.4078  2.2730  2.1279  1.9770  1.8242  1.6719
  1.5214  1.3758  1.2370  1.1051  0.9790  0.8581  0.7415  0.6288  0.5195  0.4133
  0.3100
  2.7202  2.7282  2.7301  2.7266  2.7181  2.7052  2.6875  2.6627  2.6318  2.5959
  2.5565  2.5144  2.4705  2.4249  2.3775  2.2512  2.1139  1.9688  1.8209  1.6726
  1.5250  1.3798  1.2397  1.1062  0.9791  0.8577  0.7411  0.6288  0.5203  0.4151
  0.3110
  2.6283  2.6326  2.6327  2.6291  2.6222  2.6123  2.5996  2.5836  2.5615  2.5339
  2.5014  2.4652  2.4264  2.3854  2.3426  2.2264  2.0976  1.9596  1.8166  1.6719
  1.5277  1.3847  1.2449  1.1100  0.9812  0.8586  0.7412  0.6286  0.5202  0.4154
  0.3139
  2.5435  2.5239  2.5135  2.5089  2.5067  2.5043  2.4993  2.4902  2.4765  2.4578
  2.4340  2.4053  2.3730  2.3379  2.3003  2.1964  2.0778  1.9478  1.8105
 [Fe/H] = -1.50 [alpha/Fe] =-0.40 BC value =F322W2
  3.4473  3.4093  3.3878  3.3548  3.3043  3.2439  3.1761  3.1029  3.0279  2.9520
  2.8761  2.8001  2.7241  2.6486  2.5738  2.3918  2.2191  2.0543  1.8858
  3.4164  3.3860  3.3474  3.3124  3.2765  3.2200  3.1528  3.0805  3.0057  2.9297
  2.8535  2.7771  2.7008  2.6252  2.5505  2.3700  2.1986  2.0330  1.8697  1.7121
  3.3765  3.3451  3.3076  3.2659  3.2212  3.1829  3.1299  3.0623  2.9893  2.9144
  2.8387  2.7624  2.6861  2.6103  2.5355  2.3547  2.1836  2.0189  1.8567  1.7000
  1.5497
  3.3315  3.3026  3.2649  3.2206  3.1728  3.1244  3.0781  3.0323  2.9713  2.9010
  2.8274  2.7524  2.6767  2.6010  2.5261  2.3447  2.1730  2.0084  1.8470  1.6909
  1.5413  1.3978
  3.2793  3.2558  3.2219  3.1801  3.1328  3.0813  3.0271  2.9749  2.9269  2.8752
  2.8125  2.7425  2.6692  2.5946  2.5201  2.3386  2.1661  2.0012  1.8403  1.6843
  1.5350  1.3921  1.2548  1.1220
  3.2175  3.2013  3.1741  3.1372  3.0930  3.0437  2.9904  2.9347  2.8786  2.8250
  2.7737  2.7187  2.6562  2.5872  2.5150  2.3347  2.1619  1.9967  1.8362  1.6800
  1.5305  1.3876  1.2509  1.1193  0.9920  0.8687  0.7488  0.6323  0.5189  0.4090
  3.1448  3.1366  3.1179  3.0885  3.0500  3.0050  2.9551  2.9017  2.8457  2.7885
  2.7318  2.6770  2.6228  2.5654  2.5030  2.3312  2.1592  1.9942  1.8342  1.6781
  1.5279  1.3846  1.2478  1.1167  0.9904  0.8682  0.7498  0.6347  0.5227  0.4136
  0.3072
  3.0646  3.0606  3.0506  3.0302  2.9998  2.9612  2.9163  2.8671  2.8145  2.7596
  2.7028  2.6454  2.5885  2.5327  2.4761  2.3230  2.1566  1.9926  1.8336  1.6784
  1.5276  1.3832  1.2459  1.1146  0.9887  0.8674  0.7500  0.6362  0.5255  0.4176
  0.3122
  2.9793  2.9771  2.9723  2.9602  2.9388  2.9083  2.8701  2.8263  2.7782  2.7273
  2.6739  2.6185  2.5618  2.5049  2.4481  2.3033  2.1486  1.9884  1.8312  1.6775
  1.5271  1.3817  1.2429  1.1107  0.9845  0.8632  0.7462  0.6329  0.5231  0.4165
  0.3129
  2.8915  2.8903  2.8872  2.8794  2.8663  2.8446  2.8150  2.7784  2.7361  2.6901
  2.6412  2.5899  2.5366  2.4818  2.4260  2.2842  2.1373  1.9846  1.8307  1.6795
  1.5309  1.3857  1.2457  1.1121  0.9848  0.8631  0.7461  0.6334  0.5244  0.4188
  0.3142
  2.8072  2.8012  2.7965  2.7907  2.7834  2.7690  2.7477  2.7195  2.6847  2.6447
  2.6010  2.5545  2.5057  2.4550  2.4025  2.2659  2.1241  1.9777  1.8286  1.6804
  1.5345  1.3909  1.2509  1.1159  0.9871  0.8643  0.7466  0.6336  0.5247  0.4195
  0.3176
  2.7281  2.7096  2.7001  2.6949  2.6903  2.6824  2.6684  2.6481  2.6214  2.5891
  2.5517  2.5106  2.4668  2.4209  2.3730  2.2455  2.1096  1.9688  1.8247
 [Fe/H] = -1.00 [alpha/Fe] =-0.40 BC value =F322W2
  3.4404  3.4263  3.3971  3.3535  3.3041  3.2456  3.1752  3.1004  3.0243  2.9474
  2.8711  2.7953  2.7201  2.6453  2.5712  2.3906  2.2179  2.0531  1.8919
  3.4464  3.4100  3.3851  3.3455  3.2886  3.2250  3.1554  3.0807  3.0044  2.9271
  2.8502  2.7737  2.6977  2.6223  2.5477  2.3671  2.1960  2.0335  1.8744  1.7174
  3.4220  3.3907  3.3537  3.3168  3.2759  3.2130  3.1420  3.0678  2.9918  2.9148
  2.8378  2.7611  2.6848  2.6089  2.5339  2.3523  2.1810  2.0191  1.8613  1.7057
  1.5554
  3.3910  3.3585  3.3188  3.2761  3.2314  3.1897  3.1309  3.0586  2.9829  2.9068
  2.8302  2.7538  2.6775  2.6017  2.5264  2.3437  2.1714  2.0089  1.8516  1.6971
  1.5476  1.4038
  3.3539  3.3243  3.2848  3.2387  3.1890  3.1383  3.0894  3.0396  2.9740  2.9001
  2.8248  2.7491  2.6734  2.5979  2.5228  2.3394  2.1659  2.0022  1.8449  1.6909
  1.5418  1.3987  1.2611  1.1281
  3.3088  3.2844  3.2494  3.2053  3.1547  3.1003  3.0443  2.9891  2.9371  2.8824
  2.8166  2.7445  2.6704  2.5957  2.5211  2.3379  2.1633  1.9984  1.8406  1.6868
  1.5379  1.3949  1.2579  1.1259  0.9981  0.8742  0.7538  0.6368  0.5231  0.4133
  3.2541  3.2364  3.2081  3.1695  3.1228  3.0702  3.0134  2.9541  2.8946  2.8374
  2.7829  2.7256  2.6619  2.5924  2.5199  2.3378  2.1628  1.9969  1.8384  1.6848
  1.5358  1.3925  1.2555  1.1240  0.9972  0.8744  0.7553  0.6396  0.5272  0.4179
  0.3116
  3.1907  3.1786  3.1580  3.1270  3.0865  3.0387  2.9853  2.9279  2.8676  2.8065
  2.7463  2.6878  2.6310  2.5728  2.5106  2.3380  2.1634  1.9970  1.8381  1.6846
  1.5355  1.3917  1.2542  1.1226  0.9962  0.8743  0.7563  0.6417  0.5304  0.4222
  0.3168
  3.1205  3.1118  3.0976  3.0747  3.0421  3.0009  2.9528  2.8997  2.8426  2.7829
  2.7219  2.6606  2.6001  2.5412  2.4831  2.3301  2.1620  1.9958  1.8367  1.6835
  1.5346  1.3902  1.2517  1.1194  0.9927  0.8709  0.7532  0.6392  0.5288  0.4217
  0.3176
  3.0460  3.0393  3.0283  3.0124  2.9881  2.9551  2.9143  2.8671  2.8150  2.7594
  2.7012  2.6413  2.5805  2.5198  2.4599  2.3126  2.1586  1.9971  1.8387  1.6862
  1.5382  1.3940  1.2547  1.1211  0.9936  0.8715  0.7539  0.6405  0.5308  0.4245
  0.3213
  2.9717  2.9611  2.9523  2.9408  2.9235  2.8986  2.8659  2.8261  2.7803  2.7300
  2.6764  2.6201  2.5620  2.5026  2.4429  2.2949  2.1474  1.9952  1.8403  1.6890
  1.5423  1.3991  1.2597  1.1251  0.9962  0.8730  0.7549  0.6413  0.5318  0.4259
  0.3233
  2.9000  2.8841  2.8733  2.8630  2.8496  2.8313  2.8065  2.7746  2.7362  2.6923
  2.6442  2.5928  2.5389  2.4831  2.4258  2.2802  2.1350  1.9886  1.8397
 [Fe/H] = -0.75 [alpha/Fe] =-0.40 BC value =F322W2
  3.4342  3.4195  3.3892  3.3478  3.3016  3.2451  3.1758  3.1006  3.0237  2.9466
  2.8698  2.7939  2.7188  2.6443  2.5705  2.3906  2.2182  2.0535  1.8945
  3.4453  3.4171  3.3913  3.3445  3.2870  3.2256  3.1561  3.0813  3.0044  2.9269
  2.8496  2.7730  2.6970  2.6217  2.5473  2.3667  2.1955  2.0333  1.8766  1.7209
  3.4347  3.4047  3.3684  3.3373  3.2816  3.2141  3.1433  3.0690  2.9924  2.9152
  2.8380  2.7611  2.6848  2.6090  2.5341  2.3523  2.1806  2.0189  1.8634  1.7093
  1.5591
  3.4098  3.3769  3.3389  3.2986  3.2607  3.2069  3.1359  3.0609  2.9846  2.9080
  2.8311  2.7544  2.6781  2.6023  2.5272  2.3443  2.1714  2.0091  1.8537  1.7008
  1.5515  1.4076
  3.3798  3.3478  3.3065  3.2605  3.2138  3.1676  3.1202  3.0546  2.9792  2.9029
  2.8267  2.7505  2.6746  2.5991  2.5241  2.3406  2.1665  2.0029  1.8469  1.6946
  1.5461  1.4029  1.2651  1.1319
  3.3431  3.3149  3.2762  3.2292  3.1773  3.1237  3.0707  3.0199  2.9654  2.8972
  2.8229  2.7477  2.6726  2.5977  2.5230  2.3396  2.1645  1.9995  1.8427  1.6906
  1.5425  1.3996  1.2624  1.1302  1.0023  0.8781  0.7572  0.6398  0.5260  0.4162
  3.2978  3.2751  3.2419  3.1990  3.1485  3.0931  3.0351  2.9766  2.9197  2.8653
  2.8080  2.7416  2.6701  2.5967  2.5229  2.3403  2.1646  1.9984  1.8406  1.6884
  1.5405  1.3976  1.2605  1.1287  1.0017  0.8787  0.7592  0.6431  0.5303  0.4208
  0.3168
  3.2437  3.2264  3.2002  3.1638  3.1185  3.0662  3.0092  2.9492  2.8877  2.8270
  2.7684  2.7113  2.6525  2.5892  2.5209  2.3416  2.1660  1.9991  1.8404  1.6879
  1.5401  1.3970  1.2596  1.1278  1.0012  0.8789  0.7604  0.6454  0.5338  0.4253
  0.3198
  3.1825  3.1691  3.1490  3.1202  3.0819  3.0353  2.9824  2.9251  2.8646  2.8024
  2.7401  2.6787  2.6188  2.5601  2.5009  2.3395  2.1659  1.9986  1.8393  1.6866
  1.5388  1.3955  1.2574  1.1250  0.9981  0.8760  0.7580  0.6437  0.5330  0.4255
  0.3208
  3.1164  3.1045  3.0892  3.0673  3.0370  2.9981  2.9516  2.8993  2.8426  2.7829
  2.7214  2.6590  2.5969  2.5356  2.4757  2.3265  2.1670  2.0013  1.8420  1.6895
  1.5421  1.3990  1.2603  1.1270  0.9994  0.8769  0.7590  0.6453  0.5352  0.4284
  0.3248
  3.0483  3.0355  3.0225  3.0054  2.9820  2.9510  2.9123  2.8668  2.8156  2.7604
  2.7023  2.6421  2.5808  2.5191  2.4578  2.3082  2.1585  2.0026  1.8448  1.6928
  1.5462  1.4038  1.2651  1.1309  1.0022  0.8789  0.7604  0.6465  0.5366  0.4302
  0.3273
  2.9812  2.9649  2.9514  2.9371  2.9183  2.8939  2.8628  2.8249  2.7806  2.7313
  2.6781  2.6219  2.5637  2.5040  2.4437  2.2935  2.1463  1.9979  1.8464
 [Fe/H] = -0.50 [alpha/Fe] =-0.40 BC value =F322W2
  3.4221  3.4058  3.3789  3.3417  3.2967  3.2427  3.1754  3.1014  3.0243  2.9467
  2.8696  2.7934  2.7182  2.6439  2.5704  2.3910  2.2191  2.0546  1.8968
  3.4344  3.4200  3.3868  3.3399  3.2844  3.2244  3.1561  3.0820  3.0053  2.9274
  2.8499  2.7731  2.6971  2.6219  2.5475  2.3670  2.1956  2.0335  1.8783  1.7248
  3.4422  3.4094  3.3854  3.3416  3.2812  3.2141  3.1439  3.0699  2.9936  2.9162
  2.8388  2.7618  2.6855  2.6098  2.5349  2.3530  2.1809  2.0191  1.8649  1.7131
  1.5634
  3.4222  3.3910  3.3562  3.3221  3.2776  3.2107  3.1372  3.0623  2.9862  2.9093
  2.8323  2.7555  2.6793  2.6036  2.5285  2.3455  2.1722  2.0096  1.8553  1.7045
  1.5561  1.4121
  3.3982  3.3648  3.3238  3.2815  3.2398  3.1972  3.1336  3.0584  2.9815  2.9048
  2.8283  2.7520  2.6761  2.6006  2.5258  2.3423  2.1678  2.0039  1.8488  1.6984
  1.5509  1.4078  1.2698  1.1365
  3.3692  3.3376  3.2962  3.2479  3.1976  3.1485  3.1009  3.0480  2.9783  2.9019
  2.8257  2.7499  2.6745  2.5995  2.5250  2.3418  2.1663  2.0010  1.8449  1.6943
  1.5474  1.4048  1.2675  1.1351  1.0067  0.8821  0.7611  0.6434  0.5293  0.4196
  3.3329  3.3056  3.2680  3.2211  3.1681  3.1123  3.0563  3.0019  2.9489  2.8913
  2.8221  2.7480  2.6735  2.5992  2.5252  2.3428  2.1669  2.0004  1.8430  1.6921
  1.5455  1.4032  1.2661  1.1342  1.0069  0.8836  0.7637  0.6472  0.5340  0.4243
  0.3184
  3.2887  3.2662  3.2343  3.1927  3.1427  3.0870  3.0281  2.9680  2.9082  2.8503
  2.7939  2.7345  2.6685  2.5980  2.5256  2.3447  2.1688  2.0015  1.8430  1.6915
  1.5450  1.4028  1.2657  1.1339  1.0070  0.8844  0.7654  0.6500  0.5380  0.4291
  0.3235
  3.2372  3.2192  3.1924  3.1573  3.1132  3.0616  3.0046  2.9444  2.8823  2.8199
  2.7585  2.6987  2.6397  2.5797  2.5166  2.3447  2.1694  2.0015  1.8421  1.6900
  1.5434  1.4012  1.2637  1.1315  1.0044  0.8820  0.7636  0.6489  0.5376  0.4296
  0.3247
  3.1798  3.1634  3.1423  3.1140  3.0773  3.0322  2.9803  2.9235  2.8632  2.8009
  2.7378  2.6750  2.6131  2.5523  2.4925  2.3394  2.1726  2.0050  1.8452  1.6928
  1.5463  1.4042  1.2665  1.1337  1.0060  0.8834  0.7652  0.6510  0.5404  0.4332
  0.3291
  3.1196  3.1033  3.0851  3.0620  3.0322  2.9947  2.9497  2.8985  2.8424  2.7830
  2.7216  2.6590  2.5961  2.5337  2.4721  2.3220  2.1692  2.0083  1.8488  1.6965
  1.5501  1.4085  1.2710  1.1375  1.0091  0.8857  0.7671  0.6528  0.5424  0.4356
  0.3322
  3.0586  3.0400  3.0230  3.0030  2.9783  2.9475  2.9100  2.8658  2.8158  2.7613
  2.7035  2.6435  2.5821  2.5201  2.4581  2.3060  2.1576  2.0068  1.8521
 [Fe/H] = -0.25 [alpha/Fe] =-0.40 BC value =F322W2
  3.4012  3.3902  3.3700  3.3375  3.2950  3.2422  3.1759  3.1031  3.0263  2.9477
  2.8702  2.7938  2.7184  2.6441  2.5707  2.3920  2.2205  2.0563  1.8987
  3.4330  3.4114  3.3784  3.3350  3.2833  3.2246  3.1568  3.0835  3.0070  2.9287
  2.8510  2.7741  2.6980  2.6227  2.5484  2.3679  2.1965  2.0342  1.8796  1.7286
  3.4419  3.4161  3.3886  3.3391  3.2794  3.2148  3.1450  3.0715  2.9952  2.9178
  2.8403  2.7632  2.6869  2.6112  2.5364  2.3544  2.1820  2.0198  1.8662  1.7167
  1.5682
  3.4305  3.4028  3.3709  3.3395  3.2807  3.2112  3.1385  3.0640  2.9879  2.9112
  2.8340  2.7572  2.6810  2.6054  2.5305  2.3476  2.1738  2.0107  1.8569  1.7081
  1.5610  1.4172
  3.4103  3.3773  3.3399  3.3032  3.2678  3.2100  3.1366  3.0602  2.9835  2.9069
  2.8303  2.7539  2.6780  2.6027  2.5280  2.3448  2.1699  2.0055  1.8507  1.7020
  1.5560  1.4132  1.2752  1.1417
  3.3875  3.3537  3.3112  3.2647  3.2201  3.1776  3.1284  3.0589  2.9816  2.9043
  2.8280  2.7521  2.6766  2.6017  2.5274  2.3446  2.1689  2.0031  1.8472  1.6980
  1.5526  1.4106  1.2734  1.1408  1.0123  0.8876  0.7661  0.6478  0.5333  0.4235
  3.3597  3.3282  3.2870  3.2378  3.1847  3.1319  3.0815  3.0320  2.9747  2.9031
  2.8266  2.7509  2.6760  2.6016  2.5277  2.3458  2.1698  2.0029  1.8457  1.6958
  1.5506  1.4093  1.2724  1.1404  1.0129  0.8893  0.7691  0.6521  0.5384  0.4284
  0.3225
  3.3252  3.2975  3.2603  3.2139  3.1605  3.1034  3.0453  2.9881  2.9326  2.8777
  2.8179  2.7486  2.6753  2.6017  2.5285  2.3478  2.1720  2.0043  1.8459  1.6952
  1.5500  1.4089  1.2723  1.1406  1.0135  0.8907  0.7714  0.6554  0.5428  0.4336
  0.3277
  3.2833  3.2592  3.2272  3.1861  3.1366  3.0809  3.0214  2.9604  2.8991  2.8388
  2.7800  2.7219  2.6610  2.5955  2.5263  2.3481  2.1729  2.0047  1.8452  1.6936
  1.5480  1.4070  1.2705  1.1385  1.0115  0.8889  0.7701  0.6549  0.5432  0.4347
  0.3293
  3.2356  3.2141  3.1869  3.1521  3.1088  3.0580  3.0014  2.9413  2.8791  2.8163
  2.7536  2.6918  2.6315  2.5713  2.5104  2.3490  2.1768  2.0087  1.8486  1.6964
  1.5506  1.4096  1.2730  1.1409  1.0135  0.8908  0.7723  0.6578  0.5467  0.4369
  0.3340
  3.1836  3.1630  3.1394  3.1100  3.0734  3.0292  2.9781  2.9218  2.8618  2.7998
  2.7368  2.6734  2.6105  2.5485  2.4873  2.3361  2.1783  2.0129  1.8527  1.7002
  1.5542  1.4134  1.2770  1.1446  1.0167  0.8935  0.7747  0.6601  0.5494  0.4420
  0.3381
  3.1294  3.1084  3.0863  3.0606  3.0295  2.9921  2.9478  2.8974  2.8420  2.7831
  2.7220  2.6596  2.5966  2.5337  2.4713  2.3191  2.1692  2.0150  1.8570
 [Fe/H] =  0.00 [alpha/Fe] =-0.40 BC value =F322W2
  3.3740  3.3710  3.3582  3.3308  3.2938  3.2428  3.1769  3.1043  3.0286  2.9497
  2.8718  2.7950  2.7194  2.6450  2.5717  2.3934  2.2225  2.0586  1.9010
  3.4125  3.3952  3.3669  3.3286  3.2809  3.2252  3.1577  3.0854  3.0094  2.9310
  2.8530  2.7759  2.6996  2.6243  2.5500  2.3696  2.1980  2.0355  1.8811  1.7318
  3.4310  3.4172  3.3820  3.3337  3.2770  3.2150  3.1466  3.0735  2.9976  2.9202
  2.8426  2.7654  2.6890  2.6134  2.5387  2.3567  2.1838  2.0211  1.8676  1.7198
  1.5732
  3.4307  3.4081  3.3868  3.3414  3.2796  3.2111  3.1399  3.0660  2.9903  2.9137
  2.8365  2.7597  2.6835  2.6079  2.5331  2.3503  2.1761  2.0124  1.8586  1.7112
  1.5661  1.4229
  3.4179  3.3880  3.3563  3.3274  3.2812  3.2126  3.1379  3.0620  2.9858  2.9093
  2.8329  2.7565  2.6806  2.6054  2.5308  2.3479  2.1728  2.0078  1.8529  1.7053
  1.5610  1.4192  1.2812  1.1476
  3.3992  3.3651  3.3241  3.2836  3.2469  3.2053  3.1384  3.0616  2.9838  2.9068
  2.8305  2.7547  2.6793  2.6044  2.5302  2.3479  2.1722  2.0059  1.8498  1.7016
  1.5577  1.4168  1.2797  1.1470  1.0185  0.8935  0.7717  0.6529  0.5381  0.4281
  3.3782  3.3439  3.3007  3.2514  3.2019  3.1562  3.1121  3.0570  2.9842  2.9063
  2.8294  2.7536  2.6787  2.6044  2.5306  2.3491  2.1733  2.0061  1.8487  1.6996
  1.5557  1.4155  1.2791  1.1471  1.0195  0.8957  0.7751  0.6577  0.5436  0.4332
  0.3272
  3.3521  3.3203  3.2791  3.2294  3.1746  3.1187  3.0647  3.0134  2.9616  2.9016
  2.8294  2.7534  2.6785  2.6046  2.5314  2.3511  2.1757  2.0078  1.8492  1.6990
  1.5550  1.4150  1.2792  1.1477  1.0206  0.8976  0.7781  0.6619  0.5488  0.4389
  0.3326
  3.3189  3.2912  3.2536  3.2072  3.1536  3.0954  3.0356  2.9764  2.9185  2.8621
  2.8055  2.7443  2.6753  2.6030  2.5305  2.3514  2.1767  2.0084  1.8487  1.6974
  1.5528  1.4129  1.2773  1.1460  1.0191  0.8964  0.7775  0.6620  0.5497  0.4407
  0.3348
  3.2796  3.2558  3.2228  3.1816  3.1323  3.0766  3.0168  2.9552  2.8933  2.8318
  2.7714  2.7120  2.6528  2.5911  2.5261  2.3541  2.1807  2.0126  1.8523  1.7002
  1.5550  1.4150  1.2796  1.1483  1.0215  0.8989  0.7804  0.6655  0.5540  0.4456
  0.3403
  3.2356  3.2141  3.1850  3.1491  3.1058  3.0552  2.9987  2.9386  2.8763  2.8134
  2.7505  2.6879  2.6262  2.5656  2.5048  2.3494  2.1843  2.0172  1.8567  1.7040
  1.5584  1.4183  1.2830  1.1518  1.0247  0.9019  0.7832  0.6685  0.5574  0.4495
  0.3450
  3.1870  3.1662  3.1408  3.1096  3.0720  3.0275  2.9766  2.9205  2.8607  2.7989
  2.7360  2.6727  2.6096  2.5470  2.4666  2.3373  2.1875  2.0222  1.8619
 [Fe/H] =  0.25 [alpha/Fe] =-0.40 BC value =F322W2
  3.3354  3.3539  3.3501  3.3263  3.2948  3.2450  3.1807  3.1075  3.0317  2.9522
  2.8740  2.7969  2.7211  2.6465  2.5732  2.3951  2.2245  2.0609  1.9038
  3.3900  3.3769  3.3558  3.3238  3.2798  3.2264  3.1613  3.0885  3.0127  2.9338
  2.8557  2.7783  2.7019  2.6265  2.5522  2.3718  2.2001  2.0374  1.8828  1.7345
  3.4276  3.4061  3.3721  3.3278  3.2748  3.2156  3.1490  3.0765  3.0009  2.9233
  2.8455  2.7683  2.6918  2.6162  2.5415  2.3595  2.1863  2.0231  1.8693  1.7224
  1.5780
  3.4371  3.4155  3.3880  3.3378  3.2775  3.2112  3.1417  3.0687  2.9931  2.9168
  2.8396  2.7627  2.6865  2.6110  2.5363  2.3537  2.1792  2.0149  1.8606  1.7141
  1.5709  1.4289
  3.4235  3.3988  3.3725  3.3428  3.2833  3.2131  3.1393  3.0644  2.9885  2.9122
  2.8360  2.7596  2.6838  2.6086  2.5342  2.3516  2.1764  2.0108  1.8554  1.7085
  1.5659  1.4253  1.2877  1.1538
  3.4063  3.3741  3.3380  3.3061  3.2749  3.2154  3.1411  3.0636  2.9863  2.9097
  2.8335  2.7578  2.6825  2.6077  2.5336  2.3517  2.1761  2.0094  1.8528  1.7050
  1.5626  1.4229  1.2864  1.1538  1.0252  0.9000  0.7777  0.6588  0.5438  0.4334
  3.3896  3.3546  3.3115  3.2654  3.2238  3.1868  3.1373  3.0653  2.9869  2.9089
  2.8323  2.7567  2.6818  2.6075  2.5339  2.3529  2.1775  2.0100  1.8522  1.7033
  1.5607  1.4216  1.2860  1.1542  1.0265  0.9025  0.7819  0.6643  0.5497  0.4389
  0.3326
  3.3705  3.3359  3.2921  3.2412  3.1878  3.1368  3.0905  3.0441  2.9847  2.9105
  2.8328  2.7565  2.6816  2.6078  2.5346  2.3547  2.1798  2.0119  1.8530  1.7030
  1.5599  1.4211  1.2862  1.1551  1.0281  0.9051  0.7853  0.6687  0.5553  0.4452
  0.3384
  3.3474  3.3144  3.2723  3.2221  3.1661  3.1078  3.0505  2.9959  2.9435  2.8897
  2.8279  2.7557  2.6804  2.6065  2.5337  2.3549  2.1807  2.0126  1.8527  1.7015
  1.5576  1.4187  1.2841  1.1535  1.0270  0.9045  0.7855  0.6699  0.5573  0.4478
  0.3413
  3.3171  3.2881  3.2497  3.2029  3.1490  3.0901  3.0290  2.9682  2.9086  2.8505
  2.7935  2.7357  2.6739  2.6057  2.5347  2.3576  2.1846  2.0168  1.8564  1.7043
  1.5596  1.4205  1.2861  1.1558  1.0296  0.9074  0.7890  0.6740  0.5623  0.4536
  0.3476
  3.2826  3.2566  3.2218  3.1793  3.1297  3.0737  3.0135  2.9512  2.8885  2.8264
  2.7652  2.7047  2.6451  2.5854  2.5232  2.3589  2.1886  2.0216  1.8610  1.7082
  1.5628  1.4235  1.2891  1.1589  1.0329  0.9107  0.7924  0.6777  0.5663  0.4581
  0.3529
  3.2441  3.2199  3.1864  3.1494  3.1051  3.0540  2.9974  2.9369  2.8743  2.8111
  2.7480  2.6853  2.6231  2.5618  2.4992  2.3588  2.1927  2.0270  1.8665
 [Fe/H] =  0.50 [alpha/Fe] =-0.40 BC value =F322W2
  3.3178  3.3429  3.3450  3.3265  3.3003  3.2496  3.1849  3.1121  3.0345  2.9553
  2.8767  2.7993  2.7232  2.6485  2.5751  2.3971  2.2225  2.0600  1.9036
  3.3535  3.3574  3.3454  3.3192  3.2808  3.2298  3.1652  3.0923  3.0163  2.9373
  2.8589  2.7813  2.7047  2.6292  2.5549  2.3744  2.2026  2.0397  1.8849  1.7368
  3.4098  3.3885  3.3599  3.3218  3.2724  3.2173  3.1523  3.0802  3.0050  2.9269
  2.8491  2.7717  2.6951  2.6195  2.5447  2.3628  2.1894  2.0257  1.8714  1.7248
  1.5822
  3.4296  3.4164  3.3804  3.3321  3.2753  3.2119  3.1445  3.0720  2.9967  2.9205
  2.8433  2.7664  2.6902  2.6147  2.5400  2.3575  2.1829  2.0180  1.8631  1.7167
  1.5751  1.4349
  3.4284  3.4064  3.3889  3.3439  3.2822  3.2134  3.1411  3.0674  2.9919  2.9158
  2.8397  2.7633  2.6876  2.6124  2.5380  2.3558  2.1805  2.0144  1.8586  1.7115
  1.5703  1.4313  1.2944  1.1607
  3.4111  3.3829  3.3547  3.3319  3.2867  3.2181  3.1428  3.0661  2.9893  2.9129
  2.8371  2.7614  2.6862  2.6115  2.5375  2.3560  2.1805  2.0135  1.8563  1.7085
  1.5671  1.4289  1.2933  1.1609  1.0322  0.9070  0.7848  0.6655  0.5504  0.4398
  3.3962  3.3623  3.3219  3.2830  3.2524  3.2135  3.1456  3.0683  2.9895  2.9120
  2.8356  2.7602  2.6854  2.6112  2.5377  2.3571  2.1820  2.0144  1.8561  1.7072
  1.5653  1.4275  1.2928  1.1615  1.0339  0.9100  0.7893  0.6715  0.5566  0.4456
  0.3390
  3.3823  3.3459  3.3017  3.2520  3.2032  3.1615  3.1227  3.0668  2.9921  2.9134
  2.8359  2.7598  2.6851  2.6113  2.5383  2.3588  2.1844  2.0165  1.8573  1.7072
  1.5647  1.4269  1.2929  1.1624  1.0358  0.9129  0.7933  0.6768  0.5632  0.4524
  0.3453
  3.3665  3.3298  3.2850  3.2330  3.1768  3.1209  3.0694  3.0223  2.9732  2.9112
  2.8366  2.7594  2.6838  2.6099  2.5372  2.3587  2.1851  2.0172  1.8572  1.7059
  1.5624  1.4245  1.2907  1.1608  1.0348  0.9127  0.7939  0.6784  0.5657  0.4558
  0.3487
  3.3465  3.3118  3.2686  3.2178  3.1610  3.1009  3.0406  2.9829  2.9279  2.8747
  2.8195  2.7571  2.6859  2.6115  2.5387  2.3613  2.1887  2.0214  1.8609  1.7088
  1.5644  1.4261  1.2925  1.1631  1.0376  0.9160  0.7978  0.6831  0.5712  0.4604
  0.3537
  3.3298  3.2919  3.2488  3.2011  3.1466  3.0870  3.0246  2.9620  2.9007  2.8412
  2.7831  2.7257  2.6672  2.6053  2.5379  2.3639  2.1926  2.0261  1.8656  1.7127
  1.5675  1.4287  1.2951  1.1659  1.0408  0.9194  0.8016  0.6872  0.5760  0.4676
  0.3619
  3.3165  3.2701  3.2233  3.1798  3.1295  3.0730  3.0121  2.9489  2.8851  2.8220
  2.7602  2.6992  2.6391  2.5796  2.5348  2.3665  2.1968  2.0313  1.8713
 [Fe/H] =  0.75 [alpha/Fe] =-0.40 BC value =F322W2
  3.3051  3.3401  3.3476  3.3304  3.3068  3.2539  3.1870  3.1139  3.0370  2.9583
  2.8795  2.8017  2.7254  2.6505  2.5770  2.3989  2.2244  2.0616  1.9059
  3.3259  3.3415  3.3378  3.3168  3.2836  3.2339  3.1693  3.0970  3.0204  2.9414
  2.8623  2.7846  2.7078  2.6322  2.5577  2.3772  2.2052  2.0420  1.8870  1.7389
  3.3835  3.3686  3.3478  3.3166  3.2716  3.2202  3.1562  3.0844  3.0096  2.9311
  2.8529  2.7754  2.6988  2.6230  2.5483  2.3664  2.1927  2.0286  1.8737  1.7270
  1.5856
  3.4248  3.4038  3.3690  3.3255  3.2730  3.2128  3.1477  3.0761  3.0009  2.9249
  2.8474  2.7704  2.6941  2.6186  2.5439  2.3617  2.1869  2.0215  1.8660  1.7194
  1.5788  1.4404
  3.4316  3.4153  3.3895  3.3398  3.2801  3.2137  3.1437  3.0709  2.9959  2.9199
  2.8439  2.7675  2.6917  2.6166  2.5422  2.3603  2.1850  2.0185  1.8618  1.7147
  1.5742  1.4368  1.3012  1.1678
  3.4153  3.3933  3.3731  3.3472  3.2889  3.2191  3.1446  3.0690  2.9930  2.9168
  2.8411  2.7656  2.6903  2.6157  2.5418  2.3606  2.1854  2.0181  1.8603  1.7121
  1.5713  1.4345  1.3000  1.1681  1.0396  0.9144  0.7921  0.6728  0.5578  0.4470
  3.4000  3.3692  3.3343  3.3065  3.2813  3.2231  3.1489  3.0709  2.9927  2.9156
  2.8393  2.7641  2.6895  2.6154  2.5420  2.3617  2.1870  2.0193  1.8605  1.7112
  1.5698  1.4331  1.2995  1.1688  1.0415  0.9177  0.7971  0.6793  0.5643  0.4533
  0.3463
  3.3890  3.3527  3.3099  3.2639  3.2246  3.1941  3.1467  3.0742  2.9954  2.9165
  2.8393  2.7634  2.6889  2.6153  2.5424  2.3632  2.1893  2.0216  1.8620  1.7116
  1.5693  1.4326  1.2995  1.1697  1.0435  0.9208  0.8014  0.6851  0.5714  0.4604
  0.3531
  3.3779  3.3393  3.2937  3.2419  3.1878  3.1379  3.0961  3.0542  2.9939  2.9182
  2.8398  2.7627  2.6873  2.6136  2.5410  2.3629  2.1898  2.0223  1.8621  1.7106
  1.5673  1.4301  1.2973  1.1681  1.0426  0.9208  0.8024  0.6871  0.5745  0.4645
  0.3572
  3.3657  3.3271  3.2810  3.2282  3.1704  3.1109  3.0539  3.0022  2.9541  2.9029
  2.8402  2.7662  2.6899  2.6152  2.5424  2.3652  2.1931  2.0263  1.8659  1.7136
  1.5694  1.4317  1.2989  1.1702  1.0454  0.9243  0.8067  0.6922  0.5807  0.4716
  0.3651
  3.3604  3.3161  3.2678  3.2160  3.1584  3.0969  3.0342  2.9731  2.9151  2.8601
  2.8062  2.7500  2.6878  2.6178  2.5446  2.3678  2.1967  2.0307  1.8704  1.7175
  1.5724  1.4341  1.3013  1.1728  1.0484  0.9278  0.8106  0.6968  0.5859  0.4777
  0.3719
  3.3622  3.3063  3.2513  3.2020  3.1467  3.0863  3.0228  2.9585  2.8949  2.8336
  2.7743  2.7164  2.6589  2.6001  2.5476  2.3707  2.2006  2.0355  1.8756
 [Fe/H] =  1.00 [alpha/Fe] =-0.40 BC value =F322W2
  3.3158  3.3452  3.3526  3.3403  3.3142  3.2702  3.2108  3.1403  3.0623  2.9799
  2.8956  2.8117  2.7299  2.6519  2.5781  2.3999  2.2252  2.0555  1.9014
  3.2939  3.3300  3.3366  3.3167  3.2880  3.2388  3.1745  3.1011  3.0244  2.9447
  2.8657  2.7875  2.7106  2.6348  2.5602  2.3796  2.2074  2.0415  1.8869  1.7391
  3.3427  3.3485  3.3376  3.3117  3.2719  3.2238  3.1608  3.0894  3.0142  2.9354
  2.8570  2.7793  2.7024  2.6265  2.5517  2.3698  2.1960  2.0314  1.8761  1.7290
  1.5882
  3.4085  3.3848  3.3561  3.3191  3.2700  3.2144  3.1516  3.0809  3.0057  2.9296
  2.8519  2.7748  2.6983  2.6227  2.5480  2.3658  2.1910  2.0252  1.8690  1.7219
  1.5818  1.4450
  3.4279  3.4171  3.3811  3.3335  3.2776  3.2133  3.1465  3.0753  3.0006  2.9248
  2.8485  2.7721  2.6962  2.6211  2.5467  2.3648  2.1897  2.0229  1.8656  1.7178
  1.5777  1.4417  1.3074  1.1749
  3.4196  3.4036  3.3908  3.3483  3.2878  3.2195  3.1463  3.0728  2.9973  2.9213
  2.8457  2.7702  2.6949  2.6203  2.5464  2.3654  2.1904  2.0230  1.8646  1.7158
  1.5752  1.4396  1.3064  1.1753  1.0471  0.9219  0.7997  0.6807  0.5659  0.4551
  3.4029  3.3767  3.3506  3.3342  3.2936  3.2264  3.1514  3.0737  2.9965  2.9198
  2.8436  2.7685  2.6940  2.6200  2.5466  2.3666  2.1922  2.0245  1.8653  1.7154
  1.5740  1.4384  1.3059  1.1761  1.0492  0.9255  0.8050  0.6872  0.5725  0.4617
  0.3546
  3.3908  3.3580  3.3184  3.2800  3.2544  3.2215  3.1553  3.0781  2.9986  2.9202
  2.8433  2.7675  2.6933  2.6198  2.5469  2.3680  2.1944  2.0270  1.8672  1.7163
  1.5739  1.4379  1.3060  1.1770  1.0512  0.9288  0.8097  0.6935  0.5800  0.4691
  0.3618
  3.3836  3.3450  3.3004  3.2505  3.2014  3.1624  3.1298  3.0757  3.0009  2.9218
  2.8434  2.7664  2.6912  2.6178  2.5453  2.3675  2.1947  2.0277  1.8675  1.7156
  1.5722  1.4355  1.3036  1.1752  1.0503  0.9289  0.8108  0.6959  0.5837  0.4738
  0.3664
  3.3758  3.3360  3.2891  3.2359  3.1789  3.1223  3.0719  3.0294  2.9845  2.9229
  2.8476  2.7698  2.6935  2.6190  2.5463  2.3695  2.1977  2.0314  1.8713  1.7188
  1.5744  1.4371  1.3052  1.1772  1.0530  0.9324  0.8152  0.7013  0.5901  0.4814
  0.3750
  3.3786  3.3310  3.2800  3.2260  3.1671  3.1053  3.0439  2.9865  2.9343  2.8852
  2.8326  2.7703  2.6977  2.6224  2.5486  2.3718  2.2010  2.0354  1.8756  1.7226
  1.5775  1.4394  1.3072  1.1795  1.0558  0.9358  0.8193  0.7061  0.5958  0.4880
  0.3824
  3.3920  3.3300  3.2731  3.2172  3.1585  3.0960  3.0314  2.9673  2.9055  2.8475
  2.7924  2.7380  2.6814  2.6198  2.5522  2.3744  2.2046  2.0397  1.8804
