 [Fe/H] = -2.50 [alpha/Fe] = 0.40 BC value = F335M
 -3.6094 -3.6987 -3.7774 -3.8235 -3.8316 -3.8123 -3.7797 -3.7475 -3.7320 -3.7461
 -3.7784 -3.8363 -3.9060 -3.9733 -4.0451 -4.2286 -4.4089 -4.5827 -4.7486
 -3.5533 -3.6333 -3.7114 -3.7791 -3.8317 -3.8658 -3.8805 -3.8792 -3.8693 -3.8589
 -3.8581 -3.8795 -3.9289 -3.9957 -4.0679 -4.2504 -4.4292 -4.6018 -4.7670 -4.9250
 -3.5158 -3.5884 -3.6630 -3.7382 -3.8106 -3.8723 -3.9168 -3.9418 -3.9481 -3.9397
 -3.9301 -3.9318 -3.9612 -4.0191 -4.0883 -4.2682 -4.4454 -4.6170 -4.7817 -4.9390
 -5.0895
 -3.4969 -3.5640 -3.6322 -3.7008 -3.7683 -3.8318 -3.8886 -3.9353 -3.9684 -3.9885
 -3.9944 -3.9932 -4.0029 -4.0435 -4.1063 -4.2820 -4.4575 -4.6283 -4.7928 -4.9498
 -5.0996 -5.2431
 -3.4930 -3.5548 -3.6175 -3.6808 -3.7440 -3.8049 -3.8612 -3.9100 -3.9517 -3.9873
 -4.0173 -4.0400 -4.0521 -4.0761 -4.1264 -4.2936 -4.4665 -4.6360 -4.8007 -4.9579
 -5.1075 -5.2505 -5.3875 -5.5195
 -3.5046 -3.5601 -3.6167 -3.6743 -3.7326 -3.7909 -3.8472 -3.8989 -3.9441 -3.9833
 -4.0200 -4.0563 -4.0876 -4.1128 -4.1538 -4.3051 -4.4738 -4.6410 -4.8052 -4.9633
 -5.1135 -5.2564 -5.3929 -5.5241 -5.6504 -5.7727 -5.8916 -6.0073 -6.1199 -6.2296
 -3.5353 -3.5827 -3.6316 -3.6820 -3.7342 -3.7879 -3.8421 -3.8949 -3.9443 -3.9887
 -4.0291 -4.0684 -4.1092 -4.1431 -4.1822 -4.3206 -4.4813 -4.6447 -4.8069 -4.9656
 -5.1172 -5.2608 -5.3974 -5.5282 -5.6539 -5.7751 -5.8925 -6.0064 -6.1173 -6.2256
 -6.3314
 -3.5867 -3.6260 -3.6660 -3.7075 -3.7518 -3.7987 -3.8480 -3.8984 -3.9486 -3.9968
 -4.0419 -4.0846 -4.1272 -4.1691 -4.2078 -4.3397 -4.4911 -4.6489 -4.8073 -4.9648
 -5.1177 -5.2630 -5.4006 -5.5317 -5.6572 -5.7778 -5.8942 -6.0069 -6.1163 -6.2228
 -6.3270
 -3.6552 -3.6893 -3.7220 -3.7544 -3.7894 -3.8277 -3.8697 -3.9147 -3.9620 -4.0100
 -4.0573 -4.1033 -4.1483 -4.1929 -4.2339 -4.3603 -4.5048 -4.6568 -4.8106 -4.9649
 -5.1177 -5.2650 -5.4045 -5.5367 -5.6628 -5.7835 -5.8997 -6.0118 -6.1201 -6.2253
 -6.3280
 -3.7317 -3.7653 -3.7943 -3.8206 -3.8469 -3.8763 -3.9094 -3.9466 -3.9876 -4.0315
 -4.0771 -4.1234 -4.1696 -4.2155 -4.2599 -4.3805 -4.5176 -4.6635 -4.8128 -4.9628
 -5.1128 -5.2603 -5.4019 -5.5362 -5.6635 -5.7849 -5.9013 -6.0133 -6.1212 -6.2256
 -6.3289
 -3.8141 -3.8482 -3.8766 -3.9012 -3.9231 -3.9448 -3.9694 -3.9980 -4.0307 -4.0676
 -4.1079 -4.1508 -4.1954 -4.2407 -4.2860 -4.4034 -4.5332 -4.6722 -4.8164 -4.9624
 -5.1086 -5.2539 -5.3960 -5.5323 -5.6618 -5.7848 -5.9022 -6.0146 -6.1227 -6.2270
 -6.3278
 -3.9023 -3.9380 -3.9634 -3.9898 -4.0108 -4.0294 -4.0480 -4.0686 -4.0930 -4.1214
 -4.1539 -4.1903 -4.2300 -4.2720 -4.3122 -4.4290 -4.5516 -4.6829 -4.8214
 [Fe/H] = -2.00 [alpha/Fe] = 0.40 BC value = F335M
 -3.5948 -3.6401 -3.6764 -3.7027 -3.7197 -3.7310 -3.7399 -3.7485 -3.7565 -3.7685
 -3.7934 -3.8385 -3.9010 -3.9718 -4.0478 -4.2278 -4.4062 -4.5800 -4.7463
 -3.6043 -3.6667 -3.7196 -3.7621 -3.7936 -3.8152 -3.8298 -3.8389 -3.8429 -3.8450
 -3.8539 -3.8813 -3.9330 -4.0000 -4.0716 -4.2517 -4.4283 -4.5998 -4.7647 -4.9226
 -3.5655 -3.6365 -3.7048 -3.7799 -3.8341 -3.8736 -3.8993 -3.9144 -3.9208 -3.9204
 -3.9191 -3.9285 -3.9625 -4.0217 -4.0912 -4.2703 -4.4457 -4.6156 -4.7794 -4.9364
 -5.0869
 -3.5189 -3.5904 -3.6651 -3.7414 -3.8140 -3.8774 -3.9272 -3.9609 -3.9799 -3.9870
 -3.9865 -3.9856 -3.9989 -4.0424 -4.1066 -4.2836 -4.4584 -4.6274 -4.7904 -4.9469
 -5.0966 -5.2402
 -3.4995 -3.5655 -3.6342 -3.7053 -3.7756 -3.8417 -3.9011 -3.9515 -3.9911 -4.0187
 -4.0343 -4.0413 -4.0473 -4.0695 -4.1216 -4.2931 -4.4672 -4.6357 -4.7984 -4.9548
 -5.1042 -5.2472 -5.3843 -5.5165
 -3.4941 -3.5555 -3.6190 -3.6843 -3.7502 -3.8150 -3.8752 -3.9277 -3.9718 -4.0100
 -4.0430 -4.0702 -4.0883 -4.1066 -4.1422 -4.3005 -4.4731 -4.6409 -4.8034 -4.9601
 -5.1099 -5.2528 -5.3895 -5.5208 -5.6474 -5.7701 -5.8893 -6.0052 -6.1180 -6.2275
 -3.4976 -3.5561 -3.6151 -3.6754 -3.7367 -3.7981 -3.8580 -3.9135 -3.9621 -4.0030
 -4.0392 -4.0750 -4.1092 -4.1367 -4.1690 -4.3083 -4.4773 -4.6439 -4.8057 -4.9627
 -5.1134 -5.2569 -5.3937 -5.5247 -5.6506 -5.7720 -5.8898 -6.0041 -6.1152 -6.2235
 -6.3293
 -3.5149 -3.5675 -3.6216 -3.6768 -3.7330 -3.7900 -3.8473 -3.9031 -3.9556 -4.0026
 -4.0436 -4.0814 -4.1201 -4.1575 -4.1927 -4.3215 -4.4813 -4.6456 -4.8061 -4.9626
 -5.1142 -5.2591 -5.3967 -5.5279 -5.6536 -5.7744 -5.8912 -6.0042 -6.1139 -6.2207
 -6.3249
 -3.5505 -3.5944 -3.6421 -3.6911 -3.7415 -3.7930 -3.8458 -3.8992 -3.9522 -4.0029
 -4.0497 -4.0927 -4.1338 -4.1753 -4.2143 -4.3398 -4.4903 -4.6498 -4.8080 -4.9630
 -5.1147 -5.2611 -5.4004 -5.5327 -5.6589 -5.7798 -5.8963 -6.0087 -6.1175 -6.2230
 -6.3258
 -3.6015 -3.6401 -3.6803 -3.7218 -3.7649 -3.8096 -3.8561 -3.9045 -3.9545 -4.0050
 -4.0547 -4.1023 -4.1476 -4.1916 -4.2343 -4.3557 -4.5002 -4.6532 -4.8078 -4.9602
 -5.1101 -5.2569 -5.3979 -5.5320 -5.6594 -5.7810 -5.8977 -6.0099 -6.1182 -6.2230
 -6.3265
 -3.6643 -3.7026 -3.7372 -3.7717 -3.8073 -3.8443 -3.8835 -3.9249 -3.9693 -4.0160
 -4.0643 -4.1130 -4.1611 -4.2079 -4.2536 -4.3727 -4.5114 -4.6589 -4.8092 -4.9584
 -5.1056 -5.2508 -5.3923 -5.5283 -5.6577 -5.7807 -5.8983 -6.0110 -6.1194 -6.2241
 -6.3252
 -3.7380 -3.7746 -3.8079 -3.8386 -3.8682 -3.8984 -3.9302 -3.9642 -4.0012 -4.0415
 -4.0849 -4.1308 -4.1781 -4.2257 -4.2722 -4.3908 -4.5239 -4.6669 -4.8122
 [Fe/H] = -1.50 [alpha/Fe] = 0.40 BC value = F335M
 -3.5660 -3.6009 -3.6250 -3.6378 -3.6438 -3.6498 -3.6616 -3.6818 -3.7059 -3.7364
 -3.7786 -3.8356 -3.9032 -3.9747 -4.0469 -4.2258 -4.4016 -4.5742 -4.7412
 -3.6006 -3.6461 -3.6817 -3.7063 -3.7213 -3.7322 -3.7459 -3.7636 -3.7817 -3.8017
 -3.8295 -3.8727 -3.9328 -4.0021 -4.0738 -4.2522 -4.4264 -4.5962 -4.7607 -4.9186
 -3.6058 -3.6658 -3.7153 -3.7536 -3.7810 -3.7999 -3.8168 -3.8351 -3.8520 -3.8670
 -3.8842 -3.9119 -3.9586 -4.0221 -4.0925 -4.2708 -4.4446 -4.6129 -4.7756 -4.9322
 -5.0826
 -3.5644 -3.6343 -3.7088 -3.7709 -3.8184 -3.8518 -3.8760 -3.8975 -3.9166 -3.9314
 -3.9436 -3.9592 -3.9887 -4.0401 -4.1063 -4.2837 -4.4576 -4.6252 -4.7868 -4.9425
 -5.0920 -5.2356
 -3.5148 -3.5858 -3.6608 -3.7348 -3.8031 -3.8618 -3.9078 -3.9406 -3.9666 -3.9870
 -4.0018 -4.0136 -4.0294 -4.0628 -4.1191 -4.2923 -4.4663 -4.6338 -4.7950 -4.9502
 -5.0992 -5.2422 -5.3795 -5.5120
 -3.4959 -3.5600 -3.6274 -3.6971 -3.7668 -3.8323 -3.8908 -3.9405 -3.9816 -4.0144
 -4.0397 -4.0593 -4.0760 -4.0964 -4.1360 -4.2985 -4.4719 -4.6395 -4.8005 -4.9555
 -5.1045 -5.2474 -5.3842 -5.5158 -5.6428 -5.7659 -5.8857 -6.0021 -6.1150 -6.2243
 -3.4925 -3.5517 -3.6133 -3.6778 -3.7440 -3.8098 -3.8718 -3.9265 -3.9725 -4.0118
 -4.0472 -4.0787 -4.1061 -4.1317 -4.1620 -4.3038 -4.4753 -4.6427 -4.8037 -4.9587
 -5.1079 -5.2511 -5.3880 -5.5192 -5.6454 -5.7673 -5.8856 -6.0004 -6.1120 -6.2203
 -6.3257
 -3.4958 -3.5526 -3.6103 -3.6701 -3.7319 -3.7947 -3.8567 -3.9150 -3.9669 -4.0109
 -4.0484 -4.0836 -4.1187 -4.1527 -4.1871 -4.3111 -4.4774 -4.6440 -4.8047 -4.9597
 -5.1082 -5.2531 -5.3905 -5.5219 -5.6479 -5.7692 -5.8865 -6.0001 -6.1103 -6.2174
 -6.3215
 -3.5046 -3.5587 -3.6135 -3.6701 -3.7280 -3.7871 -3.8466 -3.9050 -3.9602 -4.0102
 -4.0538 -4.0924 -4.1294 -4.1673 -4.2060 -4.3265 -4.4816 -4.6465 -4.8066 -4.9611
 -5.1108 -5.2555 -5.3941 -5.5264 -5.6528 -5.7741 -5.8911 -6.0040 -6.1133 -6.2194
 -6.3224
 -3.5224 -3.5721 -3.6227 -3.6756 -3.7299 -3.7851 -3.8411 -3.8971 -3.9525 -4.0056
 -4.0549 -4.0997 -4.1409 -4.1810 -4.2217 -4.3412 -4.4872 -4.6461 -4.8048 -4.9584
 -5.1073 -5.2521 -5.3919 -5.5256 -5.6530 -5.7749 -5.8920 -6.0047 -6.1135 -6.2188
 -6.3229
 -3.5539 -3.5983 -3.6442 -3.6917 -3.7413 -3.7920 -3.8436 -3.8959 -3.9489 -4.0017
 -4.0534 -4.1029 -4.1495 -4.1937 -4.2370 -4.3548 -4.4962 -4.6481 -4.8034 -4.9554
 -5.1029 -5.2469 -5.3870 -5.5221 -5.6512 -5.7744 -5.8923 -6.0053 -6.1142 -6.2194
 -6.3211
 -3.6029 -3.6424 -3.6827 -3.7241 -3.7675 -3.8124 -3.8585 -3.9057 -3.9543 -4.0041
 -4.0546 -4.1053 -4.1551 -4.2035 -4.2519 -4.3673 -4.5086 -4.6525 -4.8024
 [Fe/H] = -1.00 [alpha/Fe] = 0.40 BC value = F335M
 -3.5210 -3.5442 -3.5559 -3.5577 -3.5542 -3.5543 -3.5662 -3.5949 -3.6380 -3.6934
 -3.7582 -3.8291 -3.9024 -3.9756 -4.0478 -4.2243 -4.3969 -4.5672 -4.7336
 -3.5701 -3.6040 -3.6264 -3.6370 -3.6392 -3.6390 -3.6458 -3.6663 -3.6982 -3.7410
 -3.7946 -3.8579 -3.9279 -4.0006 -4.0733 -4.2509 -4.4230 -4.5908 -4.7542 -4.9123
 -3.5999 -3.6443 -3.6780 -3.6994 -3.7094 -3.7123 -3.7175 -3.7335 -3.7581 -3.7909
 -3.8329 -3.8855 -3.9484 -4.0182 -4.0904 -4.2689 -4.4414 -4.6083 -4.7699 -4.9260
 -5.0763
 -3.6046 -3.6629 -3.7103 -3.7452 -3.7671 -3.7780 -3.7844 -3.7977 -3.8184 -3.8445
 -3.8768 -3.9177 -3.9698 -4.0330 -4.1027 -4.2810 -4.4541 -4.6208 -4.7815 -4.9363
 -5.0854 -5.2291
 -3.5568 -3.6352 -3.7064 -3.7646 -3.8059 -3.8315 -3.8456 -3.8587 -3.8778 -3.9005
 -3.9265 -3.9576 -3.9974 -4.0497 -4.1133 -4.2891 -4.4626 -4.6294 -4.7898 -4.9439
 -5.0922 -5.2351 -5.3726 -5.5054
 -3.5083 -3.5801 -3.6547 -3.7280 -3.7943 -3.8482 -3.8849 -3.9078 -3.9298 -3.9536
 -3.9781 -4.0040 -4.0340 -4.0734 -4.1264 -4.2947 -4.4681 -4.6351 -4.7954 -4.9493
 -5.0972 -5.2396 -5.3765 -5.5084 -5.6359 -5.7596 -5.8800 -5.9972 -6.1108 -6.2200
 -3.4895 -3.5531 -3.6198 -3.6890 -3.7578 -3.8216 -3.8758 -3.9184 -3.9531 -3.9860
 -4.0167 -4.0457 -4.0744 -4.1058 -4.1466 -4.2992 -4.4715 -4.6386 -4.7990 -4.9528
 -5.1005 -5.2428 -5.3795 -5.5110 -5.6377 -5.7602 -5.8792 -5.9948 -6.1071 -6.2160
 -6.3210
 -3.4888 -3.5469 -3.6071 -3.6701 -3.7350 -3.7997 -3.8604 -3.9131 -3.9564 -3.9939
 -4.0301 -4.0661 -4.1013 -4.1364 -4.1736 -4.3048 -4.4734 -4.6403 -4.8007 -4.9545
 -5.1023 -5.2446 -5.3815 -5.5130 -5.6394 -5.7613 -5.8793 -5.9936 -6.1046 -6.2126
 -6.3190
 -3.4946 -3.5514 -3.6076 -3.6654 -3.7256 -3.7873 -3.8487 -3.9067 -3.9584 -4.0028
 -4.0415 -4.0780 -4.1153 -4.1545 -4.1956 -4.3165 -4.4767 -4.6429 -4.8033 -4.9571
 -5.1050 -5.2475 -5.3848 -5.5169 -5.6436 -5.7655 -5.8831 -5.9967 -6.1069 -6.2138
 -6.3175
 -3.5011 -3.5571 -3.6114 -3.6662 -3.7226 -3.7807 -3.8399 -3.8985 -3.9545 -4.0057
 -4.0510 -4.0914 -4.1295 -4.1684 -4.2102 -4.3311 -4.4783 -4.6419 -4.8017 -4.9553
 -5.1030 -5.2455 -5.3832 -5.5160 -5.6434 -5.7657 -5.8833 -5.9966 -6.1062 -6.2124
 -6.3153
 -3.5069 -3.5621 -3.6160 -3.6691 -3.7231 -3.7784 -3.8348 -3.8918 -3.9482 -4.0026
 -4.0534 -4.0999 -4.1425 -4.1833 -4.2250 -4.3441 -4.4852 -4.6408 -4.7995 -4.9526
 -5.0998 -5.2420 -5.3798 -5.5132 -5.6416 -5.7648 -5.8830 -5.9967 -6.1062 -6.2122
 -6.3146
 -3.5206 -3.5731 -3.6242 -3.6756 -3.7270 -3.7797 -3.8336 -3.8881 -3.9430 -3.9974
 -4.0505 -4.1014 -4.1494 -4.1948 -4.2400 -4.3555 -4.4974 -4.6396 -4.7967
 [Fe/H] = -0.75 [alpha/Fe] = 0.40 BC value = F335M
 -3.4922 -3.5085 -3.5137 -3.5107 -3.5050 -3.5050 -3.5186 -3.5519 -3.6069 -3.6742
 -3.7481 -3.8243 -3.9001 -3.9745 -4.0472 -4.2231 -4.3941 -4.5627 -4.7284
 -3.5485 -3.5756 -3.5908 -3.5948 -3.5916 -3.5874 -3.5921 -3.6157 -3.6568 -3.7122
 -3.7777 -3.8493 -3.9236 -3.9981 -4.0716 -4.2493 -4.4206 -4.5875 -4.7501 -4.9080
 -3.5866 -3.6244 -3.6508 -3.6645 -3.6673 -3.6640 -3.6641 -3.6791 -3.7089 -3.7524
 -3.8074 -3.8714 -3.9414 -4.0143 -4.0878 -4.2669 -4.4389 -4.6052 -4.7663 -4.9220
 -5.0722
 -3.6061 -3.6556 -3.6941 -3.7201 -3.7331 -3.7353 -3.7344 -3.7430 -3.7647 -3.7979
 -3.8419 -3.8960 -3.9585 -4.0273 -4.0991 -4.2785 -4.4513 -4.6176 -4.7780 -4.9324
 -5.0813 -5.2249
 -3.5881 -3.6569 -3.7139 -3.7571 -3.7851 -3.7987 -3.8025 -3.8075 -3.8235 -3.8491
 -3.8834 -3.9268 -3.9794 -4.0407 -4.1086 -4.2863 -4.4596 -4.6261 -4.7862 -4.9400
 -5.0879 -5.2306 -5.3681 -5.5011
 -3.5262 -3.6037 -3.6809 -3.7509 -3.8065 -3.8430 -3.8610 -3.8697 -3.8829 -3.9039
 -3.9315 -3.9657 -4.0077 -4.0588 -4.1193 -4.2917 -4.4650 -4.6318 -4.7918 -4.9454
 -5.0928 -5.2348 -5.3716 -5.5036 -5.6313 -5.7554 -5.8762 -5.9938 -6.1076 -6.2169
 -3.4926 -3.5601 -3.6311 -3.7035 -3.7725 -3.8324 -3.8787 -3.9080 -3.9296 -3.9533
 -3.9799 -4.0099 -4.0442 -4.0850 -4.1351 -4.2959 -4.4684 -4.6353 -4.7954 -4.9489
 -5.0961 -5.2378 -5.3742 -5.5057 -5.6326 -5.7555 -5.8749 -5.9909 -6.1037 -6.2128
 -6.3177
 -3.4848 -3.5451 -3.6081 -3.6739 -3.7409 -3.8054 -3.8627 -3.9087 -3.9435 -3.9755
 -4.0095 -4.0444 -4.0797 -4.1169 -4.1589 -4.3009 -4.4704 -4.6372 -4.7973 -4.9508
 -5.0981 -5.2396 -5.3759 -5.5073 -5.6339 -5.7561 -5.8744 -5.9893 -6.1009 -6.2090
 -6.3136
 -3.4909 -3.5473 -3.6047 -3.6643 -3.7262 -3.7889 -3.8497 -3.9046 -3.9506 -3.9890
 -4.0248 -4.0617 -4.1008 -4.1417 -4.1844 -4.3109 -4.4737 -4.6400 -4.8003 -4.9538
 -5.1011 -5.2428 -5.3793 -5.5109 -5.6377 -5.7598 -5.8777 -5.9918 -6.1024 -6.2098
 -6.3139
 -3.4991 -3.5545 -3.6089 -3.6643 -3.7214 -3.7803 -3.8400 -3.8979 -3.9515 -3.9987
 -4.0401 -4.0784 -4.1166 -4.1572 -4.2010 -4.3248 -4.4748 -4.6392 -4.7991 -4.9525
 -5.0997 -5.2414 -5.3781 -5.5101 -5.6373 -5.7596 -5.8775 -5.9913 -6.1013 -6.2079
 -6.3113
 -3.5034 -3.5599 -3.6144 -3.6676 -3.7218 -3.7773 -3.8343 -3.8915 -3.9476 -4.0004
 -4.0488 -4.0926 -4.1333 -4.1738 -4.2163 -4.3382 -4.4800 -4.6378 -4.7971 -4.9503
 -5.0972 -5.2388 -5.3754 -5.5077 -5.6355 -5.7585 -5.8769 -5.9908 -6.1008 -6.2071
 -6.3058
 -3.5038 -3.5634 -3.6178 -3.6709 -3.7234 -3.7768 -3.8313 -3.8867 -3.9423 -3.9970
 -4.0494 -4.0988 -4.1447 -4.1884 -4.2303 -4.3511 -4.4893 -4.6358 -4.7943
 [Fe/H] = -0.50 [alpha/Fe] = 0.40 BC value = F335M
 -3.4598 -3.4687 -3.4683 -3.4607 -3.4524 -3.4529 -3.4710 -3.5135 -3.5811 -3.6581
 -3.7383 -3.8182 -3.8963 -3.9721 -4.0456 -4.2216 -4.3913 -4.5584 -4.7243
 -3.5232 -3.5430 -3.5508 -3.5484 -3.5399 -3.5323 -3.5375 -3.5679 -3.6205 -3.6877
 -3.7626 -3.8402 -3.9179 -3.9942 -4.0686 -4.2470 -4.4177 -4.5837 -4.7456 -4.9030
 -3.5691 -3.5998 -3.6184 -3.6243 -3.6203 -3.6117 -3.6086 -3.6251 -3.6631 -3.7183
 -3.7850 -3.8579 -3.9334 -4.0091 -4.0839 -4.2639 -4.4356 -4.6014 -4.7621 -4.9174
 -5.0675
 -3.5992 -3.6411 -3.6715 -3.6889 -3.6935 -3.6883 -3.6815 -3.6870 -3.7120 -3.7542
 -3.8104 -3.8759 -3.9468 -4.0203 -4.0944 -4.2751 -4.4477 -4.6137 -4.7738 -4.9280
 -5.0765 -5.2201
 -3.6049 -3.6614 -3.7066 -3.7385 -3.7560 -3.7600 -3.7553 -3.7536 -3.7678 -3.7980
 -3.8424 -3.8981 -3.9618 -4.0307 -4.1026 -4.2827 -4.4559 -4.6221 -4.7819 -4.9355
 -5.0832 -5.2255 -5.3630 -5.4961
 -3.5568 -3.6358 -3.7057 -3.7614 -3.7997 -3.8200 -3.8251 -3.8231 -3.8294 -3.8497
 -3.8831 -3.9278 -3.9820 -4.0437 -4.1109 -4.2878 -4.4612 -4.6277 -4.7875 -4.9408
 -5.0879 -5.2295 -5.3661 -5.4982 -5.6261 -5.7505 -5.8717 -5.9898 -6.1042 -6.2140
 -3.5032 -3.5757 -3.6517 -3.7261 -3.7921 -3.8432 -3.8741 -3.8854 -3.8919 -3.9066
 -3.9316 -3.9664 -4.0104 -4.0626 -4.1224 -4.2917 -4.4647 -4.6313 -4.7910 -4.9443
 -5.0912 -5.2323 -5.3684 -5.4998 -5.6269 -5.7500 -5.8698 -5.9863 -6.0997 -6.2096
 -6.3151
 -3.4840 -3.5474 -3.6141 -3.6835 -3.7524 -3.8157 -3.8682 -3.9061 -3.9290 -3.9509
 -3.9776 -4.0093 -4.0464 -4.0898 -4.1403 -4.2958 -4.4668 -4.6333 -4.7932 -4.9463
 -5.0931 -5.2341 -5.3699 -5.5010 -5.6276 -5.7501 -5.8688 -5.9841 -6.0962 -6.2051
 -6.3107
 -3.4858 -3.5435 -3.6031 -3.6654 -3.7296 -3.7933 -3.8525 -3.9026 -3.9409 -3.9712
 -4.0027 -4.0387 -4.0781 -4.1204 -4.1660 -4.3041 -4.4700 -4.6364 -4.7964 -4.9496
 -5.0965 -5.2376 -5.3734 -5.5044 -5.6310 -5.7532 -5.8715 -5.9861 -6.0973 -6.2052
 -6.3101
 -3.4957 -3.5503 -3.6055 -3.6621 -3.7209 -3.7812 -3.8410 -3.8971 -3.9462 -3.9871
 -4.0229 -4.0590 -4.0981 -4.1409 -4.1870 -4.3159 -4.4709 -4.6358 -4.7956 -4.9488
 -5.0956 -5.2368 -5.3725 -5.5037 -5.6303 -5.7526 -5.8707 -5.9849 -6.0954 -6.2026
 -6.3067
 -3.5034 -3.5591 -3.6127 -3.6664 -3.7209 -3.7772 -3.8345 -3.8915 -3.9458 -3.9952
 -4.0390 -4.0791 -4.1183 -4.1595 -4.2038 -4.3302 -4.4744 -4.6346 -4.7939 -4.9470
 -5.0938 -5.2348 -5.3706 -5.5018 -5.6287 -5.7513 -5.8697 -5.9839 -6.0943 -6.2012
 -6.3005
 -3.5052 -3.5628 -3.6178 -3.6709 -3.7233 -3.7769 -3.8315 -3.8869 -3.9422 -3.9955
 -4.0457 -4.0920 -4.1354 -4.1776 -4.2164 -4.3470 -4.4805 -4.6328 -4.7913
 [Fe/H] = -0.25 [alpha/Fe] = 0.40 BC value = F335M
 -3.4243 -3.4270 -3.4124 -3.3931 -3.3817 -3.3880 -3.4203 -3.4815 -3.5604 -3.6442
 -3.7284 -3.8110 -3.8910 -3.9682 -4.0427 -4.2197 -4.3885 -4.5541 -4.7194
 -3.4945 -3.5066 -3.5077 -3.4992 -3.4850 -3.4756 -3.4841 -3.5251 -3.5906 -3.6676
 -3.7489 -3.8306 -3.9108 -3.9888 -4.0643 -4.2439 -4.4142 -4.5795 -4.7408 -4.8976
 -3.5481 -3.5714 -3.5820 -3.5803 -3.5697 -3.5562 -3.5519 -3.5738 -3.6231 -3.6901
 -3.7659 -3.8450 -3.9244 -4.0025 -4.0786 -4.2600 -4.4316 -4.5970 -4.7573 -4.9123
 -5.0622
 -3.5870 -3.6215 -3.6438 -3.6526 -3.6491 -3.6372 -3.6259 -3.6310 -3.6630 -3.7164
 -3.7837 -3.8580 -3.9350 -4.0122 -4.0883 -4.2708 -4.4434 -4.6091 -4.7689 -4.9229
 -5.0712 -5.2146
 -3.6083 -3.6553 -3.6908 -3.7130 -3.7209 -3.7161 -3.7042 -3.6978 -3.7129 -3.7509
 -3.8064 -3.8730 -3.9454 -4.0202 -4.0953 -4.2781 -4.4514 -4.6172 -4.7769 -4.9304
 -5.0778 -5.2199 -5.3573 -5.4904
 -3.5782 -3.6585 -3.7135 -3.7542 -3.7788 -3.7873 -3.7824 -3.7723 -3.7738 -3.7962
 -3.8378 -3.8937 -3.9587 -4.0289 -4.1015 -4.2830 -4.4568 -4.6228 -4.7823 -4.9355
 -5.0825 -5.2238 -5.3602 -5.4921 -5.6203 -5.7451 -5.8666 -5.9849 -6.0997 -6.2098
 -3.5249 -3.6037 -3.6820 -3.7515 -3.8051 -3.8384 -3.8507 -3.8480 -3.8433 -3.8526
 -3.8801 -3.9234 -3.9784 -4.0413 -4.1092 -4.2865 -4.4603 -4.6266 -4.7860 -4.9390
 -5.0857 -5.2266 -5.3623 -5.4934 -5.6204 -5.7438 -5.8638 -5.9808 -6.0948 -6.2050
 -6.3108
 -3.4892 -3.5565 -3.6279 -3.7011 -3.7708 -3.8309 -3.8758 -3.9006 -3.9071 -3.9140
 -3.9322 -3.9637 -4.0073 -4.0606 -4.1211 -4.2897 -4.4625 -4.6288 -4.7883 -4.9411
 -5.0877 -5.2284 -5.3637 -5.4944 -5.6208 -5.7432 -5.8622 -5.9779 -6.0905 -6.2001
 -6.3060
 -3.4828 -3.5426 -3.6054 -3.6709 -3.7376 -3.8018 -3.8584 -3.9027 -3.9330 -3.9523
 -3.9752 -4.0063 -4.0446 -4.0897 -4.1416 -4.2960 -4.4656 -4.6321 -4.7918 -4.9447
 -5.0913 -5.2321 -5.3672 -5.4976 -5.6237 -5.7459 -5.8643 -5.9792 -6.0909 -6.1994
 -6.3049
 -3.4904 -3.5455 -3.6026 -3.6615 -3.7225 -3.7843 -3.8438 -3.8971 -3.9405 -3.9733
 -4.0017 -4.0341 -4.0728 -4.1170 -4.1655 -4.3042 -4.4662 -4.6317 -4.7914 -4.9443
 -5.0908 -5.2315 -5.3667 -5.4970 -5.6229 -5.7448 -5.8630 -5.9774 -6.0883 -6.1979
 -6.3002
 -3.5019 -3.5564 -3.6100 -3.6643 -3.7202 -3.7778 -3.8358 -3.8920 -3.9434 -3.9875
 -4.0247 -4.0597 -4.0973 -4.1394 -4.1861 -4.3182 -4.4681 -4.6306 -4.7900 -4.9429
 -5.0894 -5.2300 -5.3652 -5.4955 -5.6214 -5.7433 -5.8615 -5.9759 -6.0866 -6.1940
 -6.2919
 -3.5084 -3.5643 -3.6184 -3.6707 -3.7236 -3.7776 -3.8327 -3.8880 -3.9421 -3.9929
 -4.0388 -4.0804 -4.1202 -4.1613 -4.2034 -4.3380 -4.4713 -4.6288 -4.7876
 [Fe/H] =  0.00 [alpha/Fe] = 0.40 BC value = F335M
 -3.3854 -3.3823 -3.3616 -3.3398 -3.3306 -3.3432 -3.3793 -3.4561 -3.5433 -3.6313
 -3.7181 -3.8026 -3.8843 -3.9630 -4.0387 -4.2173 -4.3857 -4.5501 -4.7142
 -3.4627 -3.4677 -3.4621 -3.4481 -3.4307 -3.4200 -3.4346 -3.4890 -3.5664 -3.6507
 -3.7359 -3.8202 -3.9024 -3.9820 -4.0587 -4.2399 -4.4104 -4.5750 -4.7356 -4.8920
 -3.5241 -3.5396 -3.5424 -3.5336 -3.5169 -3.4997 -3.4964 -3.5275 -3.5900 -3.6670
 -3.7492 -3.8325 -3.9145 -3.9945 -4.0720 -4.2552 -4.4270 -4.5921 -4.7520 -4.9067
 -5.0563
 -3.5714 -3.5983 -3.6123 -3.6127 -3.6014 -3.5834 -3.5691 -3.5772 -3.6198 -3.6852
 -3.7615 -3.8421 -3.9231 -4.0030 -4.0809 -4.2655 -4.4385 -4.6038 -4.7634 -4.9172
 -5.0654 -5.2086
 -3.6040 -3.6427 -3.6695 -3.6824 -3.6811 -3.6681 -3.6503 -3.6416 -3.6614 -3.7100
 -3.7765 -3.8518 -3.9303 -4.0091 -4.0869 -4.2725 -4.4463 -4.6118 -4.7712 -4.9246
 -5.0720 -5.2139 -5.3511 -5.4843
 -3.6113 -3.6657 -3.7084 -3.7372 -3.7505 -3.7486 -3.7350 -3.7189 -3.7183 -3.7464
 -3.7984 -3.8649 -3.9384 -4.0147 -4.0913 -4.2772 -4.4517 -4.6175 -4.7766 -4.9297
 -5.0766 -5.2178 -5.3539 -5.4857 -5.6137 -5.7384 -5.8601 -5.9791 -6.0943 -6.2048
 -3.5612 -3.6403 -3.7093 -3.7632 -3.7993 -3.8161 -3.8153 -3.8024 -3.7905 -3.7982
 -3.8318 -3.8853 -3.9506 -4.0220 -4.0959 -4.2802 -4.4553 -4.6214 -4.7804 -4.9331
 -5.0798 -5.2206 -5.3560 -5.4868 -5.6136 -5.7369 -5.8571 -5.9744 -6.0889 -6.1996
 -6.3059
 -3.5032 -3.5758 -3.6524 -3.7279 -3.7944 -3.8447 -3.8732 -3.8785 -3.8698 -3.8650
 -3.8801 -3.9172 -3.9706 -4.0339 -4.1028 -4.2824 -4.4575 -4.6239 -4.7829 -4.9354
 -5.0819 -5.2225 -5.3575 -5.4876 -5.6136 -5.7359 -5.8550 -5.9709 -6.0839 -6.1941
 -6.3007
 -3.4816 -3.5474 -3.6137 -3.6830 -3.7521 -3.8158 -3.8685 -3.9019 -3.9200 -3.9294
 -3.9386 -3.9629 -4.0029 -4.0555 -4.1166 -4.2868 -4.4605 -4.6273 -4.7866 -4.9392
 -5.0856 -5.2262 -5.3610 -5.4909 -5.6164 -5.7381 -5.8564 -5.9714 -6.0835 -6.1926
 -6.2988
 -3.4869 -3.5433 -3.6025 -3.6642 -3.7278 -3.7909 -3.8495 -3.8949 -3.9290 -3.9560
 -3.9793 -4.0041 -4.0395 -4.0843 -4.1366 -4.2912 -4.4606 -4.6271 -4.7866 -4.9391
 -5.0853 -5.2258 -5.3606 -5.4903 -5.6155 -5.7368 -5.8546 -5.9690 -6.0802 -6.1884
 -6.2939
 -3.4996 -3.5529 -3.6072 -3.6630 -3.7209 -3.7801 -3.8388 -3.8936 -3.9409 -3.9786
 -4.0079 -4.0364 -4.0709 -4.1126 -4.1610 -4.3016 -4.4611 -4.6260 -4.7855 -4.9381
 -5.0843 -5.2247 -5.3594 -5.4891 -5.6141 -5.7352 -5.8528 -5.9670 -6.0778 -6.1856
 -6.2860
 -3.5105 -3.5649 -3.6174 -3.6701 -3.7237 -3.7786 -3.8346 -3.8899 -3.9423 -3.9892
 -4.0292 -4.0645 -4.0997 -4.1392 -4.1898 -4.3180 -4.4620 -4.6240 -4.7833
 [Fe/H] =  0.25 [alpha/Fe] = 0.40 BC value = F335M
 -3.3429 -3.3342 -3.3200 -3.3087 -3.3087 -3.3265 -3.3676 -3.4362 -3.5282 -3.6190
 -3.7074 -3.7935 -3.8767 -3.9568 -4.0336 -4.2144 -4.3832 -4.5466 -4.7096
 -3.4273 -3.4252 -3.4015 -3.3721 -3.3525 -3.3551 -3.3900 -3.4598 -3.5464 -3.6353
 -3.7231 -3.8093 -3.8930 -3.9740 -4.0520 -4.2352 -4.4063 -4.5704 -4.7305 -4.8864
 -3.4969 -3.5045 -3.4998 -3.4846 -3.4632 -3.4445 -3.4451 -3.4878 -3.5630 -3.6476
 -3.7342 -3.8199 -3.9039 -3.9854 -4.0642 -4.2494 -4.4220 -4.5868 -4.7464 -4.9009
 -5.0502
 -3.5531 -3.5720 -3.5776 -3.5700 -3.5518 -3.5290 -3.5138 -3.5282 -3.5835 -3.6597
 -3.7428 -3.8273 -3.9110 -3.9928 -4.0723 -4.2593 -4.4329 -4.5980 -4.7573 -4.9111
 -5.0592 -5.2022
 -3.5953 -3.6270 -3.6444 -3.6483 -3.6383 -3.6180 -3.5957 -3.5870 -3.6151 -3.6759
 -3.7520 -3.8334 -3.9160 -3.9976 -4.0774 -4.2660 -4.4406 -4.6060 -4.7650 -4.9182
 -5.0656 -5.2075 -5.3445 -5.4775
 -3.6213 -3.6635 -3.6960 -3.7144 -3.7176 -3.7062 -3.6851 -3.6646 -3.6651 -3.7024
 -3.7657 -3.8410 -3.9206 -4.0010 -4.0805 -4.2703 -4.4461 -4.6117 -4.7704 -4.9232
 -5.0701 -5.2113 -5.3473 -5.4790 -5.6068 -5.7314 -5.8533 -5.9725 -6.0879 -6.1988
 -3.6013 -3.6682 -3.7209 -3.7597 -3.7816 -3.7857 -3.7743 -3.7534 -3.7370 -3.7466
 -3.7894 -3.8534 -3.9271 -4.0046 -4.0828 -4.2727 -4.4497 -4.6157 -4.7743 -4.9267
 -5.0733 -5.2141 -5.3494 -5.4800 -5.6065 -5.7296 -5.8497 -5.9672 -6.0820 -6.1932
 -6.3000
 -3.5297 -3.6086 -3.6876 -3.7574 -3.8104 -3.8421 -3.8516 -3.8419 -3.8232 -3.8128
 -3.8299 -3.8758 -3.9391 -4.0108 -4.0859 -4.2739 -4.4518 -4.6185 -4.7771 -4.9292
 -5.0754 -5.2159 -5.3509 -5.4808 -5.6064 -5.7283 -5.8471 -5.9630 -6.0764 -6.1871
 -6.2942
 -3.4939 -3.5601 -3.6308 -3.7041 -3.7746 -3.8356 -3.8808 -3.9049 -3.9038 -3.8930
 -3.8913 -3.9152 -3.9627 -4.0246 -4.0939 -4.2765 -4.4545 -4.6221 -4.7811 -4.9332
 -5.0792 -5.2197 -5.3544 -5.4841 -5.6090 -5.7301 -5.8480 -5.9630 -6.0752 -6.1848
 -6.2916
 -3.4873 -3.5457 -3.6075 -3.6722 -3.7384 -3.8025 -3.8592 -3.9042 -3.9350 -3.9506
 -3.9550 -3.9675 -3.9985 -4.0466 -4.1063 -4.2779 -4.4538 -4.6219 -4.7813 -4.9334
 -5.0792 -5.2194 -5.3540 -5.4835 -5.6081 -5.7286 -5.8459 -5.9600 -6.0713 -6.1817
 -6.2878
 -3.4971 -3.5511 -3.6064 -3.6643 -3.7245 -3.7855 -3.8443 -3.8968 -3.9390 -3.9704
 -3.9924 -4.0117 -4.0392 -4.0789 -4.1291 -4.2828 -4.4530 -4.6207 -4.7804 -4.9328
 -5.0786 -5.2186 -5.3530 -5.4823 -5.6068 -5.7271 -5.8439 -5.9576 -6.0683 -6.1763
 -6.2815
 -3.5117 -3.5642 -3.6164 -3.6697 -3.7245 -3.7810 -3.8380 -3.8929 -3.9428 -3.9847
 -4.0181 -4.0462 -4.0754 -4.1117 -4.1623 -4.2912 -4.4521 -4.6185 -4.7784
 [Fe/H] =  0.50 [alpha/Fe] = 0.40 BC value = F335M
 -3.2969 -3.2828 -3.2875 -3.2998 -3.3157 -3.3381 -3.3853 -3.4195 -3.5142 -3.6069
 -3.6966 -3.7840 -3.8686 -3.9499 -4.0281 -4.2115 -4.3813 -4.5441 -4.7042
 -3.3883 -3.3791 -3.3629 -3.2972 -3.2763 -3.2958 -3.3519 -3.4366 -3.5289 -3.6207
 -3.7103 -3.7979 -3.8830 -3.9652 -4.0444 -4.2301 -4.4021 -4.5662 -4.7258 -4.8812
 -3.4665 -3.4661 -3.4545 -3.4339 -3.4093 -3.3923 -3.3999 -3.4551 -3.5405 -3.6302
 -3.7196 -3.8070 -3.8925 -3.9753 -4.0554 -4.2430 -4.4167 -4.5815 -4.7408 -4.8951
 -5.0442
 -3.5320 -3.5426 -3.5401 -3.5251 -3.5013 -3.4760 -3.4624 -3.4854 -3.5536 -3.6381
 -3.7258 -3.8131 -3.8984 -3.9818 -4.0626 -4.2521 -4.4270 -4.5922 -4.7512 -4.9048
 -5.0528 -5.1957
 -3.5840 -3.6068 -3.6163 -3.6116 -3.5938 -3.5677 -3.5427 -3.5368 -3.5752 -3.6479
 -3.7311 -3.8169 -3.9020 -3.9855 -4.0668 -4.2585 -4.4345 -4.5999 -4.7586 -4.9116
 -5.0589 -5.2008 -5.3378 -5.4707
 -3.6204 -3.6559 -3.6792 -3.6882 -3.6819 -3.6621 -3.6348 -3.6119 -3.6164 -3.6650
 -3.7387 -3.8206 -3.9043 -3.9874 -4.0689 -4.2623 -4.4398 -4.6056 -4.7640 -4.9165
 -5.0633 -5.2045 -5.3405 -5.4720 -5.5997 -5.7241 -5.8458 -5.9650 -6.0804 -6.1917
 -3.6280 -3.6818 -3.7217 -3.7481 -3.7582 -3.7516 -3.7309 -3.7035 -3.6849 -3.6995
 -3.7535 -3.8269 -3.9069 -3.9886 -4.0696 -4.2641 -4.4433 -4.6098 -4.7680 -4.9200
 -5.0664 -5.2072 -5.3425 -5.4730 -5.5993 -5.7221 -5.8420 -5.9594 -6.0743 -6.1856
 -6.2929
 -3.5718 -3.6533 -3.7207 -3.7743 -3.8103 -3.8254 -3.8207 -3.8005 -3.7746 -3.7618
 -3.7844 -3.8407 -3.9127 -3.9907 -4.0701 -4.2642 -4.4451 -4.6127 -4.7710 -4.9227
 -5.0685 -5.2090 -5.3439 -5.4738 -5.5991 -5.7206 -5.8390 -5.9548 -6.0681 -6.1790
 -6.2865
 -3.5127 -3.5835 -3.6594 -3.7355 -3.8033 -3.8547 -3.8831 -3.8867 -3.8691 -3.8476
 -3.8422 -3.8712 -3.9280 -3.9983 -4.0739 -4.2654 -4.4474 -4.6164 -4.7753 -4.9269
 -5.0725 -5.2127 -5.3475 -5.4770 -5.6017 -5.7224 -5.8397 -5.9543 -6.0664 -6.1760
 -6.2832
 -3.4937 -3.5545 -3.6193 -3.6877 -3.7563 -3.8205 -3.8744 -3.9137 -3.9336 -3.9336
 -3.9208 -3.9234 -3.9560 -4.0120 -4.0798 -4.2643 -4.4459 -4.6161 -4.7758 -4.9275
 -5.0729 -5.2127 -5.3471 -5.4764 -5.6008 -5.7208 -5.8373 -5.9509 -6.0618 -6.1704
 -6.2766
 -3.4981 -3.5525 -3.6097 -3.6700 -3.7326 -3.7950 -3.8534 -3.9028 -3.9400 -3.9652
 -3.9793 -3.9865 -4.0031 -4.0404 -4.0948 -4.2650 -4.4438 -4.6146 -4.7751 -4.9272
 -5.0726 -5.2122 -5.3463 -5.4754 -5.5995 -5.7193 -5.8353 -5.9482 -6.0584 -6.1661
 -6.2715
 -3.5132 -3.5646 -3.6169 -3.6711 -3.7277 -3.7858 -3.8436 -3.8977 -3.9438 -3.9803
 -4.0070 -4.0275 -4.0498 -4.0802 -4.1189 -4.2675 -4.4411 -4.6119 -4.7732
